optimality_gap_percentage: 0.0
objective_bound: 4781.119889771145
objective_value: 4781.119889771145
