optimality_gap_percentage: 0.0
objective_bound: 3520.481674097389
objective_value: 3520.481674097389
