optimality_gap_percentage: 0.0
objective_bound: 5067.955866515739
objective_value: 5067.955866515739
