optimality_gap_percentage: 0.0
objective_bound: 6412.223315234045
objective_value: 6412.223315234045
