optimality_gap_percentage: 0.0
objective_bound: 10173.87228066284
objective_value: 10173.87228066284
