optimality_gap_percentage: 0.0
objective_bound: 12956.568446181805
objective_value: 12956.568446181805
