Timestep;EOM_price;Demand;Biomass;SPP_lignite;Solar;ICE;WindOffshore;WindOnshore;Nuclear;CCGT_old;CCGT_new;SPP_coal;OCGT;electrolysis
1.0;166.68705162516426;-0.28487954000000004;0.0126;0.024349999999930344;1.683027812e-5;0.0;0.009528839995824;0.08506607987344;0.07848000000000001;3.4276497747127285e-14;0.05237570611353881;0.022469999998756957;0.0;-5.08144578034741e-9
2.0;166.68705162515977;-0.28233063199999997;0.0126;0.024349999999930344;1.5840144399999998e-5;0.0;0.009384660009360002;0.08531898748578;0.07848000000000001;3.427649774711436e-14;0.04971906062059571;0.022469999998756957;0.0;-5.0814457804016205e-9
3.0;166.6870516251567;-0.28039142600000005;0.0126;0.024349999999930344;1.5840144399999998e-5;0.0;0.009435690000000002;0.08513718203937999;0.07848000000000001;3.4276497747101436e-14;0.04791063007584613;0.022469999998756957;0.0;-5.08144578034741e-9
4.0;166.6870516251538;-0.277665108;0.0126;0.024349999999930344;1.683027812e-5;0.0;0.009073619992584;0.08458096506648001;0.07848000000000001;3.427649774708851e-14;0.04610160892193333;0.022469999998756957;0.0;-5.0814457804016205e-9
5.0;166.68705162515428;-0.278801248;0.0126;0.024349999999930344;1.683027812e-5;0.0;0.00874719000324;0.08574650050675;0.07848000000000001;3.427649774708851e-14;0.04639864347108718;0.022469999998756957;0.0;-5.08144578034741e-9
6.0;166.68705162515937;-0.28366492;0.0126;0.024349999999930344;1.683027812e-5;0.0;0.009467280003888;0.08676803139961;0.07848000000000001;3.42764977471079e-14;0.049520694578468694;0.022469999998756957;0.0;-5.0814457804016205e-9
7.0;166.68705162517932;-0.29589681;0.0126;0.024349999999930344;2.1780281680000002e-5;0.0;0.009099540004571999;0.08885069462959001;0.07848000000000001;3.427649774717252e-14;0.06003271134769294;0.022469999998756957;0.0;-5.0814457803745154e-9
8.0;166.68705162523113;-0.310857744;0.0126;0.024349999999930344;0.0005286647916400001;0.0;0.008993430009108;0.08964901874600001;0.07848000000000001;3.427649774733085e-14;0.07379454672575367;0.022469999998756957;0.0;-5.0814457804016205e-9
9.0;166.68705162531197;-0.31669256;0.0126;0.024349999999930344;0.00285419572812;0.0;0.0073045800036;0.08770225967058999;0.07848000000000001;3.4276497747589343e-14;0.08093944088498604;0.022469999998756957;0.0;-5.08144578034741e-9
10.0;166.6870516253513;-0.32209970599999993;0.0126;0.024349999999930344;0.0080527327166;0.0;0.007302150005256001;0.08641522081077001;0.07848000000000001;3.427649774771213e-14;0.08243751876177219;0.022469999998756957;0.0;-5.0814457804287255e-9
11.0;166.68705162532723;-0.32911517;0.0126;0.024349999999930344;0.015675801377800003;0.0;0.007414740000540002;0.08646832230524001;0.07848000000000001;3.427649774763781e-14;0.08166422260677232;0.022469999998756957;0.0;-5.08144578034741e-9
12.0;166.68705162532012;-0.333899634;0.0126;0.024349999999930344;0.020726826952280005;0.0;0.007492499998380001;0.08644672169732;0.07848000000000001;3.427649774761519e-14;0.08134150164093737;0.022469999998756957;0.0;-5.0814457804016205e-9
13.0;166.68705162530674;-0.33468972399999997;0.0126;0.024349999999930344;0.022106899450000002;0.0;0.007544339996940001;0.08647552250788;0.07848000000000001;3.427649774757319e-14;0.08067087833147729;0.022469999998756957;0.0;-5.08144578034741e-9
14.0;166.68705162530813;-0.33232339;0.0126;0.024349999999930344;0.01928636405644;0.0;0.007662599996832;0.08674193066504;0.07848000000000001;3.427649774757642e-14;0.08074041156823344;0.022469999998756957;0.0;-5.0814457804016205e-9
15.0;166.68705162539464;-0.3291131580000001;0.0126;0.024349999999930344;0.014537291248439999;0.0;0.007424460006624;0.08622081484488;0.07848000000000001;3.4276497747789676e-14;0.08303850819784411;0.022469999998756957;0.0;-5.081445780320305e-9
16.0;166.6870516261065;-0.32351599600000003;0.0126;0.024349999999930344;0.008126983324200001;0.0;0.007514369996184;0.08455846443323001;0.07848000000000001;3.427649774868471e-14;0.08542409456181357;0.022469999998756957;0.0;-5.081445780266095e-9
17.0;166.68705163169662;-0.320509878;0.0126;0.024349999999930344;0.00299576700484;0.0;0.007391249999604001;0.08465296725775001;0.07848000000000001;3.427649777017202e-14;0.08757781135007874;0.022469999998756957;0.0;-5.081445778829527e-9
18.0;166.68707866903014;-0.321108626;0.0126;0.024349999999930344;0.0007256765737600001;0.0;0.007328070004536;0.08620011426229;0.07848000000000001;3.4276518401484676e-14;0.08896229944958667;0.022469999998756957;0.0;-5.081444383922117e-9
19.0;170.21977131985767;-0.32147224799999996;0.0126;0.024349999999934518;5.9400596919999995e-5;0.0;0.007090739996832;0.08707314064596;0.07848000000000001;3.765255893680542e-14;0.08999999999983777;0.02246999999882917;0.0;-4.882435607612805e-9
20.0;166.68705162777073;-0.31719631800000003;0.0126;0.024349999999930344;2.079014796e-5;0.0;0.005391360002736;0.08673653051306;0.07848000000000001;3.427649775560912e-14;0.08715555408027771;0.022469999998756957;0.0;-5.081445779859519e-9
21.0;166.68705162534144;-0.31047439;0.0126;0.024349999999930344;1.881021304e-5;0.0;0.005158890004428001;0.08520918406578001;0.07848000000000001;3.427649774768628e-14;0.08219542200973114;0.022469999998756957;0.0;-5.08144578034741e-9
22.0;166.68705162523318;-0.301958728;0.0126;0.024349999999930344;1.881021304e-5;0.0;0.005058450000864;0.08489237449014002;0.07848000000000001;3.427649774733408e-14;0.07409700956881117;0.022469999998756957;0.0;-5.0814457804016205e-9
23.0;166.68705162520223;-0.29501343399999996;0.0126;0.024349999999930344;1.881021304e-5;0.0;0.005674049996472;0.08347843172905002;0.07848000000000001;3.4276497747240376e-14;0.06795005832892545;0.022469999998756957;0.0;-5.0814457803745154e-9
24.0;166.6870516251829;-0.28822332;0.0126;0.024349999999930344;1.881021304e-5;0.0;0.006036120003888;0.08272780879026;0.07848000000000001;3.4276497747182215e-14;0.061548497256968614;0.022469999998756957;0.0;-5.0814457804287255e-9
25.0;166.68705166116908;-0.25112011;0.0126;0.024349999999944937;1.683027812e-5;0.0;0.006204599999208;0.04342001679544;0.07848000000000001;2.7183073770478868e-14;0.06358657863075139;0.022469999999014986;0.0;-4.030959820490801e-9
26.0;166.68705166115754;-0.247231508;0.0126;0.024349999999944937;1.683027812e-5;0.0;0.0073896299964719995;0.04453425062703;0.07848000000000001;2.7183073770449787e-14;0.05739871279990076;0.022469999999014986;0.0;-4.030959820490801e-9
27.0;166.6870516611538;-0.24718417;0.0126;0.024349999999944937;1.7820190160000002e-5;0.0;0.008163989994024;0.04612189877142;0.07848000000000001;2.7183073770443325e-14;0.05498837674526907;0.022469999999014986;0.0;-4.030959820517906e-9
28.0;166.687051661152;-0.248009674;0.0126;0.024349999999944937;1.683027812e-5;0.0;0.008693730001548;0.04767534595327;0.07848000000000001;2.7183073770436863e-14;0.053731683467625004;0.022469999999014986;0.0;-4.030959820545011e-9
29.0;166.6870516611533;-0.250185334;0.0126;0.024349999999944937;1.5840144399999998e-5;0.0;0.00915623999982;0.04847547012034001;0.07848000000000001;2.7183073770443325e-14;0.05464569943624016;0.022469999999014986;0.0;-4.030959820517906e-9
30.0;166.6870516611606;-0.257285702;0.0126;0.024349999999944937;1.5840144399999998e-5;0.0;0.009438120011052;0.050644535782000004;0.07848000000000001;2.718307377045948e-14;0.059295121764627194;0.022469999999014986;0.0;-4.030959820517906e-9
31.0;166.68705166119247;-0.272316328;0.0126;0.024349999999944937;2.3760216600000003e-5;0.0;0.009457559997804;0.05345172105133;0.07848000000000001;2.7183073770530567e-14;0.07149120244182532;0.022469999999014986;0.0;-4.030959820490801e-9
32.0;166.68705166283704;-0.289936952;0.0126;0.024349999999944937;0.00043956395168000007;0.0;0.00950130000612;0.05528777668141001;0.07848000000000001;2.7183073772472503e-14;0.08681622714065328;0.022469999999014986;0.0;-4.030959820382381e-9
33.0;204.48017825614423;-0.29838337600000003;0.0126;0.024349999999967155;0.00236612132036;5.384285414005364e-16;0.009497249991936;0.0562751067766;0.07848000000000001;0.0021841717117203835;0.08999999999998795;0.02246999999940596;4.994663088612341e-15;-2.831608091015056e-9
34.0;204.48017820173527;-0.30318301000000003;0.0126;0.024349999999967155;0.0069023423126800005;5.384285405716392e-16;0.009523170003924;0.05598979792264001;0.07848000000000001;0.0027069675637623257;0.08999999999998795;0.02246999999940596;4.994663072630953e-15;-2.831608094105032e-9
35.0;196.10251911877265;-0.30734645400000005;0.0126;0.02434999999996383;0.012979017181640002;0.0;0.009515070000972;0.05577019141238001;0.07848000000000001;1.0446524628287241e-13;0.08999999999998451;0.022469999999348546;0.0;-3.0276456724196744e-9
36.0;184.79989451298007;-0.31196027000000004;0.0126;0.024349999999958193;0.017999352379359998;0.0;0.009349019991288;0.05633000832173;0.07848000000000001;5.009948860654195e-14;0.08999999999997485;0.022469999999251145;0.0;-3.342735604647002e-9
37.0;166.6870516627732;-0.31235534400000003;0.0126;0.024349999999944937;0.0211693609726;0.0;0.009282600002664001;0.05700502880306;0.07848000000000001;2.7183073772979797e-14;0.08700627005716474;0.022469999999014986;0.0;-4.030959820409486e-9
38.0;166.68705166144164;-0.30948965799999995;0.0126;0.024349999999944937;0.02054268535676;0.0;0.008988569999712;0.057637747929010004;0.07848000000000001;2.7183073771012012e-14;0.08442857045170986;0.022469999999014986;0.0;-4.030959820436591e-9
39.0;166.6870516614066;-0.305700666;0.0126;0.024349999999944937;0.01728555596932;0.0;0.008474220002880001;0.05784835435084001;0.07848000000000001;2.7183073770970007e-14;0.08420045141275498;0.022469999999014986;0.0;-4.030959820463696e-9
40.0;166.68705166160763;-0.299701788;0.0126;0.024349999999944937;0.01200979841544;0.0;0.00846126000324;0.056217504825740006;0.07848000000000001;2.7183073771176802e-14;0.08512114049751159;0.022469999999014986;0.0;-4.030959820463696e-9
41.0;166.68705166283814;-0.29511735800000005;0.0126;0.024349999999944937;0.0062142860541600006;0.0;0.008819279996472;0.05537327941750001;0.07848000000000001;2.7183073772475734e-14;0.08681842831191366;0.022469999999014986;0.0;-4.030959820382381e-9
42.0;176.53183772113675;-0.29235235600000004;0.0126;0.024349999999953024;0.00194833753952;0.0;0.008852490003492001;0.05385493322352001;0.07848000000000001;3.6211339893807246e-14;0.08999999999995377;0.022469999999159187;0.0;-3.6224047252184e-9
43.0;190.87480989388794;-0.292497106;0.0126;0.024349999999961413;0.00022869207092000003;0.0;0.008899469992656001;0.054656857606120005;0.07848000000000001;6.95701030944828e-14;0.08999999999998116;0.022469999999306847;0.0;-3.1650935684477636e-9
44.0;166.68705180499498;-0.29021363;0.0126;0.024349999999944937;5.54405054e-5;0.0;0.008676720000432;0.05496646697912;0.07848000000000001;2.7183073986234067e-14;0.08862292912595227;0.022469999999014986;0.0;-4.030959805962492e-9
45.0;166.68705166129763;-0.284871784;0.0126;0.024349999999944937;3.069037676e-5;0.0;0.008127539993448;0.05631020776447001;0.07848000000000001;2.7183073770801985e-14;0.08251126159208183;0.022469999999014986;0.0;-4.030959820545011e-9
46.0;166.6870516612024;-0.27691349600000004;0.0126;0.024349999999944937;2.475012864e-5;0.0;0.007290000000828001;0.058065260949980005;0.07848000000000001;2.718307377056288e-14;0.07364140062981417;0.022469999999014986;0.0;-4.030959820463696e-9
47.0;166.68705166117886;-0.268974546;0.0126;0.024349999999944937;1.683027812e-5;0.0;0.006070950001332;0.0574946435718;0.07848000000000001;2.7183073770501486e-14;0.06750003785395772;0.022469999999014986;0.0;-4.030959820517906e-9
48.0;166.68705166116348;-0.261410554;0.0126;0.024349999999944937;1.7820190160000002e-5;0.0;0.005103809999603999;0.05753964500317;0.07848000000000001;2.7183073770465943e-14;0.06085719450963558;0.022469999999014986;0.0;-4.030959820490801e-9
49.0;166.68705156967263;-0.242423864;0.0126;0.024349999999907713;0.00054054484452;0.0;0.0053694900049319995;0.029227486371109997;0.07848000000000001;4.530753208895776e-14;0.06939425991593685;0.02246999999835362;0.0;-6.703109788422108e-9
50.0;166.6870515696521;-0.237701714;0.0126;0.024349999999907713;0.00042174387236;0.0;0.005635169997552001;0.02867306961374;0.07848000000000001;4.530753208887375e-14;0.06507964764931749;0.02246999999835362;0.0;-6.703109788476318e-9
51.0;166.68705156964867;-0.23614305799999996;0.0126;0.024349999999907713;0.00032076297952;0.0;0.0055549800013680005;0.02819605503475;0.07848000000000001;4.530753208886083e-14;0.06417917711672404;0.02246999999835362;0.0;-6.703109788449213e-9
52.0;166.68705156964842;-0.23556405399999997;0.0126;0.024349999999907713;0.00021285192652;0.0;0.005687820004032001;0.027671339278140004;0.07848000000000001;4.530753208886083e-14;0.06409995992361156;0.02246999999835362;0.0;-6.703109788503423e-9
53.0;166.6870515696533;-0.237031686;0.0126;0.024349999999907713;9.108077488000001e-5;0.0;0.005587380000467999;0.028107852552410002;0.07848000000000001;4.530753208887375e-14;0.06535328980540273;0.02246999999835362;0.0;-6.703109788449213e-9
54.0;166.6870515696862;-0.24335261399999997;0.0126;0.024349999999907713;7.821080996e-5;0.0;0.00542537999226;0.02835536001277;0.07848000000000001;4.5307532089015924e-14;0.07160158032389252;0.02246999999835362;0.0;-6.703109788422108e-9
55.0;166.68705157001662;-0.255453358;0.0126;0.024349999999907713;0.0011553405183200001;0.0;0.005217210002808;0.02817715450282;0.07848000000000001;4.5307532089985276e-14;0.08301157014934944;0.02246999999835362;0.0;-6.703109788313687e-9
56.0;186.3367991171469;-0.26924518999999997;0.0126;0.02434999999993179;0.007951751823760001;0.0;0.005070599992584;0.027832444141949998;0.07848000000000001;8.945444895235953e-14;0.08999999999996126;0.02246999999877328;0.0;-5.4864769955930565e-9
57.0;191.460684988938;-0.284218542;0.0126;0.024349999999936128;0.02393049588008;0.0;0.004787100003635999;0.026747911146249997;0.07848000000000001;1.1938402061172702e-13;0.08999999999996927;0.02246999999884969;0.0;-5.243239305756245e-9
58.0;166.68705157613726;-0.294878792;0.0126;0.024349999999907713;0.04089528898072001;0.0;0.00458783999964;0.02438983967068;0.07848000000000001;4.5307532116862184e-14;0.08711374169181324;0.02246999999835362;0.0;-6.703109786578964e-9
59.0;166.68705156974914;-0.29897974;0.0126;0.024349999999907713;0.054187148848;0.0;0.004395870003384;0.0246490476252;0.07848000000000001;4.5307532089267955e-14;0.07785559067352073;0.02246999999835362;0.0;-6.703109788449213e-9
60.0;166.687051569688;-0.302674016;0.0126;0.024349999999907713;0.06281705681232;0.0;0.004579739996688;0.02552117398354;0.07848000000000001;4.5307532089022386e-14;0.07186396234664803;0.02246999999835362;0.0;-6.703109788449213e-9
61.0;166.68705156967414;-0.305976244;0.0126;0.024349999999907713;0.06645335953164;0.0;0.004433129999172;0.02752103471829;0.07848000000000001;4.530753208897069e-14;0.06967663688767761;0.02246999999835362;0.0;-6.703109788422108e-9
62.0;166.68705156966192;-0.305024412;0.0126;0.024349999999907713;0.06599003536336;0.0;0.004646969993232;0.02917078461045;0.07848000000000001;4.5307532088912526e-14;0.06732453916761959;0.02246999999835362;0.0;-6.703109788422108e-9
63.0;166.68705156965663;-0.299711004;0.0126;0.024349999999907713;0.06088158923772;0.0;0.0048470400051480005;0.029917807283050005;0.07848000000000001;4.530753208889314e-14;0.06617248460784513;0.02246999999835362;0.0;-6.703109788449213e-9
64.0;166.68705156966797;-0.29230212200000005;0.0126;0.024349999999907713;0.05123494229568001;0.0;0.004706909994743999;0.029932207853200003;0.07848000000000001;4.530753208894484e-14;0.06853597899207936;0.02246999999835362;0.0;-6.703109788476318e-9
65.0;166.68705156971936;-0.282959018;0.0126;0.024349999999907713;0.036193736605920006;0.0;0.004419359991612;0.028961078378819997;0.07848000000000001;4.530753208915163e-14;0.07549276016838455;0.02246999999835362;0.0;-6.7031097883950026e-9
66.0;166.68705157388104;-0.27483463399999997;0.0126;0.024349999999907713;0.018918080643720005;0.0;0.00428165999226;0.026854114300060003;0.07848000000000001;4.530753210620577e-14;0.08688869693027064;0.02246999999835362;0.0;-6.703109787283695e-9
67.0;204.4801781328621;-0.269017862;0.0126;0.02434999999994503;0.0054856395226;8.999384509197342e-16;0.00456840000018;0.025269166396530006;0.07848000000000001;0.005633934246095348;0.08999999999997986;0.0224699999990071;8.347932908041005e-15;-4.716784949844151e-9
68.0;204.4801781319631;-0.26922680200000004;0.0126;0.02434999999994503;0.00110088992496;8.999384509304374e-16;0.004619430003528001;0.02561297673207;0.07848000000000001;0.009832783650934897;0.08999999999997986;0.0224699999990071;8.347932908246184e-15;-4.716784949844151e-9
69.0;204.48017813109715;-0.26658467999999996;0.0126;0.02434999999994503;0.0005573751226400001;8.999384509231673e-16;0.0038369699903159997;0.02633659874609;0.07848000000000001;0.007793014464796218;0.08999999999997986;0.0224699999990071;8.347932908107244e-15;-4.716784949844151e-9
70.0;204.4801781247697;-0.262011696;0.0126;0.02434999999994503;0.0005791552934800001;8.999384508840903e-16;0.003369600008064;0.026516604141830002;0.07848000000000001;0.003485615065172423;0.08999999999997986;0.0224699999990071;8.34793290735438e-15;-4.7167849499796764e-9
71.0;166.68705160016523;-0.255810654;0.0126;0.024349999999907713;0.0005791552934800001;0.0;0.0029305800107280004;0.02666330860036;0.07848000000000001;4.530753220598443e-14;0.08774553203407237;0.02246999999835362;0.0;-6.703109780534537e-9
72.0;166.68705156981517;-0.248786582;0.0126;0.024349999999907713;0.00056628510688;0.0;0.002323079992656;0.02686941489554;0.07848000000000001;4.5307532089571686e-14;0.08113571916776978;0.02246999999835362;0.0;-6.7031097883950026e-9
73.0;166.68705165486614;-0.17650215800000002;0.0126;0.02434999999994236;0.00041580373508000003;0.0;0.0028228499994240003;0.02492535589612;0.07848000000000001;2.842635693317589e-14;0.010446064144568105;0.022469999998969866;0.0;-4.210975140415615e-9
74.0;166.68705165485233;-0.173886194;0.0126;0.02434999999994236;0.00023166202872000003;0.0;0.003043169993304;0.02335840833432;0.07848000000000001;2.842635693313065e-14;0.009360869416209743;0.022469999998969866;0.0;-4.2109751404427204e-9
75.0;166.68705165483786;-0.171565488;0.0126;0.02434999999994236;0.00012870109012;0.0;0.002978370007812;0.02214247164044;0.07848000000000001;2.842635693309188e-14;0.008423861031356497;0.022469999998969866;0.0;-4.21097514038851e-9
76.0;166.68705165481617;-0.169363822;0.0126;0.02434999999994236;4.752043320000001e-5;0.0;0.0031962599906400005;0.02095443556692;0.07848000000000001;2.842635693302079e-14;0.007273521774419685;0.022469999998969866;0.0;-4.210975140415615e-9
77.0;166.68705165479756;-0.169779206;0.0126;0.02434999999994236;3.9600361e-5;0.0;0.003451409994672;0.021847262507849997;0.07848000000000001;2.8426356932978786e-14;0.006548848898062728;0.022469999998969866;0.0;-4.210975140415615e-9
78.0;166.68705165481333;-0.171172282;0.0126;0.02434999999994236;0.0010404994160000001;0.0;0.0034991999917560004;0.02160425517414;0.07848000000000001;2.842635693301756e-14;0.007136243182642389;0.022469999998969866;0.0;-4.210975140415615e-9
79.0;166.6870516548206;-0.17521709399999996;0.0126;0.02434999999994236;0.00516982665748;0.0;0.003361499992404;0.021309046206420004;0.07848000000000001;2.842635693304018e-14;0.007484636909825489;0.022469999998969866;0.0;-4.210975140415615e-9
80.0;166.6870516548257;-0.185330126;0.0126;0.02434999999994236;0.015794602460800004;0.0;0.0032100299982;0.02068532733377;0.07848000000000001;2.8426356933056334e-14;0.007748081974479401;0.022469999998969866;0.0;-4.210975140415615e-9
81.0;166.68705165481924;-0.198604304;0.0126;0.02434999999994236;0.02945375571792;0.0;0.0030196800050760002;0.020822131513670003;0.07848000000000001;2.8426356933033716e-14;0.00741665252916444;0.022469999998969866;0.0;-4.210975140415615e-9
82.0;166.68705165481654;-0.20984523;0.0126;0.02434999999994236;0.040862618779880004;0.0;0.0027677699946000002;0.021036338036820004;0.07848000000000001;2.842635693302402e-14;0.007286418953927794;0.022469999998969866;0.0;-4.210975140415615e-9
83.0;166.68705165482743;-0.21708589599999997;0.0126;0.02434999999994236;0.046359148332480005;0.0;0.003014820008388;0.02198226663709;0.07848000000000001;2.8426356933059565e-14;0.007837576789651217;0.022469999998969866;0.0;-4.210975140415615e-9
84.0;166.68705165483726;-0.22106570599999997;0.0126;0.02434999999994236;0.04859755847476;0.0;0.0030391200045360002;0.0231460020267;0.07848000000000001;2.8426356933085415e-14;0.008390941263627162;0.022469999998969866;0.0;-4.21097514038851e-9
85.0;166.68705165459076;-0.22164996200000003;0.0126;0.02434999999994236;0.05008554191464;0.0;0.0030302100063720003;0.02529256705511;0.07848000000000001;2.842635693277199e-14;0.005349558781696191;0.022469999998969866;0.0;-4.2109751404698255e-9
86.0;145.02546767321385;-0.22005632200000003;0.0126;0.024349999999905298;0.050054851648720006;0.0;0.0027969300001440003;0.02738963069037;0.07848000000000001;0.0;2.1951713030849016e-14;0.022469999998344634;0.0;-5.673949905537568e-9
87.0;119.11612560690591;-0.21783314999999998;0.0126;0.024349999999611096;0.047396677569000005;0.0;0.003205980009432;0.029270687586950006;0.07848000000000001;0.0;0.0;0.02246999999399329;0.0;-1.0474479731080498e-8
88.0;121.2876044923882;-0.21459936199999996;0.0126;0.02434999999968954;0.04176154680832;0.0;0.003198690001692;0.031523455934040004;0.07848000000000001;0.0;0.0;0.022469999995077733;0.0;-9.730606845536607e-9
89.0;166.68705176917894;-0.210182044;0.0126;0.02434999999994236;0.03245150287936;0.0;0.0033849900060480003;0.03208057293227;0.07848000000000001;2.842635709874772e-14;0.004372901298782838;0.022469999998969866;0.0;-4.210975129248333e-9
90.0;166.68705165487074;-0.20729648600000006;0.0126;0.02434999999994236;0.021702975767800003;0.0;0.0032375700006119995;0.03360521913869;0.07848000000000001;2.842635693317912e-14;0.010858636868958304;0.022469999998969866;0.0;-4.210975140415615e-9
91.0;166.6870516549125;-0.200991706;0.0126;0.02434999999994236;0.010438654162040002;0.0;0.002766959999388;0.033318110398940004;0.07848000000000001;2.842635693329544e-14;0.016575897223292505;0.022469999998969866;0.0;-4.210975140415615e-9
92.0;166.68705165493594;-0.19921038599999996;0.0126;0.02434999999994236;0.00273440473308;0.0;0.0031670999978039996;0.032492785522630005;0.07848000000000001;2.8426356933356833e-14;0.022924011534332916;0.022469999998969866;0.0;-4.210975140415615e-9
93.0;166.6870516549377;-0.197510786;0.0126;0.02434999999994236;0.00087219796488;0.0;0.002787210006768;0.03241628303984;0.07848000000000001;2.8426356933360064e-14;0.023543010776654386;0.022469999998969866;0.0;-4.2109751404427204e-9
94.0;166.68705165493645;-0.19663508200000002;0.0126;0.02434999999994236;0.0006633060190399999;0.0;0.002740230004896;0.03219847658024;0.07848000000000001;2.8426356933356833e-14;0.023140985183780122;0.022469999998969866;0.0;-4.2109751404427204e-9
95.0;166.6870516549297;-0.195007718;0.0126;0.02434999999994236;0.00066429604192;0.0;0.00291113999856;0.03268359122233;0.07848000000000001;2.8426356933330984e-14;0.020856606523927526;0.022469999998969866;0.0;-4.2109751404427204e-9
96.0;166.6870516549145;-0.19119609200000004;0.0126;0.02434999999994236;0.0006633060190399999;0.0;0.003070709995716;0.03256658759968999;0.07848000000000001;2.842635693329867e-14;0.017003404169591643;0.022469999998969866;0.0;-4.210975140415615e-9
97.0;166.68705166546522;-0.193719702;0.0126;0.024349999999946723;0.0006217257231200001;0.0;0.000570239996868;0.02172665894876;0.07848000000000001;2.631590245993648e-14;0.03290899295945132;0.022469999999046423;0.0;-3.904282128635661e-9
98.0;166.68705166545809;-0.18921848200000002;0.0126;0.024349999999946723;0.0005474750046800002;0.0;0.000568620006444;0.021598855022160003;0.07848000000000001;2.6315902459917092e-14;0.028611447593671794;0.022469999999046423;0.0;-3.904282128635661e-9
99.0;166.68705166545348;-0.186976784;0.0126;0.024349999999946723;0.00045936407676;0.0;0.000808379999784;0.02160785527546;0.07848000000000001;2.6315902459907398e-14;0.02620910027411657;0.022469999999046423;0.0;-3.9042821286627664e-9
100.0;166.68705166545433;-0.18802355199999998;0.0126;0.024349999999946723;0.00040491370508000005;0.0;0.0013616100082440002;0.02168705766937;0.07848000000000001;2.6315902459907398e-14;0.026677886243602962;0.022469999999046423;0.0;-3.904282128635661e-9
101.0;166.68705166546124;-0.192219492;0.0126;0.024349999999946723;0.0008256674437200001;0.0;0.0015211800054;0.021581754540890005;0.07848000000000001;2.6315902459926785e-14;0.030398805637490575;0.022469999999046423;0.0;-3.904282128635661e-9
102.0;166.6870516654733;-0.20250235400000005;0.0126;0.024349999999946723;0.0038194544028;0.0;0.0017479799991;0.020295615376659998;0.07848000000000001;2.6315902459959097e-14;0.03874721985106192;0.022469999999046423;0.0;-3.904282128635661e-9
103.0;166.6870516654766;-0.21183756200000003;0.0126;0.024349999999946723;0.0126008337618;0.0;0.002064689995068;0.01792854364779;0.07848000000000001;2.6315902459962328e-14;0.041351410225536546;0.022469999999046423;0.0;-3.904282128635661e-9
104.0;166.6870516654818;-0.230007362;0.0126;0.024349999999946723;0.02773708031796;0.0;0.002211299992584;0.01667390569985;0.07848000000000001;2.6315902459972022e-14;0.04549299162068882;0.022469999999046423;0.0;-3.9042821286627664e-9
105.0;166.68705166547932;-0.24503302400000002;0.0126;0.024349999999946723;0.044964225713240005;0.0;0.0023538600013319998;0.01632919533898;0.07848000000000001;2.631590245996556e-14;0.043493658577113174;0.022469999999046423;0.0;-3.904282128635661e-9
106.0;166.68705166547622;-0.25854397800000006;0.0126;0.024349999999946723;0.059965831042000005;0.0;0.002465640001404;0.01721482207727;0.07848000000000001;2.6315902459962328e-14;0.04100560050944452;0.022469999999046423;0.0;-3.904282128635661e-9
107.0;166.68705166547483;-0.26833848200000004;0.0126;0.024349999999946723;0.069164994071;0.0;0.002695680001368;0.01860716423044;0.07848000000000001;2.6315902459959097e-14;0.03997855932708586;0.022469999999046423;0.0;-3.904282128635661e-9
108.0;166.68705166547252;-0.270584194;0.0126;0.024349999999946723;0.07173208715416;0.0;0.0028884600055440004;0.01995000499046;0.07848000000000001;2.6315902459959097e-14;0.03812155747931223;0.022469999999046423;0.0;-3.904282128635661e-9
109.0;166.68705166547;-0.269091788;0.0126;0.024349999999946723;0.07107670120732;0.0;0.0029087100002160005;0.021005737010730004;0.07848000000000001;2.6315902459949404e-14;0.036208555410762434;0.022469999999046423;0.0;-3.904282128635661e-9
110.0;166.6870516654696;-0.26798189000000006;0.0126;0.024349999999946723;0.06789580258408;0.0;0.0029240999982;0.02334130785305;0.07848000000000001;2.6315902459946172e-14;0.03592859519362499;0.022469999999046423;0.0;-3.904282128635661e-9
111.0;166.6870516654694;-0.26459497000000004;0.0126;0.024349999999946723;0.062350762575399996;0.0;0.0033785100062280003;0.02515396282455;0.07848000000000001;2.6315902459949404e-14;0.03581965022275773;0.022469999999046423;0.0;-3.904282128635661e-9
112.0;166.6870516654704;-0.259173458;0.0126;0.024349999999946723;0.05372679474836001;0.0;0.004143150010404;0.02691441616204;0.07848000000000001;2.6315902459952635e-14;0.036497012708287487;0.022469999999046423;0.0;-3.904282128635661e-9
113.0;166.68705166547545;-0.251743908;0.0126;0.024349999999946723;0.04130911278088;0.0;0.004114800000072;0.02806465100683;0.07848000000000001;2.6315902459959097e-14;0.04036325984219388;0.022469999999046423;0.0;-3.9042821286627664e-9
114.0;166.68705166548048;-0.24460692200000003;0.0126;0.024349999999946723;0.02914487301296;0.0;0.003966569999424001;0.029138383698570004;0.07848000000000001;2.6315902459972022e-14;0.04446501091991232;0.022469999999046423;0.0;-3.904282128635661e-9
115.0;166.68705166548347;-0.234643218;0.0126;0.024349999999946723;0.016169815812;0.0;0.0038191500066960004;0.02988720642183;0.07848000000000001;2.6315902459978484e-14;0.04687496139085387;0.022469999999046423;0.0;-3.9042821286627664e-9
116.0;166.68705166548548;-0.223148028;0.0126;0.024349999999946723;0.006388527642560001;0.0;0.0040491899939520005;0.02629069728939;0.07848000000000001;2.6315902459978484e-14;0.048527528705841434;0.022469999999046423;0.0;-3.9042821286627664e-9
117.0;166.68705166548457;-0.21686553599999997;0.0126;0.024349999999946723;0.00163846481168;0.0;0.003821579992332;0.02575698111461;0.07848000000000001;2.6315902459978484e-14;0.0477564257129522;0.022469999999046423;0.0;-3.9042821286627664e-9
118.0;166.68705166548193;-0.21509005200000006;0.0126;0.024349999999946723;0.0006276656387200001;0.0;0.00345626999136;0.0275003341357;0.07848000000000001;2.6315902459975253e-14;0.04561369786533376;0.022469999999046423;0.0;-3.9042821286627664e-9
119.0;166.68705166547542;-0.20930883200000003;0.0126;0.024349999999946723;0.0006098455594;0.0;0.00303507000306;0.0274274319191;0.07848000000000001;2.6315902459962328e-14;0.040344400148421375;0.022469999999046423;0.0;-3.904282128635661e-9
120.0;166.68705166545845;-0.19621448;0.0126;0.024349999999946723;0.00058212525128;0.0;0.003073140006768;0.02587938488923;0.07848000000000001;2.6315902459920323e-14;0.028787745479721575;0.022469999999046423;0.0;-3.904282128635661e-9
121.0;166.68705163530598;-0.194079202;0.0126;0.024349999999934424;0.00052470470012;0.0;0.001044899999568;0.01814185014561;0.07848000000000001;3.2283960046942786e-14;0.03647566325290365;0.022469999998829576;0.0;-4.7846965069728385e-9
122.0;166.68705163530365;-0.192536758;0.0126;0.024349999999934424;0.00040887368576000003;0.0;0.0011210399942760002;0.018007746206570002;0.07848000000000001;3.2283960046939555e-14;0.035107014211187205;0.022469999998829576;0.0;-4.784696506945733e-9
123.0;166.68705163530217;-0.19049287399999998;0.0126;0.024349999999934424;0.00032274291444000006;0.0;0.001138860003312;0.01688541198214;0.07848000000000001;3.228396004693309e-14;0.03425377519764312;0.022469999998829576;0.0;-4.7846965069728385e-9
124.0;166.6870516353003;-0.188958092;0.0126;0.024349999999934424;0.00032670289512;0.0;0.001065150006948;0.016420097897310002;0.07848000000000001;3.228396004692986e-14;0.03325405729783746;0.022469999998829576;0.0;-4.784696506945733e-9
125.0;166.68705163530566;-0.19111284;0.0126;0.024349999999934424;0.00038808342695999997;0.0;0.001079729997012;0.015389566751150002;0.07848000000000001;3.228396004694602e-14;0.03636337592305029;0.022469999998829576;0.0;-4.784696506945733e-9
126.0;166.68705163531726;-0.19830340800000001;0.0126;0.024349999999934424;0.00160876456864;0.0;0.001067579992584;0.014026925433870002;0.07848000000000001;3.228396004697833e-14;0.04370805410508949;0.022469999998829576;0.0;-4.784696506945733e-9
127.0;166.6870516353294;-0.21036524999999998;0.0126;0.024349999999934424;0.007511197849199999;0.0;0.0008124300012600001;0.01260488227994;0.07848000000000001;3.228396004701064e-14;0.05154465597187208;0.022469999998829576;0.0;-4.7846965069728385e-9
128.0;166.68705163533522;-0.22534906600000004;0.0126;0.024349999999934424;0.01953287631752;0.0;0.0007257600052559999;0.0121881697278;0.07848000000000001;3.228396004703326e-14;0.0550101760527081;0.022469999998829576;0.0;-4.7846965069999435e-9
129.0;166.68705163533429;-0.23898781800000002;0.0126;0.024349999999934424;0.034240448952;0.0;0.000676349992332;0.011682354338250002;0.07848000000000001;3.228396004703003e-14;0.054496580820550554;0.022469999998829576;0.0;-4.7846965069999435e-9
130.0;166.68705163532968;-0.24823898200000005;0.0126;0.024349999999934424;0.04575425288748;0.0;0.000600210010332;0.012189069588259998;0.07848000000000001;3.2283960047017103e-14;0.05180336561628447;0.022469999998829576;0.0;-4.7846965070270486e-9
131.0;166.6870516353307;-0.25609368200000004;0.0126;0.024349999999934424;0.052829846544;0.0;0.00045440999532;0.012493278809280002;0.07848000000000001;3.2283960047017103e-14;0.05242406275392661;0.022469999998829576;0.0;-4.784696506945733e-9
132.0;166.68705163533215;-0.26070264200000004;0.0126;0.024349999999934424;0.055878084096439996;0.0;0.00037098000558000003;0.013335704496600001;0.07848000000000001;3.2283960047023566e-14;0.05322578950413563;0.022469999998829576;0.0;-4.784696506945733e-9
133.0;166.68705163533087;-0.261721018;0.0126;0.024349999999934424;0.05624933746696;0.0;0.00027945000018;0.01482434968982;0.07848000000000001;3.2283960047020334e-14;0.05247579694558053;0.022469999998829576;0.0;-4.7846965069728385e-9
134.0;166.68705163532843;-0.261165556;0.0126;0.024349999999934424;0.05571968276328001;0.0;0.00025110000255600004;0.01631749484482;0.07848000000000001;3.228396004700741e-14;0.050985194491463326;0.022469999998829576;0.0;-4.7846965069999435e-9
135.0;166.6870516353268;-0.25732868200000003;0.0126;0.024349999999934424;0.05147353437372;0.0;0.000310229996148;0.017711637048650003;0.07848000000000001;3.228396004700418e-14;0.04994119668331366;0.022469999998829576;0.0;-4.784696506945733e-9
136.0;166.68705163532965;-0.251923456;0.0126;0.024349999999934424;0.04434943026112001;0.0;0.000328860000396;0.01761083421169;0.07848000000000001;3.2283960047017103e-14;0.051742247629126624;0.022469999998829576;0.0;-4.7846965070270486e-9
137.0;166.6870516353361;-0.24473873200000001;0.0126;0.024349999999934424;0.0333029104746;0.0;0.000315900000756;0.01767383614966;0.07848000000000001;3.228396004703326e-14;0.05555400147844358;0.022469999998829576;0.0;-4.7846965069999435e-9
138.0;166.68705163534216;-0.23680041999999998;0.0126;0.024349999999934424;0.022231640670280002;0.0;0.000323189995788;0.01763063460408;0.07848000000000001;3.2283960047049415e-14;0.05872287083434877;0.022469999998829576;0.0;-4.7846965069728385e-9
139.0;166.68705163534642;-0.22728942400000002;0.0126;0.024349999999934424;0.011138590473440001;0.0;0.00030861000572400006;0.01720762187463;0.07848000000000001;3.228396004705911e-14;0.06074251775144524;0.022469999998829576;0.0;-4.7846965069728385e-9
140.0;166.68705163534727;-0.21978288399999996;0.0126;0.024349999999934424;0.00361947266288;0.0;0.000245430010656;0.016907912780260003;0.07848000000000001;3.228396004706557e-14;0.0611179846515877;0.022469999998829576;0.0;-4.784696506945733e-9
141.0;166.6870516353455;-0.217707832;0.0126;0.024349999999934424;0.00098208884196;0.0;0.000264060002196;0.01827055409754;0.07848000000000001;3.228396004705911e-14;0.06029904516337226;0.022469999998829576;0.0;-4.784696506945733e-9
142.0;166.6870516353398;-0.21517285200000003;0.0126;0.024349999999934424;0.0006801360754800001;0.0;0.000275399998704;0.018812370500290002;0.07848000000000001;3.2283960047046184e-14;0.05751286152961142;0.022469999998829576;0.0;-4.7846965069999435e-9
143.0;166.68705163533014;-0.20951931599999998;0.0126;0.024349999999934424;0.00065736588176;0.0;0.00023571000457200004;0.01872236780242;0.07848000000000001;3.2283960047017103e-14;0.05201178841365565;0.022469999998829576;0.0;-4.7846965070270486e-9
144.0;166.68705163531888;-0.202383994;0.0126;0.024349999999934424;0.00065637596972;0.0;0.000210600000504;0.01882227077892;0.07848000000000001;3.228396004698479e-14;0.0448026633513282;0.022469999998829576;0.0;-4.7846965069728385e-9
145.0;166.68705166001172;-0.231020876;0.0126;0.024349999999944267;0.0002059218772;0.0;0.009421109997228002;0.05003701736529;0.07848000000000001;2.7506240072509895e-14;0.033464742473397334;0.022469999999003263;0.0;-4.063440789360204e-9
146.0;166.68705166000942;-0.22844196800000002;0.0126;0.024349999999944267;0.00010395096148;0.0;0.009307709994024;0.04906408784025001;0.07848000000000001;2.7506240072506663e-14;0.03207413491697708;0.022469999999003263;0.0;-4.063440789333099e-9
147.0;166.68705166000635;-0.22624180800000004;0.0126;0.024349999999944267;5.148052472e-5;0.0;0.008809560003096002;0.04925399384436;0.07848000000000001;2.750624007249697e-14;0.03023468934000465;0.022469999999003263;0.0;-4.063440789333099e-9
148.0;166.6870516600074;-0.22600676000000003;0.0126;0.024349999999944267;5.049050184e-5;0.0;0.008263619989668;0.048919183597250004;0.07848000000000001;2.75062400725002e-14;0.03088138162362138;0.022469999999003263;0.0;-4.063440789333099e-9
149.0;166.6870516600175;-0.23180166200000002;0.0126;0.024349999999944267;5.148052472e-5;0.0;0.007482780005004;0.04895878471177;0.07848000000000001;2.750624007252605e-14;0.03741653247263414;0.022469999999003263;0.0;-4.063440789360204e-9
150.0;166.68705166003804;-0.24610081799999997;0.0126;0.024349999999944267;0.00012276117452000003;0.0;0.0060255900025919995;0.049032587118570004;0.07848000000000001;2.7506240072571287e-14;0.05302779542205007;0.022469999999003263;0.0;-4.063440789360204e-9
151.0;166.68705166005813;-0.256765858;0.0126;0.024349999999944267;0.00116425050256;0.0;0.005957549998128;0.047438638632;0.07848000000000001;2.7506240072629448e-14;0.06431333458848783;0.022469999999003263;0.0;-4.063440789387309e-9
152.0;166.68705166006703;-0.266073826;0.0126;0.024349999999944267;0.0080953030354;0.0;0.006717329992908001;0.04565478463593;0.07848000000000001;2.7506240072645604e-14;0.06771432405846736;0.022469999999003263;0.0;-4.063440789387309e-9
153.0;166.68705166006424;-0.27675297200000004;0.0126;0.024349999999944267;0.023812684819960003;0.0;0.006824249996292;0.04147325772003001;0.07848000000000001;2.750624007263914e-14;0.0667506951859568;0.022469999999003263;0.0;-4.063440789387309e-9
154.0;166.6870516600507;-0.28635957;0.0126;0.024349999999944267;0.0408705386304;0.0;0.00703079999532;0.039774006104980004;0.07848000000000001;2.750624007260683e-14;0.06079214098921117;0.022469999999003263;0.0;-4.063440789360204e-9
155.0;166.68705166004688;-0.293596446;0.0126;0.024349999999944267;0.051667576198039994;0.0;0.006698700001368;0.03868407328704;0.07848000000000001;2.7506240072597136e-14;0.05865401223278531;0.022469999999003263;0.0;-4.063440789333099e-9
156.0;166.6870516600418;-0.297273078;0.0126;0.024349999999944267;0.05661564072308;0.0;0.00659582999946;0.040684833882250006;0.07848000000000001;2.750624007258098e-14;0.0554846891135606;0.022469999999003263;0.0;-4.063440789360204e-9
157.0;166.68705166003645;-0.294288;0.0126;0.024349999999944267;0.05656317028632001;0.0;0.008018190004428;0.04002241375554;0.07848000000000001;2.7506240072568056e-14;0.05179214167113736;0.022469999999003263;0.0;-4.063440789360204e-9
158.0;166.68705166003775;-0.29453693200000003;0.0126;0.024349999999944267;0.05403567745332;0.0;0.008782829995896;0.04108174587713;0.07848000000000001;2.7506240072571287e-14;0.05274459439130489;0.022469999999003263;0.0;-4.063440789360204e-9
159.0;166.68705166004398;-0.291145034;0.0126;0.024349999999944267;0.04836589644604;0.0;0.009033929998452001;0.03897568198857;0.07848000000000001;2.7506240072590674e-14;0.05687744128566172;0.022469999999003263;0.0;-4.063440789360204e-9
160.0;166.68705166005202;-0.28385857000000003;0.0126;0.024349999999944267;0.038255925114039996;0.0;0.009036359996796;0.03718642767565;0.07848000000000001;2.750624007260683e-14;0.06148777293364933;0.022469999999003263;0.0;-4.063440789360204e-9
161.0;166.68705166006924;-0.27395429;0.0126;0.024349999999944267;0.023685963775600002;0.0;0.008935110010728;0.034990361089220004;0.07848000000000001;2.7506240072652066e-14;0.06845077084754454;0.022469999999003263;0.0;-4.063440789360204e-9
162.0;166.68705166008561;-0.261893642;0.0126;0.024349999999944267;0.00971495763404;0.0;0.009594450001944001;0.03196536936029;0.07848000000000001;2.750624007269084e-14;0.07272678072965022;0.022469999999003263;0.0;-4.063440789333099e-9
163.0;166.68705166011256;-0.25942144;0.0126;0.024349999999944267;0.0020899088162399998;0.0;0.009749970010332;0.03261338908172;0.07848000000000001;2.7506240072758695e-14;0.07707608782231033;0.022469999999003263;0.0;-4.063440789333099e-9
164.0;166.68705166010022;-0.25945439;0.0126;0.024349999999944267;0.00052470470012;0.0;0.009976770004032;0.035688782394;0.07848000000000001;2.7506240072726383e-14;0.0753720486302913;0.022469999999003263;0.0;-4.063440789333099e-9
165.0;166.68705166007115;-0.255673296;0.0126;0.024349999999944267;0.00035046322256;0.0;0.010003499998524;0.038409564901910005;0.07848000000000001;2.7506240072652066e-14;0.06901768360041438;0.022469999999003263;0.0;-4.063440789333099e-9
166.0;166.68705166005137;-0.248754928;0.0126;0.024349999999944267;0.00029502260632000005;0.0;0.009700559997408001;0.039773106244520004;0.07848000000000001;2.750624007260683e-14;0.06109415487175419;0.022469999999003263;0.0;-4.063440789333099e-9
167.0;166.68705166003778;-0.241861972;0.0126;0.024349999999944267;0.00019602187008000002;0.0;0.009878759998812001;0.041152848043070005;0.07848000000000001;2.7506240072574518e-14;0.052742257805696136;0.022469999999003263;0.0;-4.063440789360204e-9
168.0;166.68705166002638;-0.23410475800000002;0.0126;0.024349999999944267;0.0001029609386;0.0;0.009629279999388;0.042273382051969996;0.07848000000000001;2.7506240072538975e-14;0.04420705072573606;0.022469999999003263;0.0;-4.063440789387309e-9
169.0;166.68705159341454;-0.21795589400000004;0.0126;0.024349999999917205;1.683027812e-5;0.0;0.004845420002016001;0.049630205091780004;0.07848000000000001;4.0681257797357964e-14;0.025571355372387188;0.022469999998522998;0.0;-6.006550008188973e-9
170.0;110.90679965749905;-0.164967572;0.0126;0.0022439942290673554;1.9800125079999997e-5;0.0;0.004270320008459999;0.04491766224196;0.07848000000000001;0.0;0.0;0.022469999948290444;0.0;-2.104328479575631e-8
171.0;110.90679965620605;-0.165013476;0.0126;0.0021750713027774947;1.683027812e-5;0.0;0.004805729995176;0.044500049499620005;0.07848000000000001;0.0;0.0;0.022469999948290444;0.0;-2.104328478906136e-8
172.0;166.68705159338103;-0.207787514;0.0126;0.024349999999917205;1.683027812e-5;0.0;0.004225770004932;0.04757094268525;0.07848000000000001;4.068125779724164e-14;0.018081887770061224;0.022469999998522998;0.0;-6.006550008216078e-9
173.0;166.6870515933779;-0.20652255999999997;0.0126;0.024349999999917205;1.683027812e-5;0.0;0.004277610003492;0.04677171854351;0.07848000000000001;4.0681257797222254e-14;0.01756431791266433;0.022469999998522998;0.0;-6.006550008134763e-9
174.0;166.6870515933847;-0.20764196599999998;0.0126;0.024349999999917205;2.079014796e-5;0.0;0.004131810001188;0.04689682222925;0.07848000000000001;4.0681257797254566e-14;0.018700460360618495;0.022469999998522998;0.0;-6.006550008161868e-9
175.0;166.68705159339524;-0.21107630600000005;0.0126;0.024349999999917205;0.00010692103012;0.0;0.004721489997516001;0.04763214457256;0.07848000000000001;4.068125779729334e-14;0.02072366714069946;0.022469999998522998;0.0;-6.006550008134763e-9
176.0;166.68705159340695;-0.216014394;0.0126;0.024349999999917205;0.00141967274788;0.0;0.0052544699985960005;0.04797865514896;0.07848000000000001;4.0681257797338576e-14;0.02346951284753068;0.022469999998522998;0.0;-6.006550008216078e-9
177.0;166.6870515934119;-0.225070612;0.0126;0.024349999999917205;0.00940607492908;0.0;0.005983469997408;0.047002125357730004;0.07848000000000001;4.06812577973515e-14;0.024786858459604533;0.022469999998522998;0.0;-6.006550008188973e-9
178.0;166.68705159341252;-0.236937628;0.0126;0.024349999999917205;0.021248561694599998;0.0;0.006496200003816;0.04631990467376;0.07848000000000001;4.068125779734504e-14;0.024980878371772423;0.022469999998522998;0.0;-6.006550008188973e-9
179.0;166.68705159340658;-0.24494293999999997;0.0126;0.024349999999917205;0.031880267658080004;0.0;0.006534269994816;0.045280373109430005;0.07848000000000001;4.0681257797332114e-14;0.023355945980567137;0.022469999998522998;0.0;-6.006550008161868e-9
180.0;166.68705159339862;-0.24947504400000003;0.0126;0.024349999999917205;0.03756885898924;0.0;0.006865559993556001;0.045690785649130004;0.07848000000000001;4.0681257797306265e-14;0.021457756109568273;0.022469999998522998;0.0;-6.006550008188973e-9
181.0;166.68705159340197;-0.253914256;0.0126;0.024349999999917205;0.03890141094292;0.0;0.00706319999442;0.04783285055089;0.07848000000000001;4.068125779731919e-14;0.02222471125385244;0.022469999998522998;0.0;-6.006550008161868e-9
182.0;166.68705159339822;-0.252462976;0.0126;0.024349999999917205;0.03441568045244;0.0;0.008173710000108001;0.050610334984330006;0.07848000000000001;4.0681257797306265e-14;0.02137116730454409;0.022469999998522998;0.0;-6.006550008188973e-9
183.0;166.68705159340408;-0.24810405;0.0126;0.024349999999917205;0.02661738017996;0.0;0.008611920002232001;0.05223848426857;0.07848000000000001;4.068125779732565e-14;0.0227441822916989;0.022469999998522998;0.0;-6.006550008161868e-9
184.0;166.6870515934173;-0.24121360199999997;0.0126;0.024349999999917205;0.015619371071200002;0.0;0.008335710008315999;0.05294590566178001;0.07848000000000001;4.068125779737735e-14;0.026420532003496897;0.022469999998522998;0.0;-6.006550008161868e-9
185.0;166.6870515934365;-0.243726798;0.0126;0.024349999999917205;0.00470749240124;0.0;0.008760959998092;0.05873128117801;0.07848000000000001;4.0681257797441974e-14;0.03363498117083689;0.022469999998522998;0.0;-6.006550008026343e-9
186.0;166.68705159345637;-0.255485906;0.0126;0.024349999999917205;0.00079596708984;0.0;0.009068759995896;0.06437445219749001;0.07848000000000001;4.068125779751952e-14;0.0433546434684207;0.022469999998522998;0.0;-6.006550008080553e-9
187.0;166.68705159344978;-0.25650449200000003;0.0126;0.024349999999917205;3.3660223720000004e-5;0.0;0.009242100000612;0.06938490425589001;0.07848000000000001;4.068125779749367e-14;0.039951744270276555;0.022469999998522998;0.0;-6.006550008026343e-9
188.0;166.6870515934467;-0.25479263999999996;0.0126;0.024349999999917205;2.1780281680000002e-5;0.0;0.009030690004896;0.06939300448386;0.07848000000000001;4.068125779748721e-14;0.03845508197954823;0.022469999998522998;0.0;-6.006550008080553e-9
189.0;166.6870515934382;-0.250471928;0.0126;0.024349999999917205;1.9800125079999997e-5;0.0;0.00909792000144;0.06908879526284001;0.07848000000000001;4.0681257797448436e-14;0.03437332935910844;0.022469999998522998;0.0;-6.006550008026343e-9
190.0;166.68705159342693;-0.24534283599999995;0.0126;0.024349999999917205;1.7820190160000002e-5;0.0;0.008865450003132;0.06881878700436;0.07848000000000001;4.068125779740966e-14;0.02974869554884451;0.022469999998522998;0.0;-6.006550008134763e-9
191.0;166.6870515934197;-0.241189282;0.0126;0.024349999999917205;1.7820190160000002e-5;0.0;0.009034740006372001;0.06701063215951;0.07848000000000001;4.068125779738381e-14;0.027234006389201305;0.022469999998522998;0.0;-6.006550008134763e-9
192.0;166.68705159340314;-0.23544227599999998;0.0126;0.024349999999917205;1.881021304e-5;0.0;0.009111689996292;0.06590539874609;0.07848000000000001;4.068125779731919e-14;0.022514293786872114;0.022469999998522998;0.0;-6.006550008216078e-9
193.0;283.35371830254104;-0.28970408000000003;0.0126;0.024349999999977504;2.5245417153271906e-5;3.957494662664844e-15;0.009528839995824;0.12759911981015362;0.07848000000000001;0.0;0.014658790278017104;0.022469999999588736;0.0;-4.401378770667985e-9
194.0;283.35468934746194;-0.287114264;0.0126;0.024349999999977504;2.3760216573272102e-5;3.957974118847829e-15;0.009384660009360002;0.12797848122866362;0.07848000000000001;0.0;0.011907213728692141;0.02246999999958874;0.0;-4.401317092484537e-9
195.0;273.6162201464681;-0.28514385200000003;0.0126;0.024349999999976137;2.376021657230712e-5;2.4959113266266333e-15;0.009435690000000002;0.12770577305906336;0.07848000000000001;0.0;5.819234317850657e-14;0.02246999999956393;0.0;-4.7151482432480295e-9
196.0;250.05854770692656;-0.28237921600000004;0.0126;0.024349999999972102;2.5245417149699345e-5;1.310942070483135e-15;0.009073619992584;0.12687144759971278;0.07848000000000001;0.0;0.0;0.02246999999949069;0.0;-5.70306020789156e-9
197.0;246.47057216939785;-0.28353649599999997;0.0126;0.024349999999971367;2.524541714925848e-5;1.2219857120331572e-15;0.00874719000324;0.12861975076011767;0.07848000000000001;0.0;0.0;0.02246999999947732;0.0;-5.8944133200235155e-9
198.0;283.43035621034926;-0.28847083999999995;0.0126;0.024349999999977508;2.524541715327623e-5;3.9680336701764935e-15;0.009467280003888;0.1301520470994086;0.07848000000000001;0.0;0.008354118972921218;0.022469999999588843;0.0;-4.400026656319032e-9
199.0;283.3537183151115;-0.30092862;0.0126;0.024349999999977504;3.267042249327187e-5;3.957494667068935e-15;0.009099540004571999;0.13327604194437864;0.07848000000000001;0.0;0.020628283516506613;0.022469999999588736;0.0;-4.401378770101332e-9
200.0;283.35371831514624;-0.316250488;0.0126;0.024349999999977504;0.0007929971874332683;3.957494667098015e-15;0.008993430009108;0.13447352811899363;0.07848000000000001;0.0;0.034098448578791136;0.022469999999588736;0.0;-4.40137877009754e-9
201.0;283.35371831515897;-0.32232812000000005;0.0126;0.024349999999977504;0.004281293592153253;3.957494667108517e-15;0.0073045800036;0.1315533895058786;0.07848000000000001;0.0;0.041296772794874995;0.022469999999588736;0.0;-4.401378770096217e-9
202.0;283.35371831515835;-0.32781141199999997;0.0126;0.024349999999977504;0.012079099074873218;3.957494667107709e-15;0.007302150005256001;0.12962283121614862;0.07848000000000001;0.0;0.040915247600122905;0.022469999999588736;0.0;-4.401378770096283e-9
203.0;283.35371831515056;-0.33483633999999995;0.0126;0.024349999999977504;0.023513702066673168;3.957494667102054e-15;0.007414740000540002;0.12970248345785362;0.07848000000000001;0.0;0.03631333036997259;0.022469999999588736;0.0;-4.4013787700971015e-9
204.0;283.35371831514567;-0.339644268;0.0126;0.024349999999977504;0.03109024042839314;3.9574946670972075e-15;0.007492499998380001;0.12967008254597362;0.07848000000000001;0.0;0.033499360921363894;0.022469999999588736;0.0;-4.401378770097647e-9
205.0;283.3537183151427;-0.34040544800000005;0.0126;0.024349999999977504;0.033160349174973125;3.957494667095592e-15;0.007544339996940001;0.12971328376181362;0.07848000000000001;0.0;0.03209539095991355;0.022469999999588736;0.0;-4.4013787700979395e-9
206.0;283.35371831514516;-0.33796378;0.0126;0.024349999999977504;0.02892954608463314;3.9574946670972075e-15;0.007662599996832;0.13011289599755363;0.07848000000000001;0.0;0.033366653815058434;0.022469999999588736;0.0;-4.401378770097677e-9
207.0;283.3537183151541;-0.334717316;0.0126;0.024349999999977504;0.021805936872633172;3.957494667104478e-15;0.007424460006624;0.12933122226731364;0.07848000000000001;0.0;0.03826361274905323;0.022469999999588736;0.0;-4.401378770096743e-9
208.0;283.3537183151644;-0.329062992;0.0126;0.024349999999977504;0.012190474986273219;3.9574946671125556e-15;0.007514369996184;0.12683769664983863;0.07848000000000001;0.0;0.04462836626514632;0.022469999999588736;0.0;-4.401378770095645e-9
209.0;283.35371831517176;-0.326071756;0.0126;0.024349999999977504;0.004493650507233251;3.95749466711821e-15;0.007391249999604001;0.12697945088661863;0.07848000000000001;0.0;0.0493153205053053;0.022469999999588736;0.0;-4.401378770094858e-9
210.0;283.35371831517494;-0.326789252;0.0126;0.024349999999977504;0.0010885148606132671;3.957494667121441e-15;0.007328070004536;0.12930017139342861;0.07848000000000001;0.0;0.05118041164071817;0.022469999999588736;0.0;-4.401378770094528e-9
211.0;283.3537183151753;-0.32718749599999997;0.0126;0.024349999999977504;8.910089535327154e-5;3.957494667122249e-15;0.007090739996832;0.13060971096893362;0.07848000000000001;0.0;0.051505860038283974;0.022469999999588736;0.0;-4.401378770094477e-9
212.0;283.3537183151717;-0.32282063600000005;0.0126;0.024349999999977504;3.118522191327188e-5;3.95749466711821e-15;0.005391360002736;0.13010479576958361;0.07848000000000001;0.0;0.04940121090455245;0.022469999999588736;0.0;-4.401378770094849e-9
213.0;283.35371831516443;-0.31589078;0.0126;0.024349999999977504;2.821531953327189e-5;3.9574946671125556e-15;0.005158890004428001;0.12781377609866362;0.07848000000000001;0.0;0.04499781447492672;0.022469999999588736;0.0;-4.4013787700956e-9
214.0;283.35371831515096;-0.307125456;0.0126;0.024349999999977504;2.821531953327189e-5;3.957494667102054e-15;0.005058450000864;0.12733856173520364;0.07848000000000001;0.0;0.036808144839589434;0.022469999999588736;0.0;-4.4013787700970254e-9
215.0;283.3537183151402;-0.299997868;0.0126;0.024349999999977504;2.821531953327189e-5;3.957494667093976e-15;0.005674049996472;0.12521764759356863;0.07848000000000001;0.0;0.031185870983733453;0.022469999999588736;0.0;-4.401378770098159e-9
216.0;283.35371831512515;-0.29307264000000005;0.0126;0.024349999999977504;2.821531953327189e-5;3.957494667081052e-15;0.006036120003888;0.12409171318538362;0.07848000000000001;0.0;0.0250245073818282;0.022469999999588736;0.0;-4.401378770099767e-9
217.0;283.35371834645787;-0.25566822;0.0126;0.024349999999982164;2.524541715882009e-5;3.1364567090744345e-15;0.006204599999208;0.06513002519315494;0.07848000000000001;0.0;0.04641626480079346;0.022469999999674105;0.0;-3.4877496701516256e-9
218.0;283.35371834644917;-0.251723016;0.0126;0.024349999999982164;2.524541715882009e-5;3.136456709069184e-15;0.0073896299964719995;0.06680137594053996;0.07848000000000001;0.0;0.039614680054631;0.022469999999674105;0.0;-3.4877496701523506e-9
219.0;283.3537183464449;-0.25172934;0.0126;0.024349999999982164;2.6730285218820086e-5;3.1364567090663566e-15;0.008163989994024;0.06918284815712496;0.07848000000000001;0.0;0.03646368697168091;0.022469999999674105;0.0;-3.487749670152709e-9
220.0;283.3537183464419;-0.25259734800000005;0.0126;0.024349999999982164;2.524541715882009e-5;3.136456709064337e-15;0.008693730001548;0.07151301892989995;0.07848000000000001;0.0;0.03447326905895001;0.022469999999674105;0.0;-3.487749670152949e-9
221.0;283.35371834644275;-0.254824668;0.0126;0.024349999999982164;2.3760216578820094e-5;3.136456709064741e-15;0.00915623999982;0.07271320518050496;0.07848000000000001;0.0;0.03503937801079835;0.022469999999674105;0.0;-3.48774967015288e-9
222.0;283.3537183464479;-0.26199940400000005;0.0126;0.024349999999982164;2.3760216578820094e-5;3.136456709068376e-15;0.009438120011052;0.07596680367299495;0.07848000000000001;0.0;0.03867863550795245;0.022469999999674105;0.0;-3.487749670152455e-9
223.0;283.35371834646213;-0.277299656;0.0126;0.024349999999982164;3.564032487882004e-5;3.1364567090772618e-15;0.009457559997804;0.08017758157698995;0.07848000000000001;0.0;0.04973678951139066;0.022469999999674105;0.0;-3.4877496701512657e-9
224.0;283.3537183464865;-0.295278904;0.0126;0.024349999999982164;0.0006593459274988172;3.1364567090930138e-15;0.00950130000612;0.08293166502210997;0.07848000000000001;0.0;0.06429450845950213;0.022469999999674105;0.0;-3.487749670149259e-9
225.0;283.35371834649806;-0.30396775200000004;0.0126;0.024349999999982164;0.0035491819805188044;3.136456709100284e-15;0.009497249991936;0.08441266016489495;0.07848000000000001;0.0;0.06861657527987743;0.022469999999674105;0.0;-3.4877496701483024e-9
226.0;283.35371834649385;-0.30887702;0.0126;0.024349999999982164;0.010353513468998774;3.1364567090978605e-15;0.009523170003924;0.08398469688395496;0.07848000000000001;0.0;0.06712355505958506;0.022469999999674105;0.0;-3.487749670148664e-9
227.0;283.35371834648294;-0.31303690800000006;0.0126;0.024349999999982164;0.019468525772438735;3.1364567090901865e-15;0.009515070000972;0.08365528711856496;0.07848000000000001;0.0;0.06250594052257838;0.022469999999674105;0.0;-3.4877496701495762e-9
228.0;283.35371834647646;-0.31765554;0.0126;0.024349999999982164;0.026999028569018695;3.1364567090861475e-15;0.009349019991288;0.08449501248258995;0.07848000000000001;0.0;0.05892039437049975;0.022469999999674105;0.0;-3.487749670150128e-9
229.0;283.3537183464679;-0.31799168800000005;0.0126;0.024349999999982164;0.031754041458878675;3.136456709080897e-15;0.009282600002664001;0.08550754320458494;0.07848000000000001;0.0;0.053555418745835644;0.022469999999674105;0.0;-3.4877496701508216e-9
230.0;283.35371834646423;-0.31504831599999994;0.0126;0.024349999999982164;0.030814028035118683;3.1364567090788774e-15;0.008988569999712;0.08645662189350996;0.07848000000000001;0.0;0.050897011482981105;0.022469999999674105;0.0;-3.487749670151128e-9
231.0;283.3537183464659;-0.31120433200000003;0.0126;0.024349999999982164;0.025928333953958705;3.136456709079685e-15;0.008474220002880001;0.08677253152625496;0.07848000000000001;0.0;0.05213716192852375;0.022469999999674105;0.0;-3.487749670150988e-9
232.0;283.353718346472;-0.30512457600000004;0.0126;0.024349999999982164;0.018014697623138738;3.136456709083724e-15;0.00846126000324;0.08432625723860496;0.07848000000000001;0.0;0.056430276547721925;0.022469999999674105;0.0;-3.4877496701504688e-9
233.0;283.35371834648066;-0.300522716;0.0126;0.024349999999982164;0.009321429081218779;3.136456709088975e-15;0.008819279996472;0.08305991912624495;0.07848000000000001;0.0;0.061430003210258204;0.022469999999674105;0.0;-3.4877496701497557e-9
234.0;283.3537183464944;-0.297832712;0.0126;0.024349999999982164;0.002922506309258807;3.1364567090982644e-15;0.008852490003492001;0.08078239983527497;0.07848000000000001;0.0;0.06738323126856494;0.022469999999674105;0.0;-3.487749670148607e-9
235.0;283.35371834649897;-0.298028212;0.0126;0.024349999999982164;0.00034303810635881855;3.1364567091010917e-15;0.008899469992656001;0.08198528640917495;0.07848000000000001;0.0;0.06890833290919662;0.022469999999674105;0.0;-3.4877496701482263e-9
236.0;283.3537183464921;-0.29567425999999997;0.0126;0.024349999999982164;8.316075807881975e-5;3.136456709096649e-15;0.008676720000432;0.08244970046867495;0.07848000000000001;0.0;0.06657259418902634;0.022469999999674105;0.0;-3.4877496701487925e-9
237.0;283.353718346477;-0.29015056800000005;0.0126;0.024349999999982164;4.603556511881999e-5;3.1364567090869553e-15;0.008127539993448;0.08446531164669996;0.07848000000000001;0.0;0.05961959620835471;0.022469999999674105;0.0;-3.487749670150037e-9
238.0;283.3537183464622;-0.28198099200000004;0.0126;0.024349999999982164;3.7125192938820026e-5;3.1364567090772618e-15;0.007290000000828001;0.08709789142496495;0.07848000000000001;0.0;0.04966389079230561;0.022469999999674105;0.0;-3.487749670151274e-9
239.0;283.3537183464543;-0.273875092;0.0126;0.024349999999982164;2.524541715882009e-5;3.136456709072415e-15;0.006070950001332;0.08624196535769495;0.07848000000000001;0.0;0.04364484663352617;0.022469999999674105;0.0;-3.487749670151916e-9
240.0;283.35371834644536;-0.266151108;0.0126;0.024349999999982164;2.6730285218820086e-5;3.1364567090667605e-15;0.005103809999603999;0.08630946750474995;0.07848000000000001;0.0;0.03681901561856129;0.022469999999674105;0.0;-3.4877496701526695e-9
241.0;283.353718266284;-0.24661372800000003;0.0126;0.024349999999970208;0.0008108172667445953;5.2404312157694774e-15;0.0053694900049319995;0.04384122955665658;0.07848000000000001;0.0;0.05870010783694904;0.022469999999455287;0.0;-5.829528703278125e-9
242.0;283.35371826627335;-0.241790428;0.0126;0.024349999999970208;0.0006326158085045962;5.240431215758168e-15;0.005635169997552001;0.04300960442060158;0.07848000000000001;0.0;0.05462095443675022;0.022469999999455287;0.0;-5.8295287032796225e-9
243.0;283.35371826627176;-0.240205116;0.0126;0.024349999999970208;0.0004811444692445969;5.240431215756553e-15;0.0055549800013680005;0.04229408255211658;0.07848000000000001;0.0;0.05398282564041582;0.022469999999455287;0.0;-5.829528703279837e-9
244.0;283.3537182662724;-0.23963610799999996;0.0126;0.024349999999970208;0.0003192778897445976;5.2404312157573605e-15;0.005687820004032001;0.04150700891720159;0.07848000000000001;0.0;0.05422991785226468;0.022469999999455287;0.0;-5.829528703279753e-9
245.0;283.35371826627505;-0.24112737200000003;0.0126;0.024349999999970208;0.0001366211622845985;5.240431215759784e-15;0.005587380000467999;0.04216177882860659;0.07848000000000001;0.0;0.055349508672369714;0.022469999999455287;0.0;-5.82952870327937e-9
246.0;283.3537182662927;-0.247551228;0.0126;0.024349999999970208;0.00011731621490459859;5.240431215778363e-15;0.00542537999226;0.04253304001914659;0.07848000000000001;0.0;0.061583408440486515;0.022469999999455287;0.0;-5.829528703276913e-9
247.0;283.3537182663486;-0.259962716;0.0126;0.024349999999970208;0.0017330107774445912;5.2404312158397555e-15;0.005217210002808;0.04226573175422158;0.07848000000000001;0.0;0.07285468014201561;0.022469999999455287;0.0;-5.829528703269144e-9
248.0;283.3537182663972;-0.27413238;0.0126;0.024349999999970208;0.011927627735604546;5.240431215892262e-15;0.005070599992584;0.041748666212916584;0.07848000000000001;0.0;0.0774934027440547;0.022469999999455287;0.0;-5.829528703262248e-9
249.0;283.35371826633366;-0.28931808400000003;0.0126;0.024349999999970208;0.03589574382008444;5.240431215821176e-15;0.004787100003635999;0.04012186671936658;0.07848000000000001;0.0;0.07062129013066501;0.022469999999455287;0.0;-5.829528703271303e-9
250.0;283.35371826628744;-0.300025584;0.0126;0.024349999999970208;0.06134293347104434;5.2404312157727086e-15;0.00458783999964;0.03658475950601159;0.07848000000000001;0.0;0.059617967689031784;0.022469999999455287;0.0;-5.82952870327773e-9
251.0;283.35371826625;-0.30413048000000004;0.0126;0.024349999999970208;0.08128072327196424;5.240431215732319e-15;0.004395870003384;0.036973571437791584;0.07848000000000001;0.0;0.04358823194601515;0.022469999999455287;0.0;-5.82952870328298e-9
252.0;283.3537182662255;-0.30782803200000003;0.0126;0.024349999999970208;0.09422558521844418;5.240431215704854e-15;0.004579739996688;0.03828176097530158;0.07848000000000001;0.0;0.03284886246440671;0.022469999999455287;0.0;-5.829528703286423e-9
253.0;283.3537182662109;-0.311141488;0.0126;0.024349999999970208;0.09968003929742415;5.240431215689506e-15;0.004433129999172;0.041281552077426585;0.07848000000000001;0.0;0.02785468327826424;0.022469999999455287;0.0;-5.829528703288465e-9
254.0;283.3537182662005;-0.310175824;0.0126;0.024349999999970208;0.09898505304500416;5.240431215677389e-15;0.004646969993232;0.043756176915666585;0.07848000000000001;0.0;0.02489554069652118;0.022469999999455287;0.0;-5.829528703289942e-9
255.0;283.35371826620377;-0.304762008;0.0126;0.024349999999970208;0.09132238385654419;5.240431215681428e-15;0.0048470400051480005;0.04487671092456659;0.07848000000000001;0.0;0.025823789864791325;0.022469999999455287;0.0;-5.829528703289452e-9
256.0;283.35371826622526;-0.29722624400000003;0.0126;0.024349999999970208;0.07685241344348426;5.240431215704854e-15;0.004706909994743999;0.04489831177979158;0.07848000000000001;0.0;0.0328765254368442;0.022469999999455287;0.0;-5.829528703286416e-9
257.0;283.35371826625834;-0.28777903600000004;0.0126;0.024349999999970208;0.05429060490884437;5.240431215741205e-15;0.004419359991612;0.043441617568221576;0.07848000000000001;0.0;0.04773537019201459;0.022469999999455287;0.0;-5.829528703281772e-9
258.0;283.35371826632326;-0.279676268;0.0126;0.024349999999970208;0.02837712096554448;5.240431215810675e-15;0.00428165999226;0.04028117145008159;0.07848000000000001;0.0;0.06884423226409352;0.022469999999455287;0.0;-5.8295287032727296e-9
259.0;283.3537182678554;-0.27394072399999997;0.0126;0.024349999999970208;0.008228459283864563;5.24043121659585e-15;0.00456840000018;0.03790374959478659;0.07848000000000001;0.0;0.08534803185784248;0.022469999999455287;0.0;-5.829528703171779e-9
260.0;298.25976881126627;-0.274306604;0.0126;0.024349999999972578;0.001651334887406359;0.0006878810424755992;0.004619430003528001;0.038419465098097;0.07848000000000001;0.0;0.0899999999999489;0.022469999999498336;0.0;-5.3034900605629155e-9
261.0;283.35380983371937;-0.27155636;0.0126;0.024349999999970208;0.0008360626839245953;5.240502762425365e-15;0.0038369699903159997;0.03950489811912659;0.07848000000000001;0.0;0.08949582278621566;0.022469999999455287;0.0;-5.8295194927634135e-9
262.0;283.3537182674235;-0.266747392;0.0126;0.024349999999970208;0.0008687329401845952;5.2404312164027876e-15;0.003369600008064;0.039774906212736584;0.07848000000000001;0.0;0.08484206956398799;0.022469999999455287;0.0;-5.829528703196613e-9
263.0;283.35371826641415;-0.26030830800000004;0.0126;0.024349999999970208;0.0008687329401845952;5.240431215911649e-15;0.0029305800107280004;0.03999496290053158;0.07848000000000001;0.0;0.07862194883693456;0.022469999999455287;0.0;-5.829528703259738e-9
264.0;283.3537182663402;-0.2530791640000001;0.0126;0.024349999999970208;0.0008494276602845952;5.240431215830062e-15;0.002323079992656;0.040304122343301586;0.07848000000000001;0.0;0.07171045067876762;0.022469999999455287;0.0;-5.8295287032703225e-9
265.0;150.56573038256704;-0.17982431600000004;0.0126;0.024349999999918652;0.0006237056025783083;0.0;0.0028228499994240003;0.03738803384417009;0.07848000000000001;0.0;0.0;0.0224699999985483;0.0;-4.5544994787749404e-7
266.0;147.99281212857466;-0.17717438800000002;0.0126;0.024349999999912907;0.00034749304303758103;0.0;0.003043169993304;0.03503761250146992;0.07848000000000001;0.0;0.0;0.02246999999844992;0.0;-0.0012270238085175219
267.0;143.4245117194585;-0.174825976;0.0126;0.024349999999900646;0.00019305163513623169;0.0;0.002978370007812;0.0332137074606496;0.07848000000000001;0.0;0.0;0.022469999998239322;0.0;-0.0012272065248691466
268.0;135.36182314494476;-0.17259464400000002;0.0126;0.02434999999986868;7.128064975362747e-5;0.0;0.0031962599906400005;0.03143165335036898;0.07848000000000001;0.0;0.0;0.02246999999768398;0.0;-0.0012272442441036988
269.0;118.93615035435991;-0.173016412;0.0126;0.024349999999598824;5.940054144722927e-5;0.0;0.003451409994672;0.032770893761762454;0.07848000000000001;0.0;0.0;0.022469999993520735;0.0;-0.0012272598622082465
270.0;122.16418709126397;-0.174429564;0.0126;0.02434999999971001;0.0015607491239486154;0.0;0.0034991999917560004;0.03240638276119779;0.07848000000000001;0.0;0.0;0.022469999995212164;0.0;-0.001227258264633051
271.0;110.90679879158924;-0.17855918799999998;0.0126;0.02319043988565041;0.007754739986163375;0.0;0.003361499992404;0.03196356930961656;0.07848000000000001;0.0;0.0;0.022469999946313424;0.0;-0.0012272626848666285
272.0;110.90680071260962;-0.18883725199999998;0.0126;0.018618785882346327;0.023691903691143313;0.0;0.0032100299982;0.031027991000641558;0.07848000000000001;0.0;0.0;0.02246999994631381;0.0;-0.0012272626848644182
273.0;110.90680071162406;-0.20229660800000004;0.0126;0.01157455578520152;0.04418063357682321;0.0;0.0030196800050760002;0.031233197270491557;0.07848000000000001;0.0;0.0;0.02246999994631381;0.0;-0.0012272626848644184
274.0;110.90680071142901;-0.21368746;0.0126;0.005782713439417568;0.06129392816976314;0.0;0.0027677699946000002;0.03155450705521656;0.07848000000000001;0.0;0.0;0.02246999994631381;0.0;-0.0012272626848644182
275.0;110.90680071021825;-0.22104879199999997;0.0126;0.0032333082796411994;0.06953872249866311;0.0;0.003014820008388;0.032973399955621555;0.07848000000000001;0.0;0.0;0.02246999994631381;0.0;-0.0012272626848644182
276.0;110.90680071864111;-0.22506941199999997;0.0126;0.002126410711705019;0.07289633771208309;0.0;0.0030391200045360002;0.03471900304003655;0.07848000000000001;0.0;0.0;0.02246999994631381;0.0;-0.0012272626848644128
277.0;109.81128869889451;-0.225643924;0.0126;2.933082079683102e-12;0.0751283128719025;0.0;0.0030302100063720003;0.037938850582651416;0.07848000000000001;0.0;0.0;0.01937713311020552;0.0;-0.0012272629831447375
278.0;109.81128874867919;-0.22406064400000003;0.0126;2.9330822767314307e-12;0.07508227747302251;0.0;0.0027969300001440003;0.041084446035541414;0.07848000000000001;0.0;0.0;0.014927574301215949;0.0;-0.0012272629831447182
279.0;109.81128875221171;-0.22181230000000002;0.0126;2.9330822935861663e-12;0.07109501635344254;0.0;0.003205980009432;0.04390603138041142;0.07848000000000001;0.0;0.0;0.013435856225937915;0.0;-0.0012272629831447165
280.0;109.81128874776687;-0.218545724;0.0126;2.933082272471347e-12;0.06264232021242255;0.0;0.003198690001692;0.04728518390104642;0.07848000000000001;0.0;0.0;0.01525011365595054;0.0;-0.0012272629831447186
281.0;110.9068006777038;-0.21406208799999998;0.0126;0.0015904479167515285;0.04867725431898319;0.0;0.0033849900060480003;0.048120859398391544;0.07848000000000001;0.0;0.0;0.022469999946313813;0.0;-0.0012272626848644065
282.0;110.90680071165846;-0.21116397200000003;0.0126;0.012675568273619585;0.032554463651643266;0.0;0.0032375700006119995;0.05040782870802155;0.07848000000000001;0.0;0.0;0.02246999994631381;0.0;-0.0012272626848644182
283.0;114.17923650408889;-0.20479241200000003;0.0126;0.024349999999025672;0.015657981243004965;0.0;0.002766959999388;0.04997716559839694;0.07848000000000001;0.0;0.0;0.02246999998648576;0.0;-0.0012272616872924737
284.0;257.90714945749585;-0.20306877199999995;0.0126;0.024349999999978108;0.004101607099595635;1.2917199623467535e-15;0.0031670999978039996;0.04873917828393921;0.07848000000000001;0.0;1.861935922653765e-14;0.02246999999960029;0.0;-4.415123933888806e-9
285.0;281.6958993005088;-0.20139157199999996;0.0126;0.02434999999998115;0.0013082969472977021;2.9681359419658068e-15;0.002787210006768;0.0486244245597547;0.07848000000000001;0.0;2.642672157100893e-13;0.022469999999655602;0.0;-3.692147516601219e-9
286.0;278.0923151022355;-0.20045516400000002;0.0126;0.024349999999980748;0.0009949590285374147;2.488698585335743e-15;0.002740230004896;0.04829771487035463;0.07848000000000001;0.0;8.813333965334688e-14;0.02246999999964823;0.0;-3.785000040514614e-9
287.0;238.87926524285487;-0.198708436;0.0126;0.02434999999997486;0.00099644406285371;8.853802875796676e-16;0.00291113999856;0.04902538683348875;0.07848000000000001;0.0;0.0;0.022469999999541367;0.0;-5.2614236866094e-9
288.0;184.14449001864205;-0.194760184;0.0126;0.024349999999956046;0.000994959028525902;0.0;0.003070709995716;0.04884988139952688;0.07848000000000001;0.0;0.0;0.02246999999920376;0.0;-1.275987142029688e-8
289.0;283.3537183502396;-0.197264404;0.0126;0.024349999999982733;0.0009325885846594921;3.036404436526162e-15;0.000570239996868;0.03258998842313512;0.07848000000000001;0.0;0.025279502340729777;0.022469999999684506;0.0;-3.376425973999601e-9
290.0;283.35371835022767;-0.192689964;0.0126;0.024349999999982733;0.0008212125069994924;3.036404436518892e-15;0.000568620006444;0.03239828253323512;0.07848000000000001;0.0;0.02100976429676575;0.022469999999684506;0.0;-3.376425974000522e-9
291.0;283.3537183502101;-0.190414568;0.0126;0.024349999999982733;0.000689046115119493;3.036404436515257e-15;0.000808379999784;0.032411782913185125;0.07848000000000001;0.0;0.018613274315183163;0.022469999999684506;0.0;-3.3764259740010037e-9
292.0;283.35371835022494;-0.191488104;0.0126;0.024349999999982733;0.0006073705575994934;3.0364044365168724e-15;0.0013616100082440002;0.03253058650405012;0.07848000000000001;0.0;0.019096452272930248;0.022469999999684506;0.0;-3.376425974000787e-9
293.0;283.35371835023335;-0.19577098400000004;0.0126;0.024349999999982733;0.0012385011655594905;3.036404436522123e-15;0.0015211800054;0.03237263181133013;0.07848000000000001;0.0;0.022746586362043634;0.022469999999684506;0.0;-3.376425974000098e-9
294.0;283.3537183502496;-0.20629370800000002;0.0126;0.024349999999982733;0.005729181604179469;3.0364044365322205e-15;0.0017479799991;0.03044342306498512;0.07848000000000001;0.0;0.030481038678877543;0.022469999999684506;0.0;-3.376425973998791e-9
295.0;283.3537183502492;-0.21589312400000005;0.0126;0.024349999999982733;0.01890125064267941;3.0364044365318166e-15;0.002064689995068;0.026892815471680123;0.07848000000000001;0.0;0.03014228323761831;0.022469999999684506;0.0;-3.376425973998833e-9
296.0;283.3537183502453;-0.23442272400000003;0.0126;0.024349999999982733;0.04160562047691931;3.0364044365293932e-15;0.002211299992584;0.025010858549770126;0.07848000000000001;0.0;0.027702860326983797;0.022469999999684506;0.0;-3.376425973999183e-9
297.0;283.3537183503817;-0.24958604800000003;0.0126;0.024349999999982733;0.0674463385698392;3.0364044365330283e-15;0.0023538600013319998;0.024493793008465124;0.07848000000000001;0.0;0.01739997175779165;0.022469999999684506;0.0;-3.3764259739987012e-9
298.0;227.34218079890084;-0.263176956;0.0126;0.024349999999974427;0.08994874656297405;6.879867655640041e-16;0.002465640001404;0.025822233115898922;0.07848000000000001;0.0;0.0;0.022469999999533787;0.0;-5.527447021245825e-9
299.0;147.84120245145584;-0.27304896400000006;0.0126;0.02434999999991901;0.10374749110646024;0.0;0.002695680001368;0.02791074634565066;0.07848000000000001;0.0;0.0;0.02246999999855942;0.0;-0.0012270614293534512
300.0;110.90680056620576;-0.275300388;0.0126;0.022600214539073033;0.10759813073118712;0.0;0.0028884600055440004;0.029925007485677554;0.07848000000000001;0.0;0.0;0.022469999950298174;0.0;-0.0012272634307710062
301.0;110.90680068657151;-0.27377957599999997;0.0126;0.020458667284251587;0.10661505181092713;0.0;0.0029087100002160005;0.031508605516082554;0.07848000000000001;0.0;0.0;0.022469999950298202;0.0;-0.0012272634307708434
302.0;110.90680068605839;-0.27265978;0.0126;0.0205914728708841;0.10184370387606716;0.0;0.0029240999982;0.035011961779562555;0.07848000000000001;0.0;0.0;0.022469999950298202;0.0;-0.0012272634307708438
303.0;110.90680062386292;-0.26923394;0.0126;0.022309784718420583;0.0935261438630472;0.0;0.0033785100062280003;0.03773094423681255;0.07848000000000001;0.0;0.0;0.02246999995029819;0.0;-0.0012272634307709212
304.0;146.91546840310954;-0.26373391600000007;0.0126;0.024349999999916893;0.0805901921225001;0.0;0.004143150010404;0.0403716242430506;0.07848000000000001;0.0;0.0;0.02246999999852349;0.0;-0.0012271327890560585
305.0;272.88707534556517;-0.256215816;0.0126;0.0243499999999816;0.061963669171298426;1.863167125622624e-15;0.004114800000072;0.04209697651023993;0.07848000000000001;0.0;4.1567380757816324e-14;0.02246999999966398;0.0;-3.636404158786044e-9
306.0;283.35371835022414;-0.24902284400000005;0.0126;0.024349999999982733;0.043717309519419295;3.0364044365172763e-15;0.003966569999424001;0.043707575547850125;0.07848000000000001;0.0;0.01973930427628928;0.022469999999684506;0.0;-3.376425974000757e-9
307.0;283.3537183502458;-0.23898443600000002;0.0126;0.024349999999982733;0.024254723717979387;3.036404436529797e-15;0.0038191500066960004;0.044830809632740116;0.07848000000000001;0.0;0.02818766798900948;0.022469999999684506;0.0;-3.376425973999116e-9
308.0;283.35371835025853;-0.227376056;0.0126;0.024349999999982733;0.009582791463819454;3.036404436537875e-15;0.0040491899939520005;0.039436045934080115;0.07848000000000001;0.0;0.03641594395685147;0.022469999999684506;0.0;-3.376425973998067e-9
309.0;283.35371835026086;-0.22096507199999998;0.0126;0.024349999999982733;0.002457697217499485;3.0364044365390867e-15;0.003821579992332;0.038635471671910115;0.07848000000000001;0.0;0.0381582384673544;0.022469999999684506;0.0;-3.3764259739978852e-9
310.0;283.35371835025734;-0.21909010400000004;0.0126;0.024349999999982733;0.000941498458059492;3.0364044365370673e-15;0.00345626999136;0.04125050120354512;0.07848000000000001;0.0;0.03554974969552175;0.022469999999684506;0.0;-3.376425973998167e-9
311.0;283.35371835024904;-0.213151664;0.0126;0.024349999999982733;0.000914768339079492;3.0364044365318166e-15;0.00303507000306;0.04114114787864512;0.07848000000000001;0.0;0.030168593126262383;0.022469999999684506;0.0;-3.3764259739988356e-9
312.0;283.353718350223;-0.19982396;0.0126;0.024349999999982733;0.0008731878768994921;3.036404436514449e-15;0.003073140006768;0.038819077333840116;0.07848000000000001;0.0;0.019166470124424035;0.022469999999684506;0.0;-3.376425974001127e-9
313.0;283.35371832394765;-0.19754340400000003;0.0126;0.024349999999978816;0.0007870570501548298;3.726451971822477e-15;0.001044899999568;0.027212775218409018;0.07848000000000001;0.0;0.030606587488000676;0.02246999999961276;0.0;-4.144247527569455e-9
314.0;283.3537183239451;-0.195969516;0.0126;0.024349999999978816;0.0006133105286148306;3.726451971820054e-15;0.0011210399942760002;0.02701161930984902;0.07848000000000001;0.0;0.029331461922919206;0.02246999999961276;0.0;-4.144247527569718e-9
315.0;283.35371832394446;-0.193922748;0.0126;0.024349999999978816;0.00048411437163483115;3.726451971820054e-15;0.001138860003312;0.025328117973204018;0.07848000000000001;0.0;0.02907957140741871;0.02246999999961276;0.0;-4.144247527569773e-9
316.0;283.3537183239428;-0.19236818399999997;0.0126;0.024349999999978816;0.0004900543426548311;3.726451971818438e-15;0.001065150006948;0.02463014684595902;0.07848000000000001;0.0;0.02829074855969792;0.02246999999961276;0.0;-4.144247527569945e-9
317.0;283.35371832395026;-0.19454368;0.0126;0.024349999999978816;0.0005821251404148307;3.726451971824093e-15;0.001079729997012;0.02308435012671902;0.07848000000000001;0.0;0.03190539049244515;0.02246999999961276;0.0;-4.144247527569191e-9
318.0;283.35371832396345;-0.20193881600000002;0.0126;0.024349999999978816;0.0024131468529348223;3.726451971834594e-15;0.001067579992584;0.021040388150799023;0.07848000000000001;0.0;0.039525616762552306;0.02246999999961276;0.0;-4.1442475275678925e-9
319.0;283.3537183239725;-0.21431150000000002;0.0126;0.024349999999978816;0.011266796773774781;3.726451971841056e-15;0.0008124300012600001;0.018907323419904018;0.07848000000000001;0.0;0.04543286556550575;0.02246999999961276;0.0;-4.144247527566998e-9
320.0;283.3537183239697;-0.22955913200000005;0.0126;0.024349999999978816;0.029299314476254706;3.726451971838633e-15;0.0007257600052559999;0.018282254591694018;0.07848000000000001;0.0;0.04335971868669107;0.02246999999961276;0.0;-4.1442475275672994e-9
321.0;283.3537183239581;-0.24336263600000002;0.0126;0.024349999999978816;0.0513606734279746;3.726451971829747e-15;0.000676349992332;0.01752353150736902;0.07848000000000001;0.0;0.035909996830163535;0.02246999999961276;0.0;-4.144247527568462e-9
322.0;283.35371832394134;-0.25270796400000006;0.0126;0.024349999999978816;0.06863137933119452;3.7264519718168225e-15;0.000600210010332;0.01828360438238402;0.07848000000000001;0.0;0.027300686030927945;0.02246999999961276;0.0;-4.1442475275701565e-9
323.0;283.3537183239337;-0.26066136400000006;0.0126;0.024349999999978816;0.07924476981597448;3.726451971811168e-15;0.00045440999532;0.018739918213914023;0.07848000000000001;0.0;0.024330181728259438;0.02246999999961276;0.0;-4.144247527570929e-9
324.0;283.3537183239303;-0.265321284;0.0126;0.024349999999978816;0.08381712614463445;3.7264519718087445e-15;0.00037098000558000003;0.02000355674489402;0.07848000000000001;0.0;0.02323753685778878;0.02246999999961276;0.0;-4.1442475275712575e-9
325.0;283.353718323925;-0.26632403600000004;0.0126;0.024349999999978816;0.08437400620041445;3.726451971803898e-15;0.00027945000018;0.02223652453472402;0.07848000000000001;0.0;0.02154197101659949;0.02246999999961276;0.0;-4.144247527571807e-9
326.0;283.3537183239154;-0.26574011200000003;0.0126;0.024349999999978816;0.08357952414489447;3.726451971799051e-15;0.00025110000255600004;0.02447624226722402;0.07848000000000001;0.0;0.019541161336158453;0.02246999999961276;0.0;-4.1442475275725214e-9
327.0;283.35371832392275;-0.26185436400000006;0.0126;0.024349999999978816;0.07721030156055449;3.726451971799859e-15;0.000310229996148;0.02656745557296902;0.07848000000000001;0.0;0.019874292620906814;0.02246999999961276;0.0;-4.144247527572406e-9
328.0;283.35371832393594;-0.25636991200000003;0.0126;0.024349999999978816;0.06652414539165455;3.7264519718127835e-15;0.000328860000396;0.02641625131752902;0.07848000000000001;0.0;0.025208571044321722;0.02246999999961276;0.0;-4.144247527570689e-9
329.0;283.3537183239555;-0.24911846399999998;0.0126;0.024349999999978816;0.04995436571187461;3.7264519718281316e-15;0.000315900000756;0.02651075422448402;0.07848000000000001;0.0;0.03444535982028757;0.02246999999961276;0.0;-4.144247527568714e-9
330.0;283.3537183239693;-0.24116184;0.0126;0.024349999999978816;0.03334746100539469;3.726451971838633e-15;0.000323189995788;0.026445951906114016;0.07848000000000001;0.0;0.04315315285254998;0.02246999999961276;0.0;-4.144247527567329e-9
331.0;283.3537183239809;-0.23161284799999998;0.0126;0.024349999999978816;0.01670788571013476;3.726451971847519e-15;0.00030861000572400006;0.025811432811939015;0.07848000000000001;0.0;0.05089283523410396;0.02246999999961276;0.0;-4.144247527566167e-9
332.0;283.3537183239878;-0.22401376799999995;0.0126;0.024349999999978816;0.005429208994294808;3.726451971853981e-15;0.000245430010656;0.02536186917038402;0.07848000000000001;0.0;0.055085175587786826;0.02246999999961276;0.0;-4.1442475275654755e-9
333.0;283.3537183239872;-0.22186566399999996;0.0126;0.024349999999978816;0.0014731332629148266;3.726451971853981e-15;0.000264060002196;0.027405831146304023;0.07848000000000001;0.0;0.054830555351636175;0.02246999999961276;0.0;-4.144247527565521e-9
334.0;283.3537183239822;-0.219168704;0.0126;0.024349999999978816;0.0010202041131948288;3.7264519718483264e-15;0.000275399998704;0.028218555750429017;0.07848000000000001;0.0;0.051762459899829916;0.02246999999961276;0.0;-4.144247527566026e-9
335.0;283.35371832397345;-0.21330063200000002;0.0126;0.024349999999978816;0.0009860488226148287;3.726451971841864e-15;0.00023571000457200004;0.028083551703624015;0.07848000000000001;0.0;0.046103237229807636;0.02246999999961276;0.0;-4.144247527566898e-9
336.0;283.353718323962;-0.20600398800000003;0.0126;0.024349999999978816;0.0009845639545548288;3.726451971833786e-15;0.000210600000504;0.028233406168374015;0.07848000000000001;0.0;0.03868333363520963;0.02246999999961276;0.0;-4.1442475275680265e-9
337.0;283.3544055248484;-0.23486575199999998;0.0126;0.024349999999981952;0.0003088828157785666;3.1739232665991223e-15;0.009421109997228002;0.0750555260479299;0.07848000000000001;0.0;0.012196834832547113;0.02246999999967023;0.0;-3.529231952105368e-9
338.0;283.38047863766826;-0.232273936;0.0126;0.024349999999981952;0.00015592644219856707;3.1731263438975434e-15;0.009307709994024;0.0735961317603699;0.07848000000000001;0.0;0.00907181798039475;0.02246999999967022;0.0;-3.529334461305797e-9
339.0;262.2152774808289;-0.23005361600000002;0.0126;0.02434999999997942;7.722078705682895e-5;1.3941226814559755e-15;0.008809560003096002;0.07388099076653448;0.07848000000000001;0.0;2.166327634523822e-14;0.02246999999962418;0.0;-4.1240688095057725e-9
340.0;273.5142674634079;-0.22980552000000004;0.0126;0.024349999999980845;7.573575273778572e-5;1.993649331164457e-15;0.008263619989668;0.0733787753958697;0.07848000000000001;0.0;4.617791935301156e-14;0.022469999999650117;0.0;-3.78368944471918e-9
341.0;283.3537183451907;-0.23571232400000003;0.0126;0.024349999999981952;7.722078705856773e-5;3.173763186056276e-15;0.007482780005004;0.07343817706764989;0.07848000000000001;0.0;0.016822061567795473;0.022469999999670226;0.0;-3.5292525390904878e-9
342.0;283.3537183450178;-0.25020263600000003;0.0126;0.024349999999981952;0.00018414176175856722;3.1737631860263877e-15;0.0060255900025919995;0.07354888067784988;0.07848000000000001;0.0;0.03255193898694436;0.022469999999670226;0.0;-3.5292525390943916e-9
343.0;283.3537183450343;-0.261222716;0.0126;0.024349999999981952;0.0017463757538185602;3.173763186037293e-15;0.005957549998128;0.07115795794799488;0.07848000000000001;0.0;0.04446874773209011;0.022469999999670226;0.0;-3.529252539092994e-9
344.0;283.3537183450358;-0.270729652;0.0126;0.024349999999981952;0.012142954553078514;3.1737631860381007e-15;0.006717329992908001;0.06848217695388989;0.07848000000000001;0.0;0.0454951059323873;0.022469999999670226;0.0;-3.529252539092877e-9
345.0;283.3537183450276;-0.2814989440000001;0.0126;0.024349999999981952;0.03571902722991841;3.173763186032446e-15;0.006824249996292;0.0622098865800399;0.07848000000000001;0.0;0.03885369562449511;0.022469999999670226;0.0;-3.5292525390936025e-9
346.0;283.3537183450048;-0.29115114;0.0126;0.024349999999981952;0.0613058079455783;3.173763186017502e-15;0.00703079999532;0.059661009157464896;0.07848000000000001;0.0;0.025261438328326;0.022469999999670226;0.0;-3.529252539095555e-9
347.0;283.353718344979;-0.298438892;0.0126;0.024349999999981952;0.07750136429703822;3.1737631859993266e-15;0.006698700001368;0.0580261099305549;0.07848000000000001;0.0;0.018320633192989263;0.022469999999670226;0.0;-3.5292525390978182e-9
348.0;283.3565496957309;-0.30216015600000007;0.0126;0.024349999999981952;0.08492346108459818;3.1745709067291425e-15;0.00659582999946;0.0610272508233699;0.07848000000000001;0.0;0.011813074482299589;0.022469999999670236;0.0;-3.529148685523819e-9
349.0;247.6207110056686;-0.299132;0.0126;0.024349999999977227;0.0848447554294551;1.0016601814018845e-15;0.008018190004428;0.060033620633304155;0.07848000000000001;0.0;0.0;0.02246999999958439;0.0;-4.67607160081893e-9
350.0;271.7048158879714;-0.29937586400000005;0.0126;0.02434999999998063;0.08105351617995728;1.86593069718258e-15;0.008782829995896;0.06162261881568967;0.07848000000000001;0.0;3.909523544915661e-14;0.022469999999646207;0.0;-3.834079117321399e-9
351.0;283.35371834498085;-0.295911068;0.0126;0.024349999999981952;0.07254884466903826;3.1737631859964993e-15;0.009033929998452001;0.058463522982849896;0.07848000000000001;0.0;0.017972685770507365;0.022469999999670226;0.0;-3.5292525390981462e-9
352.0;283.3537183450115;-0.28853814;0.0126;0.024349999999981952;0.05738388767103831;3.1737631860219448e-15;0.009036359996796;0.055779641513469896;0.07848000000000001;0.0;0.028446166246568635;0.022469999999670226;0.0;-3.5292525390949822e-9
353.0;283.3537183450338;-0.27857758;0.0126;0.024349999999981952;0.03552894566337841;3.173763186036889e-15;0.008935110010728;0.0524855416338249;0.07848000000000001;0.0;0.04373589812393116;0.022469999999670226;0.0;-3.5292525390930636e-9
354.0;283.353718345051;-0.266491284;0.0126;0.024349999999981952;0.014572436451038503;3.173763186047794e-15;0.009594450001944001;0.04794805404042989;0.07848000000000001;0.0;0.05648425894148454;0.022469999999670226;0.0;-3.529252539091599e-9
355.0;283.35371834506594;-0.26410388;0.0126;0.024349999999981952;0.0031348632243385537;3.1737631860574877e-15;0.009749970010332;0.0489200836225749;0.07848000000000001;0.0;0.06440687858024921;0.022469999999670226;0.0;-3.52925253909034e-9
356.0;283.3537183450605;-0.26408678;0.0126;0.024349999999981952;0.0007870570501585644;3.1737631860542565e-15;0.009976770004032;0.053533173590994895;0.07848000000000001;0.0;0.06189769479136319;0.022469999999670226;0.0;-3.5292525390907975e-9
357.0;283.3537183450473;-0.260113592;0.0126;0.024349999999981952;0.0005256948338185657;3.173763186045371e-15;0.010003499998524;0.057614347352859904;0.07848000000000001;0.0;0.05407796524906677;0.022469999999670226;0.0;-3.5292525390919068e-9
358.0;283.35371834503536;-0.252945856;0.0126;0.024349999999981952;0.000442533909458566;3.1737631860376968e-15;0.009700559997408001;0.0596596593667749;0.07848000000000001;0.0;0.045251018158564985;0.022469999999670226;0.0;-3.5292525390929077e-9
359.0;283.35371834502314;-0.24584494399999998;0.0126;0.024349999999981952;0.0002940328050985667;3.173763186029619e-15;0.009878759998812001;0.0617292720645999;0.07848000000000001;0.0;0.0360507945615467;0.022469999999670226;0.0;-3.529252539093946e-9
360.0;283.35371834500745;-0.23798551600000006;0.0126;0.024349999999981952;0.00015444140787856733;3.1737631860199253e-15;0.009629279999388;0.0634100730779499;0.07848000000000001;0.0;0.026899636942120053;0.022469999999670226;0.0;-3.5292525390952664e-9
361.0;190.17986539640523;-0.221608788;0.0126;0.024349999999941772;2.524541713266703e-5;0.0;0.004845420002016001;0.07444530763765875;0.07848000000000001;0.0;0.0;0.022469999998944057;0.0;-1.569853785977472e-8
362.0;109.8112889142378;-0.16787114400000003;0.0126;4.207734508784967e-12;2.9700187538046728e-5;0.0;0.004270320008459999;0.06737649336292052;0.07848000000000001;0.0;0.0;0.006025213330206133;0.0;-0.0012272587585674909
363.0;109.8112889132907;-0.167897952;0.0126;4.207734506119636e-12;2.5245417098046822e-5;0.0;0.004805729995176;0.06675007424941053;0.07848000000000001;0.0;0.0;0.006147485253574108;0.0;-0.0012272587585674913
364.0;110.90678263265158;-0.21134702800000005;0.0126;0.02344710760066;2.5245417098859726e-5;0.0;0.004225770004932;0.07135641402785572;0.07848000000000001;0.0;0.0;0.022469999923060584;0.0;-0.0012272583309346553
365.0;110.90679059533959;-0.21005811999999996;0.0126;0.023306882231330775;2.5245417098859747e-5;0.0;0.004277610003492;0.07015757781524572;0.07848000000000001;0.0;0.0;0.022469999923062943;0.0;-0.0012272583309211147
366.0;118.56925211516325;-0.21119893199999998;0.0126;0.02434999999940084;3.118522186410295e-5;0.0;0.004131810001188;0.07034523334385695;0.07848000000000001;0.0;0.0;0.022469999990322113;0.0;-0.0012272545140241322
367.0;143.1355745564724;-0.214700612;0.0126;0.024349999999856726;0.00016038154511711916;0.0;0.004721489997516001;0.07144821685882505;0.07848000000000001;0.0;0.0;0.02246999999745373;0.0;-0.0012271820510242348
368.0;165.9016228190881;-0.219768788;0.0126;0.024349999999916053;0.0021295091217657363;0.0;0.0052544699985960005;0.0719679827234271;0.07848000000000001;0.0;0.0;0.02246999999848724;0.0;-3.7813245870506875e-8
369.0;143.05166961681803;-0.22895922400000002;0.0126;0.024349999999856358;0.01410911239355702;0.0;0.005983469997408;0.07050318803658004;0.07848000000000001;0.0;0.0;0.02246999999744731;0.0;-0.0012271832140022438
370.0;110.90680085166265;-0.24098925599999999;0.0126;0.020851809482955456;0.03187284254181871;0.0;0.006496200003816;0.06947985701062072;0.07848000000000001;0.0;0.0;0.02246999992306604;0.0;-0.001227258330903342
371.0;110.906800861743;-0.24908988;0.0126;0.01452610505917502;0.04782040148703865;0.0;0.006534269994816;0.06792055966412573;0.07848000000000001;0.0;0.0;0.022469999923066045;0.0;-0.001227258330903319
372.0;110.90680086150229;-0.25367708800000005;0.0126;0.00963351728402032;0.0563532884837786;0.0;0.006865559993556001;0.06853617847367573;0.07848000000000001;0.0;0.0;0.022469999923066045;0.0;-0.0012272583309033188
373.0;110.90680086146848;-0.25816751200000004;0.0126;0.008714376004109691;0.058352116414298605;0.0;0.00706319999442;0.07174927582631573;0.07848000000000001;0.0;0.0;0.022469999923066045;0.0;-0.0012272583309033188
374.0;110.90680086146808;-0.25670895200000005;0.0126;0.008707675084021163;0.05162352067857864;0.0;0.008173710000108001;0.07591550247647572;0.07848000000000001;0.0;0.0;0.022469999923066045;0.0;-0.0012272583309033188
375.0;110.90680086165736;-0.25229809999999997;0.0126;0.0131138395417633;0.039926070269858685;0.0;0.008611920002232001;0.07835772640283571;0.07848000000000001;0.0;0.0;0.022469999923066045;0.0;-0.001227258330903319
376.0;110.90680082027437;-0.245309204;0.0126;0.021837015183259065;0.02342905660671876;0.0;0.008335710008315999;0.07941885849265072;0.07848000000000001;0.0;0.0;0.022469999923066024;0.0;-0.0012272583309034552
377.0;213.91761067522583;-0.24787859600000003;0.0126;0.024349999999955216;0.007061238601817885;8.977079972648714e-16;0.008760959998092;0.08809692176700498;0.07848000000000001;0.0;0.0;0.022469999999184778;0.0;-1.0196499273656714e-8
378.0;283.3537182805362;-0.259864812;0.0126;0.02434999999997327;0.0011939506347282355;4.701745234144749e-15;0.009068759995896;0.09656167829622744;0.07848000000000001;0.0;0.015148339322973286;0.02246999999951133;0.0;-5.229785482975338e-9
379.0;265.92803977268693;-0.260902984;0.0126;0.024349999999970246;5.049033554614365e-5;2.293207809235875e-15;0.009242100000612;0.10407735638382695;0.07848000000000001;0.0;3.888519098228356e-14;0.022469999999456335;0.0;-5.934989046727284e-9
380.0;243.7945154093013;-0.25912927999999996;0.0126;0.024349999999965292;3.267042248307154e-5;1.3819624366856069e-15;0.009030690004896;0.1040895067257812;0.07848000000000001;0.0;0.0;0.02246999999936654;0.0;-7.184428090428558e-9
381.0;185.7336892717388;-0.25471885600000005;0.0126;0.02434999999993831;2.9700187571534826e-5;0.0;0.00909792000144;0.10363319289424847;0.07848000000000001;0.0;0.0;0.02246999999888224;0.0;-1.752733624689027e-8
382.0;128.68883441316373;-0.249462672;0.0126;0.02434999999974096;2.6730285170066445e-5;0.0;0.008865450003132;0.10322818050652337;0.07848000000000001;0.0;0.0;0.02246999999550659;0.0;-0.0012272452128145029
383.0;110.9067882270862;-0.245223564;0.0126;0.023354840032931437;2.6730285158859694e-5;0.0;0.009034740006372001;0.1005159482392457;0.07848000000000001;0.0;0.0;0.022469999923062246;0.0;-0.0012272583309251212
384.0;110.90680086311022;-0.23939355199999998;0.0126;0.019107004493606406;2.82153194788597e-5;0.0;0.009111689996292;0.0988580981191157;0.07848000000000001;0.0;0.0;0.022469999923066045;0.0;-0.0012272583309033199
385.0;110.36025160523006;-0.29452862;0.01176;7.1623415670694605e-12;3.674610716003811e-5;0.0;0.013763879992764455;0.18572760772366084;0.074556;0.0;0.0;0.008367715991683438;0.0;-2.388275936232869e-8
386.0;110.36025161327181;-0.291897896;0.01176;7.162341829998744e-12;3.458431520470475e-5;0.0;0.013555620012316553;0.18627978934393652;0.074556;0.0;0.0;0.00539523283986107;0.0;-2.388275934273468e-8
387.0;110.36025163225217;-0.28989627800000006;0.01176;7.162342283482834e-12;3.458431520470475e-5;0.0;0.013629329998796519;0.18588284745262984;0.074556;0.0;0.0;0.0037168475172825897;0.0;-2.3882759308940327e-8
388.0;110.36025181659409;-0.2870933240000001;0.01176;7.162344176339462e-12;3.674610716003811e-5;0.0;0.013106339988084765;0.1846684403951315;0.074556;0.0;0.0;0.002649124315912626;0.0;-2.3882759167881436e-8
389.0;110.35956434671438;-0.288271744;0.01176;7.194059867502566e-12;3.674610716003955e-5;0.0;0.012634830003477012;0.18721319277305437;0.074556;0.0;0.0;0.0019666948310057965;0.0;-2.3880406584422124e-8
390.0;110.36025164331964;-0.29327675999999997;0.01176;7.162342451468431e-12;3.674610716003811e-5;0.0;0.013674960004412496;0.18944353522246535;0.074556;0.0;0.0;0.003488849940655987;0.0;-2.3882759296421707e-8
391.0;110.36025159591632;-0.30596043;0.01176;7.162341326191778e-12;4.755361493270481e-5;0.0;0.013143780005400747;0.19399068327458838;0.074556;0.0;0.0;0.012145742420082678;0.0;-2.38827593802793e-8
392.0;110.90679956952691;-0.321643232;0.01176;0.004510983132907801;0.0011542514616790273;0.0;0.01299051001195877;0.19573369092875026;0.074556;0.0;0.0;0.0209719998713034;0.0;-2.3336714419638982e-8
393.0;110.90679957025779;-0.32796368000000004;0.01176;0.012443895857561787;0.0062316606729936105;0.0;0.010551060004003923;0.19148326694743845;0.074556;0.0;0.0;0.0209719998713034;0.0;-2.333671441971574e-8
394.0;110.90679957014491;-0.333523118;0.01176;0.009466739620518617;0.01758179976450809;0.0;0.010547550006395923;0.1886732321034981;0.074556;0.0;0.0;0.0209719998713034;0.0;-2.3336714419638307e-8
395.0;110.36018725495168;-0.34055751;0.01176;7.1619697580329116e-12;0.034225499674794144;0.0;0.0107101799995779;0.18878917036642417;0.074556;0.0;0.0;0.020202978397342086;0.0;-2.3882787071693035e-8
396.0;110.36025159012492;-0.34538890200000005;0.01176;7.162341187443707e-12;0.045253572179075295;0.0;0.010822499996457846;0.1887420090391322;0.074556;0.0;0.0;0.013938149844630428;0.0;-2.3882759390619056e-8
397.0;110.36025159759012;-0.34612117200000003;0.01176;7.162341367672507e-12;0.048266730465763914;0.0;0.010897379994377811;0.18880489080885485;0.074556;0.0;0.0;0.011519500126778394;0.0;-2.3882759377188075e-8
398.0;110.36025158818005;-0.34360417000000004;0.01176;7.162341142512497e-12;0.04210856152315801;0.0;0.011068199994221728;0.1893865486186542;0.074556;0.0;0.0;0.014408188845635803;0.0;-2.3882759393967407e-8
399.0;110.90679957830083;-0.340321474;0.01176;0.0023549266263877405;0.03173975255902519;0.0;0.010724220008371841;0.1882487790779716;0.074556;0.0;0.0;0.020971999871303403;0.0;-2.3336714399921505e-8
400.0;110.9067995703373;-0.334609988;0.01176;0.014138873874247304;0.01774391359110142;0.0;0.01085408999329178;0.18461931401253573;0.074556;0.0;0.0;0.0209719998713034;0.0;-2.3336714419795528e-8
401.0;110.90679907722306;-0.331633634;0.01176;0.022337035950246865;0.0065407579604989385;0.0;0.010676249998231864;0.18482564517940445;0.074556;0.0;0.0;0.020971999871302768;0.0;-2.3336717063408014e-8
402.0;136.60994561861034;-0.332469878;0.01176;0.023862999999848984;0.001584393852653863;0.0;0.010584990005579916;0.18820358280598645;0.074556;0.0;1.9091788502950025e-14;0.020971999997280173;0.0;-1.1575874445567974e-8
403.0;141.24581679257602;-0.332902744;0.01176;0.02386299999987203;0.0001296913032217056;0.0;0.010242179994483796;0.19010969041033307;0.074556;0.0;2.2565085084489597e-14;0.020971999997688187;0.0;-1.0652697137804082e-8
404.0;123.96503868416173;-0.328444954;0.01176;0.0238629999997017;4.5391822984904996e-5;0.0;0.007787520002882683;0.18937475828683298;0.074556;0.0;0.0;0.02097199999475532;0.0;-1.527834190796416e-8
405.0;110.90679956223472;-0.32130717000000003;0.01176;0.020520520341248877;4.10689650690459e-5;0.0;0.00745173000520139;0.18604005187693662;0.074556;0.0;0.0;0.02097199987130339;0.0;-2.3336714460986178e-8
406.0;110.90679957025205;-0.31229218400000003;0.01176;0.012342317547302271;4.10689650690459e-5;0.0;0.007306650000053459;0.18534835097012262;0.074556;0.0;0.0;0.0209719998713034;0.0;-2.3336714419713442e-8
407.0;110.90679957006037;-0.304982302;0.01176;0.007230343937329164;4.10689650690459e-5;0.0;0.008195849993709037;0.18226124260840945;0.074556;0.0;0.0;0.0209719998713034;0.0;-2.3336714419580332e-8
408.0;110.90679944704083;-0.29792196000000004;0.01176;0.0012859023483059893;4.10689650690459e-5;0.0;0.00871884000442079;0.18062238252538462;0.074556;0.0;0.0;0.020971999871303475;0.0;-2.333671409583154e-8
409.0;166.68705159615513;-0.26021633000000005;0.01176;0.02386299999994478;3.6746107192662234e-5;0.0;0.008962199998223766;0.09480037000336868;0.074556;2.7927144483670864e-14;0.025273930594423843;0.02097199999899597;0.0;-5.9295064271776e-9
410.0;166.68705159612918;-0.256214524;0.01176;0.02386299999994478;3.6746107192662234e-5;0.0;0.010673909994270958;0.09723311386900685;0.074556;2.792714448360301e-14;0.017127670728111184;0.02097199999899597;0.0;-5.929506427183961e-9
411.0;166.68705159610244;-0.25627451;0.01176;0.02386299999994478;3.890741514666219e-5;0.0;0.011792429990734429;0.10069947898425835;0.074556;2.7927144483528692e-14;0.012600610303577722;0.02097199999899597;0.0;-5.929506427190604e-9
412.0;166.68705159606907;-0.25718502200000004;0.01176;0.02386299999994478;3.6746107192662234e-5;0.0;0.012557610001602066;0.10409117199796418;0.074556;2.7927144483434988e-14;0.009356410580687837;0.02097199999899597;0.0;-5.929506427199095e-9
413.0;166.6870515960672;-0.25946400199999997;0.01176;0.02386299999994478;3.458431523732893e-5;0.0;0.01322567999910575;0.1058381097627337;0.074556;2.7927144483431757e-14;0.009222544610016245;0.02097199999899597;0.0;-5.929506427199573e-9
414.0;166.68705159609132;-0.26671310600000003;0.01176;0.02386299999994478;3.458431523732893e-5;0.0;0.01363284001532956;0.11057390312402468;0.074556;2.792714448349961e-14;0.011328695237086912;0.02097199999899597;0.0;-5.929506427193386e-9
415.0;166.687051596143;-0.282282984;0.01176;0.02386299999994478;5.187647287399531e-5;0.0;0.013660919996193545;0.11670292429539518;0.074556;2.7927144483638552e-14;0.020724179936547637;0.02097199999899597;0.0;-5.9295064271806105e-9
416.0;166.6870515961722;-0.300620856;0.01176;0.02386299999994478;0.0009597146277986468;0.0;0.013724100008205516;0.12071164575440316;0.074556;2.79271444837161e-14;0.034082312315698415;0.02097199999899597;0.0;-5.929506427173561e-9
417.0;166.6870515961764;-0.30955212800000004;0.01176;0.02386299999994478;0.005166031549416578;0.0;0.013718249987717517;0.12286731646223466;0.074556;2.7927144483722562e-14;0.03665744670741867;0.02097199999899597;0.0;-5.9295064271725976e-9
418.0;166.68705159617014;-0.31457103000000003;0.01176;0.02386299999994478;0.015070114049315084;0.0;0.013755690005033499;0.12224439213108867;0.074556;2.7927144483709638e-14;0.03235775052017339;0.02097199999899597;0.0;-5.929506427174188e-9
419.0;166.68705159615325;-0.31872736200000007;0.01176;0.02386299999994478;0.0283375208465442;0.0;0.013743990000769507;0.121764917917021;0.074556;2.792714448366117e-14;0.023737849938173794;0.02097199999899597;0.0;-5.929506427178412e-9
420.0;166.68705159612813;-0.32335081000000004;0.01176;0.02386299999994478;0.039298586028232683;0.0;0.013504139986781618;0.12298718483576848;0.074556;2.7927144483590084e-14;0.016417815847172505;0.02097199999899597;0.0;-5.9295064271846405e-9
421.0;166.68705159605727;-0.323628032;0.01176;0.02386299999994478;0.046219771456806565;0.0;0.013408200003213664;0.12446097955333899;0.074556;2.7927144483399445e-14;0.008395997671278287;0.02097199999899597;0.0;-5.929506427202664e-9
422.0;166.68705159598323;-0.32060697400000004;0.01176;0.02386299999994478;0.04485152969555592;0.0;0.012983489998949866;0.12584241631166315;0.074556;2.7927144483215268e-14;0.005786454666749584;0.02097199999899597;0.0;-5.9295064272193754e-9
423.0;166.68705159607003;-0.316707998;0.01176;0.02386299999994478;0.03774013053297871;0.0;0.012240540003526219;0.12630224033265866;0.074556;2.792714448343822e-14;0.00928200381807162;0.02097199999899597;0.0;-5.929506427199224e-9
424.0;166.68705159613538;-0.31054736400000005;0.01176;0.02386299999994478;0.026221393207007566;0.0;0.012221820004046226;0.122741552202857;0.074556;2.7927144483612703e-14;0.01821951528548267;0.02097199999899597;0.0;-5.9295064271827214e-9
425.0;166.68705159616118;-0.30592807400000005;0.01176;0.02386299999994478;0.013567857884879774;0.0;0.012738959994269982;0.12089832672819967;0.074556;2.7927144483683788e-14;0.027579846096720862;0.02097199999899597;0.0;-5.9295064271763265e-9
426.0;166.68705159617764;-0.303313068;0.01176;0.02386299999994478;0.004253870294582593;0.0;0.01278693000440996;0.11758327087134335;0.074556;2.7927144483725794e-14;0.0375459135366903;0.02097199999899597;0.0;-5.9295064271722774e-9
427.0;166.68705159618062;-0.303559318;0.01176;0.02386299999994478;0.0004993110214726545;0.0;0.012854789988757928;0.11933413910668665;0.074556;2.7927144483738718e-14;0.03972799459064874;0.02097199999899597;0.0;-5.929506427171538e-9
428.0;166.687051596177;-0.30113489;0.01176;0.02386299999994478;0.00012104510342066075;0.0;0.012533039999990081;0.12001011957107;0.074556;2.7927144483725794e-14;0.037327602032489915;0.02097199999899597;0.0;-5.929506427172373e-9
429.0;166.68705159616422;-0.295429352;0.01176;0.02386299999994478;6.700732255666171e-5;0.0;0.011739779989902454;0.12294395361908415;0.074556;2.792714448369025e-14;0.02953552777320329;0.02097199999899597;0.0;-5.929506427175454e-9
430.0;166.6870515961352;-0.28704848800000005;0.01176;0.02386299999994478;5.403778082799526e-5;0.0;0.010530000000563026;0.12677581974078098;0.074556;2.7927144483615934e-14;0.01854554717746896;0.02097199999899597;0.0;-5.9295064271824964e-9
431.0;166.68705159610747;-0.278775638;0.01176;0.02386299999994478;3.6746107192662234e-5;0.0;0.008769150001291857;0.12552997179842132;0.074556;2.7927144483541617e-14;0.013296686787769223;0.02097199999899597;0.0;-5.929506427189315e-9
432.0;166.68705159602092;-0.27089166200000003;0.01176;0.02386299999994478;3.890741514666219e-5;0.0;0.007372169998796518;0.12562822492357917;0.074556;2.7927144483296047e-14;0.006709276340273726;0.02097199999899597;0.0;-5.929506427211922e-9
433.0;166.68705145985658;-0.250803592;0.01176;0.023862999999907777;0.001180189577141802;0.0;0.007755930006070674;0.0638133452435758;0.074556;4.659789311027033e-14;0.04691104600552475;0.020971999998321843;0.0;-9.910810749014428e-9
434.0;166.6870514598474;-0.24587914200000005;0.01176;0.023862999999907777;0.0009208074545924728;0.0;0.008139689995410492;0.06260286865665131;0.074556;4.659789311021863e-14;0.04307269472407059;0.020971999998321843;0.0;-9.910810749018115e-9
435.0;166.68705145984683;-0.24426717399999998;0.01176;0.023862999999907777;0.0007003325052251432;0.0;0.008023860000922547;0.06156138682585648;0.074556;4.659789311022509e-14;0.04283851349862427;0.020971999998321843;0.0;-9.91081074901834e-9
436.0;166.68705145984833;-0.243708162;0.01176;0.023862999999907777;0.00046472670617514705;0.0;0.008215740004770456;0.06041575742392466;0.074556;4.659789311021863e-14;0.043468856696019;0.020971999998321843;0.0;-9.910810749017738e-9
437.0;166.68705145985044;-0.24522305800000002;0.01176;0.023862999999907777;0.00019885969176115166;0.0;0.008070659999622525;0.061368811406080824;0.074556;4.659789311024448e-14;0.04444164573382405;0.020971999998321843;0.0;-9.910810749016833e-9
438.0;166.68705145986584;-0.251749842;0.01176;0.023862999999907777;0.00017076026835248547;0.0;0.007836659987766635;0.06190920269453348;0.074556;4.65978931103091e-14;0.05069013788330932;0.020971999998321843;0.0;-9.910810749010638e-9
439.0;166.68705145990293;-0.26447207400000006;0.01176;0.023862999999907777;0.0025224934649384465;0.0;0.007535970003002778;0.061520120664475986;0.074556;4.65978931104642e-14;0.06175040870788826;0.020971999998321843;0.0;-9.910810748995886e-9
440.0;166.68705145990668;-0.27901957;0.01176;0.023862999999907777;0.01736132481514887;0.0;0.007324199988234877;0.060767503043243146;0.074556;4.6597893110483585e-14;0.06242346099420299;0.020971999998321843;0.0;-9.91081074899458e-9
441.0;166.6870514598562;-0.29441762600000004;0.01176;0.023862999999907777;0.05224824933811363;0.0;0.006914700004199072;0.058399606002631485;0.074556;4.65978931102574e-14;0.04571198948683593;0.020971999998321843;0.0;-9.910810749015334e-9
442.0;166.6870514598006;-0.305172376;0.01176;0.023862999999907777;0.08928804760784372;0.0;0.006626879998427207;0.05325114994763699;0.074556;4.659789311000537e-14;0.024863217267786723;0.020971999998321843;0.0;-9.910810749038376e-9
443.0;115.24747850855792;-0.30928122;0.01176;0.023862999998820626;0.11830860831804436;0.0;0.0063495900033668975;0.053817087314999276;0.074556;0.0;0.0;0.020971999980697893;0.0;-2.6229086397273593e-8
444.0;110.90679931179984;-0.312982048;0.01176;0.006241271531367573;0.1371505740401393;0.0;0.006615179993635299;0.055721229864040794;0.074556;0.0;0.0;0.02097199982980903;0.0;-3.090904869876405e-8
445.0;110.36025109793867;-0.31630673200000003;0.01176;9.537265071403127e-12;0.14508983497732073;0.0;0.00640340999721552;0.060087592468244855;0.074556;0.0;0.0;0.018093227326416703;0.0;-3.163227412811101e-8
446.0;110.36025131772726;-0.315327236;0.01176;9.537269577127888e-12;0.14407824387657606;0.0;0.006712289988635375;0.06368954639946085;0.074556;0.0;0.0;0.014214488782337449;0.0;-3.1632273798025976e-8
447.0;110.36025115164021;-0.309813012;0.01176;9.537266078723204e-12;0.1329248031689289;0.0;0.007001280005847235;0.06532054590130418;0.074556;0.0;0.0;0.01793371543040329;0.0;-3.163227405431566e-8
448.0;110.90679931214049;-0.30215036600000006;0.01176;0.010882758900749833;0.11186295734547573;0.0;0.006798869990827212;0.06535198714613179;0.074556;0.0;0.0;0.02097199982980903;0.0;-3.0909048699209086e-8
449.0;166.6870514597167;-0.292599054;0.01176;0.023862999999907777;0.07902299158953054;0.0;0.006383519986831324;0.06323168779374265;0.074556;4.659789310963702e-14;0.012817773436485803;0.020971999998321843;0.0;-9.910810749072984e-9
450.0;166.68705145985942;-0.284517902;0.01176;0.023862999999907777;0.04130447607206115;0.0;0.006184619987767417;0.058631482888449986;0.074556;4.659789311027033e-14;0.04725424188415037;0.020971999998321843;0.0;-9.910810749013897e-9
451.0;166.68705146000582;-0.278863586;0.01176;0.023862999999907777;0.011976979624282957;0.0;0.006598799999207222;0.055171013299076165;0.074556;4.659789311091656e-14;0.07397371193591006;0.020971999998321843;0.0;-9.91081074895401e-9
452.0;166.68705149222697;-0.27938640600000003;0.01176;0.023862999999907777;0.0024036096694357817;0.0;0.0066725100040431855;0.05592166586500515;0.074556;4.659789323567866e-14;0.08324554401709082;0.020971999998321843;0.0;-9.910810737357087e-9
453.0;166.68705146172883;-0.27652804;0.01176;0.023862999999907777;0.001216935684370468;0.0;0.005542289984959721;0.05750157392894883;0.074556;4.659789311416066e-14;0.08112415931617484;0.020971999998321843;0.0;-9.910810748652854e-9
454.0;166.68705146005192;-0.27148308800000004;0.01176;0.023862999999907777;0.001264489057371134;0.0;0.004867200010596042;0.05789458570964782;0.074556;4.659789311113628e-14;0.07631373209010463;0.020971999998321843;0.0;-9.910810748933467e-9
455.0;166.68705145995528;-0.264805962;0.01176;0.023862999999907777;0.001264489057371134;0.0;0.004233060014444343;0.05821489044410498;0.074556;4.659789311069684e-14;0.06995044133354336;0.020971999998321843;0.0;-9.91081074897472e-9
456.0;166.68705145990833;-0.25737174600000007;0.01176;0.023862999999907777;0.0012363891499611343;0.0;0.0033555599883407596;0.058664889188581315;0.074556;4.659789311049005e-14;0.06297182651441044;0.020971999998321843;0.0;-9.910810748993634e-9
457.0;110.90679970670509;-0.183146474;0.01176;0.016487026877936253;0.0009078381548680611;0.0;0.004077449998179;0.054420360373181834;0.074556;0.0;0.0;0.020971999893273956;0.0;-1.9339632587721634e-8
458.0;110.90679970689263;-0.180462582;0.01176;0.01730810644792857;0.0005057954293154011;0.0;0.004395689989338849;0.05099919152991851;0.074556;0.0;0.0;0.020971999893273956;0.0;-1.9339632587664247e-8
459.0;110.90679970710765;-0.178086464;0.01176;0.017905181579772986;0.00028099738003873817;0.0;0.004302090010294893;0.04834439641494717;0.074556;0.0;0.0;0.020971999893273956;0.0;-1.9339632587628993e-8
460.0;110.90679970723299;-0.175825466;0.01176;0.018100576788793742;0.000103752945763408;0.0;0.004616819985490745;0.045750517654428516;0.074556;0.0;0.0;0.020971999893273956;0.0;-1.9339632587650887e-8
461.0;110.90679970666677;-0.176253618;0.01176;0.016228132151069642;8.646078812674163e-5;0.0;0.0049853699913145685;0.04769985647545901;0.074556;0.0;0.0;0.020971999893273956;0.0;-1.933963258773012e-8
462.0;110.90679970663336;-0.177686846;0.01176;0.015937599899265728;0.002271757058210039;0.0;0.005054399987102536;0.04716929046352552;0.074556;0.0;0.0;0.020971999893273956;0.0;-1.93396325877307e-8
463.0;110.90679970644094;-0.181901282;0.01176;0.011979777689326657;0.011287454868774556;0.0;0.004855499988038631;0.04652475088400352;0.074556;0.0;0.0;0.020971999893273956;0.0;-1.9339632587619302e-8
464.0;110.90679643957917;-0.192344378;0.01176;0.0008064523008367672;0.03448488203935618;0.0;0.0046367099964107344;0.045162964678717686;0.074556;0.0;0.0;0.020971999893274543;0.0;-1.9339630133364227e-8
465.0;110.36025175278675;-0.20598891200000002;0.01176;5.918122361700238e-12;0.06430736665073407;0.0;0.004361760006337934;0.045461653804832615;0.074556;0.0;0.0;0.005225459724836627;0.0;-1.979215399505336e-8
466.0;50.00000033498174;-0.21752969;0.011179739073423579;5.27762400130518e-14;0.08921671766927768;0.0;0.003997889990008661;0.04592933804702715;0.074556;0.0;0.0;9.79992361136898e-13;0.0;-0.0073499902369725135
467.0;50.000000334982346;-0.22501168800000002;0.004238853419735954;5.27762400130518e-14;0.10121747385912082;0.0;0.0043547400099244885;0.047994615490949986;0.074556;0.0;0.0;9.79992361136898e-13;0.0;-0.007349990236972514
468.0;36.94973068257131;-0.22907311799999996;0.0;4.34573689896673e-14;0.1061046693363877;0.0;0.004389840003586305;0.0505354377582546;0.074556;0.0;0.0;8.056482381166475e-13;0.0;-0.007349993039789055
469.0;10.000000146012272;-0.229637886;0.0;0.0;0.1093534331796679;0.0;0.004376969998255435;0.0552221047368411;0.06803537579530397;0.0;0.0;0.0;0.0;-0.007349995806872244
470.0;10.000000146012264;-0.22806496600000004;0.0;0.0;0.1092864260990759;0.0;0.004040009989259674;0.05980069367382542;0.06228783394790753;0.0;0.0;0.0;0.0;-0.007349995806872243
471.0;10.000000146011988;-0.22579145;0.0;0.0;0.10348274602502068;0.0;0.004630860002675263;0.0639076678980251;0.06112017378435072;0.0;0.0;0.0;0.0;-0.007349995806872243
472.0;10.000000146011372;-0.22249208599999998;0.0;0.0;0.09117937719753622;0.0;0.00462032999149527;0.06882621212250493;0.06521616439854266;0.0;0.0;0.0;0.0;-0.007349995806872243
473.0;50.000000334980875;-0.217942132;0.0049516645846340345;5.277624001305099e-14;0.07085244795314265;0.0;0.0048894300065442315;0.0700425842354263;0.074556;0.0;0.0;9.79992361136898e-13;0.0;-0.0073499902369725135
474.0;110.36025183560076;-0.21503145800000006;0.01176;5.918123320232272e-12;0.04738483042630568;0.0;0.0046764899998897845;0.0733713951194596;0.074556;0.0;0.0;0.0029660701396843642;0.0;-1.979215392294849e-8
475.0;110.90679970639486;-0.20859311800000002;0.01176;0.001806998772324144;0.0227910615870637;0.0;0.003996719998127038;0.07274454103767215;0.074556;0.0;0.0;0.02097199989327396;0.0;-1.9339632563372262e-8
476.0;110.9067997072832;-0.206927158;0.01176;0.018185960650279675;0.005970117000501311;0.0;0.004574699995838764;0.07094258172439533;0.074556;0.0;0.0;0.020971999893273956;0.0;-1.9339632587650122e-8
477.0;110.90679968005036;-0.205272358;0.01176;0.02131273321006821;0.001904298889931378;0.0;0.004025970008787024;0.07077555130363716;0.074556;0.0;0.0;0.020971999893273932;0.0;-1.9339632681615895e-8
478.0;110.90679967991385;-0.20427524600000002;0.01176;0.02131510603313991;0.0014482181415140522;0.0;0.003958110006083056;0.07030000720017716;0.074556;0.0;0.0;0.020971999893273932;0.0;-1.9339632682106393e-8
479.0;110.90679970725763;-0.20240915400000004;0.01176;0.01814082151563134;0.001450379691468719;0.0;0.004204979996930939;0.07135917416874032;0.074556;0.0;0.0;0.020971999893273956;0.0;-1.9339632587650596e-8
480.0;110.90679970651354;-0.19832427600000002;0.01176;0.014083073027788018;0.0014482181415140522;0.0;0.004435469992822829;0.07110371625930965;0.074556;0.0;0.0;0.020971999893273956;0.0;-1.9339632587665984e-8
481.0;166.68705160262462;-0.20080910600000001;0.01176;0.023862999999946538;0.0013574344954437895;0.0;0.0008236799948676693;0.04743653870478434;0.074556;2.7038566509891944e-14;0.02004836940495383;0.020971999999028015;0.0;-5.740204240088162e-9
482.0;166.68705160260754;-0.19616144600000002;0.01176;0.023862999999946538;0.001195320426849792;0.0;0.0008213400086996705;0.04715750013170768;0.074556;2.7038566509843476e-14;0.015844202029746027;0.020971999999028015;0.0;-5.740204240092216e-9
483.0;166.68705160259304;-0.193852352;0.01176;0.023862999999946538;0.0010029449008911286;0.0;0.0011676599990795022;0.04717715068474601;0.074556;2.7038566509811164e-14;0.0133615130096558;0.020971999999028015;0.0;-5.7402042400956985e-9
484.0;166.68705160259478;-0.194952656;0.01176;0.023862999999946538;0.0008840615893897972;0.0;0.00196677001129912;0.04735007591144951;0.074556;2.7038566509814395e-14;0.013608665082541717;0.020971999999028015;0.0;-5.740204240095288e-9
485.0;166.6870516026133;-0.19932247600000003;0.01176;0.023862999999946538;0.0018027072520871157;0.0;0.0021972600071910107;0.04712016408093485;0.074556;2.7038566509859632e-14;0.017059261257812028;0.020971999999028015;0.0;-5.740204240090852e-9
486.0;166.68705160263556;-0.21008506200000004;0.01176;0.023862999999946538;0.008339142112745007;0.0;0.002524859998090855;0.044312093572366006;0.074556;2.7038566509917793e-14;0.0237658829187159;0.020971999999028015;0.0;-5.740204240085644e-9
487.0;166.68705160262294;-0.21994868600000006;0.01176;0.023862999999946538;0.02751182037989469;0.0;0.0029823299922666384;0.03914398696433319;0.074556;2.703856650988225e-14;0.019167465262993927;0.020971999999028015;0.0;-5.740204240088804e-9
488.0;166.6870516025295;-0.238838086;0.01176;0.023862999999946538;0.060559292027510155;0.0;0.003194099988678538;0.036404694111330856;0.074556;2.7038566509630218e-14;0.007536916454044608;0.020971999999028015;0.0;-5.740204240112152e-9
489.0;110.90679975538505;-0.25413907199999997;0.01176;0.009661283400651938;0.09817189280718668;0.0;0.0034000200010086776;0.03565207649009386;0.074556;0.0;0.0;0.02097199990117854;0.0;-1.7901659329962155e-8
490.0;110.36025179465597;-0.2678099340000001;0.01176;5.47232165166935e-12;0.13092539777497855;0.0;0.003561480001108038;0.037585694868693634;0.074556;0.0;0.0;0.009104688013727978;0.0;-1.832051551891988e-8
491.0;88.03398004687506;-0.277759446;0.01176;1.3009465978662925e-13;0.15101023705494818;0.0;0.0038937600008230465;0.040625641903111624;0.074556;0.0;0.0;2.4528299748852656e-12;0.0;-0.004056256926710402
492.0;50.00000031026045;-0.280016582;0.008465789310593155;4.885304839433124e-14;0.15661505695313055;0.0;0.004172220005979291;0.04355751089581003;0.074556;0.0;0.0;9.071622240406313e-13;0.0;-0.007349990957560797
493.0;50.00000031026037;-0.278467364;0.006013232391301059;4.885304839433043e-14;0.1551841309691966;0.0;0.0042014699982832766;0.04586252580673286;0.074556;0.0;0.0;9.071622240406313e-13;0.0;-0.007349990957560797
494.0;50.00000031026002;-0.27733767;0.006706940715893136;4.885304839433043e-14;0.14823916897512274;0.0;0.0042236999953712655;0.050961855479131526;0.074556;0.0;0.0;9.071622240406313e-13;0.0;-0.007349990957560797
495.0;50.00000031025945;-0.27387291;0.010734851368811497;4.8853048394329625e-14;0.1361324982895049;0.0;0.004880070006966951;0.054919485500239854;0.074556;0.0;0.0;9.071622240405279e-13;0.0;-0.007349990957560797
496.0;88.03558211467038;-0.268294374;0.01176;1.3009603416676238e-13;0.11730350186718476;0.0;0.005984550013874056;0.0587631419537716;0.074556;0.0;0.0;2.452856521418129e-12;0.0;-0.0001341680844127081
497.0;110.36025177088443;-0.260687724;0.01176;5.4723212346104684e-12;0.09019156290486721;0.0;0.005943599999182909;0.06127448803156627;0.074556;0.0;0.0;0.01664539876588193;0.0;-1.8320515550399114e-8
498.0;110.90679975548161;-0.25343876600000004;0.01176;0.013203699536562618;0.06363297274490923;0.0;0.005729489998251574;0.063618804408532;0.074556;0.0;0.0;0.02097199990117854;0.0;-1.7901659330009632e-8
499.0;166.68705160249436;-0.243325654;0.01176;0.023862999999946538;0.03530409785616456;0.0;0.005516550009061439;0.06525373402098716;0.074556;2.7038566509536514e-14;0.0061081886884724315;0.020971999999028015;0.0;-5.740204240121062e-9
500.0;166.68705160263465;-0.231604084;0.01176;0.023862999999946538;0.013948285352887585;0.0;0.0058488299906532815;0.05740135574849317;0.074556;2.703856650991133e-14;0.023262529509656748;0.020971999999028015;0.0;-5.740204240085921e-9
501.0;166.68705160264568;-0.22506460799999994;0.01176;0.023862999999946538;0.003577314838799753;0.0;0.005520059988313437;0.05623607543355683;0.074556;2.703856650994041e-14;0.028588074343071465;0.020971999999028015;0.0;-5.740204240083223e-9
502.0;166.68705160263937;-0.22309015600000007;0.01176;0.023862999999946538;0.001370403311170456;0.0;0.004992389986909687;0.06004239619627;0.074556;2.7038566509927486e-14;0.02554188310830191;0.020971999999028015;0.0;-5.74020424008469e-9
503.0;166.68705160262536;-0.216994496;0.01176;0.023862999999946538;0.0013314961379884563;0.0;0.004383990003809975;0.05988322635669333;0.074556;2.7038566509891944e-14;0.020252700101672686;0.020971999999028015;0.0;-5.740204240088003e-9
504.0;166.68705160256397;-0.20343344;0.01176;0.023862999999946538;0.0012709734652597909;0.0;0.004438980009165948;0.0565033236748105;0.074556;2.7038566509730385e-14;0.010077079439750135;0.020971999999028015;0.0;-5.74020424010278e-9
505.0;166.68705155793396;-0.201007606;0.01176;0.023862999999934405;0.0011456052618858666;0.0;0.0015092999986290882;0.0396097061512383;0.074556;3.3165500980529494e-14;0.027599911886519328;0.020971999998806983;0.0;-7.045641161975403e-9
506.0;166.68705155793103;-0.199402274;0.01176;0.023862999999934405;0.0008927075471998708;0.0;0.0016192799909850353;0.039316912551000976;0.074556;3.316550098051334e-14;0.026430291208565843;0.020971999998806983;0.0;-7.045641161976253e-9
507.0;166.68705155793248;-0.197352622;0.01176;0.023862999999934405;0.0007046553631512071;0.0;0.001645020004037023;0.03686648282766214;0.074556;3.316550098052303e-14;0.02699338110315516;0.020971999998806983;0.0;-7.045641161975833e-9
508.0;166.68705155793128;-0.195778276;0.01176;0.023862999999934405;0.0007133013209692071;0.0;0.0015385500092890741;0.03585054707578331;0.074556;3.316550098051334e-14;0.026532794891760404;0.020971999998806983;0.0;-7.045641161976172e-9
509.0;166.68705155794117;-0.19797452000000004;0.01176;0.023862999999934405;0.0008473154821532048;0.0;0.0015596099949370642;0.033600554073333976;0.074556;3.316550098054565e-14;0.03082395774912509;0.020971999998806983;0.0;-7.045641161973309e-9
510.0;166.68705155795607;-0.20557422400000003;0.01176;0.023862999999934405;0.003512469308154495;0.0;0.0015420599885410723;0.030625453863939313;0.074556;3.3165500980590886e-14;0.03875115814148868;0.020971999998806983;0.0;-7.04564116196907e-9
511.0;166.6870515579622;-0.21825775;0.01176;0.023862999999934405;0.016399448637376947;0.0;0.0011735100010732507;0.027520659644525484;0.074556;3.3165500980610273e-14;0.042021049020100024;0.020971999998806983;0.0;-7.045641161967441e-9
512.0;166.68705155794632;-0.23376919800000007;0.01176;0.023862999999934405;0.04264677995987519;0.0;0.0010483200068453116;0.026610837239019816;0.074556;3.3165500980561806e-14;0.032320178094315886;0.020971999998806983;0.0;-7.045641161972282e-9
513.0;166.68705155789027;-0.24773745400000002;0.01176;0.023862999999934405;0.074758313545156;0.0;0.0009769499881773468;0.02550647363850232;0.074556;3.31655009803744e-14;0.015352634117955132;0.020971999998806983;0.0;-7.045641161988917e-9
514.0;110.90679841574843;-0.2571769460000001;0.01176;0.022546308849465346;0.09989678547093206;0.0;0.0008669700138021284;0.026612801934352375;0.074556;0.0;0.0;0.02097199987879364;0.0;-2.1973484849654047e-8
515.0;110.90679961681353;-0.265229046;0.01176;0.014696721754168265;0.11534516495433379;0.0;0.0006563699921182442;0.02727699206691271;0.074556;0.0;0.0;0.02097199987879483;0.0;-2.197347986834638e-8
516.0;110.90679961665758;-0.26993992600000005;0.01176;0.011033497019095758;0.12200048361049436;0.0;0.0005358600069383163;0.029116288150894707;0.074556;0.0;0.0;0.02097199987879483;0.0;-2.1973479868217163e-8
517.0;110.90679961656345;-0.270927054;0.01176;0.008092056507184553;0.12281105346946303;0.0;0.00040364999913840543;0.03236649682275837;0.074556;0.0;0.0;0.02097199987879483;0.0;-2.1973479868150833e-8
518.0;110.90679961636418;-0.27031466800000004;0.01176;0.0054169997114900835;0.12165464069976172;0.0;0.00036270000257043706;0.03562653041117503;0.074556;0.0;0.0;0.02097199987879483;0.0;-2.1973479867973453e-8
519.0;110.90679961654331;-0.2663800460000001;0.01176;0.00762384786856548;0.11238388338255587;0.0;0.00044810999331437376;0.03867040755620386;0.074556;0.0;0.0;0.02097199987879483;0.0;-2.1973479868140576e-8
520.0;110.90679961763087;-0.260816368;0.01176;0.01780763995388994;0.09682958940337946;0.0;0.00047501999945035546;0.03845032136217453;0.074556;0.0;0.0;0.02097199987879483;0.0;-2.197347986825495e-8
521.0;166.68705155784698;-0.253498196;0.01176;0.023862999999934405;0.07271135453616603;0.0;0.00045630000034561555;0.03858787559341413;0.074556;3.316550098023546e-14;0.010599583151896373;0.020971999998806983;0.0;-7.0456411620018055e-9
522.0;166.6870515579345;-0.24552326;0.01176;0.023862999999934405;0.04853908213006775;0.0;0.0004668299931696095;0.0384935522188978;0.074556;3.316550098052626e-14;0.026880712955797522;0.020971999998806983;0.0;-7.045641161975741e-9
523.0;166.68705155796334;-0.235936272;0.01176;0.023862999999934405;0.02431925586696749;0.0;0.0004457700075216216;0.03756997442626531;0.074556;3.3165500980613505e-14;0.04245818900244615;0.020971999998806983;0.0;-7.0456411619672e-9
524.0;166.68705155797915;-0.228244652;0.01176;0.023862999999934405;0.007902515313911755;0.0;0.00035451001464567583;0.03691560957022414;0.074556;3.3165500980665203e-14;0.05192893440731122;0.020971999998806983;0.0;-7.045641161962509e-9
525.0;166.68705155797994;-0.226023496;0.01176;0.023862999999934405;0.0021442273049031833;0.0;0.0003814200024256593;0.0398907097796188;0.074556;3.3165500980665203e-14;0.05246405621932827;0.020971999998806983;0.0;-7.045641161962234e-9
526.0;166.68705155797343;-0.22316455600000001;0.01176;0.023862999999934405;0.0014849637647551945;0.0;0.0003977999973816494;0.04107367559228964;0.074556;3.316550098064905e-14;0.04906503395075139;0.020971999998806983;0.0;-7.045641161964057e-9
527.0;166.68705155796354;-0.217081948;0.01176;0.023862999999934405;0.0014352488417998619;0.0;0.0003404700058576847;0.040877169701940136;0.074556;3.3165500980613505e-14;0.04328597675385204;0.020971999998806983;0.0;-7.0456411619668985e-9
528.0;166.68705155795058;-0.209623982;0.01176;0.023862999999934405;0.0014330875338458618;0.0;0.00030419999998170866;0.0410952912006318;0.074556;3.316550098057473e-14;0.03564832056671704;0.020971999998806983;0.0;-7.045641161970632e-9
529.0;110.9067997277383;-0.23871062799999998;0.01176;0.008151475112672864;0.00044959609849856995;0.0;0.013608269995034492;0.1092474879142034;0.074556;0.0;0.0;0.020971999896721827;0.0;-1.8712362794054364e-8
530.0;110.90679972773502;-0.236105904;0.01176;0.008057417079961318;0.00022695959917657375;0.0;0.013444469990406568;0.1071232584511994;0.074556;0.0;0.0;0.020971999896721827;0.0;-1.871236279405299e-8
531.0;110.90679972766313;-0.23386542400000004;0.01176;0.006236419419209082;0.00011239914558390911;0.0;0.012724920003510911;0.10753788656017288;0.074556;0.0;0.0;0.020971999896721827;0.0;-1.8712362794018557e-8
532.0;110.90679972771454;-0.23360428000000005;0.01176;0.007497019355815656;0.0001102375956292425;0.0;0.011936339984115283;0.10680688418731606;0.074556;0.0;0.0;0.020971999896721827;0.0;-1.8712362794044087e-8
533.0;110.90679972793386;-0.23962298600000004;0.01176;0.014554981325386492;0.00011239914558390911;0.0;0.010808460006267813;0.10689334662068471;0.074556;0.0;0.0;0.020971999896721823;0.0;-1.8712362794164653e-8
534.0;166.68705159361605;-0.254304454;0.01176;0.023862999999944123;0.0002680285643322298;0.0;0.008703630003104415;0.10705448187553573;0.074556;2.825844882164571e-14;0.007135230274148951;0.020971999998984022;0.0;-6.000055322888915e-9
535.0;166.6870515937259;-0.26567957400000003;0.01176;0.023862999999944123;0.002541946930552859;0.0;0.00860534999665646;0.10357436101319123;0.074556;2.8258448821952673e-14;0.019814832797641457;0.020971999998984022;0.0;-6.000055322860374e-9
536.0;166.6870515937163;-0.275385478;0.01176;0.023862999999944123;0.017674744960586613;0.0;0.009702809989115943;0.09967961312177175;0.074556;2.8258448821923592e-14;0.017185226664687542;0.020971999998984022;0.0;-6.00005532286292e-9
537.0;161.20582976035425;-0.286244916;0.01176;0.023862999999937982;0.0519910285235408;0.0;0.009857249993982116;0.09054994602205646;0.074556;2.4697008647346902e-14;8.348889624040298e-14;0.02097199999887371;0.0;-6.404937798936893e-9
538.0;110.90679972774801;-0.29594271;0.01176;0.0024593884761978896;0.08923400934298378;0.0;0.010155599992280122;0.08683991332919325;0.074556;0.0;0.0;0.020971999896721827;0.0;-1.8712362793662055e-8
539.0;110.3602517650323;-0.303281338;0.01176;5.723549745238247e-12;0.11280754136566377;0.0;0.009675900001011581;0.08446022667669086;0.074556;0.0;0.0;0.009704997004224942;0.0;-1.9150199048542442e-8
540.0;88.03400996892834;-0.30704723400000006;0.01176;1.3598698489196858e-13;0.12361081557865365;0.0;0.00952730999801228;0.08882855397622935;0.074556;0.0;0.0;2.5638815300748107e-12;0.0;-0.0011829302457404592
541.0;87.78767392384988;-0.30397599999999997;0.01176;1.3433660289923217e-13;0.12349625512506078;0.0;0.011581830005183457;0.08738227003291249;0.074556;0.0;0.0;2.532014081172296e-12;0.0;-0.007348566414140177
542.0;88.03418015780596;-0.304214796;0.01176;1.3598644396132837e-13;0.11797789577301108;0.0;0.012686309992862787;0.08969514516505069;0.074556;0.0;0.0;2.563871082088429e-12;0.0;-0.0024281613488400613
543.0;110.36025176389961;-0.30067710200000003;0.01176;5.723549721853024e-12;0.10559887390713057;0.0;0.013049009996797985;0.08509690567503135;0.074556;0.0;0.0;0.010299639406819876;0.0;-1.915019905030414e-8
544.0;110.90679972774402;-0.29321771;0.01176;0.008195587535035066;0.0835254364989312;0.0;0.013052519994410754;0.08119036709182276;0.074556;0.0;0.0;0.020971999896721827;0.0;-1.8712362794052064e-8
545.0;166.68705159367644;-0.28320087;0.01176;0.023862999999944123;0.051714354243356055;0.0;0.012906270014854428;0.07639562171145493;0.074556;2.8258448821813733e-14;0.01104154075892981;0.020971999998984022;0.0;-6.000055322873245e-9
546.0;166.68705159376088;-0.271088926;0.01176;0.023862999999944123;0.021210990834283888;0.0;0.013858650002165978;0.06979105643662445;0.074556;2.8258448822043146e-14;0.03508514547094428;0.020971999998984022;0.0;-6.0000553228519516e-9
547.0;166.68705159377856;-0.26878632;0.01176;0.023862999999944123;0.004562967582087493;0.0;0.014083290014281871;0.07120589949507994;0.074556;2.8258448822094845e-14;0.047791079655805625;0.020971999998984022;0.0;-6.000055322847485e-9
548.0;166.687051593773;-0.26871917;0.01176;0.023862999999944123;0.0011456052618922154;0.0;0.014410890005181715;0.07792050822689127;0.074556;2.825844882207869e-14;0.04409908325235566;0.020971999998984022;0.0;-6.000055322848807e-9
549.0;166.68705159375864;-0.264553888;0.01176;0.023862999999944123;0.0007651780358862214;0.0;0.0144494999972257;0.08386088336916143;0.074556;2.8258448822039915e-14;0.03433524334155133;0.020971999998984022;0.0;-6.00005532285231e-9
550.0;166.68705159373962;-0.257136784;0.01176;0.023862999999944123;0.0006441326904288902;0.0;0.014011919995613905;0.08683794863385992;0.074556;2.8258448821991447e-14;0.024499699420576854;0.020971999998984022;0.0;-6.0000553228569775e-9
551.0;166.68705159369895;-0.249827916;0.01176;0.023862999999944123;0.00042798108297156047;0.0;0.014269319997641784;0.08985038489402741;0.074556;2.8258448821881587e-14;0.014137146758574897;0.020971999998984022;0.0;-6.0000553228670766e-9
552.0;166.6870516010229;-0.24186627400000005;0.01176;0.023862999999944123;0.00022479804924023045;0.0;0.013908959998473951;0.09229688414679241;0.074556;2.825844882848934e-14;0.004292548608628047;0.020971999998984022;0.0;-6.000055322254795e-9
553.0;110.9067994289709;-0.22526168200000002;0.01176;0.002612921459871637;3.674610714752609e-5;0.0;0.0069989400014934195;0.10835928111703363;0.074556;0.0;0.0;0.020971999847210057;0.0;-2.7727671802988593e-8
554.0;9.99991709749425;-0.170774716;0.0;0.0;4.323027219148586e-5;0.0;0.006168239996521865;0.09807022922806558;0.07384455217918588;0.0;0.0;0.0;0.0;-0.007349994015209544
555.0;11.280044015433914;-0.17078242800000001;0.0;0.0;3.6746106431468893e-5;0.0;0.006941609979123599;0.09715844140731429;0.074556;0.0;0.0;0.0;0.0;-0.007349993891944211
556.0;110.36025120410994;-0.21490654200000003;0.01176;8.537064375870627e-12;3.6746107147120796e-5;0.0;0.006103890005698775;0.10386322486277637;0.074556;0.0;0.0;0.018270011782279057;0.0;-2.8376419634915145e-8
557.0;110.36025101503363;-0.21359368;0.01176;8.537060488888027e-12;3.6746107147120796e-5;0.0;0.006178770003618739;0.1021182521533107;0.074556;0.0;0.0;0.018627240330375234;0.0;-2.8376419921669315e-8
558.0;110.36024445415495;-0.21475589799999997;0.01176;8.536829616941133e-12;4.5391822964454226e-5;0.0;0.0059681700002908395;0.1023913952005097;0.074556;0.0;0.0;0.019717785286471817;0.0;-2.8376436954266983e-8
559.0;110.84741987959782;-0.21832491800000003;0.01176;6.299671328933937e-10;0.00023344424901414624;0.0;0.006819929994992743;0.10399684898340328;0.074556;0.0;0.0;0.020971999828920014;0.0;-2.7796367471815057e-8
560.0;110.90678832059446;-0.223523182;0.01176;0.0008282191058009631;0.0030996188327901426;0.0;0.007589789996553139;0.10475339707520996;0.074556;0.0;0.0;0.02097199984721365;0.0;-2.7727656723995623e-8
561.0;110.36025143065513;-0.23284783599999997;0.01176;8.537068574966359e-12;0.02053659692840945;0.0;0.008642789994829573;0.10262130703102437;0.074556;0.0;0.0;0.01441447336125193;0.0;-2.8376419325135747e-8
562.0;107.98185280422027;-0.24504088400000001;0.01176;1.563145204716492e-12;0.04639269303312589;0.0;0.009383400004053622;0.10113179187102278;0.074556;0.0;0.0;3.533823156183588e-11;0.0;-3.161498275331984e-8
563.0;50.000000479362996;-0.25323682;0.008125023532108932;7.567590128464905e-14;0.06960525105329354;0.0;0.009438389989368275;0.098862147955546;0.074556;0.0;0.0;1.4051080144083924e-12;0.0;-0.007349986028250053
564.0;11.844756196811726;-0.257879132;0.0;0.0;0.08202534212574711;0.0;0.00991691997745135;0.09975821533375358;0.074556;0.0;0.0;0.0;0.0;-0.007349993835823774
565.0;10.000000208407632;-0.262420768;0.0;0.0;0.08493474722447404;0.0;0.010202399976239517;0.10443505703589609;0.07019856049469644;0.0;0.0;0.0;0.0;-0.007349994015263183
566.0;10.000000208407167;-0.26095492800000003;0.0;0.0;0.07514090232025955;0.0;0.011806469984454645;0.11049923138224006;0.0708583210443559;0.0;0.0;0.0;0.0;-0.007349994015263183
567.0;50.000000479362456;-0.25649215;0.0046780651511747675;7.567590128464905e-14;0.05811461339273174;0.0;0.012439440000078846;0.11405402398633498;0.074556;0.0;0.0;1.4051080144083924e-12;0.0;-0.007349986028250053
568.0;102.61126804264096;-0.24940480599999998;0.01176;5.546647447371735e-13;0.03410229350536506;0.0;0.012040470010476345;0.11559856069486538;0.074556;0.0;0.0;1.0923027851460246e-11;0.0;-4.2704629721646027e-8
569.0;110.36025143158959;-0.25203039400000005;0.01176;8.537068600582075e-12;0.010278025075958952;0.0;0.012654719995815673;0.12822996390530236;0.074556;0.0;0.0;0.0142350163745114;0.0;-2.8376419323246043e-8
570.0;110.90679933322696;-0.26424371799999996;0.01176;0.001601871911662049;0.0017378614794028317;0.0;0.013099319992650535;0.14055088729783374;0.074556;0.0;0.0;0.020971999847210095;0.0;-2.7727671635897382e-8
571.0;110.36025143386385;-0.26530147600000004;0.01176;8.537068663725217e-12;7.34914883737874e-5;0.0;0.013349699999455348;0.15149037429200699;0.074556;0.0;0.0;0.013755241662876507;0.0;-2.837641931858777e-8
572.0;110.36025143968286;-0.26346591999999996;0.01176;8.537068830331283e-12;4.755361491978759e-5;0.0;0.01304433000564349;0.15150805978974147;0.074556;0.0;0.0;0.01223330828645324;0.0;-2.8376419306296752e-8
573.0;110.3602514512605;-0.25896578400000003;0.01176;8.537069188634698e-12;4.3230273009787545e-5;0.0;0.013141440000651443;0.15084386965718116;0.074556;0.0;0.0;0.008304576383361795;0.0;-2.8376419279863732e-8
574.0;110.36025148074894;-0.253582508;0.01176;8.5370701332093e-12;3.890741510112083e-5;0.0;0.012805650003095598;0.1502543516261665;0.074556;0.0;0.0;0.003850932908642292;0.0;-2.8376419210179794e-8
575.0;110.36025152753542;-0.249257846;0.01176;8.537070924079993e-12;3.890741510112083e-5;0.0;0.01305018000777549;0.14630654688157732;0.074556;0.0;0.0;0.0032295453774529603;0.0;-2.8376419151835013e-8
576.0;88.03614880414924;-0.24334482799999999;0.01176;2.0153055820741828e-13;4.106896503511135e-5;0.0;0.013161329992854798;0.14389345392893876;0.074556;0.0;0.0;3.799202552999159e-12;0.0;-0.00016268731749892256
577.0;10.00000030856877;-0.29935316;0.0;0.0;4.7417315846004255e-5;0.0;0.01799891997755306;0.2757558755895348;0.04970547421982931;0.0;0.0;0.0;0.0;-0.044154536943472295
578.0;10.000000287684308;-0.296681528;0.0;0.0;4.462773127580257e-5;0.0;0.017726580003121495;0.2765757177662036;0.04648912953724552;0.0;0.0;0.0;0.0;-0.0441545369434723
579.0;10.000000287684319;-0.29464870400000004;0.0;0.0;4.462773127580257e-5;0.0;0.017822969985441344;0.2759863651107903;0.04494926821033846;0.0;0.0;0.0;0.0;-0.0441545369434723
580.0;10.000000308568696;-0.29180743200000003;0.0;0.0;4.7417315846004255e-5;0.0;0.017139059971434428;0.2741832950903061;0.04459218672516529;0.0;0.0;0.0;0.0;-0.0441545369434723
581.0;10.000000308568657;-0.29300699199999997;0.0;0.0;4.7417315846004255e-5;0.0;0.016522469991563413;0.2779615724758481;0.04263005931949729;0.0;0.0;0.0;0.0;-0.0441545369434723
582.0;10.00000030856874;-0.29808268;0.0;0.0;4.7417315846004255e-5;0.0;0.017882639992785245;0.28127303512020246;0.04303411467391399;0.0;0.0;0.0;0.0;-0.0441545369434723
583.0;10.000000412857672;-0.31099224;0.0;0.0;6.136336502553768e-5;0.0;0.017188019994078353;0.288024335090721;0.04987304899493154;0.0;0.0;0.0;0.0;-0.04415453694347228
584.0;10.000011087926037;-0.327035976;0.0;0.0;0.0014894504802300305;0.0;0.01698759000264669;0.2906122357680833;0.06210126282375386;0.0;0.0;0.0;0.0;-0.04415453694355342
585.0;50.00005991745526;-0.3335992400000001;0.0009815120330865792;6.117159637456385e-14;0.008041358659464912;0.0;0.01379754000387216;0.2843014917654542;0.070632;0.0;0.0;1.1353375654357982e-12;0.0;-0.04415450926172322
586.0;10.000169547210652;-0.33923482400000005;0.0;0.0;0.02268762135826072;0.0;0.013792949995376039;0.2801293407947128;0.06678000364974859;0.0;0.0;0.0;0.0;-0.044154536943523746
587.0;10.00033009105535;-0.34627868000000006;0.0;0.0;0.04416471509355384;0.0;0.014005619986467942;0.2803014781392864;0.051962494281661456;0.0;0.0;0.0;0.0;-0.04415453694349369
588.0;10.000436467132747;-0.35113353599999997;0.0;0.0;0.05839538184257836;0.0;0.01415249998238787;0.28023145616861245;0.04251018045520014;0.0;0.0;0.0;0.0;-0.044154536943473766
589.0;10.000465531863602;-0.351836896;0.0;0.0;0.062283572768352696;0.0;0.014250419979667757;0.28032481879617777;0.039134163885619716;0.0;0.0;0.0;0.0;-0.044154536943468325
590.0;10.000406130562455;-0.34924456000000004;0.0;0.0;0.0543370481175221;0.0;0.014473799979463306;0.2811884252389715;0.04340116788800174;0.0;0.0;0.0;0.0;-0.04415453694347945
591.0;10.0003061136987;-0.34592563200000004;0.0;0.0;0.04095709755085729;0.0;0.014023979997959877;0.2794991414552861;0.05560096049099985;0.0;0.0;0.0;0.0;-0.04415453694349818
592.0;50.000170963904246;-0.340156984;0.002479037808290225;6.117169827369305e-14;0.02289681365801327;0.0;0.014193809989863544;0.2741103555376789;0.070632;0.0;0.0;1.1353394730288552e-12;0.0;-0.04415450926142202
593.0;64.6294217064295;-0.33719551200000003;0.010920000000000001;7.740794341569342e-14;0.008440218976190622;0.0;0.01396124999698177;0.27441670219384023;0.070632;0.0;0.0;1.4399824999417063e-12;0.0;-0.04111475667422525
594.0;64.62957589004992;-0.338150504;0.010920000000000001;7.740813128237485e-14;0.0020445078600031686;0.0;0.013841910006297961;0.2794320370668906;0.070632;0.0;0.0;1.4399860329514913e-12;0.0;-0.03866218371382397
595.0;64.6295598611803;-0.338617992;0.010920000000000001;7.740810807758214e-14;0.0001673541514185662;0.0;0.013393619991746665;0.2822620975939542;0.070632;0.0;0.0;1.4399855965636737e-12;0.0;-0.03869934087620151
596.0;64.62955222691187;-0.33406927200000003;0.010920000000000001;7.740809803236541e-14;5.857378115949311e-5;0.0;0.010183680002903702;0.28117091974647007;0.070632;0.0;0.0;1.4399854076538198e-12;0.0;-0.038838105001042095
597.0;64.62939977545231;-0.32672356;0.010920000000000001;7.740790262760159e-14;5.299554885482311e-5;0.0;0.009744570006100387;0.27621977167987083;0.070632;0.0;0.0;1.4399817328830622e-12;0.0;-0.04078651348328079
598.0;50.00000020340981;-0.31745891200000004;0.00618074902546893;6.117154157952544e-14;5.2995548817106056e-5;0.0;0.009554849998710821;0.2751927806388289;0.070632;0.0;0.0;1.135336539650775e-12;0.0;-0.04415450926188519
599.0;50.00000020340986;-0.309966736;0.002109304150961921;6.117154157952544e-14;5.2995548817106056e-5;0.0;0.010717649990412992;0.2706092495216288;0.070632;0.0;0.0;1.135336539650775e-12;0.0;-0.04415450926188519
600.0;10.000000420189835;-0.30277128000000003;0.0;0.0;5.2995548150665785e-5;0.0;0.011401559992795645;0.2681759801615597;0.06729525444148204;0.0;0.0;0.0;0.0;-0.04415453694355546
601.0;119.74745402106777;-0.26476444000000005;0.010920000000000001;0.011256079643171744;4.741731662392561e-5;0.0;0.01171979999752404;0.1407532211118705;0.070632;3.6404882681419406e-14;1.919945013114642e-13;0.019473999896238277;0.0;-9.263301828455615e-9
602.0;119.74745409792067;-0.26070603200000003;0.010920000000000001;0.00134730599458351;4.7417316623925615e-5;0.0;0.013958189992352528;0.14436519578260806;0.070632;3.6404882771866437e-14;1.9199450721507163e-13;0.01947399989623829;0.0;-9.263301816350062e-9
603.0;119.15638481881314;-0.26081968;0.010920000000000001;5.747809307890196e-12;5.0206276636693763e-5;0.0;0.015420869987721424;0.14951182185067222;0.070632;3.574488938185407e-14;1.562789777558096e-13;0.013945408688412878;0.0;-9.354223808253081e-9
604.0;119.15638481439244;-0.261772696;0.010920000000000001;5.747809251433672e-12;4.7417316623649835e-5;0.0;0.016421490001931858;0.1545475797985026;0.070632;3.574488937573746e-14;1.562789774810067e-13;0.008864835460074463;0.0;-9.3542238091216e-9
605.0;119.15638479658523;-0.264103336;0.010920000000000001;5.747809066908806e-12;4.4627732053442514e-5;0.0;0.017295119998666484;0.15714131564008785;0.070632;3.574488935571064e-14;1.5627897658282427e-13;0.007730899136146371;0.0;-9.354223811960314e-9
606.0;119.15638479725395;-0.271426808;0.010920000000000001;5.747809074589695e-12;4.4627732053442514e-5;0.0;0.01782756001988165;0.1641727034933023;0.070632;3.574488935654428e-14;1.5627897662021138e-13;0.007490543262864944;0.0;-9.354223811842155e-9
607.0;119.15638494275659;-0.287266312;0.010920000000000001;5.747810609743337e-12;6.69415981078658e-5;0.0;0.017864279994857592;0.17327266240804698;0.070632;3.5744889523108085e-14;1.5627898409262418e-13;0.014171055242661905;0.0;-9.354223788225485e-9
608.0;119.74746292407414;-0.3059628080000001;0.010920000000000001;0.006565053608381695;0.0012384194098260751;0.0;0.017946900010570272;0.17922454274222296;0.070632;3.64048931866455e-14;1.9199518705956514e-13;0.019473999896239883;0.0;-9.263300422310164e-9
609.0;119.7475034979213;-0.31513650400000004;0.010920000000000001;0.00711809258988507;0.006666266781077032;0.0;0.017939249983778285;0.1824251378007972;0.070632;3.640494106261858e-14;1.9199831230840775e-13;0.019473999896247197;0.0;-9.26329401403394e-9
610.0;119.74743557716967;-0.32026504;0.010920000000000001;0.000342894766301077;0.019446532548842602;0.0;0.01798821000642221;0.1815002615992102;0.070632;3.640488407734808e-14;1.9199459243272406e-13;0.019473999896238492;0.0;-9.263301641608346e-9
611.0;119.15665780703293;-0.3244178160000001;0.010920000000000001;5.7506728679188245e-12;0.03656684479577536;0.0;0.017972910000841426;0.1807883704951173;0.070632;3.574519992433254e-14;1.5629291038795304e-13;0.007199228160551826;0.0;-9.35417977811727e-9
612.0;64.63114076941189;-0.32904608;0.010920000000000001;6.133722358207009e-14;0.05071104504054848;0.0;0.01765925998173472;0.18260311030958246;0.070632;0.0;0.0;1.1411129229198708e-12;0.0;-0.003422034323538637
613.0;64.63095144828493;-0.329264376;0.010920000000000001;6.133704148959643e-14;0.059642169070065316;0.0;0.017533800003222914;0.18479130170322716;0.070632;0.0;0.0;1.1411094981493573e-12;0.0;-0.014194885487977652
614.0;64.63092140253144;-0.32616563200000004;0.010920000000000001;6.133700876699055e-14;0.05787658469175282;0.0;0.016978409997647784;0.18684236620318173;0.070632;0.0;0.0;1.1411088827071293e-12;0.0;-0.01702361675728774
615.0;64.63089070973544;-0.322211664;0.010920000000000001;6.133696792739865e-14;0.04870000813563734;0.0;0.016006860003633307;0.187525082020614;0.070632;0.0;0.0;1.1411081146016881e-12;0.0;-0.011512733788567008
616.0;101.25335608600636;-0.31597015200000006;0.010920000000000001;1.8250095245030024e-13;0.0338361856325296;0.0;0.015982380004957365;0.18223841147675696;0.070632;0.0;2.3693934918858553e-14;3.4697104074136866e-12;0.0;-1.3421509679828622e-8
617.0;119.15651530686185;-0.311333432;0.010920000000000001;5.749177784480867e-12;0.017508015474399122;0.0;0.016658639992343485;0.17950171411171467;0.070632;3.5745037826827307e-14;1.5628563752875042e-13;0.015774125141893573;0.0;-9.35420276089291e-9
618.0;119.74749469918193;-0.30879342400000004;0.010920000000000001;0.01101531550409198;0.005489210424775847;0.0;0.016721370005608197;0.1745797418662296;0.070632;3.640493068038391e-14;1.9199763456885626e-13;0.01947399989624561;0.0;-9.263295403710279e-9
619.0;119.74745848288818;-0.30909042400000003;0.010920000000000001;0.013468780724872027;0.0006443128432315222;0.0;0.016810109985140056;0.17717931340649123;0.070632;3.640488794625275e-14;1.919948449826175e-13;0.01947399989623908;0.0;-9.263301123747086e-9
620.0;119.74745483421738;-0.30659552;0.010920000000000001;0.01087907992933779;0.00015619706232583474;0.0;0.01638935999982872;0.1781829637906329;0.070632;3.640488364090691e-14;1.9199456394365926e-13;0.019473999896238426;0.0;-9.263301700026129e-9
621.0;119.74745435441963;-0.300708136;0.010920000000000001;0.0017428044460149393;8.646650414952093e-5;0.0;0.015352019986638344;0.18253892350314246;0.070632;3.6404883069237867e-14;1.919945266268761e-13;0.019473999896238336;0.0;-9.263301776545474e-9
622.0;119.15638498307247;-0.29211598400000005;0.010920000000000001;5.747811021132309e-12;6.973055812090973e-5;0.0;0.013770000000576014;0.18822822091283728;0.070632;3.5744889567743526e-14;1.5627898609507537e-13;0.008156659660747736;0.0;-9.354223781896711e-9
623.0;119.15638500702939;-0.283676184;0.010920000000000001;5.7478104628457795e-12;4.7417316623649835e-5;0.0;0.011467350001531625;0.18637846957857043;0.070632;3.574488950717193e-14;1.5627898337759642e-13;0.003891567429638512;0.0;-9.354223790485344e-9
624.0;64.63093959054451;-0.27563221600000004;0.010920000000000001;6.13369522633185e-14;5.020627658995714e-5;0.0;0.009640529997455294;0.18652434921858377;0.070632;0.0;0.0;1.1411078199940751e-12;0.0;-0.0020811495303636363
625.0;122.35603505890381;-0.254993456;0.010920000000000001;0.023375999997848382;0.0015229211239152754;0.0;0.010142370007727133;0.09474576831965946;0.070632;6.606559223509062e-14;0.02419287696131963;0.01947399996756978;0.0;-1.4853963400797308e-8
626.0;122.35603255692354;-0.24996785600000004;0.010920000000000001;0.02337599999784838;0.0011882134453775073;0.0;0.010644209993786348;0.09294853399785172;0.070632;6.606558641776202e-14;0.020797370625740226;0.019473999967569752;0.0;-1.4853964005002167e-8
627.0;122.35603043023602;-0.248329232;0.010920000000000001;0.02337599999784838;0.0009037117312532553;0.0;0.010492740000994585;0.0914022117376258;0.070632;6.606558147306373e-14;0.021141033496874385;0.019473999967569728;0.0;-1.485396451857295e-8
628.0;122.35602815759661;-0.247780216;0.010920000000000001;0.023375999997848375;0.000599685111087624;0.0;0.01074366000602619;0.08970125815994842;0.070632;6.606557618902751e-14;0.022346070107040213;0.019473999967569707;0.0;-1.4853965067388379e-8
629.0;122.35602559305998;-0.249318744;0.010920000000000001;0.023375999997848375;0.0002566093033963975;0.0;0.010553939999294486;0.091116288690707;0.070632;6.60655702262896e-14;0.023002354833813406;0.01947399996756968;0.0;-1.4853965686694634e-8
630.0;122.35602532201064;-0.255948456;0.010920000000000001;0.023375999997848375;0.00022034970044100947;0.0;0.010247939983790968;0.09191862537470732;0.070632;6.606556959615892e-14;0.0291719888659304;0.019473999967569676;0.0;-1.4853965752143458e-8
631.0;122.35604800667201;-0.268981432;0.010920000000000001;0.023375999997848392;0.0032550351715639994;0.0;0.009854730003715584;0.09134094251328605;0.070632;6.606562233976033e-14;0.040141247931502325;0.019473999967569915;0.0;-1.4853960274043161e-8
632.0;122.35619114108475;-0.28390676;0.010920000000000001;0.023375999997848514;0.02240311964487935;0.0;0.009577799984404022;0.09022350642679915;0.070632;6.606595513980793e-14;0.03731333516369669;0.01947399996757143;0.0;-1.4853925708787111e-8
633.0;122.3565276581303;-0.299517168;0.010920000000000001;0.023375999997848798;0.06742133988163898;0.0;0.009042300005280867;0.08670781196573835;0.070632;6.606673758433453e-14;0.011957840220774243;0.01947399996757499;0.0;-1.4853844444640671e-8
634.0;119.74831496690884;-0.31031916800000003;0.010920000000000001;0.006386846049179449;0.11521763659831166;0.0;0.008665919997699202;0.07906373026576519;0.070632;6.073900664406759e-14;3.2101835204677445e-13;0.019473999827275525;0.0;-1.5483131698291532e-8
635.0;64.63312451266233;-0.31443196;0.010920000000000001;1.025384264141743e-13;0.1526658786347957;0.0;0.008303310003401284;0.07990399605164886;0.070632;0.0;0.0;1.907347846571377e-12;0.0;-0.007933032192429558
636.0;64.63303317223175;-0.31813606400000005;0.010920000000000001;1.025383118281463e-13;0.17697962294357075;0.0;0.008650619990752733;0.082731138996601;0.070632;0.0;0.0;1.9073456918527353e-12;0.0;-0.0317140645828738
637.0;50.001239603454444;-0.321471976;0.010193724528258655;8.102679364850768e-14;0.1872244754856784;0.0;0.008373689994573786;0.08921402087840369;0.070632;0.0;0.0;1.5037553048788415e-12;0.0;-0.04415449771191229
638.0;50.001389940780584;-0.32047864800000003;0.004747107314332519;8.102687098857098e-14;0.18591911447763393;0.0;0.008777609983353156;0.09456196011215565;0.070632;0.0;0.0;1.5037567525969079e-12;0.0;-0.04415449771168373
639.0;51.083448607146224;-0.31486401599999997;0.010920000000000001;8.230665623974483e-14;0.17152667212164985;0.0;0.009155520005942273;0.09698355860916841;0.070632;0.0;0.0;1.5277161306818124e-12;0.0;-0.04415449369064853
640.0;64.63285526562474;-0.30707448800000003;0.010920000000000001;1.0253795068451752e-13;0.14434838607791478;0.0;0.008890829987080347;0.09703024045741539;0.070632;0.0;0.0;1.907338900773732e-12;0.0;-0.024685094953605033
641.0;119.15714673710164;-0.29741907200000006;0.010920000000000001;9.711416273612633e-12;0.10197156922797293;0.0;0.00834767998252766;0.09388216241131879;0.070632;5.963961950278274e-14;2.612760902370167e-13;0.011328843749657215;0.0;-1.5635131062006524e-8
642.0;122.35642209519291;-0.289359536;0.010920000000000001;0.023375999997848708;0.053299453190594974;0.0;0.008087579983794363;0.0870520871893391;0.070632;6.606649213522524e-14;0.016532187479248797;0.019473999967573874;0.0;-1.4853869936504951e-8
643.0;122.35613920402974;-0.28378644799999997;0.010920000000000001;0.02337599999784847;0.015455140109635982;0.0;0.00862919999875351;0.08191421440206272;0.070632;6.606583438131943e-14;0.05339872141351663;0.01947399996757088;0.0;-1.485393825093569e-8
644.0;122.3560468599085;-0.28446620800000005;0.010920000000000001;0.023375999997848392;0.0031016270691960803;0.0;0.008725590005077359;0.08302873290643821;0.070632;6.606561967371844e-14;0.06522077782169128;0.019473999967569905;0.0;-1.48539605509458e-8
645.0;122.35603541333083;-0.28149972;0.010920000000000001;0.023375999997848382;0.0015703384405943296;0.0;0.007247609980123676;0.08537447426855303;0.070632;6.606559305950535e-14;0.06291777891750223;0.019473999967569783;0.0;-1.485396331517058e-8
646.0;122.3560358720325;-0.276218784;0.010920000000000001;0.023375999997848382;0.0016317014941743483;0.0;0.006364800013649063;0.08595799175974353;0.070632;6.606559412595442e-14;0.05787477386735498;0.019473999967569787;0.0;-1.4853963204406906e-8
647.0;122.35603587203686;-0.269303616;0.010920000000000001;0.023375999997848382;0.0016317014941743483;0.0;0.005535540018682366;0.0864335587128116;0.070632;6.606559412590272e-14;0.0513132989071417;0.019473999967569787;0.0;-1.4853963204412595e-8
648.0;122.35603560099047;-0.26166432800000006;0.010920000000000001;0.023375999997848382;0.001595441266661797;0.0;0.0043880399845481685;0.08710168661968676;0.070632;6.606559349564925e-14;0.044189642355749605;0.019473999967569783;0.0;-1.4853963269872836e-8
649.0;119.15639326432573;-0.18646863200000002;0.010920000000000001;6.0152219147274405e-12;0.0011714778116599914;0.0;0.0053320499978929846;0.08079969536324129;0.070632;3.737695185154711e-14;1.634378600440078e-13;0.017274077413323104;0.0;-9.782700485697067e-9
650.0;119.74746119847559;-0.183750776;0.010920000000000001;0.0006420534609199754;0.0006526803478252921;0.0;0.005748209986337361;0.07572017368373973;0.070632;3.806698018672004e-14;2.0078989783417573e-13;0.019473999891505087;0.0;-9.68761308033841e-9
651.0;119.74745638110282;-0.181346952;0.010920000000000001;0.0025921164609137974;0.0003626000891177888;0.0;0.005625810013741554;0.07177851223441209;0.070632;3.806696762744939e-14;2.0078907776132908e-13;0.01947399989150317;0.0;-9.687614761917812e-9
652.0;119.74745466972159;-0.179056288;0.010920000000000001;0.003969810703005784;0.00013388319626888627;0.0;0.006037379981304909;0.0679272952960848;0.070632;3.8066965517382736e-14;2.0078893998256308e-13;0.019473999891502846;0.0;-9.687615044437948e-9
653.0;119.74745515890842;-0.179490824;0.010920000000000001;0.001050463278084368;0.00011156933021446298;0.0;0.006519329988920152;0.07082154262959953;0.070632;3.806696622019545e-14;2.0078898587328977e-13;0.019473999891502954;0.0;-9.687614950337381e-9
654.0;119.74734533506637;-0.180944128;0.010920000000000001;0.0003816207255937095;0.0029314839576680975;0.0;0.00660959998341201;0.0700337938561563;0.070632;3.8066849867419525e-14;2.0078138877556488e-13;0.019473999891485173;0.0;-9.687630529069694e-9
655.0;119.15649332638635;-0.18524337599999996;0.010920000000000001;6.016319713997124e-12;0.014565374739782913;0.0;0.00634949998463139;0.06907682478579723;0.070632;3.737707065029611e-14;1.6344319130184062e-13;0.013360666281868631;0.0;-9.78268363684517e-9
656.0;64.6311380334383;-0.19585150399999998;0.010920000000000001;6.414776220762781e-14;0.04449942308509641;0.0;0.006063389994727312;0.06705493610694521;0.070632;0.0;0.0;1.1933804529227807e-12;0.0;-0.003262942311532073
657.0;64.63107231676913;-0.20968121600000006;0.010920000000000001;6.414773958896526e-14;0.08298247077703735;0.0;0.005703840007715877;0.06749840965678772;0.070632;0.0;0.0;1.1933800275234372e-12;0.0;-0.027995696991835527
658.0;50.00086021716519;-0.22137192;0.006350882733061585;5.0692022966614376e-14;0.11512559217403498;0.0;0.005228009987383443;0.0681927958026582;0.070632;0.0;0.0;9.408887799719102e-13;0.0;-0.044154515358925145
659.0;10.000976138544448;-0.228974584;0.0;0.0;0.13061141365385967;0.0;0.005694660003794993;0.07125918101506899;0.0655671377443396;0.0;0.0;0.0;0.0;-0.04415453829972742
660.0;10.001023440221179;-0.23307682400000002;0.0;0.0;0.13691786930582944;0.0;0.0057405599965189725;0.07503162323638804;0.059544715564212085;0.0;0.0;0.0;0.0;-0.04415453829972012
661.0;10.00105477758807;-0.23363184800000003;0.0;0.0;0.1411100865394908;0.0;0.0057237299999870405;0.08199007153681707;0.04896600859085419;0.0;0.0;0.0;0.0;-0.04415453829971525
662.0;10.00105413124205;-0.23206928800000004;0.0;0.0;0.14102362034756474;0.0;0.005283089988223805;0.08878805282111818;0.041132571353565815;0.0;0.0;0.0;0.0;-0.04415453829971536
663.0;10.000998149317738;-0.2297706;0.0;0.0;0.13353452948243197;0.0;0.0060557400057664;0.09488581226086498;0.039452377965072324;0.0;0.0;0.0;0.0;-0.044154538299724044
664.0;10.00087947181408;-0.22643844800000001;0.0;0.0;0.11765821550224195;0.0;0.006041969991146274;0.10218853631934835;0.04470718990710959;0.0;0.0;0.0;0.0;-0.04415453829974246
665.0;10.000683399563208;-0.22182217599999998;0.0;0.0;0.09142826860963525;0.0;0.0063938699993734294;0.1039945239219439;0.06416232294954975;0.0;0.0;0.0;0.0;-0.04415453829977288
666.0;64.63076021418595;-0.21889894400000004;0.010920000000000001;6.414738165982254e-14;0.06114556560030329;0.0;0.006115409999283221;0.1089369187078939;0.070632;0.0;0.0;1.1933732957909206e-12;0.0;-0.03879033124766175
667.0;64.63076342601826;-0.212393824;0.010920000000000001;6.414735041845642e-14;0.02940967264911589;0.0;0.005226479996972618;0.10800620787653767;0.070632;0.0;0.0;1.19337270822075e-12;0.0;-0.011742869917170851
668.0;119.1564420470058;-0.210785544;0.010920000000000001;6.015756077272733e-12;0.007703861708744194;0.0;0.005982299994831964;0.10533077973584436;0.070632;3.737700966158454e-14;1.6344045431001713e-13;0.009877421109606419;0.0;-9.782692286660621e-9
669.0;119.1564028111197;-0.20915314399999996;0.010920000000000001;6.015324913464608e-12;0.002457314538220249;0.0;0.00526473001176509;0.10508278418746678;0.070632;3.737696299944407e-14;1.6343836030798493e-13;0.014457003170942893;0.0;-9.782698904618598e-9
670.0;119.15639840977374;-0.20809532800000002;0.010920000000000001;6.015276556550622e-12;0.0018687862039303658;0.0;0.00517599000822923;0.10437672824759679;0.070632;3.737695776565908e-14;1.6343812544066925e-13;0.014782496832652746;0.0;-9.782699646912735e-9
671.0;119.15639844690409;-0.20610987200000003;0.010920000000000001;6.0152769379862465e-12;0.0018715754762219916;0.0;0.0054988199962607235;0.10594930821237185;0.070632;3.737695780694379e-14;1.6343812729329775e-13;0.010898841412913437;0.0;-9.78269964105753e-9
672.0;119.15639843784764;-0.20188836800000004;0.010920000000000001;6.015276844990156e-12;0.0018687862039303658;0.0;0.00580022999088825;0.10557002146898052;0.070632;3.7376957796881916e-14;1.6343812684161594e-13;0.006758003345784981;0.0;-9.782699642485066e-9
673.0;122.35603673539589;-0.20435380799999997;0.010920000000000001;0.02337599999874461;0.0017516386413592904;0.0;0.0010771199931712888;0.07043058609221739;0.070632;3.834514759398702e-14;0.0067049349639281075;0.01947399998121168;0.0;-8.603309808666827e-9
674.0;122.3560351701349;-0.199632928;0.010920000000000001;0.02337599999874461;0.0015424460299946034;0.0;0.0010740600112592936;0.07001628836348907;0.070632;3.8345145479952484e-14;0.002610600218813795;0.01947399998121167;0.0;-8.603310027316985e-9
675.0;122.35231751769037;-0.197290136;0.010920000000000001;0.023375999998742552;0.001294203918825738;0.0;0.0015269399986785445;0.07004546418460325;0.070632;3.833977221427813e-14;1.396975172960142e-6;0.01947399998118727;0.0;-8.603865888177026e-9
676.0;122.3042571276939;-0.198417208;0.010920000000000001;0.02337599999871851;0.0011407964410149614;0.0;0.002571930014656542;0.07030221194486148;0.070632;3.8278111265397227e-14;9.364049946429411e-12;0.019473999980902164;0.0;-8.610261390882027e-9
677.0;122.35604103000401;-0.20287396800000002;0.010920000000000001;0.023375999998744613;0.002326220301912464;0.0;0.002873340009284455;0.06996085430337215;0.070632;3.8345153402669004e-14;0.0033240394577093353;0.019473999981211704;0.0;-8.603309207888802e-9
678.0;122.35610408048821;-0.213876416;0.010920000000000001;0.023375999998744644;0.010760860733648734;0.0;0.0033017399973837825;0.06579161984599326;0.070632;3.8345238667696914e-14;0.009632891830566294;0.019473999981212093;0.0;-8.603300389159822e-9
679.0;122.35628901308168;-0.22400424800000002;0.010920000000000001;0.02337599999874474;0.03550135776974946;0.0;0.0038999699897668445;0.05811836232490641;0.070632;3.8345488776146575e-14;0.0020958721858163583;0.019473999981213224;0.0;-8.6032745214638e-9
680.0;119.74803781627973;-0.24325344800000004;0.010920000000000001;0.005893388049686351;0.07814594101242137;0.0;0.004176899985054569;0.05405124431033401;0.070632;3.5247223288010267e-14;1.859101689613651e-13;0.019473999899640312;0.0;-8.967764075049697e-9
681.0;64.63305422756962;-0.258692096;0.010920000000000001;5.938098893167865e-14;0.1266813842688595;0.0;0.004446180000784375;0.052933808223836296;0.070632;0.0;0.0;1.1047335134228766e-12;0.0;-0.006857058925658305
682.0;64.63309626259732;-0.27244291200000004;0.010920000000000001;5.938107208272857e-14;0.1689466317886074;0.0;0.004657320000920046;0.05580471490045969;0.070632;0.0;0.0;1.1047350773443094e-12;0.0;-0.03845011562407764
683.0;10.001453275510185;-0.28246992800000004;0.0;0.0;0.19486418486819065;0.0;0.005091839991431322;0.06031822404685751;0.06635528509880546;0.0;0.0;0.0;0.0;-0.0441545387875408
684.0;10.00151066280237;-0.284732776;0.0;0.0;0.20209666580527968;0.0;0.005455979999318758;0.06467126617725565;0.05666843495882735;0.0;0.0;0.0;0.0;-0.04415453878753296
685.0;10.001496860182453;-0.28315515199999997;0.0;0.0;0.20025019346734582;0.0;0.005494229989254676;0.06809359747629753;0.053476655952225366;0.0;0.0;0.0;0.0;-0.04415453878753494
686.0;10.001429869526152;-0.28201556000000005;0.0;0.0;0.19128838806717824;0.0;0.005523299985446549;0.0756647396234848;0.05369843367956227;0.0;0.0;0.0;0.0;-0.044154538787544564
687.0;10.001313089360158;-0.27851188000000004;0.0;0.0;0.17566589411818317;0.0;0.006381630000608961;0.08154076282276392;0.0590825047507182;0.0;0.0;0.0;0.0;-0.044154538787561336
688.0;25.546650874097935;-0.27285483200000005;0.0;3.4743575494006515e-14;0.15136888544354665;0.0;0.007825950015276455;0.08724756572521962;0.070632;0.0;0.0;0.0;0.0;-0.04415453574952697
689.0;64.63279715696662;-0.26515963200000003;0.010920000000000001;5.938072321408445e-14;0.11638353617771817;0.0;0.007772399998399143;0.09097624368044975;0.070632;0.0;0.0;1.1047285157539527e-12;0.0;-0.031458969188431246
690.0;64.63270055253099;-0.257854688;0.010920000000000001;5.938059305624087e-14;0.08211223031320136;0.0;0.007492409997175579;0.09445692715617357;0.070632;0.0;0.0;1.1047260677195473e-12;0.0;-0.0076955787474347215
691.0;119.1567249723632;-0.24766687200000004;0.010920000000000001;5.565180655507079e-12;0.045556542294303774;0.0;0.0072139500117011455;0.09688436081741879;0.070632;3.460786889157852e-14;1.5130784099715408e-13;0.016121780822523205;0.0;-9.05582497669078e-9
692.0;122.3561690507974;-0.23583211200000004;0.010920000000000001;0.023375999998744675;0.01799892052759961;0.0;0.007648469987652962;0.08522567704642621;0.070632;3.8345318098820296e-14;0.0005694364504775796;0.01947399998121245;0.0;-8.603292173868969e-9
693.0;122.35605814821005;-0.22916414399999996;0.010920000000000001;0.02337599999874462;0.0046161806886431895;0.0;0.007218539984593635;0.08349554711318105;0.070632;3.834517655147354e-14;0.009444419357464297;0.01947399998121181;0.0;-8.603306813664851e-9
694.0;122.35603686048688;-0.22709020800000004;0.010920000000000001;0.02337599999874461;0.001768373650551881;0.0;0.006528509982758717;0.0891469164898811;0.070632;3.834514776315838e-14;0.0052568799847447865;0.01947399998121168;0.0;-8.603309791170537e-9
695.0;122.3552750589952;-0.22083732800000003;0.010920000000000001;0.023375999998743967;0.001718167686138364;0.0;0.005732910004859956;0.08891059180440276;0.070632;3.8343464005026444e-14;4.7947753648443586e-5;0.01947399998120404;0.0;-8.603483949769043e-9
696.0;119.7474659246875;-0.20704292;0.010920000000000001;0.014717808762034523;0.0016400689988074544;0.0;0.005804820011844009;0.0838923393492406;0.070632;3.5246569861325347e-14;1.85867515107401e-13;0.01947399989954057;0.0;-8.967851521090758e-9
697.0;122.35603470248695;-0.20447180800000003;0.010920000000000001;0.023375999998464254;0.0014782933918324997;0.0;0.001973699998062698;0.05880983088867009;0.070632;4.703078782320437e-14;0.017820453115300696;0.019473999976940905;0.0;-1.0559992777381174e-8
698.0;122.3560322630529;-0.20283503200000003;0.010920000000000001;0.02337599999846425;0.0011519532178910267;0.0;0.0021175199880664707;0.05837511061961543;0.070632;4.7030783780055394e-14;0.01680090942808357;0.019473999976940888;0.0;-1.0559993196196357e-8
699.0;122.35603044911201;-0.200782496;0.010920000000000001;0.02337599999846425;0.0009092899635839957;0.0;0.002151180005134417;0.054736877175421535;0.070632;4.703078077364161e-14;0.018595604057712135;0.019473999976940874;0.0;-1.0559993507620872e-8
700.0;122.35603053251022;-0.19918836799999998;0.010920000000000001;0.02337599999846425;0.0009204467404719165;0.0;0.002011950012002637;0.05322848401709763;0.070632;4.7030780911871244e-14;0.018637942710578746;0.019473999976940874;0.0;-1.0559993493302598e-8
701.0;122.35603182519867;-0.20140536000000003;0.010920000000000001;0.02337599999846425;0.0010933791243240517;0.0;0.0020394899932345938;0.049887845551628986;0.070632;4.7030783054417664e-14;0.02399510512608974;0.019473999976940885;0.0;-1.0559993271363424e-8
702.0;122.35605753309706;-0.20920963200000003;0.010920000000000001;0.023375999998464268;0.00453250376899687;0.0;0.0020165399848706303;0.045470616614779684;0.070632;4.703082566291107e-14;0.032800517208731575;0.01947399997694108;0.0;-1.0559988857701883e-8
703.0;122.35618184006918;-0.22220399999999998;0.010920000000000001;0.023375999998464344;0.02116191096273259;0.0;0.0015345900012593945;0.040860826724123306;0.070632;4.703103169126778e-14;0.03425763266783184;0.019473999976942012;0.0;-1.0559967516130389e-8
704.0;122.35643502014447;-0.23797926400000002;0.010920000000000001;0.023375999998464497;0.05503156723826977;0.0;0.0013708800088076567;0.039509983534269474;0.070632;4.7031451321414245e-14;0.017678638362905716;0.019473999976943917;0.0;-1.0559924049350943e-8
705.0;119.74817478972672;-0.252112272;0.010920000000000001;0.015510497964948683;0.09646841244171092;0.0;0.0012775499843714537;0.037870298646477916;0.070632;4.3233987173323726e-14;2.282002299336698e-13;0.019473999876937556;0.0;-1.1007322876163582e-8
706.0;119.15734806591603;-0.2616459280000001;0.010920000000000001;6.8604592816479185e-12;0.12890719232975162;0.0;0.0011337300183659712;0.039512900581926906;0.070632;4.245095002125005e-14;1.8575430102975964e-13;0.010203949763214695;0.0;-1.1115321319138209e-8
707.0;64.63521133782912;-0.26979672800000004;0.010920000000000001;7.289244987191171e-14;0.14884184003494233;0.0;0.0008583299890420284;0.04049904547338688;0.070632;0.0;0.0;1.3560080587500943e-12;0.0;-0.0018874584543912812
708.0;64.63469821171317;-0.274558568;0.010920000000000001;7.289183796183937e-14;0.15742988856904655;0.0;0.0007007400084223013;0.043229908743115865;0.070632;0.0;0.0;1.3559965509127032e-12;0.0;-0.008281268166885349
709.0;64.63463953964185;-0.275530072;0.010920000000000001;7.289176737425497e-14;0.1584758510013128;0.0;0.0005278499982226428;0.04805560024447066;0.070632;0.0;0.0;1.3559952234133447e-12;0.0;-0.013007915284986847
710.0;64.63459800993249;-0.27488922400000004;0.010920000000000001;7.289171469900259e-14;0.15698361156023669;0.0;0.00047430000271075836;0.05289587912192895;0.070632;0.0;0.0;1.3559942327803956e-12;0.0;-0.016943026173891235
711.0;64.63453333452989;-0.270905728;0.010920000000000001;7.289162128195788e-14;0.1450205910196099;0.0;0.0005859899906065191;0.05741522343267783;0.070632;0.0;0.0;1.3559924759407984e-12;0.0;-0.013595049104287571
712.0;76.17210287448317;-0.265262824;0.010920000000000001;9.215964156758117e-14;0.12494927084576385;0.0;0.0006211799989506527;0.05708845423620353;0.070632;0.0;0.0;1.7193976549953708e-12;0.0;-4.7162779847174973e-8
713.0;119.7481550452725;-0.257877928;0.010920000000000001;0.00517595487948537;0.09382700874269269;0.0;0.0005967000002845623;0.05729268551846518;0.070632;4.3233959520669386e-14;2.281984218257187e-13;0.01947399987693334;0.0;-1.100732658192598e-8
714.0;122.35649185681086;-0.24988468;0.010920000000000001;0.02337599999846453;0.0626350163936877;0.0;0.0006104699909248897;0.057152640508210346;0.070632;4.70315455257378e-14;0.005098547902534533;0.019473999976944347;0.0;-1.055991429149156e-8
715.0;122.35625823402195;-0.24025969600000002;0.010920000000000001;0.02337599999846439;0.031381660366544155;0.0;0.000582930009692934;0.05578137424357661;0.070632;4.70311583086701e-14;0.02812494664067649;0.019473999976942588;0.0;-1.0559954400527138e-8
716.0;122.35609987919477;-0.23247553599999998;0.010920000000000001;0.023375999998464292;0.010197435849971605;0.0;0.0004635900190091389;0.054809817262660536;0.070632;4.7030895847841876e-14;0.04261537974467917;0.019473999976941398;0.0;-1.055998158752244e-8
717.0;122.35604433511921;-0.23018132799999996;0.010920000000000001;0.02337599999846426;0.002766919078405801;0.0;0.0004987800030290765;0.05922704619950984;0.070632;4.7030803788513974e-14;0.04329908426012624;0.01947399997694098;0.0;-1.0559991123590647e-8
718.0;122.35603797590687;-0.22716040800000004;0.010920000000000001;0.023375999998464254;0.0019162028960460894;0.0;0.0005201999964330393;0.060983434371757725;0.070632;4.703079324870139e-14;0.039351051057252694;0.01947399997694093;0.0;-1.0559992215372772e-8
719.0;122.35603749636192;-0.22086326400000003;0.010920000000000001;0.023375999998464254;0.001852050570174445;0.0;0.00044523000751717093;0.06069167562616248;0.070632;4.703079245387776e-14;0.03348478651655648;0.019473999976940926;0.0;-1.0559992297705592e-8
720.0;122.35603747551725;-0.213243976;0.010920000000000001;0.023375999998464254;0.001849261610161401;0.0;0.00039779999983325694;0.061015527774983314;0.070632;4.703079241929127e-14;0.02559186526428061;0.019473999976940926;0.0;-1.0559992301287918e-8
721.0;64.63140704758217;-0.24255550399999998;0.010920000000000001;6.206781786139003e-14;0.0005801605173116507;0.0;0.017795429992933313;0.162203331292456;0.070632;0.0;0.0;1.154699815589378e-12;0.0;-0.01951457082838649
722.0;64.631409908033;-0.23993787200000002;0.010920000000000001;6.206782054330264e-14;0.0002928695308957734;0.0;0.01758122998688165;0.15904941808211803;0.070632;0.0;0.0;1.1546998660302314e-12;0.0;-0.018476849813268414
723.0;64.63140027288243;-0.23767723200000002;0.010920000000000001;6.206781036245898e-14;0.00014504028538968718;0.0;0.016640280004019126;0.15966503004544125;0.070632;0.0;0.0;1.1546996745513613e-12;0.0;-0.02026425128107094
724.0;64.63140906496402;-0.23740304;0.010920000000000001;6.206781951103293e-14;0.0001422510130980616;0.0;0.015609059978656744;0.15857968682772633;0.070632;0.0;0.0;1.1546998466154752e-12;0.0;-0.01841916827430833
725.0;64.63145972719722;-0.24353364800000005;0.010920000000000001;6.206787212847799e-14;0.00014504028538968726;0.0;0.014134140007627057;0.15870806044062866;0.070632;0.0;0.0;1.1547008362314058e-12;0.0;-0.010945255073867826
726.0;119.15638705469514;-0.25840627200000005;0.010920000000000001;5.817257138289553e-12;0.0003458650799267886;0.0;0.011381670003900259;0.15894730324268322;0.070632;3.6168962319059535e-14;1.5813899283908673e-13;0.005840067989524904;0.0;-9.465679203177891e-9
727.0;119.7474809084054;-0.27013643200000004;0.010920000000000001;0.0008351032795824943;0.0032801379976658625;0.0;0.011253149995473328;0.15378025356538558;0.070632;3.683678987012351e-14;1.9428163783077773e-13;0.01947399989501291;0.0;-9.373668153709021e-9
728.0;119.15655493027523;-0.280041304;0.010920000000000001;5.819039720597156e-12;0.022807558193906133;0.0;0.012688289985606211;0.1479975935281253;0.070632;3.6169155547203394e-14;1.5814766251146214e-13;0.01465705704038295;0.0;-9.465651803318846e-9
729.0;64.63209411877538;-0.29099088800000006;0.010920000000000001;6.206859917298292e-14;0.06708942116310108;0.0;0.012890249991173029;0.1344424771090717;0.070632;0.0;0.0;1.1547145103071695e-12;0.0;-0.004922568757731191
730.0;64.63210714879509;-0.30073428;0.010920000000000001;6.206866412991981e-14;0.11514790541556696;0.0;0.013280399989336417;0.12893406979028466;0.070632;0.0;0.0;1.154715732001649e-12;0.0;-0.03811504691540428
731.0;10.001106210702709;-0.308123784;0.0;0.0;0.14556728089353602;0.0;0.012653099990914065;0.12540087090532848;0.06865958509504079;0.0;0.0;0.0;0.0;-0.04415453851256612
732.0;10.001192304530619;-0.31193431200000005;0.0;0.0;0.15950786707157447;0.0;0.012458789987310497;0.13188666983480085;0.052239493147180224;0.0;0.0;0.0;0.0;-0.044154538512551016
733.0;10.001191199488025;-0.30882;0.0;0.0;0.1593600378260684;0.0;0.015145469996690216;0.12973932459071597;0.048733671940152636;0.0;0.0;0.0;0.0;-0.04415453851255118
734.0;10.001137969749056;-0.309053728;0.0;0.0;0.15223912590697286;0.0;0.01658978998057186;0.1331733262182035;0.05120981263482731;0.0;0.0;0.0;0.0;-0.044154538512559176
735.0;24.410899666895997;-0.305443136;0.0;3.588723748289556e-14;0.1362651889583632;0.0;0.017064089992277907;0.12634616911288185;0.070632;0.0;0.0;0.0;0.0;-0.04415453565312802
736.0;64.63216335253219;-0.29789728000000004;0.010920000000000001;6.20687151254107e-14;0.10778154128215135;0.0;0.017068679992118474;0.12054600304853996;0.070632;0.0;0.0;1.1547166911126062e-12;0.0;-0.028987034885943747
737.0;119.15688329488592;-0.28782416;0.010920000000000001;5.8225296539816505e-12;0.06673239961855618;0.0;0.016877430019259645;0.11342708719754067;0.070632;3.616953350448497e-14;1.5816462300744958e-13;0.00889753326227517;0.0;-9.465598210103071e-9
738.0;122.35622823932624;-0.275686568;0.010920000000000001;0.023375999998688585;0.027370743333619295;0.0;0.018122850002691298;0.10362107234292635;0.070632;4.007489260727548e-14;0.002183014499743165;0.019473999980362793;0.0;-8.992609087917837e-9
739.0;122.3560676578114;-0.27346876000000003;0.010920000000000001;0.023375999998688498;0.005888070741464374;0.0;0.018416610018534833;0.10572173627322856;0.070632;4.007466567596129e-14;0.019052918738724434;0.019473999980361763;0.0;-8.992632565504976e-9
740.0;122.35603469416058;-0.27335156;0.010920000000000001;0.02337599999868848;0.0014782933918420136;0.0;0.01884501000663416;0.11569113626053616;0.070632;4.0074619094745585e-14;0.012947586119297772;0.019473999980361555;0.0;-8.992637384697265e-9
741.0;122.35619184348232;-0.268994184;0.010920000000000001;0.023375999998688154;0.0009873886509232815;0.0;0.01889549999623008;0.12451100622367768;0.070632;4.0073750635099817e-14;0.00015305730171435796;0.019473999980357613;0.0;-8.99272723673189e-9
742.0;119.74745988044432;-0.26132771200000005;0.010920000000000001;0.012254185858479136;0.0008311912762625479;0.0;0.01832327999410224;0.1289311527426381;0.070632;3.6836763455907184e-14;1.9427991344425475e-13;0.019473999895008875;0.0;-9.373671689684551e-9
743.0;119.74672168877149;-0.25381088799999996;0.010920000000000001;0.0002068930823264657;0.0005522684190001285;0.0;0.018659879996753708;0.13340381573960433;0.070632;3.683592660357902e-14;1.9422529619321565e-13;0.019473999894880852;0.0;-9.373783720161107e-9
744.0;119.15638663035844;-0.24574703200000003;0.010920000000000001;5.817252622139938e-12;0.00029008025865143937;0.0;0.018188639997837583;0.13703621348512174;0.070632;3.616896182936861e-14;1.58138970868893e-13;0.008340731144765728;0.0;-9.4656792726171e-9
745.0;64.63002053936421;-0.22891457600000004;0.010920000000000001;9.19820067083525e-14;4.7417316525893044e-5;0.0;0.009152460001122164;0.16088458150581592;0.070632;0.0;0.0;1.7110230803397254e-12;0.0;-0.022668362566626715
746.0;10.000000363066544;-0.17367828800000001;0.0;0.0;5.57845080069228e-5;0.0;0.008066159998702485;0.14560808843411752;0.0641027789523219;0.0;0.0;0.0;0.0;-0.04415453545303596
747.0;10.000000300425885;-0.173666904;0.0;0.0;4.74173156892289e-5;0.0;0.009077489973608755;0.14425432712769873;0.06444219328146342;0.0;0.0;0.0;0.0;-0.04415453545309865
748.0;64.63000248650492;-0.21846605600000002;0.010920000000000001;9.19819788410157e-14;4.741731652589301e-5;0.0;0.007982010006632002;0.15420913920464788;0.070632;0.0;0.0;1.7110225562976463e-12;0.0;-0.02527083239053352
749.0;64.63001064924254;-0.21712924;0.010920000000000001;9.198199144398637e-14;4.7417316525893024e-5;0.0;0.008079930003911849;0.15161832094517405;0.070632;0.0;0.0;1.7110227932950247e-12;0.0;-0.024114821418207286
750.0;64.63001788179591;-0.21831286400000002;0.010920000000000001;9.198200262429847e-14;5.857378113523232e-5;0.0;0.007804529999560282;0.15202386539311455;0.070632;0.0;0.0;1.711023003539521e-12;0.0;-0.02307256061360157
751.0;64.63001899391057;-0.22194922400000006;0.010920000000000001;9.198200470855612e-14;0.00030123734772084554;0.0;0.008918369992622532;0.15440753532267779;0.070632;0.0;0.0;1.7110230427340268e-12;0.0;-0.023176361911945425
752.0;64.6300432882025;-0.22727757600000004;0.010920000000000001;9.198204780888595e-14;0.003999759943614702;0.0;0.009925109994660952;0.15553080710784112;0.070632;0.0;0.0;1.7110238532306132e-12;0.0;-0.023676422849966627
753.0;64.63009200223028;-0.236736448;0.010920000000000001;9.198215704100682e-14;0.02650050286967681;0.0;0.01130210999241479;0.1523652230346039;0.070632;0.0;0.0;1.7110259073285237e-12;0.0;-0.03492810667370569
754.0;41.01375503941956;-0.249092512;0.0;6.438845779763312e-14;0.059865307730470316;0.0;0.012270600002978513;0.1501536909840469;0.070632;0.0;0.0;1.193816754546662e-12;0.0;-0.04415451972222875
755.0;10.000671353813514;-0.25738375999999996;0.0;0.0;0.08981888098112568;0.0;0.012342509972924546;0.1467838761628328;0.05259525569274406;0.0;0.0;0.0;0.0;-0.044154535452949346
756.0;10.000791157212433;-0.262081176;0.0;0.0;0.105845813791392;0.0;0.01296827997054374;0.14811429681236032;0.03930994798643288;0.0;0.0;0.0;0.0;-0.044154535452922694
757.0;10.000819221146733;-0.26667402400000007;0.0;0.0;0.10960012120856123;0.0;0.013341599972175181;0.15505815720223226;0.032831401819414505;0.0;0.0;0.0;0.0;-0.04415453545291645
758.0;10.000724750349455;-0.265200904;0.0;0.0;0.09696210645399705;0.0;0.015439229982915617;0.16406183590730017;0.03289467263500151;0.0;0.0;0.0;0.0;-0.044154535452937474
759.0;10.000560515862665;-0.2606862;0.0;0.0;0.07499131839321498;0.0;0.016266959986925983;0.16933975317037814;0.044244561423222965;0.0;0.0;0.0;0.0;-0.04415453545297401
760.0;10.000328894570952;-0.253500408;0.0;0.0;0.04400572938328162;0.0;0.015745229998418406;0.17163297752003387;0.06627209121524189;0.0;0.0;0.0;0.0;-0.04415453545302554
761.0;50.000098912751035;-0.25618219200000003;0.009506450052428728;7.268793767631689e-14;0.013262802691611446;0.0;0.016548479992916847;0.19038723648533398;0.070632;0.0;0.0;1.3490256342182973e-12;0.0;-0.04415450256117501
762.0;64.62957628978742;-0.268622624;0.010920000000000001;9.198133875643095e-14;0.0022425430698985098;0.0;0.017129879989549627;0.20868051587349212;0.070632;0.0;0.0;1.7110105195797899e-12;0.0;-0.040924106730432265
763.0;50.00000048048024;-0.269699968;0.0007475517899871498;7.268783034673566e-14;9.483369632438551e-5;0.0;0.01745729999767541;0.22492273129612808;0.070632;0.0;0.0;1.349023625074758e-12;0.0;-0.04415450256149224
764.0;37.58540649673429;-0.26780255999999997;0.0;6.171263705469214e-14;6.136336559529938e-5;0.0;0.017057970004628643;0.22494898953511527;0.070632;0.0;0.0;1.1438410053658652e-12;0.0;-0.04415452324904828
765.0;10.00000036306516;-0.263212712;0.0;0.0;5.57845080069228e-5;0.0;0.0171849599854275;0.22396284464346963;0.06616364675666214;0.0;0.0;0.0;0.0;-0.04415453545309864
766.0;10.000000321300053;-0.25770234399999997;0.0;0.0;5.0206275702265536e-5;0.0;0.016745849988624203;0.2230875678722303;0.06197324362744666;0.0;0.0;0.0;0.0;-0.044154535453035965
767.0;10.000000321300075;-0.253292128;0.0;0.0;5.0206275702265536e-5;0.0;0.017065619994743694;0.21722613258350823;0.06310469291004743;0.0;0.0;0.0;0.0;-0.044154535453035965
768.0;10.00000034218699;-0.247296104;0.0;0.0;5.29955479938846e-5;0.0;0.01721096997570346;0.21364333426833848;0.060543328036195436;0.0;0.0;0.0;0.0;-0.04415453545303596
769.0;10.001102884828574;-0.3041777;0.0;0.0;5.599179409347302e-5;0.0;0.017469539977020804;0.3280666088450559;0.044748756880466596;0.0;0.0;0.0;0.0;-0.08616725392743947
770.0;10.001104585782391;-0.30146516;0.0;0.0;5.26977686538994e-5;0.0;0.017205210001826846;0.32904197461781726;0.04132845309102557;0.0;0.0;0.0;0.0;-0.0861672539274373
771.0;10.00110337835887;-0.29940113000000007;0.0;0.0;5.269776865389931e-5;0.0;0.01729876498467037;0.32834082209781407;0.039872036490913663;0.0;0.0;0.0;0.0;-0.08616725392743883
772.0;10.001099663043556;-0.2965215400000001;0.0;0.0;5.599179409347278e-5;0.0;0.01663496997104934;0.32619571071672104;0.03979810734158531;0.0;0.0;0.0;0.0;-0.08616725392744354
773.0;10.001107403707023;-0.29774224;0.0;0.0;5.5991794093473343e-5;0.0;0.0160365149905628;0.3306907251801506;0.03712214616433595;0.0;0.0;0.0;0.0;-0.08616725392743375
774.0;10.001114187985625;-0.3028886;0.0;0.0;5.599179409347384e-5;0.0;0.017356679991800565;0.33463037041065685;0.03700860680287609;0.0;0.0;0.0;0.0;-0.08616725392742518
775.0;10.001127912817159;-0.31602405;0.0;0.0;7.245970880365888e-5;0.0;0.01668248999302917;0.3426623881578343;0.04276957916908319;0.0;0.0;0.0;0.0;-0.08616725392740784
776.0;10.00112228321713;-0.33242872;0.0;0.0;0.0017587879663007453;0.0;0.016487955001337828;0.34574121212644415;0.05460353599651233;0.0;0.0;0.0;0.0;-0.08616725393236509
777.0;18.63364048926193;-0.33923480000000006;0.0;0.0;0.009495478385968533;0.0;0.013391729998541772;0.33823332356439767;0.066708;0.0;0.0;0.0;0.0;-0.08616722887529453
778.0;10.000938539772621;-0.34494653;0.0;0.0;0.026790226299638117;0.0;0.013387274994158682;0.33326971792005605;0.05766197423671247;0.0;0.0;0.0;0.0;-0.0861672539326621
779.0;10.000774490485567;-0.35199985;0.0;0.0;0.05215102513966705;0.0;0.013593689985520187;0.33347450962129943;0.03894288914965121;0.0;0.0;0.0;0.0;-0.08616725393293506
780.0;10.000665414723144;-0.35687817;0.0;0.0;0.06895502484417243;0.0;0.013736249981565375;0.3333912045224886;0.02695769475878374;0.0;0.0;0.0;0.0;-0.0861672539331164
781.0;10.000635842837877;-0.35755262;0.0;0.0;0.07354631774141149;0.0;0.013831289978928907;0.3335022779875697;0.022834664390059708;0.0;0.0;0.0;0.0;-0.08616725393316566
782.0;10.000698440851886;-0.35488495000000003;0.0;0.0;0.06416282220747557;0.0;0.014048099978739178;0.3345297100829271;0.028306370705283412;0.0;0.0;0.0;0.0;-0.08616725393306225
783.0;10.000797400251319;-0.35152979000000006;0.0;0.0;0.048363373781494835;0.0;0.013611509996674896;0.3325199701232408;0.04319728057177591;0.0;0.0;0.0;0.0;-0.0861672539328963
784.0;23.155617103875098;-0.34570398;0.0;4.4152825025819893e-14;0.027037246864551726;0.0;0.013776344986627716;0.32610893457225004;0.066708;0.0;0.0;0.0;0.0;-0.0861671883761101
785.0;29.471516771693782;-0.34275739000000005;0.0;4.6932779714331794e-14;0.009966464655588385;0.0;0.013550624994362345;0.32647339501540684;0.066708;0.0;0.0;8.696443828081698e-13;0.0;-0.07366575798156313
786.0;29.471587332169058;-0.34383113;0.0;4.6932803296597553e-14;0.002414216429841483;0.0;0.013434795003399985;0.3324401360703574;0.066708;0.0;0.0;8.696448228402349e-13;0.0;-0.07089216332316527
787.0;29.471606850162136;-0.34433324;0.0;4.693281278873661e-14;0.00019761681995116563;0.0;0.012999689989259575;0.33580705747486067;0.066708;0.0;0.0;8.69644999958319e-13;0.0;-0.07110522701669401
788.0;29.471605110412543;-0.33969359000000005;0.0;4.6932812490291625e-14;6.916568396944864e-5;0.0;0.009884159999966053;0.334508883808368;0.066708;0.0;0.0;8.696449943895324e-13;0.0;-0.0712026474933162
789.0;29.471590404741672;-0.33213995;0.0;4.693281048120805e-14;6.257873933414247e-5;0.0;0.009457965003051976;0.32861850576066076;0.066708;0.0;0.0;8.696449569010866e-13;0.0;-0.07243239926266493
790.0;29.471519324229327;-0.32262564000000005;0.0;4.69328367752772e-14;6.257873933414306e-5;0.0;0.00927382499651104;0.32739669510141145;0.066708;0.0;0.0;8.696454475339612e-13;0.0;-0.08053176192396012
791.0;29.471397494893157;-0.31495117;0.0;4.6932880586416093e-14;6.257873933414405e-5;0.0;0.010402424988501626;0.3219436707299786;0.066708;0.0;0.0;8.696462650258072e-13;0.0;-0.08386686761366421
792.0;14.900740015607989;-0.3076206;0.0;0.0;6.257873903172684e-5;0.0;0.011066219996847662;0.3190488115519985;0.066708;0.0;0.0;0.0;0.0;-0.08616724334518212
793.0;118.02535252502376;-0.26931255000000004;0.01008;3.249351507330008e-13;5.599179494821074e-5;0.0;0.011375099997904004;0.16745402735469359;0.066708;4.4093062352148956e-14;0.013635433292001002;6.361180306208046e-12;4.664650052544912e-15;-1.013515116555145e-8
794.0;96.33143415460043;-0.26519754;0.01008;1.1206770088806707e-13;5.5991794934323696e-5;0.0;0.013547654992727746;0.17175119157260485;0.066708;2.532281955683749e-14;2.5344213290245745e-14;2.1062317014071883e-12;0.0;-1.5862696366559917e-8
795.0;62.35101990542387;-0.2653648500000001;0.01008;5.540069426647144e-14;5.928508283695081e-5;0.0;0.014967314987577276;0.1778741296878161;0.066708;0.0;0.0;1.030157081568489e-12;0.0;-0.004329966138107205
796.0;62.350936042204054;-0.26636037000000007;0.01008;5.540076460940021e-14;5.599179489327248e-5;0.0;0.01593850500140792;0.1838651680632532;0.066708;0.0;0.0;1.0301584032351902e-12;0.0;-0.010281260723994197
797.0;62.35093236573061;-0.26874267;0.01008;5.5400774102784886e-14;5.26977694536935e-5;0.0;0.016786439998271913;0.18695093412343064;0.066708;0.0;0.0;1.0301585816053156e-12;0.0;-0.011828273856242843
798.0;62.350940092986974;-0.27614051000000006;0.01008;5.540078801843383e-14;5.269776945369353e-5;0.0;0.01730322001888341;0.19531617226585155;0.066708;0.0;0.0;1.030158843065113e-12;0.0;-0.01331177811322108
799.0;62.35099312373457;-0.29224964000000003;0.01008;5.54007773338291e-14;7.904665423877301e-5;0.0;0.017338859994596754;0.20614238822736836;0.066708;0.0;0.0;1.0301586423131347e-12;0.0;-0.008095550081892043
800.0;83.20745030244956;-0.31130476000000007;0.01008;8.031916076871514e-14;0.0014623629211106075;0.0;0.017419050010354393;0.21322333688643869;0.066708;0.0;1.5805837186440014e-14;1.500535895060346e-12;0.0;-2.493358654347824e-8
801.0;71.99904653611848;-0.32072088000000004;0.01008;6.467629916242224e-14;0.007871728499758594;0.0;0.017411624984113198;0.21703108301299698;0.066708;0.0;0.0;1.2047381534853155e-12;0.0;-5.198877029684214e-8
802.0;62.35087084032187;-0.32595905000000003;0.01008;5.5400653992864146e-14;0.02296305106196621;0.0;0.01745914500582129;0.21593075832033734;0.066708;0.0;0.0;1.0301563248715229e-12;0.0;-0.007180558056596674
803.0;62.35067186253215;-0.33010827000000004;0.01008;5.540058360522885e-14;0.04317923116176536;0.0;0.017444295000408724;0.2150838218774152;0.066708;0.0;0.0;1.0301550023652334e-12;0.0;-0.02237746489729715
804.0;62.35055287583407;-0.33474135000000005;0.01008;5.5400502000276436e-14;0.059881128615074095;0.0;0.017139869982643236;0.21724281680580426;0.066708;0.0;0.0;1.0301534690976665e-12;0.0;-0.03629929710574673
805.0;62.35047956513406;-0.33490072000000004;0.01008;5.540045212309011e-14;0.07042726873624514;0.0;0.017018100003494643;0.2198461068661962;0.066708;0.0;0.0;1.030152531959935e-12;0.0;-0.04916658996623541
806.0;62.35049496348163;-0.33172429000000003;0.01008;5.5400468137173483e-14;0.0683424135502802;0.0;0.016479044998062305;0.22228625713891115;0.066708;0.0;0.0;1.030152832846883e-12;0.0;-0.0521589820972552
807.0;62.350571897370365;-0.32771533;0.01008;5.540052627010619e-14;0.05750643569647331;0.0;0.01553607000383473;0.22309848375983457;0.066708;0.0;0.0;1.030153925101245e-12;0.0;-0.04520175102239266
808.0;62.35068912117852;-0.32139294;0.01008;5.540060803937513e-14;0.03995478661665877;0.0;0.015512310004493835;0.21680893481115268;0.066708;0.0;0.0;1.03015546145585e-12;0.0;-0.027660613340849405
809.0;62.35085175612449;-0.31673879000000005;0.01008;5.540068385243151e-14;0.020673991742355964;0.0;0.016168679992110604;0.21355308750756974;0.066708;0.0;0.0;1.030156885900156e-12;0.0;-0.01043969148434517
810.0;118.02538017084802;-0.31427378000000006;0.01008;3.249354787153159e-13;0.0064818249195720224;0.0;0.016229565005941162;0.20769741991771337;0.066708;4.4093079722954744e-14;0.007071962059257426;6.361187134928937e-12;4.664650966842022e-15;-1.0135149279884391e-8
811.0;118.02542258309921;-0.31462153000000004;0.01008;3.249367030981324e-13;0.0007608240020141376;0.0;0.01631569498607841;0.21079012870529748;0.066708;4.409314456932004e-14;0.009961893337388882;6.361212627069563e-12;4.664654379966136e-15;-1.0135142240586502e-8
812.0;118.0254283757904;-0.31205615;0.01008;3.2493686083265736e-13;0.00018444219343402695;0.0;0.015907320000319008;0.2119841709982765;0.066708;4.409315292331431e-14;0.007187209791814562;6.361215911165192e-12;4.664654819669985e-15;-1.0135141333733982e-8
813.0;62.35118338943954;-0.30598692000000005;0.01008;5.540069839338053e-14;0.00010210225108017353;0.0;0.014900489986518755;0.21716645379856098;0.066708;0.0;0.0;1.0301571591086064e-12;0.0;-0.0029875898090835186
814.0;62.350977568491615;-0.29718348000000006;0.01008;5.540082799213565e-14;8.233994218245155e-5;0.0;0.013364999999990829;0.2239350077012445;0.066708;0.0;0.0;1.030159594127325e-12;0.0;-0.016978211996650887
815.0;62.350965363684296;-0.28857673;0.01008;5.5400831322287247e-14;5.599179489327263e-5;0.0;0.011130075000830507;0.2217343595876108;0.066708;0.0;0.0;1.0301596566973344e-12;0.0;-0.02112188424103613
816.0;62.35095676407775;-0.28037277000000005;0.01008;5.5400837388333874e-14;5.928508283695113e-5;0.0;0.00935698499759561;0.2219079125126393;0.066708;0.0;0.0;1.030159770671449e-12;0.0;-0.027728459116425578
817.0;118.02524728184252;-0.25918332;0.01008;5.431990759059096e-13;0.0017983111099178447;0.0;0.009844065007619664;0.11271898685239924;0.066708;7.353127005775409e-14;0.058031163081464165;1.063135722925747e-11;7.79624058787318e-15;-1.6938331538380347e-8
818.0;118.02524616192564;-0.25405657000000004;0.01008;5.431990641352587e-13;0.001403078206889609;0.0;0.010331144994108043;0.11058081819871286;0.066708;7.353126943718768e-14;0.05495078917653909;1.0631356984254844e-11;7.796240555070298e-15;-1.693833160602909e-8
819.0;118.02524517172064;-0.25239129;0.01008;5.431990526846428e-13;0.0010671300180668387;0.0;0.010184130001098498;0.10874115948243217;0.066708;7.353126883350739e-14;0.05560817792675139;1.0631356745915986e-11;7.796240523154374e-15;-1.693833167183837e-8
820.0;118.02524401416754;-0.25185227;0.01008;5.431990366899488e-13;0.0007081262324026676;0.0;0.010427670005991685;0.10671753597544992;0.066708;7.3531267990242e-14;0.05720829658866552;1.0631356412993987e-11;7.796240478575479e-15;-1.6938331763763566e-8
821.0;118.02524953933901;-0.25341442999999997;0.01008;5.431992769901044e-13;0.0003030119905515961;0.0;0.010243529999450735;0.10840099699562111;0.066708;7.353128065904299e-14;0.05767621803963772;1.0631361414746702e-11;7.796241148309047e-15;-1.693833038270394e-8
822.0;118.02525146059635;-0.26014707;0.01008;5.431993529673028e-13;0.0002601955598042743;0.0;0.009946529984391531;0.10935553649367975;0.066708;7.35312846646134e-14;0.06379411406898262;1.0631362996183684e-11;7.796241360062437e-15;-1.693832994604603e-8
823.0;118.02522730795377;-0.2734907900000001;0.01008;5.431981746250748e-13;0.003843643521827076;0.0;0.009564885003715131;0.10866826752097265;0.066708;7.353122254153348e-14;0.07462327291187272;1.0631338469451341e-11;7.796238075937301e-15;-1.6938336718258277e-8
824.0;118.02507818388936;-0.28879395;0.01008;5.431907731560236e-13;0.02645427811162884;0.0;0.009296099984960988;0.10733885444242593;0.066708;7.353083232684079e-14;0.06891366131392297;1.063118441094173e-11;7.796217447249974e-15;-1.6938379257060875e-8
825.0;118.02472637793511;-0.30461671;0.01008;5.431733560460734e-13;0.07961314781868056;0.0;0.008776350005203375;0.10315623473537634;0.066708;7.35299140494413e-14;0.0362791880812015;1.0630821882076113e-11;7.796168902108777e-15;-1.6938479364693397e-8
826.0;62.426385175810495;-0.31546596;0.01008;9.27128541746985e-14;0.13605245386575704;0.0;0.008411039996265936;0.09406207507082114;0.066708;0.0;0.0;1.7237269781917009e-12;0.0;-9.751806374389617e-6
827.0;62.34052990636296;-0.31958270000000005;0.01008;9.25980289966648e-14;0.1802724654235273;0.0;0.008059095003112134;0.09506173879990806;0.066708;0.0;0.0;1.7215699490682504e-12;0.0;-0.04054990374470003
828.0;62.34029395280084;-0.32329008000000004;0.01008;9.259782889218951e-14;0.20898286665670088;0.0;0.008396189990848842;0.09842518915862755;0.066708;0.0;0.0;1.7215661900874045e-12;0.0;-0.06924676198483447
829.0;59.63788474998719;-0.32663722;0.01008;8.900263557304362e-14;0.22108029695474313;0.0;0.008127404995238265;0.1061378700578554;0.066708;0.0;0.0;1.654057261777795e-12;0.0;-0.0861669855914367
830.0;49.99930212430498;-0.32563006;0.004528453176292091;7.821849575733125e-14;0.21953888737915075;0.0;0.008519444983679257;0.11250031033214834;0.066708;0.0;0.0;1.4518824174576014e-12;0.0;-0.08616721773456439
831.0;62.33992124901878;-0.31991502;0.01008;9.259855945952662e-14;0.2025438581678146;0.0;0.008886240006377359;0.11538128469109378;0.066708;0.0;0.0;1.7215799138620405e-12;0.0;-0.0835641901142462
832.0;62.340602830614735;-0.31199861000000007;0.01008;9.259818864004309e-14;0.1704509198183199;0.0;0.008629334987293652;0.11543682205947349;0.066708;0.0;0.0;1.7215729479836438e-12;0.0;-0.05925472728369591
833.0;62.3410009053093;-0.30223909000000004;0.01008;9.25985609187233e-14;0.12041109874848649;0.0;0.008102159981531782;0.11169155539285924;0.066708;0.0;0.0;1.7215799412733584e-12;0.0;-0.014711480133941005
834.0;118.02483518286267;-0.29420117;0.01008;5.431787607745641e-13;0.06293759888140896;0.0;0.007849709984312414;0.10356581877370227;0.066708;7.35301990052718e-14;0.043056503411810845;1.063093437877177e-11;7.796183966489449e-15;-1.6938448299327007e-8
835.0;128.78748092775712;-0.28870931;0.01008;9.176927157905371e-12;0.018249894710898856;0.0;0.008375399999002086;0.09745329443167382;0.066708;1.1602453438892034e-13;0.0764999999999146;0.010965880360360586;9.537343652769785e-15;-1.4461822304549919e-8
836.0;129.47229677849495;-0.28954601;0.01008;0.00741280967948138;0.003662494616284293;0.0;0.00846895500515238;0.09877923646443687;0.066708;1.204950518147649e-13;0.07649999999991976;0.01797599983548281;9.676006668066626e-15;-1.4328931232523106e-8
837.0;129.4723133051455;-0.2864714;0.01008;0.00479013921738877;0.0018543029049366748;0.0;0.007034444980876259;0.10156996363299246;0.066708;1.2049516019205924e-13;0.07649999999991976;0.017975999835486606;9.676009951812099e-15;-1.4328928161032047e-8
838.0;128.7875880490353;-0.28095448;0.01008;9.178900493654073e-12;0.0019267622459081522;0.0;0.00617760001337317;0.10226417406142788;0.066708;1.1602541312479242e-13;0.0764999999999146;0.016923447249708224;9.537371554421645e-15;-1.4461794906521384e-8
839.0;128.78759600819566;-0.27380127000000004;0.01008;9.178583499450598e-12;0.0019267622459081522;0.0;0.005372730018226804;0.10282995579586332;0.066708;1.1602527199104243e-13;0.07649999999991458;0.01000711368431066;9.53736707315129e-15;-1.4461799306883582e-8
840.0;128.78759717080257;-0.26595691000000005;0.01008;9.178587704991618e-12;0.0018839450776649298;0.0;0.004258979985052785;0.10362482718786781;0.066708;1.16025273863495e-13;0.07649999999991458;0.00252439217222764;9.537367132608128e-15;-1.4461799248502211e-8
841.0;118.02522111325192;-0.18979079000000004;0.01008;3.3982433813386727e-13;0.0013833162667783306;0.0;0.005175224998016928;0.09612735176307884;0.066708;4.61043783577976e-14;0.010314491897478146;6.65245248061346e-12;4.878288831817833e-15;-1.0598285145235847e-8
842.0;118.02521467791877;-0.18703897;0.01008;3.3982421553220064e-13;0.0007707046033382548;0.0;0.005579144986812168;0.09008424770088497;0.066708;4.6104371866904873e-14;0.013814613897868477;6.652449928099526e-12;4.878288490054915e-15;-1.0598285849934028e-8
843.0;118.0252088230015;-0.18460743999999998;0.01008;3.398240935870957e-13;0.000428169101132227;0.0;0.0054603450134056855;0.08539485530940254;0.066708;4.610436541077958e-14;0.016533923193766013;6.652447389253097e-12;4.87828815012165e-15;-1.0598286550859015e-8
844.0;118.02520268366519;-0.18228711000000003;0.01008;3.3982396140415727e-13;0.00015809330864612962;0.0;0.0058598099819387565;0.08081306470137839;0.066708;4.610435841261834e-14;0.018666102490644994;6.652444637260422e-12;4.8782877816490374e-15;-1.0598287310630448e-8
845.0;118.02520878401673;-0.18272803;0.01008;3.3982410701519034e-13;0.00013174442386105058;0.0;0.006327584989348406;0.08425634911312496;0.066708;4.610436612169608e-14;0.015222234463362003;6.6524476688202914e-12;4.878288187553188e-15;-1.0598286473675991e-8
846.0;118.0251855843785;-0.18420141000000004;0.01008;3.398233968948258e-13;0.0034615845081079483;0.0;0.006415199984005712;0.08331916484398523;0.066708;4.61043285257944e-14;0.01421531300243359;6.652432884415235e-12;4.878286208025164e-15;-1.059829055536929e-8
847.0;118.025094569278;-0.18858546999999998;0.01008;3.398205783855658e-13;0.017199232976217223;0.0;0.0061627499851841855;0.08218065928354679;0.066708;4.6104179304557397e-14;0.006252491912722225;6.652374204287928e-12;4.878278351090505e-15;-1.0598306756050225e-8
848.0;62.34235509027084;-0.19935863;0.01008;5.793269096032377e-14;0.0525462584122378;0.0;0.005885054994797308;0.07977521946865608;0.066708;0.0;0.0;1.0772189820535298e-12;0.0;-0.015564203728348389
849.0;62.34202385317148;-0.21337352000000004;0.01008;5.793245134980582e-14;0.09798819964019682;0.0;0.005536080007390132;0.0803028196994699;0.066708;0.0;0.0;1.07721448015117e-12;0.0;-0.047165746632243266
850.0;62.341734776189845;-0.22521415;0.01008;5.793226111216383e-14;0.13594376503874564;0.0;0.005074244988166703;0.08112893050352844;0.066708;0.0;0.0;1.0772109058876132e-12;0.0;-0.07363979000071665
851.0;49.999684058767386;-0.23293748;0.007861711963661472;4.893529629961733e-14;0.1542298892358207;0.0;0.0055271700129372716;0.08477700725235039;0.066708;0.0;0.0;9.084438068853867e-13;0.0;-0.08616724094103087
852.0;35.085716331999016;-0.23708053;0.0;4.120358469558097e-14;0.1616767419223627;0.0;0.005571720004750811;0.089265079624197;0.066708;0.0;0.0;7.638438148825898e-13;0.0;-0.08616726336504352
853.0;9.999626930055873;-0.23762581000000005;0.0;0.0;0.1666270382359749;0.0;0.005555384998645542;0.09754354162189434;0.05406564400128003;0.0;0.0;0.0;0.0;-0.08616727216594257
854.0;9.999641519147037;-0.23607361000000004;0.0;0.0;0.16652493635352622;0.0;0.005127704987211502;0.10563109610161234;0.04495549003425323;0.0;0.0;0.0;0.0;-0.08616727216594046
855.0;9.999711338967867;-0.23374975000000003;0.0;0.0;0.15768159240456253;0.0;0.005877630004267755;0.1128855970498651;0.04347052160322028;0.0;0.0;0.0;0.0;-0.08616727216592802
856.0;9.999847829597853;-0.23038481;0.0;0.0;0.1389343629080925;0.0;0.005864264990077438;0.12157364372185643;0.05017822481943451;0.0;0.0;0.0;0.0;-0.08616727216590324
857.0;50.00005090025675;-0.22570222;0.007271081905389879;4.893552279340225e-14;0.10796125197819727;0.0;0.006205815008672891;0.1237222261488775;0.066708;0.0;0.0;9.084480486763566e-13;0.0;-0.08616724093980942
858.0;62.34226214680233;-0.22276643000000007;0.01008;5.793267062380003e-14;0.07220252461816701;0.0;0.005935544999221212;0.12960219042340143;0.066708;0.0;0.0;1.0772185999622612e-12;0.0;-0.0616849235610039
859.0;62.34253235595751;-0.21619453000000005;0.01008;5.79328685802884e-14;0.03472782682788084;0.0;0.005072759996944671;0.12849492427501705;0.066708;0.0;0.0;1.0772223192516726e-12;0.0;-0.02881524608949785
860.0;62.342964239462276;-0.21464392999999998;0.01008;5.793282426933775e-14;0.00909695182661782;0.0;0.005806349994068344;0.1253119689328936;0.066708;0.0;0.0;1.0772214867189947e-12;0.0;-0.0023202943908556648
861.0;117.61640328943285;-0.21303392999999998;0.01008;3.269407837535381e-13;0.0029016709829857335;0.0;0.005109885011474159;0.12501692876960707;0.066708;4.5406153145646806e-14;1.2781166364574518e-12;6.3848682870885676e-12;4.841243246234808e-15;-1.0675860696107643e-8
862.0;118.02525516255783;-0.21191541000000003;0.01008;3.398258146027155e-13;0.002206719008499039;0.0;0.005023755008043214;0.12417693441825256;0.066708;4.610445652610053e-14;0.00371881839862221;6.6524832200834894e-12;4.8782929475931034e-15;-1.0598276658735497e-8
863.0;62.34335777764071;-0.20981059000000002;0.01008;5.793226089233897e-14;0.0022100126651331967;0.0;0.00533708999543662;0.12604783191073457;0.066708;0.0;0.0;1.0772109017575004e-12;0.0;-0.0006060978769429845
864.0;62.34286693263181;-0.20545246000000006;0.01008;5.793296672155546e-14;0.0022067190084415693;0.0;0.005629634990233683;0.12559659468716408;0.066708;0.0;0.0;1.0772241631706408e-12;0.0;-0.00471077114320393
865.0;118.02519539294319;-0.20789850999999998;0.01008;3.1455448585374687e-13;0.0020683876399431186;0.0;0.0010454399932585455;0.08379122834225958;0.066708;4.2690990508105565e-14;0.04420331827220982;6.1581021233744126e-12;4.515770907674219e-15;-9.810472496331275e-9
866.0;118.02519614548764;-0.20310441;0.01008;3.1455451340455137e-13;0.0018213667068025209;0.0;0.0010424700108144338;0.08329833856928365;0.066708;4.2690991967685143e-14;0.04015211395719314;6.158102697009278e-12;4.515770984480039e-15;-9.810472337971094e-9
867.0;118.02519810549758;-0.20072792;0.01008;3.145545694664718e-13;0.0015282349487270724;0.0;0.0014820299986210092;0.08333304902712152;0.066708;4.269099493774822e-14;0.0375944890482683;6.158103864272792e-12;4.515771140767092e-15;-9.810472015731129e-9
868.0;118.02519980579615;-0.20188176000000002;0.01008;3.1455461482236485e-13;0.0013470867806710976;0.0;0.002496285014169268;0.08363850169193386;0.066708;4.2690997340617425e-14;0.03760976544634813;6.158104808626847e-12;4.515771267209403e-15;-9.810471755028723e-9
869.0;118.02519003230663;-0.20642546;0.01008;3.1455433804564455e-13;0.002746870962223966;0.0;0.0027888300089663047;0.0832323886993917;0.066708;4.26909826774969e-14;0.04086723665372869;6.158099045865487e-12;4.515770495620336e-15;-9.810473345922669e-9
870.0;118.02511692553665;-0.21766777000000004;0.01008;3.145522906233207e-13;0.01270674830474;0.0;0.0032046299974319904;0.07827225282925657;0.066708;4.2690874208340285e-14;0.046693962315430056;6.15805641656089e-12;4.515764787851966e-15;-9.810485114472243e-9
871.0;118.02491182263012;-0.22805981000000003;0.01008;3.1454648968402793e-13;0.04192107200552172;0.0;0.0037852649900618944;0.06914338270688525;0.066708;4.269056687915476e-14;0.03641966534194693;6.1579356356083856e-12;4.515748615769018e-15;-9.810518459171501e-9
872.0;118.02457705638224;-0.24766881000000002;0.01008;3.1453690216073977e-13;0.09227707969277608;0.0;0.004054049985518032;0.06430473471086089;0.066708;4.269005892463997e-14;0.010241845956994733;6.157736015079082e-12;4.515721886248242e-15;-9.810573572972354e-9
873.0;62.3404019412216;-0.26324512;0.01008;5.362409334905658e-14;0.1495891922257422;0.0;0.004315410000637935;0.06297532163230153;0.066708;0.0;0.0;9.971333130340587e-13;0.0;-0.03035500533287936
874.0;62.34004204851444;-0.2770758900000001;0.01008;5.362385352085846e-14;0.19949726887165029;0.0;0.004520340000777656;0.0663908376777778;0.066708;0.0;0.0;9.971288068578636e-13;0.0;-0.07004814478060764
875.0;43.1060444102583;-0.28718041000000005;0.0;4.1683146297718586e-14;0.2301014957838596;0.0;0.004942079999850049;0.0717605569503878;0.066708;0.0;0.0;7.732895713481438e-13;0.0;-0.08616725740915993
876.0;9.999124636505687;-0.28944897;0.0;0.0;0.23864182700413294;0.0;0.005295509998101503;0.07693936870477329;0.054737407254925895;0.0;0.0;0.0;0.0;-0.08616727272658695
877.0;9.99914578222839;-0.28784294;0.0;0.0;0.23646145688035466;0.0;0.005332634988334923;0.08101091431090258;0.05120301862153527;0.0;0.0;0.0;0.0;-0.08616727272658357
878.0;9.999229893885325;-0.28669345;0.0;0.0;0.2258790872730716;0.0;0.005360849984640086;0.09001829783084138;0.051600260721344514;0.0;0.0;0.0;0.0;-0.08616727272656971
879.0;9.999361518659233;-0.28315085000000006;0.0;0.0;0.2074315761105644;0.0;0.006193934999389567;0.09700899929952636;0.058681514511106675;0.0;0.0;0.0;0.0;-0.08616727272654749
880.0;49.9995580147748;-0.27741529;0.00673771514725793;4.529721536936335e-14;0.17874093681810313;0.0;0.007595775016908189;0.10379837947704613;0.066708;0.0;0.0;8.409295344682064e-13;0.0;-0.08616724382138896
881.0;62.340534984001955;-0.26963154;0.01008;5.3624224342098934e-14;0.13742918318804606;0.0;0.007543799998449735;0.10823438552631874;0.066708;0.0;0.0;9.971357742868103e-13;0.0;-0.06029379122474841
882.0;62.34082795065019;-0.26227061000000007;0.01008;5.3624433286095244e-14;0.09696059350233573;0.0;0.00727204499725149;0.1123753526839629;0.066708;0.0;0.0;9.971397001747126e-13;0.0;-0.03105784898447079
883.0;62.34151743500341;-0.25200809;0.01008;5.3624349663172716e-14;0.05379453659847249;0.0;0.0070017750105732905;0.1152632691344645;0.066708;0.0;0.0;9.971381289676797e-13;0.0;-0.000827615339494372
884.0;118.02510133504035;-0.24006014000000003;0.01008;3.145515661719939e-13;0.021253667207684606;0.0;0.007423514988153163;0.10139293966218835;0.066708;4.2690835827857796e-14;0.033199185413552317;6.158041332795034e-12;4.5157627682250694e-15;-9.810489278650383e-9
885.0;118.02520023208474;-0.23326367999999997;0.01008;3.1455444025230076e-13;0.005450925125012223;0.0;0.00700622998516742;0.09933460506152907;0.066708;4.2690988092214726e-14;0.0446813797528579;6.158101173908381e-12;4.515770780548514e-15;-9.810472758445308e-9
886.0;118.0252336094876;-0.23109026000000008;0.01008;3.145553219458702e-13;0.00208814884259699;0.0;0.006336494983360151;0.1060580360048625;0.066708;4.2691034802658015e-14;0.0398169403482972;6.158119531629459e-12;4.515773238498741e-15;-9.810467690545767e-9
887.0;118.02523350965194;-0.22468016000000005;0.01008;3.1455532241563124e-13;0.0020288641283915244;0.0;0.005564295004781017;0.10577688066053667;0.066708;4.2691034827557444e-14;0.034519487667795744;6.1581195414100425e-12;4.515773239808174e-15;-9.810467687845631e-9
888.0;118.02522382646566;-0.2106524;0.01008;3.145551144761771e-13;0.001936642847269773;0.0;0.00563409001158165;0.09980666855980228;0.066708;4.269102381130822e-14;0.026484502545001138;6.158115211907012e-12;4.5157726601233936e-15;-9.81046888306086e-9
889.0;118.02517377862597;-0.20793601;0.01008;3.8612677168298863e-13;0.001745613340377417;0.0;0.0019156499980051119;0.0699660224651568;0.066708;5.2355701259720476e-14;0.057518903765541605;7.558285389080153e-12;5.542591769414652e-15;-1.2041283415346273e-8
890.0;118.02517538606192;-0.20626779;0.01008;3.861268360952004e-13;0.001360261038676117;0.0;0.002055239988308377;0.0694488360075335;0.066708;5.2355704666121325e-14;0.05661365023531742;7.558286729992038e-12;5.542591948955658e-15;-1.204128304515872e-8
891.0;118.025169789826;-0.20421237;0.01008;3.861267014094655e-13;0.001073716962731876;0.0;0.002087910004875609;0.06512043174172574;0.066708;5.235569754332077e-14;0.059140610949657606;7.558283926150855e-12;5.5425915735352136e-15;-1.204128381921999e-8
892.0;118.02516661413549;-0.20259846;0.01008;3.861266153095926e-13;0.0010868912207504405;0.0;0.0019527750115365117;0.06332589725647338;0.066708;5.2355692989962915e-14;0.059443236564541105;7.558282133753865e-12;5.5425913335413604e-15;-1.2041284314050582e-8
893.0;118.02515844625853;-0.20483620000000002;0.01008;3.8612638449488517e-13;0.0012910949856478155;0.0;0.00197950499332152;0.059351541568129225;0.066708;5.2355680783420175e-14;0.06542448525010325;7.558277328732825e-12;5.542590690171751e-15;-1.2041285640583345e-8
894.0;118.0251230476791;-0.21284504000000004;0.01008;3.861252105283457e-13;0.00535211689924162;0.0;0.00195722998520268;0.05409636680637224;0.066708;5.235561869851981e-14;0.07464981148910109;7.558252889511228e-12;5.542587417863827e-15;-1.2041292387604886e-8
895.0;118.02498633039663;-0.22615025000000002;0.01008;3.861204542543121e-13;0.024988621533769025;0.0;0.001489455001091037;0.048612102387046226;0.066708;5.2355367161910506e-14;0.07427037274275004;7.558153875169687e-12;5.542574160089234e-15;-1.2041319723370163e-8
896.0;118.02472430118526;-0.24218933000000004;0.01008;3.8611120987719784e-13;0.06498293129334792;0.0;0.0013305600084110424;0.047005005009957454;0.066708;5.235487826016988e-14;0.05208054798002505;7.55796142961577e-12;5.542548391291079e-15;-1.2041372855947312e-8
897.0;118.02440375300972;-0.25648709000000003;0.01008;3.8609990186855464e-13;0.11391280554551637;0.0;0.0012399749847136238;0.04505427282859558;0.066708;5.235428020099374e-14;0.01948903310931417;7.5577260250472e-12;5.542516868749792e-15;-1.2041437853506028e-8
898.0;62.339160039793704;-0.26611491000000004;0.01008;6.582187488264909e-14;0.15221749339084123;0.0;0.0011003850165694166;0.04700847541988662;0.066708;0.0;0.0;1.2238589922991632e-12;0.0;-0.010941067097347304
899.0;62.33896919479;-0.27436441000000006;0.01008;6.582175231412381e-14;0.17575692552400807;0.0;0.0008330849890373756;0.04818169143816295;0.066708;0.0;0.0;1.223856689570613e-12;0.0;-0.02713207435319706
900.0;62.33890031982397;-0.27917721000000006;0.01008;6.582169611579934e-14;0.18589795177207602;0.0;0.0006801300078416477;0.0514305979218566;0.066708;0.0;0.0;1.2238556337574858e-12;0.0;-0.03555535213993994
901.0;62.338897130654;-0.28013309000000003;0.01008;6.582169965528822e-14;0.18713305570028307;0.0;0.0005123249979353955;0.057171720365021945;0.066708;0.0;0.0;1.223855700254742e-12;0.0;-0.041407385954914444
902.0;62.338914554187284;-0.27946378000000005;0.01008;6.582172225779974e-14;0.18537097444512238;0.0;0.00046035000228947107;0.06293019740126708;0.066708;0.0;0.0;1.2238561248943202e-12;0.0;-0.046020712446480955
903.0;62.33901940665355;-0.27543141000000004;0.01008;6.582182040153542e-14;0.17124467964987225;0.0;0.0005687549905454979;0.0683068587654566;0.066708;0.0;0.0;1.2238579687475276e-12;0.0;-0.04141227570553989
904.0;62.339191929655605;-0.26970928;0.01008;6.582196214131475e-14;0.14754386055130325;0.0;0.0006029099983347756;0.06791810163767252;0.066708;0.0;0.0;1.2238606316516097e-12;0.0;-0.0230811392098863
905.0;118.02446374559268;-0.26225766;0.01008;3.8610168650634475e-13;0.11079375653955012;0.0;0.0005791500001327355;0.0681610754783922;0.066708;5.2354374588524876e-14;0.005932201576199686;7.557763176701397e-12;5.542521843757308e-15;-1.2041427595243123e-8
906.0;118.02470224367397;-0.25424610000000003;0.01008;3.8611012307164886e-13;0.07396131295418072;0.0;0.0005925149910252405;0.0679944640090922;0.066708;5.235482078200636e-14;0.03490690765685232;7.557938804993518e-12;5.542545361745317e-15;-1.2041379102623418e-8
907.0;118.02493867106627;-0.24458312000000004;0.01008;3.861185087874013e-13;0.03705640929034344;0.0;0.0005657850092402385;0.06636306931151692;0.066708;5.235526427436833e-14;0.06380756761401159;7.55811337520914e-12;5.542568737160993e-15;-1.2041330904797457e-8
908.0;128.7874654848982;-0.23670641999999997;0.01008;6.48506558496257e-12;0.012041439240470278;0.0;0.00044995501838439387;0.06520720852216098;0.066708;8.268200412971067e-14;0.07649999999993932;0.005343806239130265;6.780463405417804e-15;-1.0280789207918996e-8
909.0;128.78753140740054;-0.23433916;0.01008;6.485718037891921e-12;0.0032672613445348516;0.0;0.0004841100028756769;0.07046238328391796;0.066708;8.268230174418981e-14;0.07649999999993934;0.006461412416614714;6.780472812097151e-15;-1.0280779972267806e-8
910.0;128.7875411722972;-0.23115626;0.01008;6.485802643470146e-12;0.0022627100660102192;0.0;0.000504899996474458;0.07255195729663129;0.066708;8.268234033246265e-14;0.07649999999993934;0.002172621176770215;6.780474031749923e-15;-1.028077877479288e-8
911.0;118.02517477242266;-0.22464458;0.01008;3.861267741220405e-13;0.0021869570683405036;0.0;0.0004321350071232243;0.07220485208241208;0.066708;5.235570138869603e-14;0.07303075790024258;7.558285439856635e-12;5.542591776213043e-15;-1.2041283401328643e-8
912.0;118.025175457766;-0.21686397000000002;0.01008;3.8612679273181423e-13;0.002183663780396825;0.0;0.00038609999966350024;0.0725901388002515;0.066708;5.2355702372866474e-14;0.06491418080936276;7.558285827267502e-12;5.542591828085507e-15;-1.2041283294375135e-8
913.0;62.34549550323939;-0.24640038000000003;0.01008;5.60562307155756e-14;0.0006850710042941953;0.0;0.017272034993513898;0.19297321127508235;0.066708;0.0;0.0;1.0423409566483474e-12;0.0;-0.04127174775286537
914.0;62.3454924607915;-0.24376984000000004;0.01008;5.605622751410067e-14;0.00034582915877979663;0.0;0.01706413498763205;0.18922100251690055;0.066708;0.0;0.0;1.0423408964966004e-12;0.0;-0.03960300499152527
915.0;62.345493447524994;-0.24148904000000004;0.01008;5.605623029593815e-14;0.0001712679353591294;0.0;0.016150860004229595;0.18995339572063596;0.066708;0.0;0.0;1.0423409487638686e-12;0.0;-0.04152819384645806
916.0;62.345492713038226;-0.24120180000000002;0.01008;5.605622784101877e-14;0.0001679742786675007;0.0;0.015149969979573834;0.18866216350987178;0.066708;0.0;0.0;1.04234090263883e-12;0.0;-0.039520178682711175
917.0;62.345498978395526;-0.24744431;0.01008;5.605622392504639e-14;0.00017126793535912938;0.0;0.01371843000763582;0.18881488952435835;0.066708;0.0;0.0;1.042340829062769e-12;0.0;-0.03200293104168412
918.0;62.34552584717055;-0.26250809;0.01008;5.605620410596532e-14;0.0004084078984248406;0.0;0.011046915003113028;0.1890995165503071;0.066708;0.0;0.0;1.0423404566869435e-12;0.0;-0.01479301942719152
919.0;64.44233797492184;-0.27459329000000005;0.01008;5.786235873143225e-14;0.0038732856945446438;0.0;0.010922174994991169;0.1829522804787614;0.066708;0.0;0.0;1.0762871842008633e-12;0.0;-2.349557917458072e-7
920.0;62.34537676426793;-0.28469713;0.01008;5.6056007964226385e-14;0.02693185132568892;0.0;0.012315104985406866;0.17607265311099582;0.066708;0.0;0.0;1.0423367714277425e-12;0.0;-0.007374729870394953
921.0;62.34493570277807;-0.2957368600000001;0.01008;5.605574308324621e-14;0.07922120820358099;0.0;0.012511124991618251;0.15994613879253286;0.066708;0.0;0.0;1.0423317946443019e-12;0.0;-0.03268470013564205
922.0;62.34450346519097;-0.30552585;0.01008;5.6055449628789234e-14;0.13597011318603877;0.0;0.012889799989850527;0.15339278972844406;0.066708;0.0;0.0;1.042326281001205e-12;0.0;-0.07346379556392699
923.0;23.74024054264404;-0.31296623;0.0;3.559412216199079e-14;0.17189022751130967;0.0;0.012280949997575348;0.14918934501832454;0.066708;0.0;0.0;0.0;0.0;-0.08616726914920012
924.0;9.999588335137283;-0.31682139000000004;0.0;0.0;0.18835169134443552;0.0;0.012092354986648965;0.15690549632739811;0.045635964638611665;0.0;0.0;0.0;0.0;-0.0861672724110609
925.0;9.999585067397048;-0.313664;0.0;0.0;0.1881771301210149;0.0;0.014700014995855257;0.15435080090797917;0.042600231787463166;0.0;0.0;0.0;0.0;-0.0861672724110613
926.0;9.999646611580262;-0.31389266000000005;0.0;0.0;0.17976854295537892;0.0;0.016101854980266186;0.15843623069724355;0.045750247691059454;0.0;0.0;0.0;0.0;-0.0861672724110505
927.0;47.067685590218815;-0.31020917000000003;0.0;4.565015022250068e-14;0.16090603731902037;0.0;0.016562204995062373;0.15031396575982509;0.066708;0.0;0.0;8.471991805999402e-13;0.0;-0.08616724987382055
928.0;62.344571191400846;-0.30257685;0.01008;5.605546815100701e-14;0.1272716886565149;0.0;0.016566659992695253;0.14341351148152767;0.066708;0.0;0.0;1.0423266290103575e-12;0.0;-0.06141529431637021
929.0;62.34492359156797;-0.29244745;0.01008;5.605569766586313e-14;0.07879962641576767;0.0;0.016381035018230256;0.13494414132975402;0.066708;0.0;0.0;1.0423309413082384e-12;0.0;-0.014423521003851773
930.0;118.02506730327096;-0.28028421000000003;0.01008;3.287964762899732e-13;0.03232019771117126;0.0;0.01758982500314171;0.12327793101689587;0.066708;4.461530760000539e-14;0.03030475559272251;6.436708651268214e-12;4.720137670330223e-15;-1.0255112001134087e-8
931.0;118.02523605156418;-0.2781512;0.01008;3.2880152764750065e-13;0.006952811189011084;0.0;0.017874945018530465;0.12577708970377424;0.066708;4.461557511169537e-14;0.05075519190305276;6.436813821205804e-12;4.720151751954896e-15;-1.025508296301212e-8
932.0;118.02529023194275;-0.27798395000000004;0.01008;3.2880301192265267e-13;0.0017456133403882662;0.0;0.018290745006996154;0.1376376792163768;0.066708;4.461565371553474e-14;0.04351856300355574;6.4368447240522766e-12;4.720155889589868e-15;-1.025507443074394e-8
933.0;118.02531205924343;-0.27343448;0.01008;3.2880353877124573e-13;0.0011659382438644768;0.0;0.018339749996900006;0.14813067351097184;0.066708;4.4615681616149395e-14;0.029006540446329433;6.436855693128116e-12;4.720157358250661e-15;-1.0255071402208036e-8
934.0;118.02532231062511;-0.26551864000000003;0.01008;3.288037820960712e-13;0.0009814956816209734;0.0;0.01778435999483305;0.1533893193185126;0.066708;4.4615694502014213e-14;0.01657177109785015;6.436860759193296e-12;4.720158036548457e-15;-1.025507000348386e-8
935.0;79.1608392512201;-0.25779386;0.01008;7.472095967915221e-14;0.00065213517489879;0.0;0.018111059996885278;0.15871044395015424;0.066708;0.0;1.432458433839585e-14;1.3942401474875435e-12;0.0;-3.093996649649848e-8
936.0;62.345519874857565;-0.24962779000000007;0.01008;5.605614850653496e-14;0.0003425355020881677;0.0;0.017653679997488292;0.16303190548854937;0.066708;0.0;0.0;1.0423394120426158e-12;0.0;-0.008150998750217443
937.0;48.290266667914125;-0.23256747000000005;0.0;6.869239096094504e-14;5.599179478424943e-5;0.0;0.008883270000098129;0.19140429540158968;0.066708;0.0;0.0;1.2748537387056482e-12;0.0;-0.034516081232658084
938.0;48.29017542090072;-0.17658186000000003;0.0;6.869241104280701e-14;6.587202736323442e-5;0.0;0.007828920011872357;0.17322986025565787;0.066708;0.0;0.0;1.2748541146085718e-12;0.0;-0.07127462369811385
939.0;48.290175194168;-0.17655138;0.0;6.869240750535458e-14;5.5991794784249515e-5;0.0;0.008810504987555385;0.17161929119694622;0.066708;0.0;0.0;1.2748540483927637e-12;0.0;-0.07066652478217725
940.0;48.29025123206422;-0.22202557000000006;0.0;6.869238294379422e-14;5.599179478424938e-5;0.0;0.007747245005401274;0.1834625254806298;0.066708;0.0;0.0;1.2748535886364735e-12;0.0;-0.03597977931327906
941.0;48.290247866054614;-0.2206648;0.0;6.869237802996091e-14;5.599179478424935e-5;0.0;0.007842285002764859;0.18038023046623616;0.066708;0.0;0.0;1.2748534966566777e-12;0.0;-0.034353476228236375
942.0;48.2902498259631;-0.22186983000000002;0.0;6.869237768073559e-14;6.916568405486281e-5;0.0;0.007574984998530776;0.18086270646602162;0.066708;0.0;0.0;1.2748534901196761e-12;0.0;-0.03337696447787447
943.0;48.29025222777578;-0.22557353000000002;0.0;6.869237975615275e-14;0.00035571012874705536;0.0;0.008656064991839556;0.1836985572297664;0.066708;0.0;0.0;1.2748535289682136e-12;0.0;-0.033876727276939855
944.0;48.29022469138499;-0.23103197000000003;0.0;6.8692357247813e-14;0.0047230369521910195;0.0;0.009633194993856417;0.18503491303571984;0.066708;0.0;0.0;1.2748531076452161e-12;0.0;-0.03509900041254805
945.0;48.29002973232359;-0.24062506;0.0;6.869221127203205e-14;0.0312925915731379;0.0;0.010969694991728821;0.1812688194585638;0.066708;0.0;0.0;1.2748503751928221e-12;0.0;-0.049644098276672356
946.0;48.28970408451905;-0.25314414;0.0;6.869202698697481e-14;0.07069075758398691;0.0;0.011909700003512264;0.17863776103190152;0.066708;0.0;0.0;1.2748469256472153e-12;0.0;-0.07482417212517856
947.0;10.00015195918622;-0.26153069999999995;0.0;0.0;0.1060608386160429;0.0;0.011979494971956176;0.17462869424967536;0.05502667846075471;0.0;0.0;0.0;0.0;-0.08616726472700229
948.0;10.000032002564403;-0.26628322000000004;0.0;0.0;0.12498592336137314;0.0;0.0125868599696688;0.17621149494211677;0.03866361751267899;0.0;0.0;0.0;0.0;-0.08616726472706296
949.0;10.000017490326819;-0.27092728000000005;0.0;0.0;0.1294191225811538;0.0;0.012949199971266407;0.1844726017110241;0.030250775590547407;0.0;0.0;0.0;0.0;-0.08616726472707197
950.0;10.000132677343522;-0.26944688000000006;0.0;0.0;0.11449577429771599;0.0;0.014985134981771306;0.19518427316167591;0.030946107462383386;0.0;0.0;0.0;0.0;-0.08616726472701626
951.0;10.00031167141484;-0.26488025;0.0;0.0;0.08855200633572367;0.0;0.015788519985695918;0.2014634083371673;0.045240987186542195;0.0;0.0;0.0;0.0;-0.08616726472692753
952.0;48.289792108726964;-0.25759601;0.0;6.869221973608254e-14;0.05196329002766664;0.0;0.015282135011889514;0.20419165604598058;0.066708;0.0;0.0;1.2748505336272743e-12;0.0;-0.08056129662484345
953.0;48.290186354592976;-0.26033399000000007;0.0;6.869236928087319e-14;0.015661116688446608;0.0;0.016061759993174943;0.2265035873037727;0.066708;0.0;0.0;1.274853332886497e-12;0.0;-0.06462837392845278
954.0;48.290315133495916;-0.27300153;0.0;6.869246459004508e-14;0.0026480623675530324;0.0;0.016626059989170244;0.24826709142020922;0.066708;0.0;0.0;1.2748551169343393e-12;0.0;-0.06127677136609602
955.0;48.29029884425631;-0.27409846000000004;0.0;6.869254818579586e-14;0.00011198248355013674;0.0;0.016943849997828237;0.26759044589977;0.066708;0.0;0.0;1.2748566817243117e-12;0.0;-0.0772766923590409
956.0;48.29028017682381;-0.27213919999999997;0.0;6.86925622351621e-14;7.24597094944427e-5;0.0;0.01655626500566762;0.267621685311824;0.066708;0.0;0.0;1.274856944707776e-12;0.0;-0.07883758567287476
957.0;48.29019074845983;-0.26745964000000005;0.0;6.869262839648365e-14;6.587202736323563e-5;0.0;0.016679519999336274;0.2664484692935477;0.066708;0.0;0.0;1.274858183150595e-12;0.0;-0.08244881344167697
958.0;34.87617645377314;-0.26182217999999996;0.0;5.895590726913563e-14;5.9285082641256555e-5;0.0;0.01625332500091038;0.26540715301503465;0.066708;0.0;0.0;1.0928219132302854e-12;0.0;-0.08616722968830494
959.0;48.290057765089905;-0.25732641;0.0;6.869273036929008e-14;5.928508272792946e-5;0.0;0.016563690008373915;0.2584338067752892;0.066708;0.0;0.0;1.2748600919321037e-12;0.0;-0.08442762531896855
960.0;31.097361415355298;-0.25124738;0.0;5.66897208186453e-14;6.257873929493038e-5;0.0;0.01670476498772537;0.25417135365102206;0.066708;0.0;0.0;1.050516944993853e-12;0.0;-0.08616724159793338
961.0;10.0093974299118;-0.3090022400000001;0.0;0.0;5.8341746663847825e-5;0.0;0.016940159975813898;0.34737235078982953;0.03583590958473076;0.0;0.0;0.0;0.0;-0.09126005794813165
962.0;10.009416926174671;-0.306248792;0.0;0.0;5.490947232823187e-5;0.0;0.01668383999986578;0.3484051139306955;0.03230959080977772;0.0;0.0;0.0;0.0;-0.09126005794807276
963.0;10.009402984174406;-0.30415355600000005;0.0;0.0;5.490947232823024e-5;0.0;0.016774559983230054;0.3476627006750668;0.030865945923839615;0.0;0.0;0.0;0.0;-0.09126005794811494
964.0;10.009360228223926;-0.301235648;0.0;0.0;5.8341746663843475e-5;0.0;0.016130879970015437;0.34539135588389897;0.0308593199054801;0.0;0.0;0.0;0.0;-0.09126005794824427
965.0;10.00944960890908;-0.302477488;0.0;0.0;5.8341746663853924e-5;0.0;0.015550559988932101;0.3501508885486003;0.02792260214726068;0.0;0.0;0.0;0.0;-0.09126005794797375
966.0;10.009527946396021;-0.30769451999999997;0.0;0.0;5.8341746663863085e-5;0.0;0.016830719990144974;0.354322370156609;0.027688566546558248;0.0;0.0;0.0;0.0;-0.0912600579477366
967.0;10.009687150172512;-0.32105586;0.0;0.0;7.550081299708882e-5;0.0;0.01617695999133029;0.3628270482042932;0.033183009667127526;0.0;0.0;0.0;0.0;-0.09126005794725416
968.0;10.009696347014499;-0.337821464;0.0;0.0;0.0018326035755022122;0.0;0.015988319999385398;0.3660870517853014;0.04512161636276695;0.0;0.0;0.0;0.0;-0.09126005794206526
969.0;9.994113811473836;-0.34487036000000004;0.0;0.0;0.009893999717005927;0.0;0.012985919989429237;0.3581373463627262;0.0553797930735647;0.0;0.0;0.0;0.0;-0.09126005797435877
970.0;10.008676125360967;-0.350658236;0.0;0.0;0.027914601104420175;0.0;0.01298159999239325;0.352881647323121;0.048101845888001905;0.0;0.0;0.0;0.0;-0.09126005794440853
971.0;10.007897803116114;-0.35772102000000006;0.0;0.0;0.05433978226534751;0.0;0.013181759984017662;0.35309849040548646;0.02833782249117654;0.0;0.0;0.0;0.0;-0.09126005794600929
972.0;10.007377734134634;-0.362622804;0.0;0.0;0.07184903894218558;0.0;0.013319999980183492;0.35301028304994797;0.0156904739185236;0.0;0.0;0.0;0.0;-0.09126005794708307
973.0;10.007238298886605;-0.3632683440000001;0.0;0.0;0.07663302651835464;0.0;0.01341215997762767;0.35312789285733265;0.011345051126043034;0.0;0.0;0.0;0.0;-0.09126005794736838
974.0;10.00754821468807;-0.36052534;0.0;0.0;0.06685570952723394;0.0;0.01362239997744608;0.3542157862686667;0.017075702013502128;0.0;0.0;0.0;0.0;-0.09126005794670974
975.0;10.007995673766958;-0.3571339480000001;0.0;0.0;0.05039316473387786;0.0;0.013199039994834605;0.3520877791035052;0.032688368152856924;0.0;0.0;0.0;0.0;-0.09126005794582585
976.0;10.005907720810699;-0.35125097600000005;0.0;0.0;0.02817198902053798;0.0;0.013358879976260835;0.3452994732218793;0.05495081287915684;0.0;0.0;0.0;0.0;-0.09126005797743532
977.0;25.992440369856673;-0.348319268;0.0;4.52162860014815e-14;0.010384753087532632;0.0;0.01313999999315626;0.3456853810757641;0.062784;0.0;0.0;0.0;0.0;-0.0834012796799264
978.0;25.992768371305406;-0.349511756;0.0;4.521640108614027e-14;0.002515540102701178;0.0;0.013027680001919005;0.35200324705459446;0.062784;0.0;0.0;0.0;0.0;-0.08054912653800694
979.0;25.992905174925266;-0.350048488;0.0;4.5216454083369474e-14;0.0002059107167316571;0.0;0.012605759988203015;0.35556830174676307;0.062784;0.0;0.0;0.0;0.0;-0.08084674143520636
980.0;25.992884595691297;-0.34531790800000006;0.0;4.521644413074042e-14;7.20685392807574e-5;0.0;0.009584639998555623;0.35419373442992896;0.062784;0.0;0.0;0.0;0.0;-0.08104804072692068
981.0;25.99277547538041;-0.33755634;0.0;4.521639446836983e-14;6.520514328195844e-5;0.0;0.009171360001543977;0.34795672519367565;0.062784;0.0;0.0;0.0;0.0;-0.08215321389361509
982.0;25.988791948555008;-0.327792368;0.0;4.521659626883114e-14;6.520514328196604e-5;0.0;0.008992799995199637;0.3466630146194185;0.062784;0.0;0.0;0.0;0.0;-0.09010369965551489
983.0;25.191559090832445;-0.319935604;0.0;4.4913168588343613e-14;6.520514327010915e-5;0.0;0.010087199987236754;0.3408890960195086;0.062784;0.0;0.0;0.0;0.0;-0.09125922655888004
984.0;9.94297760075185;-0.31246992000000007;0.0;0.0;6.52051426563739e-5;0.0;0.010730879989746258;0.3378238830085793;0.055773490556727666;0.0;0.0;0.0;0.0;-0.09126005810355044
985.0;121.23066997693368;-0.27386066000000003;0.009239999999805001;2.160138003246197e-13;5.8341747605026194e-5;0.0;0.01103039999796637;0.17730819767426745;0.062784;4.657119283386996e-14;0.013469065774349916;4.158968097373208e-12;4.9963251504050814e-15;-1.0854298180966063e-8
986.0;81.44441783050532;-0.26968904800000004;0.009239999999474797;6.961355646982484e-14;5.834174757279738e-5;0.0;0.013137119992640231;0.18185823719630073;0.062784;0.0;1.5217174901501636e-14;1.2996905190006719e-12;0.0;-3.249597738721303e-8
987.0;64.04981133275584;-0.2699100200000001;0.00923999999874476;5.373625927258964e-14;6.177325343352268e-5;0.0;0.01451375998788964;0.18834149196675953;0.062784;0.0;0.0;9.99945376684154e-13;0.0;-0.005172529103080112
988.0;64.05004289459943;-0.27094804400000005;0.009239999998744789;5.3736473143476435e-14;5.834174754619916e-5;0.0;0.015455520001310355;0.1946850850909553;0.062784;0.0;0.0;9.999494010667266e-13;0.0;-0.011412844063135362
989.0;64.0501155230656;-0.273382004;0.009239999998744796;5.3736535006411286e-14;5.4909473210574376e-5;0.0;0.016277759998277394;0.19795243928492506;0.062784;0.0;0.0;9.999505651340144e-13;0.0;-0.013064339472175059
990.0;64.05029152475886;-0.28085421200000005;0.009239999998744815;5.3736681364456305e-14;5.490947321057478e-5;0.0;0.016778880018269188;0.2068099467547633;0.062784;0.0;0.0;9.999533191357042e-13;0.0;-0.014949321483110643
991.0;64.05047315536278;-0.297232968;0.009239999998744836;5.373682354488784e-14;8.236420987822087e-5;0.0;0.016813439994718835;0.21827325325203237;0.062784;0.0;0.0;9.999559945281455e-13;0.0;-0.010095089466480937
992.0;69.37008941916388;-0.31664671200000005;0.00923999999910735;5.777071951939861e-14;0.0015237376928270777;0.0;0.01689120000967323;0.2257708946309618;0.062784;0.0;0.0;1.0759247471400933e-12;0.0;-1.0187422931180473e-7
993.0;64.33815702737209;-0.32630525600000004;0.009239999998772189;5.394739444620991e-14;0.008202101714830538;0.0;0.016883999984300232;0.22980271526595544;0.062784;0.0;0.0;1.0039184550203675e-12;0.0;-1.777379286218581e-6
994.0;64.04996574753109;-0.33165306000000006;0.009239999998744803;5.373659257906403e-14;0.023926800892495288;0.0;0.016930080005604364;0.22863763974526882;0.062784;0.0;0.0;9.999516484717832e-13;0.0;-0.009985104650192119
995.0;64.04938472789986;-0.33579872400000005;0.009239999998744764;5.373629175740209e-14;0.044991445775681385;0.0;0.016915680000355666;0.22774086361744778;0.062784;0.0;0.0;9.99945987947052e-13;0.0;-0.025979389368557156
996.0;64.04892877643846;-0.34043662;0.009239999998744733;5.3736055763960786e-14;0.062394315011736236;0.0;0.01662047998312564;0.2300269089612824;0.062784;0.0;0.0;9.999415472872838e-13;0.0;-0.04072442518439968
997.0;64.04866687981895;-0.34053706400000006;0.009239999998744716;5.3735928281573924e-14;0.07338307230634483;0.0;0.01650240000334403;0.23278339488116845;0.062784;0.0;0.0;9.999391484672297e-13;0.0;-0.054244133674158035
998.0;64.04878267758033;-0.337282948;0.009239999998744726;5.3736007013723226e-14;0.07121071660371353;0.0;0.01597967999807122;0.23536714072320197;0.062784;0.0;0.0;9.999406299603213e-13;0.0;-0.0573877643532375
999.0;64.04912626768647;-0.33321899600000005;0.00923999999874475;5.3736200127502095e-14;0.05991995720576084;0.0;0.01506528000365982;0.23622716445947167;0.062784;0.0;0.0;9.999442637583416e-13;0.0;-0.050113164826744945
1000.0;64.04952560283648;-0.326815728;0.009239999998744777;5.3736382727658667e-14;0.04163167261611839;0.0;0.015042240004298733;0.2295674943046732;0.062784;0.0;0.0;9.999476997230903e-13;0.0;-0.03155734543508652
1001.0;64.05001231667111;-0.3221441480000001;0.009239999998744808;5.373661743155448e-14;0.02154167069252163;0.0;0.01567871999229696;0.22612005009314562;0.062784;0.0;0.0;9.999521161179289e-13;0.0;-0.013341100246634508
1002.0;121.18873682882833;-0.319754136;0.009239999999804818;2.1544223488998972e-13;0.006753864451726512;0.0;0.015737760005805367;0.2199197939217139;0.062784;4.6494704595548935e-14;0.005006964048533098;4.147459524901462e-12;4.9921815350794465e-15;-1.086285614913064e-8
1003.0;121.23150994505478;-0.32015263600000005;0.009239999999805005;2.160250341375724e-13;0.0007927554731843487;0.0;0.015821279986545814;0.22319449940190159;0.062784;4.65726946293859e-14;0.008356186932541297;4.1591943202080274e-12;4.996406439960154e-15;-1.085413057713084e-8
1004.0;121.23108851110281;-0.31751678;0.009239999999805008;2.160309238226465e-13;0.00019218315660762816;0.0;0.015425280000351026;0.2244588075243125;0.062784;4.6573481969917e-14;0.005522017948842742;4.159312925181694e-12;4.99644905628431e-15;-1.0854042714654965e-8
1005.0;64.05059771208376;-0.3112657040000001;0.009239999998744846;5.373690431192326e-14;0.00010638744065854238;0.0;0.014448959986862594;0.22994605221870543;0.062784;0.0;0.0;9.999575143118413e-13;0.0;-0.005395517180376556
1006.0;64.05087682996634;-0.30225097600000006;0.00923999999874488;5.373716528973539e-14;8.579571576554586e-5;0.0;0.012959999999911922;0.2371129153411068;0.062784;0.0;0.0;9.999624251011583e-13;0.0;-0.02006296164244449
1007.0;64.05084294992218;-0.293477276;0.009239999998744877;5.37371391358265e-14;5.8341747546200996e-5;0.0;0.010792800000705038;0.23478276564624653;0.062784;0.0;0.0;9.99961932965917e-13;0.0;-0.024311985731916345
1008.0;64.05085621783915;-0.28511332400000006;0.009239999998744877;5.373715203874949e-14;6.177325343352515e-5;0.0;0.009073439997551419;0.2349665316435415;0.062784;0.0;0.0;9.999621757587296e-13;0.0;-0.031143524882745986
1009.0;121.22952791137529;-0.26337318400000004;0.009239999999630105;3.610880909494071e-13;0.001873785489288543;0.0;0.0095457600073002;0.11935216320677006;0.062784;7.764545528464769e-14;0.06059988132045462;6.9505552830665336e-12;8.350301094546784e-15;-1.8139819519288233e-8
1010.0;121.22949758831238;-0.25814528400000003;0.009239999999630107;3.610873324161711e-13;0.0014619648234980148;0.0;0.010018079994202624;0.11708816970182007;0.062784;7.764535437786704e-14;0.05757492478722225;6.950540012539012e-12;8.350295606660631e-15;-1.813983083309355e-8
1011.0;121.22947137197696;-0.256453348;0.009239999999630105;3.610866778751511e-13;0.0011119170270415756;0.0;0.009875520000979857;0.11514025255421646;0.062784;7.764526730490666e-14;0.05832304238974535;6.950526835548545e-12;8.350290871127557e-15;-1.8139840595866702e-8
1012.0;121.2294422088851;-0.255924324;0.009239999999630105;3.610859529758801e-13;0.0007378459998048152;0.0;0.010111680005727066;0.11299754483638834;0.062784;7.764517087213915e-14;0.06007412504388476;6.950512242132875e-12;8.350285626548826e-15;-1.8139851408118885e-8
1013.0;121.22948818150304;-0.25751011600000007;0.009239999999630105;3.6108688378836814e-13;0.00031572927945571367;0.0;0.009933119999382588;0.11478007251910084;0.062784;7.764529469735453e-14;0.06047806621723114;6.950530980921999e-12;8.350292360887918e-15;-1.8139837524573473e-8
1014.0;121.22950848277357;-0.264345684;0.009239999999630107;3.6108732454627134e-13;0.00027111586067899703;0.0;0.009645119984776919;0.11579078382108217;0.062784;7.76453533309278e-14;0.06663564957690611;6.950539854104973e-12;8.350295549720878e-15;-1.813983095047638e-8
1015.0;139.33761470468974;-0.27800014800000006;0.00923999999971833;8.283367718274615e-12;0.004004959663268908;0.0;0.009275040003760933;0.11506307111812365;0.062784;1.9030313944300758e-13;0.07199999999994433;0.005255340261238827;1.1914258819853799e-14;-1.418590788126948e-8
1016.0;121.22871660402294;-0.29368114;0.009239999999630101;3.610761639592497e-13;0.02756455330886079;0.0;0.009014399985322967;0.11365542604295921;0.062784;7.764386863251135e-14;0.07146216961201077;6.950315173380488e-12;8.350214802499827e-15;-1.8139997422037916e-8
1017.0;121.2269371316475;-0.309716252;0.009239999999630093;3.610476391496601e-13;0.08295447896458488;0.0;0.008510400004947018;0.10922667163478374;0.062784;7.76400738040488e-14;0.037068803454829095;6.9497409255782356e-12;8.350008408960648e-15;-1.814042296040101e-8
1018.0;64.03517649244505;-0.320612752;0.009239999997856045;8.98134735057705e-14;0.14176251952744454;0.0;0.008156159996110515;0.09959734778419099;0.062784;0.0;0.0;1.6710508791304286e-12;0.0;-0.0008918172036909036
1019.0;64.03387556649372;-0.32473344000000004;0.0092399999978559;8.981240659375531e-14;0.18783842682528637;0.0;0.007814880002750263;0.10065583874367871;0.062784;0.0;0.0;1.6710308070190084e-12;0.0;-0.043535165429287516
1020.0;64.03313576887982;-0.328444096;0.009239999997855823;8.981180589378407e-14;0.21775379181734034;0.0;0.008141759990861749;0.10421721812936659;0.062784;0.0;0.0;1.6710195058859874e-12;0.0;-0.07360847672040297
1021.0;50.187887934418235;-0.331802464;0.009239999830483696;7.598770036816025e-14;0.23035894630094683;0.0;0.007881119994261556;0.1123837673075497;0.062784;0.0;0.0;1.41138681997164e-12;0.0;-0.09126003254820758
1022.0;49.997915877899025;-0.330781472;0.0031552283653252574;7.583237456305098e-14;0.2287528443980007;0.0;0.008261279983702493;0.11912061822518781;0.062784;0.0;0.0;1.4084746608615614e-12;0.0;-0.09126003339114933
1023.0;64.03612762185553;-0.324966024;0.009239999997856452;8.981652917213718e-14;0.21104454078432464;0.0;0.008616960005924533;0.12217112933680593;0.062784;0.0;0.0;1.6711083662581517e-12;0.0;-0.08875297964825903
1024.0;64.03461712034927;-0.31692273200000004;0.00923999999785602;8.981330169685145e-14;0.17760467498115012;0.0;0.008367839987416555;0.12222993491375465;0.062784;0.0;0.0;1.6710476468413281e-12;0.0;-0.06324142620209001
1025.0;64.03599373787559;-0.307059108;0.00923999999785618;8.981448437330067e-14;0.12546470315409428;0.0;0.007856639981824348;0.11826427046866915;0.062784;0.0;0.0;1.6710698968665684e-12;0.0;-0.01652100049725948
1026.0;121.22745972575416;-0.299042804;0.009239999999630096;3.610555843947284e-13;0.06557906408097353;0.0;0.00761183998468037;0.10966035847277117;0.062784;7.764113083115389e-14;0.04422561205429072;6.949900875028287e-12;8.350065899665966e-15;-1.814030442286221e-8
1027.0;140.17066631843764;-0.29363217199999997;0.00923999999972156;0.0028839196036208755;0.01901583530335188;0.0;0.00812159999904418;0.1031881302950083;0.062784;2.0405251087454926e-13;0.07199999999994681;0.016477999851418207;1.2154670577612117e-14;-1.4046397371295739e-8
1028.0;140.17114268181032;-0.29462581200000004;0.009239999999721561;0.01757386677290493;0.003816208012483289;0.0;0.00821232000500049;0.10459210006368858;0.062784;2.040593116385708e-13;0.07199999999994681;0.01647799985148584;1.215478368683353e-14;-1.4046333707580739e-8
1029.0;140.17125395731676;-0.29144308;0.009239999999721561;0.014710614584786648;0.0019321272369743415;0.0;0.006821279981446455;0.10754705320679274;0.062784;2.040612217515819e-13;0.07199999999994681;0.016477999851504825;1.2154815454546628e-14;-1.4046315827393534e-8
1030.0;140.17126552484828;-0.285690176;0.009239999999721561;0.008978172440421199;0.002007627666754328;0.0;0.005990400012959013;0.10828211584945982;0.062784;2.0406147270471222e-13;0.07199999999994681;0.01647799985150732;1.2154819628197884e-14;-1.4046313478300306e-8
1031.0;140.171277088708;-0.27829892400000006;0.009239999999721561;0.0017683096175035063;0.002007627666754328;0.0;0.005209920017657964;0.10888119215233834;0.062784;2.0406168506903978e-13;0.07199999999994681;0.01647799985150943;1.2154823160066845e-14;-1.4046311490429033e-8
1032.0;139.33757485818157;-0.2702494920000001;0.00923999999971833;8.282658680022253e-12;0.001963013479528737;0.0;0.004129919985468686;0.10972283935620404;0.062784;1.903020893946056e-13;0.07199999999994433;0.010030063730042242;1.191423951798033e-14;-1.4185919429208043e-8
1033.0;121.22921074383919;-0.19311294800000006;0.009239999999793063;2.258933411678839e-13;0.0014413734828703912;0.0;0.005018399998012307;0.10178415985307787;0.062784;4.869240940667575e-14;0.012864769464232574;4.349049798465713e-12;5.225013898808781e-15;-1.1350770797193378e-8
1034.0;121.22910947970017;-0.19032716400000002;0.009239999999793065;2.2589185307773612e-13;0.0008030507592916017;0.0;0.005410079987150899;0.09538543713167057;0.062784;4.8692210534161585e-14;0.0167230997244998;4.349019833169735e-12;5.225003129409959e-15;-1.1350793000625642e-8
1035.0;121.229026801323;-0.18786792800000002;0.009239999999793063;2.2589065964342015e-13;0.00044613918261221356;0.0;0.005294880012937429;0.09042008797730239;0.062784;4.869205103955463e-14;0.01970043390258554;4.3489958012965395e-12;5.224994492381783e-15;-1.1350810807848537e-8
1036.0;121.22894402711981;-0.18551793200000002;0.009239999999793063;2.2588947478484747e-13;0.00016472841993696294;0.0;0.005682239982427818;0.08556867265058181;0.062784;4.8691892690431264e-14;0.022095073020465466;4.3489719421237665e-12;5.224985917354994e-15;-1.1350828487358118e-8
1037.0;121.22901330766213;-0.18596523600000003;0.009239999999793063;2.2589043203128138e-13;0.0001372736832693178;0.0;0.006135839989617351;0.08921458408532743;0.062784;4.86920206206403e-14;0.018470806054809028;4.348991217932606e-12;5.224992845117832e-15;-1.1350814204075356e-8
1038.0;121.22889194492929;-0.187458692;0.009239999999793061;2.258892034642945e-13;0.0036068657895028913;0.0;0.006220799984437384;0.08822224931574997;0.062784;4.869185643000622e-14;0.017403923214723217;4.348966478617327e-12;5.22498395375262e-15;-1.1350832535820295e-8
1039.0;121.22844549249875;-0.191927564;0.009239999999793061;2.2588488727061918e-13;0.017921077726783884;0.0;0.00597599998557776;0.08701674609703136;0.062784;4.86912795911018e-14;0.00901703388209906;4.348879564710539e-12;5.224952716138703e-15;-1.1350896940874442e-8
1040.0;64.03785986062012;-0.20286575599999998;0.009239999998683584;5.619340226643442e-14;0.05475160331623902;0.0;0.005706719994795668;0.08446975331979098;0.062784;0.0;0.0;1.0456511689707839e-12;0.0;-0.013840273185215237
1041.0;64.0365200481792;-0.21706582400000007;0.009239999998683484;5.6192647793714124e-14;0.10210072417112696;0.0;0.005368320007003569;0.08502840125138102;0.062784;0.0;0.0;1.0456369724959286e-12;0.0;-0.04718081739274376
1042.0;64.03541483424603;-0.22905638;0.009239999998683402;5.619202946578813e-14;0.14164926907496467;0.0;0.004920479988358282;0.0859031262135738;0.062784;0.0;0.0;1.0456253377822665e-12;0.0;-0.07514157538862266
1043.0;56.36642751645541;-0.236900376;0.009239999997015858;5.104517748192141e-14;0.16070285440117196;0.0;0.005359680012581227;0.0897658814039371;0.062784;0.0;0.0;9.48878602384115e-13;0.0;-0.09126002288915883
1044.0;49.999571544795074;-0.241084236;0.0012653615274498564;4.744407324780728e-14;0.16846224843931396;0.0;0.005402880005406362;0.09451806345567237;0.062784;0.0;0.0;8.813047517020144e-13;0.0;-0.09126005569932971
1045.0;9.999675078176097;-0.241619772;0.0;0.0;0.17362030665782724;0.0;0.005387039997013357;0.10328368826333265;0.05060040815850658;0.0;0.0;0.0;0.0;-0.09126008498178462
1046.0;9.999839044294019;-0.24007793200000005;0.0;0.0;0.17351391960126814;0.0;0.0049723199859220395;0.11184717121470912;0.0410173088487952;0.0;0.0;0.0;0.0;-0.0912600849817657
1047.0;10.00025611771209;-0.23772890000000002;0.0;0.0;0.16429942413549797;0.0;0.005699520002468965;0.11952857791767493;0.03946987106135254;0.0;0.0;0.0;0.0;-0.09126008498172734
1048.0;10.001007236607544;-0.23433117199999998;0.0;0.0;0.14476538110970127;0.0;0.005686559988709311;0.12872789023673767;0.0464097548148148;0.0;0.0;0.0;0.0;-0.09126008498166129
1049.0;61.80234460658853;-0.22958226399999998;0.00923999999842271;5.459446902040852e-14;0.11249234142348977;0.0;0.006017760008680356;0.13100291033455255;0.062784;0.0;0.0;1.0155744825109474e-12;0.0;-0.09125984600448943
1050.0;64.03831227879431;-0.22663391600000005;0.00923999999868366;5.6193970850091673e-14;0.0752328349491816;0.0;0.005755679999086019;0.13722889297810836;0.062784;0.0;0.0;1.04566186768202e-12;0.0;-0.06334077830955114
1051.0;64.0394107149146;-0.21999523600000004;0.009239999998683742;5.6194589678434476e-14;0.03618533946980864;0.0;0.0049190399968703355;0.1360564675177167;0.062784;0.0;0.0;1.0456735118209917e-12;0.0;-0.028946501026143014
1052.0;64.03964259245873;-0.21850231599999997;0.00923999999868371;5.619435169198388e-14;0.009478747161981816;0.0;0.005630399994088091;0.13268620474228532;0.062784;0.0;0.0;1.0456690337658355e-12;0.0;-0.0011112425677887795
1053.0;121.22973835408995;-0.216914716;0.009239999999793068;2.259008662937029e-13;0.003023452923483543;0.0;0.004955040011065305;0.1323738023449216;0.062784;4.869341507018165e-14;0.004563303518126135;4.349201330301685e-12;5.2250683571160174e-15;-1.1350658522524105e-8
1054.0;121.22974309084232;-0.21573549200000003;0.009239999999793067;2.2590083710902605e-13;0.002299334099790343;0.0;0.004871520007733341;0.1314843768300621;0.062784;4.8693411169979826e-14;0.005080600931606686;4.3492007426163295e-12;5.22506814591435e-15;-1.1350658957939676e-8
1055.0;90.93451676964537;-0.213511308;0.00923999999959138;8.687351928885952e-14;0.002302765989878853;0.0;0.00517535999608321;0.13346537106273082;0.062784;0.0;2.0912659149348904e-14;1.6264603914676422e-12;0.0;-2.256634577331346e-8
1056.0;64.04014165303128;-0.20901655200000002;0.00923999999868378;5.619488028403619e-14;0.0022993340997288112;0.0;0.005459039990367983;0.1329875798737086;0.062784;0.0;0.0;1.0456789799815626e-12;0.0;-0.0035367533819748173
1057.0;121.22894430561297;-0.211443212;0.009239999999813307;2.0909380456172866e-13;0.002155197020458439;0.0;0.0010137599933675422;0.08872209234364885;0.062784;4.508799707734857e-14;0.04754653681674265;4.025796933182736e-12;4.836715318234163e-15;-1.0506480812786607e-8
1058.0;121.22894212552494;-0.20657589200000004;0.009239999999813307;2.0909374535829903e-13;0.0018978087201152085;0.0;0.0010108800103914056;0.08820019747686654;0.062784;4.5087989159595134e-14;0.043461158666035324;4.025795740945813e-12;4.836714889740065e-15;-1.0506481696068994e-8
1059.0;121.22895185899448;-0.204165704;0.009239999999813307;2.0909383326877978e-13;0.0015923743424354861;0.0;0.0014371199985716311;0.08823695054167427;0.062784;4.508800091656521e-14;0.04089323965907117;4.025797511284377e-12;4.836715526006746e-15;-1.050648038449346e-8
1060.0;121.22896352125247;-0.20534631200000003;0.009239999999813307;2.0909396009192712e-13;0.001403623460097594;0.0;0.0024206400136583127;0.08856037818523854;0.062784;4.5088017877606404e-14;0.040955585766570095;4.0258000652458774e-12;4.836716443907423e-15;-1.0506478492365069e-8
1061.0;121.22891226182881;-0.20997695200000005;0.009239999999813309;2.0909347893869426e-13;0.0028621560093701156;0.0;0.002704320008615778;0.08813036665373188;0.062784;4.508795352920384e-14;0.04427481265949234;4.0257903757961114e-12;4.836712961485122e-15;-1.0506485670910314e-8
1062.0;121.22850636482436;-0.22145912400000006;0.009239999999813306;2.090895269387098e-13;0.013240045317067566;0.0;0.0031075199974349137;0.08287834157409442;0.062784;4.508742499300076e-14;0.05023322493738572;4.025710790616079e-12;4.8366843578558054e-15;-1.0506544634254416e-8
1063.0;121.22742356485949;-0.23211537200000004;0.009239999999813304;2.0907931918472902e-13;0.04368048219591829;0.0;0.0036705599902936334;0.07321226465871732;0.062784;4.5086059783932175e-14;0.03956842183818829;4.0255052280083755e-12;4.8366104731351425e-15;-1.0506696946266156e-8
1064.0;121.22577384094843;-0.25208417200000005;0.009239999999813299;2.090645073829631e-13;0.09614991086298588;0.0;0.003931199985889994;0.06808887665241961;0.062784;4.5084078728667644e-14;0.01196030892348658;4.0252069512397356e-12;4.836503255050431e-15;-1.0506917991111694e-8
1065.0;64.03182528184819;-0.267798144;0.009239999998785662;5.2011194761070355e-14;0.15586738924180651;0.0;0.004184640000460285;0.06668123157724502;0.062784;0.0;0.0;9.678545101464397e-13;0.0;-0.03076629650983349
1066.0;64.03040734465368;-0.28170886800000006;0.009239999998785565;5.2010468691426046e-14;0.20787008738552415;0.0;0.004383360000597684;0.07029774056014448;0.062784;0.0;0.0;9.678408476076742e-13;0.0;-0.07264164907936324
1067.0;23.140606766646748;-0.29189089200000007;0.0;3.383885448688041e-14;0.23975876114309955;0.0;0.004792319996831448;0.07598345180446235;0.062784;0.0;0.0;0.0;0.0;-0.09126008255264263
1068.0;9.997043688709214;-0.29416516400000003;0.0;0.0;0.24865752656041618;0.0;0.005135039996609197;0.08146702119228412;0.05021782331827447;0.0;0.0;0.0;0.0;-0.09126008558799328
1069.0;9.99719191458054;-0.292530728;0.0;0.0;0.2463856471972246;0.0;0.0051710399871390976;0.08577816511981853;0.04650739654637156;0.0;0.0;0.0;0.0;-0.09126008558796607
1070.0;9.997697492918546;-0.2913713400000001;0.0;0.0;0.23535913987983811;0.0;0.005198399983557021;0.09531560630836863;0.046804623175483284;0.0;0.0;0.0;0.0;-0.09126008558787985
1071.0;9.998405614630006;-0.28778982000000003;0.0;0.0;0.2161373942434958;0.0;0.006006239997868062;0.10271768971879577;0.0542247804898065;0.0;0.0;0.0;0.0;-0.09126008558776671
1072.0;49.99936175635502;-0.281975748;0.006958735135421914;4.3916465754477553e-14;0.18624262059272947;0.0;0.007365600016148033;0.10990660468022868;0.062784;0.0;0.0;8.157983514196387e-13;0.0;-0.09126005845562957
1073.0;64.03312972064451;-0.274103448;0.009239999998785789;5.201214090222407e-14;0.14319702961447278;0.0;0.007315199998368937;0.11460365646150855;0.062784;0.0;0.0;9.67872313803228e-13;0.0;-0.06284376521453088
1074.0;64.03443131795159;-0.26668653200000003;0.009239999998785884;5.2012852783190865e-14;0.10102998982532263;0.0;0.00705167999720446;0.11898830719191476;0.062784;0.0;0.0;9.678857093613857e-13;0.0;-0.03223928389685243
1075.0;64.03573871226631;-0.25634930800000005;0.00923999999878593;5.2013190122604526e-14;0.056052271225738304;0.0;0.0067896000101200366;0.12204616891648053;0.062784;0.0;0.0;9.67892057123176e-13;0.0;-0.00045291552953950423
1076.0;121.22870242881835;-0.24428816800000003;0.009239999999813307;2.0909312390665874e-13;0.022145674899270752;0.0;0.007198559988477127;0.10735961190302448;0.062784;4.508790604790577e-14;0.03559286986101712;4.025783226172983e-12;4.836710391879245e-15;-1.0506490967823454e-8
1077.0;121.22914902326089;-0.237363216;0.009239999999813309;2.090968601292521e-13;0.005679698215803153;0.0;0.0067939199855779195;0.10518015044713225;0.062784;4.508840571995156e-14;0.047708133136280126;4.025858466153406e-12;4.836737433145331e-15;-1.0506435226304568e-8
1078.0;121.22938645817806;-0.23509031200000005;0.00923999999981331;2.0909948336383288e-13;0.0021757875926789855;0.0;0.006144479983819091;0.11229923525853995;0.062784;4.508875654001248e-14;0.042468439581210465;4.025911292876902e-12;4.836756418657758e-15;-1.0506396091265967e-8
1079.0;121.22938269654392;-0.228522992;0.009239999999813309;2.0909942757836525e-13;0.002114014723344896;0.0;0.005395680004583544;0.1120015347603411;0.062784;4.5088749079528367e-14;0.03700931608429262;4.0259101694671955e-12;4.8367560149168786e-15;-1.0506396923494642e-8
1080.0;121.22926682750318;-0.21426188000000004;0.009239999999813309;2.090979283804517e-13;0.0020179229528960625;0.0;0.005463360011178756;0.10567999347502995;0.062784;4.508854858365286e-14;0.029097231458828497;4.025879978599065e-12;4.83674516459249e-15;-1.0506419289314977e-8
1081.0;121.22867937692246;-0.21140021200000003;0.009239999999755963;2.5666310511593156e-13;0.0018188760159850907;0.0;0.0018575999979545744;0.07408331431442589;0.062784;5.5291323382615745e-14;0.061632580091866854;4.94111546867463e-12;5.936458591206332e-15;-1.2895349051299087e-8
1082.0;121.22868098130569;-0.209700548;0.009239999999755963;2.5666307062163083e-13;0.0014173506363048354;0.0;0.0019929599885529985;0.07353569297553453;0.062784;5.5291318778056704e-14;0.06074639426770353;4.941114774134083e-12;5.936458341581964e-15;-1.2895349565858264e-8
1083.0;121.22860375359667;-0.207642244;0.009239999999755963;2.566618092177999e-13;0.0011187804230722122;0.0;0.0020246400046185008;0.06895257502191027;0.062784;5.529115039573657e-14;0.06353729437940016;4.941089375874321e-12;5.936449213168114e-15;-1.2895368382625067e-8
1084.0;121.22856766391239;-0.20600855199999998;0.009239999999755963;2.566612425629655e-13;0.0011325075992939596;0.0;0.001893600011076281;0.06705243753181306;0.062784;5.52910747538888e-14;0.06392079919704459;4.941077966328941e-12;5.936445112429921e-15;-1.289537683567693e-8
1085.0;121.22848235844305;-0.20826704000000001;0.00923999999975596;2.5665993059299887e-13;0.0013452817124121725;0.0;0.0019195199934135105;0.06284420285899663;0.062784;5.529089962064396e-14;0.07014837547356363;4.9410515499421934e-12;5.936435617989458e-15;-1.2895396407127858e-8
1086.0;139.33648299464528;-0.21648044800000005;0.009239999999818683;5.851373672060229e-12;0.005576743049351187;0.0;0.0018979199857179115;0.05727977672849598;0.062784;1.3580312545676412e-13;0.0719999999999605;0.007317244783466039;8.470232387705139e-15;-1.0084677856432939e-8
1087.0;139.3357681482757;-0.2300965;0.009239999999818681;5.847013745354238e-12;0.02603738372584909;0.0;0.001444320001120379;0.05147277969700563;0.062784;1.3579649178460925e-13;0.0719999999999605;0.006744336871333087;8.470111307963598e-15;-1.0084750289196317e-8
1088.0;121.22627190502094;-0.24639939600000005;0.009239999999755956;2.5663498030634215e-13;0.06771023825497142;0.0;0.0012902400080396286;0.04977110943012405;0.062784;5.528756890814e-14;0.05565488911965212;4.940549180701545e-12;5.936255045498944e-15;-1.2895768655902213e-8
1089.0;121.22472360260689;-0.26086190800000003;0.009239999999755949;2.566181767302594e-13;0.11869367925187468;0.0;0.0012023999850594475;0.04770558247513576;0.062784;5.5285325593575586e-14;0.021316652589059636;4.940210846441193e-12;5.936133419529009e-15;-1.2896019412655046e-8
1090.0;64.0324418497616;-0.27058389200000005;0.009239999998494411;6.384142449402504e-14;0.15860599912832063;0.0;0.0010670400158333336;0.04977478406333186;0.062784;0.0;0.0;1.1879166902407945e-12;0.0;-0.01089769415526383
1091.0;64.03178306973531;-0.2789320920000001;0.009239999998494355;6.384101792770597e-14;0.18313337156906903;0.0;0.0008078399891330628;0.05101704034685818;0.062784;0.0;0.0;1.1879090405677542e-12;0.0;-0.028044657403445295
1092.0;64.03154531221989;-0.283795852;0.00923999999849434;6.384088584525867e-14;0.1937000125275527;0.0;0.0006595200073660651;0.05445713529193696;0.062784;0.0;0.0;1.187906555395214e-12;0.0;-0.037032485831594714
1093.0;64.0316275872588;-0.28473610800000004;0.00923999999849435;6.384097928638856e-14;0.19498695326082052;0.0;0.0004967999977584333;0.06053610567626078;0.062784;0.0;0.0;1.187908313519216e-12;0.0;-0.04329370654989333
1094.0;64.03180129698238;-0.28403833600000006;0.009239999998494371;6.384113278418245e-14;0.19315091817842392;0.0;0.00044640000198008836;0.06663345191973209;0.062784;0.0;0.0;1.1879112016283897e-12;0.0;-0.04820251442014476
1095.0;64.03233885928805;-0.2799570920000001;0.009239999998494423;6.38415200216849e-14;0.17843174858712707;0.0;0.0005515199905930216;0.07232651377706216;0.062784;0.0;0.0;1.1879184876238222e-12;0.0;-0.043370647799325306
1096.0;64.03303905812061;-0.27415573600000004;0.009239999998494484;6.384196983036087e-14;0.15373621583626132;0.0;0.0005846399981465971;0.07191487945121573;0.062784;0.0;0.0;1.1879269509170897e-12;0.0;-0.024112843893394534
1097.0;121.22527929424598;-0.26663739200000003;0.009239999999755952;2.566264468756163e-13;0.11544372503898229;0.0;0.0005616000000050813;0.07217215157814272;0.062784;5.5286429690217285e-14;0.006517800579229269;4.940377362737506e-12;5.936193281038976e-15;-1.2895895993346536e-8
1098.0;121.22641227999301;-0.25860752;0.009239999999755954;2.5663858433517587e-13;0.0770654389099672;0.0;0.0005745599911737046;0.07199573552055295;0.062784;5.528805003941704e-14;0.03700735778397367;4.940621746854552e-12;5.936281130396415e-15;-1.2895714879266348e-8
1099.0;121.22751837683302;-0.248906544;0.009239999999755959;2.566502879810458e-13;0.03861165158272384;0.0;0.000548640008836488;0.07026833810830839;0.062784;5.5289612419385876e-14;0.06749091601731853;4.9408573972669905e-12;5.936365834458545e-15;-1.2895540259909533e-8
1100.0;139.33649785885697;-0.24093730399999996;0.009239999999818683;5.852042075716715e-12;0.012546813504373302;0.0;0.0004363200177765927;0.06904445835718834;0.062784;1.3580414160642572e-13;0.07199999999996051;0.014506549280852708;8.470250934026666e-15;-1.0084666761865943e-8
1101.0;139.3453601796734;-0.23849699199999996;0.009239999999818678;5.837338214674259e-12;0.003404386962495737;0.0;0.00046944000273814137;0.07460888448769139;0.062784;1.3578173662224893e-13;0.0719999999999605;0.01478093785377152;8.469841962267184e-15;-1.008491142956693e-8
1102.0;139.3369452720138;-0.23515211200000002;0.009239999999818685;5.8549890183641226e-12;0.0023576750790137452;0.0;0.000489599996531116;0.07682142370191054;0.062784;1.3580861909775494e-13;0.0719999999999605;0.011075470436041707;8.470332652900593e-15;-1.008461787782856e-8
1103.0;139.33694072424134;-0.22842589600000004;0.009239999999818683;5.854944464921822e-12;0.002278742759122283;0.0;0.0004190400069597794;0.07645389238057701;0.062784;1.3580855143662973e-13;0.0719999999999605;0.0048661795198165015;8.470331418044339e-15;-1.0084618616506212e-8
1104.0;121.22871804277072;-0.22048396400000003;0.009239999999755963;2.5666378239498983e-13;0.002275311253224787;0.0;0.00037439999954826987;0.07686185207319664;0.062784;5.529141379098808e-14;0.06896520665504445;4.941129105636247e-12;5.936463492452602e-15;-1.2895338948213606e-8
1105.0;51.6166338715341;-0.250245256;0.009239999988401438;4.673930472499769e-14;0.000713823153202159;0.0;0.016748639993135313;0.20432910949418384;0.062784;0.0;0.0;8.683718697740447e-13;0.0;-0.044135698168403154
1106.0;51.61656810952641;-0.247601808;0.009239999988400851;4.6739262104070726e-14;0.0003603434666342456;0.0;0.016547039987429738;0.20035609443613683;0.062784;0.0;0.0;8.683710702873356e-13;0.0;-0.04225183771161672
1107.0;51.616589774889455;-0.24530084800000002;0.009239999988401023;4.673927458810833e-14;0.0001784559802951526;0.0;0.015661440003515697;0.2011315867966051;0.062784;0.0;0.0;8.683713044638214e-13;0.0;-0.04426076464665851
1108.0;51.616562453777135;-0.24500056000000003;0.009239999988400789;4.6739257556660657e-14;0.000175024090183678;0.0;0.014690879979597624;0.19976436941947617;0.062784;0.0;0.0;8.683709849865063e-13;0.0;-0.042220070942795625
1109.0;51.61655824466161;-0.251354972;0.009239999988400738;4.6739253954005553e-14;0.00017845598029515248;0.0;0.013302720006795722;0.1999260829046301;0.062784;0.0;0.0;8.683709174077114e-13;0.0;-0.034642775758177126
1110.0;51.6165252025584;-0.26660990800000006;0.009239999988400416;4.6739230389071005e-14;0.00042554861030395916;0.0;0.010712160002384744;0.20022745938256611;0.062784;0.0;0.0;8.683704753747998e-13;0.0;-0.017346274657373092
1111.0;51.61486788977334;-0.27905014800000005;0.009239999988385664;4.6738157668465114e-14;0.004035845905763076;0.0;0.010591199994442895;0.19371847679347926;0.062784;0.0;0.0;8.683503531991002e-13;0.0;-0.0019021739141647832
1112.0;51.61540666132886;-0.289352956;0.009239999988393097;4.673869782974335e-14;0.02806217007471924;0.0;0.011941919985227069;0.1864340038636932;0.062784;0.0;0.0;8.683604855847489e-13;0.0;-0.009662967458398754
1113.0;51.61354881728527;-0.30048283200000003;0.009239999988381918;4.673788568300191e-14;0.0825460898046352;0.0;0.01213199999125201;0.16935849225167107;0.062784;0.0;0.0;8.68345251276261e-13;0.0;-0.03610052675240401
1114.0;51.611740625432496;-0.31031742;0.009239999988371488;4.673712950039751e-14;0.14167672304315782;0.0;0.012499199989541365;0.1624194981310775;0.062784;0.0;0.0;8.683310667517875e-13;0.0;-0.07878983013672468
1115.0;10.000538954180792;-0.317808676;0.0;0.0;0.17910438982693636;0.0;0.01190879998890017;0.15796869323037546;0.06010924924973638;0.0;0.0;0.0;0.0;-0.09126008278383196
1116.0;10.000185217001462;-0.3217084680000001;0.0;0.0;0.1962567345428709;0.0;0.01172591998549918;0.16613891704179662;0.0388803685838769;0.0;0.0;0.0;0.0;-0.09126008278389941
1117.0;10.000139803693418;-0.318508;0.0;0.0;0.19607484705653186;0.0;0.014254559994451034;0.16343388541264134;0.03603770183580681;0.0;0.0;0.0;0.0;-0.09126008278391591
1118.0;10.000480449523327;-0.31873159200000006;0.0;0.0;0.1873133549378898;0.0;0.015613919979347938;0.1677597305660988;0.039333087638851544;0.0;0.0;0.0;0.0;-0.09126008278382561
1119.0;12.094386721180525;-0.314975204;0.0;0.0;0.16765919767945175;0.0;0.016060319986346123;0.15915949454994774;0.062784;0.0;0.0;0.0;0.0;-0.09126008212045236
1120.0;51.61176866318539;-0.30725642000000003;0.00923999998837092;4.6737088295817013e-14;0.13261322920539587;0.0;0.01606463999233462;0.15185296910814222;0.062784;0.0;0.0;8.683302938334994e-13;0.0;-0.06579385766272239
1121.0;51.61303306129317;-0.29707074;0.009239999988377458;4.673756211986615e-14;0.08210681440217701;0.0;0.015884640017094123;0.14288520177062447;0.062784;0.0;0.0;8.683391818565076e-13;0.0;-0.016357274137908395
1122.0;121.22879617820917;-0.28488185200000005;0.009239999999801896;2.1856504624152466e-13;0.03367666314700641;0.0;0.01705680000310277;0.1305324697585173;0.062784;4.712028797477549e-14;0.03163435586558329;4.208039628254987e-12;5.05562979833244e-15;-9.42759340369329e-9
1123.0;121.22962847018321;-0.28283364;0.009239999999801898;2.1857286430662706e-13;0.007244617821631895;0.0;0.017333280018027898;0.13317869648398023;0.062784;4.712133310509113e-14;0.053080495609521994;4.208197062890688e-12;5.055686378530008e-15;-9.427511659616763e-9
1124.0;121.23002495585254;-0.28261634;0.009239999999801898;2.185774974169442e-13;0.0018188760159967103;0.0;0.017736480006847043;0.1457372463322884;0.062784;4.7121952452606894e-14;0.04532576454805538;4.2082903614158496e-12;5.055719907546505e-15;-9.427463220239954e-9
1125.0;121.2302514861091;-0.277874776;0.0092399999998019;2.185804610822491e-13;0.0012148721935326655;0.0;0.017783999997057303;0.15684772206089065;0.062784;4.7122348625888666e-14;0.03003138668896523;4.208350041851017e-12;5.055741354566682e-15;-9.42743223633988e-9
1126.0;121.23036174132348;-0.269709568;0.0092399999998019;2.1858191647132033e-13;0.0010226886526349985;0.0;0.017245439995047733;0.16241582349787448;0.062784;4.712254317615149e-14;0.017029475355755216;4.208379349592175e-12;5.055751886567091e-15;-9.427417021233236e-9
1127.0;69.44948469243924;-0.26177683199999996;0.00923999999909796;5.849176783454179e-14;0.0006795050205758716;0.0;0.017562239996690363;0.16805008045150036;0.062784;0.0;0.0;1.089356236437283e-12;0.0;-3.254072084136886e-8
1128.0;51.61595555697419;-0.25350854800000006;0.009239999988395498;4.6738872377565653e-14;0.00035691157652276883;0.0;0.01711871999699284;0.17262584711889714;0.062784;0.0;0.0;8.683637597664115e-13;0.0;-0.00918901915311699
1129.0;48.05199758752298;-0.23622036400000002;0.0;6.659217979493909e-14;5.834174742165163e-5;0.0;0.008614079999645185;0.20266786759857117;0.062784;0.0;0.0;1.2366321506143462e-12;0.0;-0.0379103884888622
1130.0;48.05169977111346;-0.179485432;0.0;6.659194181983476e-14;6.863664930777166e-5;0.0;0.007591680011052626;0.18342392112335543;0.062784;0.0;0.0;1.2366276906115797e-12;0.0;-0.07439059950947835
1131.0;48.051665349673414;-0.179435856;0.0;6.659191233406498e-14;5.834174742164971e-5;0.0;0.008543519987481802;0.18171857487673918;0.062784;0.0;0.0;1.2366271380050928e-12;0.0;-0.07367666551598778
1132.0;48.05184122596004;-0.22558508400000005;0.0;6.659204873353155e-14;5.834174742165069e-5;0.0;0.007512480004776881;0.19425874819264347;0.062784;0.0;0.0;1.236629694331089e-12;0.0;-0.03903607021179545
1133.0;48.05177747886724;-0.22420036;0.0;6.659199467913563e-14;5.8341747421650304e-5;0.0;0.0076046400022212485;0.19099506930515447;0.062784;0.0;0.0;1.236628681272653e-12;0.0;-0.03724977750587008
1134.0;48.051785291736806;-0.225426796;0.0;6.659200107470791e-14;7.20685394192464e-5;0.0;0.007345439998112948;0.1915059375792381;0.062784;0.0;0.0;1.236628801134846e-12;0.0;-0.03628868865237746
1135.0;48.051833675386746;-0.22919783600000004;0.0;6.65920442638191e-14;0.00037063913687602167;0.0;0.00839375999163471;0.1945086697065923;0.062784;0.0;0.0;1.2366296105623015e-12;0.0;-0.036866667108816094
1136.0;48.05172750324366;-0.23478636400000003;0.0;6.659199156712626e-14;0.004921260875033879;0.0;0.00934127999359968;0.19592366606797126;0.062784;0.0;0.0;1.2366286229487683e-12;0.0;-0.03818839601852998
1137.0;48.05085322967409;-0.24451367200000002;0.0;6.659148068124009e-14;0.032605928801009806;0.0;0.010637279991549134;0.19193594911074477;0.062784;0.0;0.0;1.236619048197934e-12;0.0;-0.05343807197537574
1138.0;48.049672685128286;-0.257195768;0.0;6.659083033513652e-14;0.07365761967289673;0.0;0.011548800002984317;0.1891500607390125;0.062784;0.0;0.0;1.2366068597598504e-12;0.0;-0.07990811300960661
1139.0;10.00307628535384;-0.26567764;0.0;0.0;0.1105121684922455;0.0;0.01161647997045058;0.18490507232790687;0.04989019097504019;0.0;0.0;0.0;0.0;-0.0912600763906239
1140.0;10.002523909229579;-0.27048526400000006;0.0;0.0;0.13023153127871692;0.0;0.012205439968237593;0.18658101612267702;0.032725231459535924;0.0;0.0;0.0;0.0;-0.09126007639085161
1141.0;10.002551409813753;-0.27518053600000003;0.0;0.0;0.134850790050656;0.0;0.012556799969790412;0.19532826439809206;0.023706522793009367;0.0;0.0;0.0;0.0;-0.09126007639080737
1142.0;10.00322479844123;-0.27369285600000004;0.0;0.0;0.11930111496333105;0.0;0.014531039979997249;0.20667028578149566;0.024444786371522455;0.0;0.0;0.0;0.0;-0.09126007639047988
1143.0;10.004150034676847;-0.2690743;0.0;0.0;0.09226849770560407;0.0;0.015310079983811798;0.2133189293435955;0.03941637915677462;0.0;0.0;0.0;0.0;-0.0912600763900632
1144.0;48.050868739309884;-0.261691612;0.0;6.659169454441165e-14;0.05414416798776881;0.0;0.014819040011139664;0.21620772629701449;0.062784;0.0;0.0;1.2366230563073824e-12;0.0;-0.08623284673024187
1145.0;48.05226457028645;-0.26448578800000005;0.0;6.659254267165665e-14;0.016318407329545682;0.0;0.015575039992999657;0.2398326481961556;0.062784;0.0;0.0;1.236638951457803e-12;0.0;-0.0700151882789902
1146.0;48.05309081676544;-0.277380436;0.0;6.659312783441819e-14;0.0027592004585128634;0.0;0.016122239989121708;0.2628768696515657;0.062784;0.0;0.0;1.2366499182694425e-12;0.0;-0.06715762390815513
1147.0;48.053648269005066;-0.278496952;0.0;6.659358776447048e-14;0.00011668234242012545;0.0;0.01643039999752039;0.2833373459381987;0.062784;0.0;0.0;1.2366585380371577e-12;0.0;-0.08416466392025393
1148.0;48.053679583385154;-0.27647584;0.0;6.659361511663207e-14;7.550081375488274e-5;0.0;0.016054560005118554;0.2833704236965256;0.062784;0.0;0.0;1.2366590506571134e-12;0.0;-0.08580174996806984
1149.0;48.05377897532568;-0.27170656800000004;0.0;6.659364999585613e-14;6.863664930778393e-5;0.0;0.016174079998980233;0.2821281674129993;0.062784;0.0;0.0;1.2366597043454846e-12;0.0;-0.08944737204394732
1150.0;43.04592128952051;-0.265942016;0.0;6.318032159332766e-14;6.177325328018967e-5;0.0;0.01576080000146633;0.2810255727757355;0.062784;0.0;0.0;1.1727189745742064e-12;0.0;-0.09125993710792545
1151.0;47.97421141570023;-0.261360692;0.0;6.653531531575507e-14;6.177325330856627e-5;0.0;0.01606176000773558;0.27364186589771894;0.062784;0.0;0.0;1.2355664350815183e-12;0.0;-0.09124969268260556
1152.0;41.520682166803326;-0.255198656;0.0;6.219740106668776e-14;6.520514338139372e-5;0.0;0.01619855998914797;0.2691285801137329;0.062784;0.0;0.0;1.154317409427644e-12;0.0;-0.09125997489934375
1153.0;9.997082234457578;-0.3138267800000001;0.0;0.0;6.091042970338947e-5;0.0;0.016410779974395537;0.36687089108099247;0.027671305096267734;0.0;0.0;0.0;0.0;-0.0969943942270763
1154.0;9.997075305326241;-0.31103242400000003;0.0;0.0;5.7327038447655163e-5;0.0;0.016162469997693486;0.3679616247934012;0.024038506989930777;0.0;0.0;0.0;0.0;-0.09699439422708406
1155.0;9.997080269459254;-0.3089059820000001;0.0;0.0;5.7327038447655346e-5;0.0;0.016250354981578462;0.36717753874848846;0.022607981053801945;0.0;0.0;0.0;0.0;-0.09699439422707848
1156.0;9.997095480350495;-0.3059497560000001;0.0;0.0;6.091042970338996e-5;0.0;0.0156267899687712;0.3647786999071319;0.022669701812489722;0.0;0.0;0.0;0.0;-0.09699439422706148
1157.0;9.997063655820053;-0.307212736;0.0;0.0;6.091042970338879e-5;0.0;0.015064604987091388;0.36980539240542054;0.019470001382432975;0.0;0.0;0.0;0.0;-0.09699439422709707
1158.0;9.997035763272526;-0.31250044;0.0;0.0;6.0910429703387765e-5;0.0;0.01630475998827751;0.37421102564358266;0.019113518489162932;0.0;0.0;0.0;0.0;-0.09699439422712836
1159.0;9.99697901452071;-0.32608767;0.0;0.0;7.882497913694618e-5;0.0;0.01567142998941965;0.3831930842519222;0.02433736120860965;0.0;0.0;0.0;0.0;-0.09699439422719203
1160.0;9.996969244243646;-0.343214208;0.0;0.0;0.001913289843803679;0.0;0.015488684997221301;0.3866360768101162;0.03636952861935394;0.0;0.0;0.0;0.0;-0.09699439422012808
1161.0;9.997077584438992;-0.3505059200000001;0.0;0.0;0.010329614885981036;0.0;0.01258010998757086;0.37824014228746305;0.04654220003230308;0.0;0.0;0.0;0.0;-0.09699439422007512
1162.0;9.997236080935316;-0.35636994200000005;0.0;0.0;0.029143631226290337;0.0;0.012575924990422637;0.3726894328382811;0.03913575414932162;0.0;0.0;0.0;0.0;-0.09699439422005046
1163.0;9.99741551917858;-0.36344219;0.0;0.0;0.056732266004293756;0.0;0.012769829982311588;0.3729184476538566;0.018182851367605647;0.0;0.0;0.0;0.0;-0.09699439422007362
1164.0;9.997535855899814;-0.36836743800000005;0.0;0.0;0.07501242403802025;0.0;0.012903749978599149;0.372825289084809;0.004778047922989893;0.0;0.0;0.0;0.0;-0.09699439422008926
1165.0;9.145996231430214;-0.36898406800000005;0.0;0.0;0.08000704205842009;0.0;0.012993029974318417;0.37294950051018133;0.0;0.0;0.0;0.0;0.0;-0.09699439694613787
1166.0;9.99749372263157;-0.36616573;0.0;0.0;0.06979924723077643;0.0;0.013196699975949711;0.3740984590393167;0.006226479411246722;0.0;0.0;0.0;0.0;-0.09699439422009216
1167.0;9.997395261520813;-0.362738106;0.0;0.0;0.05261188593873811;0.0;0.01278656999279054;0.37185100358371;0.022651506534271053;0.0;0.0;0.0;0.0;-0.09699439422006285
1168.0;9.997288540889182;-0.356797972;0.0;0.0;0.02941235147349834;0.0;0.012941414974819331;0.36468165973104055;0.04693430314962078;0.0;0.0;0.0;0.0;-0.09699439421999391
1169.0;24.71123100026363;-0.35388114600000004;0.0;4.463754350381289e-14;0.010841975252534856;0.0;0.012729374992214507;0.3650892291818283;0.05886;0.0;0.0;0.0;0.0;-0.09302853455052275
1170.0;24.711039363215686;-0.35519238200000003;0.0;4.4637556707332835e-14;0.0026262948488052083;0.0;0.01262056500070236;0.37176172662186263;0.05886;0.0;0.0;0.0;0.0;-0.09004728069387608
1171.0;24.711006647778436;-0.355763736;0.0;4.463755287132475e-14;0.00021497659845868267;0.0;0.01221182998741122;0.3755268932757272;0.05886;0.0;0.0;0.0;0.0;-0.09041931317690462
1172.0;24.711021169522663;-0.3509422260000001;0.0;4.463755287226906e-14;7.524158854150079e-5;0.0;0.009285119997413565;0.37407516939721147;0.05886;0.0;0.0;0.0;0.0;-0.09072385507750781
1173.0;24.711087165287932;-0.34297273;0.0;4.463755328995811e-14;6.807600945258259e-5;0.0;0.008884755000304905;0.3674880673121376;0.05886;0.0;0.0;0.0;0.0;-0.09170405133297538
1174.0;14.707727541423802;-0.332959096;0.0;0.0;6.807600914974471e-5;0.0;0.008711774988874923;0.3661217387885103;0.05886;0.0;0.0;0.0;0.0;-0.09699437033138067
1175.0;9.997393343185289;-0.324920038;0.0;0.0;6.807600879257115e-5;0.0;0.009771974975140981;0.36002372132399374;0.052397266210561184;0.0;0.0;0.0;0.0;-0.09699439421162317
1176.0;9.997146343455682;-0.31731924000000006;0.0;0.0;6.807600879229945e-5;0.0;0.010395539987943474;0.3567864532280661;0.047252610657029286;0.0;0.0;0.0;0.0;-0.09699439421991411
1177.0;124.66573685780541;-0.27840877;0.008399999999795859;1.6500337553804194e-13;6.0910430741749294e-5;0.0;0.010685699998011642;0.187260777459176;0.05886;4.908522127187135e-14;0.013224582636938877;3.158004942433526e-12;5.344473487921326e-15;-1.1614159603428551e-8
1178.0;79.48414130546985;-0.274180556;0.008399999999376375;6.207905463770113e-14;6.091043070164754e-5;0.0;0.01272658499271572;0.19206621764491952;0.05886;0.0;1.474236912114555e-14;1.1592750456963528e-12;0.0;-4.511780422944029e-8
1179.0;65.88555438304205;-0.27445519000000007;0.008399999998784543;5.228910262479661e-14;6.449301965290245e-5;0.0;0.01406020498817793;0.19891338740191292;0.05886;0.0;0.0;9.741887700923403e-13;0.0;-0.0057784802485779585
1180.0;65.8855620279695;-0.27553571800000004;0.00839999999878454;5.228908423351006e-14;6.0910430678869756e-5;0.0;0.014972535001187582;0.20561305609125285;0.05886;0.0;0.0;9.741884231938845e-13;0.0;-0.012309340252401435
1181.0;65.88554644884958;-0.278021338;0.00839999999878454;5.228907858131304e-14;5.732703942312753e-5;0.0;0.01576907999825668;0.20906381186353418;0.05886;0.0;0.0;9.741883165815738e-13;0.0;-0.014066859041663046
1182.0;65.88549364439336;-0.28556791400000003;0.008399999998784536;5.2289065374992473e-14;5.7327039423127484e-5;0.0;0.016254540017628164;0.2184185047480645;0.05886;0.0;0.0;9.741880674824396e-13;0.0;-0.01635772703856786
1183.0;65.88540325662089;-0.302216296;0.008399999998784534;5.228905272928953e-14;8.599055920137192e-5;0.0;0.01628801999481406;0.23052526413701843;0.05886;0.0;0.0;9.741878289577756e-13;0.0;-0.011872360232602984
1184.0;65.88520420066614;-0.32198866400000004;0.008399999998784536;5.228906339581261e-14;0.0015908251469887527;0.0;0.016363350009140326;0.23844375957120756;0.05886;0.0;0.0;9.74188030150848e-13;0.0;-0.0015797421468579102
1185.0;65.8852702360882;-0.33188963200000005;0.008399999998784536;5.228906234056602e-14;0.008563225631050103;0.0;0.01635637498471193;0.24270189245275806;0.05886;0.0;0.0;9.741880102467111e-13;0.0;-0.002908275179775862
1186.0;65.88550191256205;-0.33734707;0.008399999998784533;5.228903464496372e-14;0.024980255280331563;0.0;0.01640101500536046;0.24147141946468328;0.05886;0.0;0.0;9.741874878491705e-13;0.0;-0.012703833083975458
1187.0;65.88568091186538;-0.34148917800000006;0.008399999998784533;5.228902677384259e-14;0.046972338924770186;0.0;0.016387065000275668;0.24052430592393717;0.05886;0.0;0.0;9.741873393832786e-13;0.0;-0.02960712472486928
1188.0;65.88579550220902;-0.34613189000000005;0.00839999999878453;5.2289018892942314e-14;0.0651414254683577;0.0;0.016101089983581476;0.242938670482421;0.05886;0.0;0.0;9.74187190732822e-13;0.0;-0.04527118476628045
1189.0;65.88586114776365;-0.34617340800000007;0.00839999999878453;5.228901171181179e-14;0.07661399815646251;0.0;0.015986700003167;0.24584988216458706;0.05886;0.0;0.0;9.741870552815832e-13;0.0;-0.05950464908343552
1190.0;65.88583145068078;-0.342841606;0.008399999998784529;5.228900802827636e-14;0.0743459975050072;0.0;0.015480314998054327;0.2485786576046542;0.05886;0.0;0.0;9.74186985802134e-13;0.0;-0.06278899043416522
1191.0;65.88574295355806;-0.338722662;0.00839999999878453;5.2289009662895917e-14;0.06255812609934172;0.0;0.014594490003460175;0.24948695578601113;0.05886;0.0;0.0;9.741870166345676e-13;0.0;-0.05513577313954385
1192.0;65.88565017101564;-0.33223851600000004;0.00839999999878453;5.228902384714511e-14;0.04346464094262061;0.0;0.014572170004078911;0.24245346817986968;0.05886;0.0;0.0;9.741872841795193e-13;0.0;-0.0354624036973297
1193.0;65.88551208861497;-0.32754950600000005;0.008399999998784533;5.228903632529228e-14;0.02249011204973923;0.0;0.015188759992457824;0.23881251366244927;0.05886;0.0;0.0;9.74187519543733e-13;0.0;-0.016140884989446335
1194.0;88.20051401231598;-0.32523449200000004;0.008399999999534325;7.054571570277455e-14;0.007051225063066637;0.0;0.015245955005138695;0.23226422764781987;0.05886;0.0;1.8254976300254254e-14;1.3200346030366469e-12;0.0;-2.823050102825501e-8
1195.0;124.73776111484185;-0.32568374200000005;0.008399999999796064;1.6534553849438393e-13;0.0008276590833837387;0.0;0.01532686498699097;0.23572274734524273;0.05886;4.917229057743014e-14;0.005072136964364727;3.164814566308235e-12;5.349323585529823e-15;-1.1604170596574565e-8
1196.0;90.25585443771142;-0.32297741;0.008399999999561647;7.289314082945558e-14;0.00020064463835030682;0.0;0.014943239999891144;0.23705802301244241;0.05886;0.0;1.934320962285321e-14;1.364719938098165e-12;0.0;-2.599684508958669e-8
1197.0;65.88530003848174;-0.316544488;0.008399999998784533;5.228904199160953e-14;0.0001110714900055834;0.0;0.013997429987182375;0.2428532751274606;0.05886;0.0;0.0;9.741876264224992e-13;0.0;-0.007599464371503153
1198.0;65.88530317348796;-0.30731847200000006;0.00839999999878453;5.228902218665919e-14;8.957314817540439e-5;0.0;0.012554999999810705;0.2504224252166736;0.05886;0.0;0.0;9.74187252859256e-13;0.0;-0.02293346485941703
1199.0;65.8853235458451;-0.298377822;0.00839999999878453;5.2289024306971094e-14;6.091043067886955e-5;0.0;0.010455525000559837;0.2479614806626186;0.05886;0.0;0.0;9.741872928528182e-13;0.0;-0.027286450249192316
1200.0;65.88532833155432;-0.28985387800000006;0.00839999999878453;5.228902282261164e-14;6.449301965290218e-5;0.0;0.008789894997489537;0.24815556172584863;0.05886;0.0;0.0;9.741872648546156e-13;0.0;-0.03434300621328116
1201.0;124.6661364690965;-0.267563048;0.008399999999612334;2.7583812608395425e-13;0.001956284923891705;0.0;0.00924745500696277;0.12605158231089397;0.05886;8.182230504542355e-14;0.06310774169582944;5.278184579666814e-12;8.932192480560788e-15;-1.9406071145923506e-8
1202.0;124.66614878856652;-0.262233998;0.008399999999612334;2.7583817779849774e-13;0.0015263325283589;0.0;0.009705014994278678;0.12366050739467206;0.05886;8.182231813814168e-14;0.06014150308865956;5.2781856084991706e-12;8.932193214190827e-15;-1.940606963308328e-8
1203.0;124.66615941707728;-0.260515406;0.008399999999612334;2.7583822228179277e-13;0.0011608727514715032;0.0;0.00956691000084286;0.12160325068420443;0.05886;8.182232940010233e-14;0.060983166016947817;5.278186493469102e-12;8.932193845237546e-15;-1.9406068331783977e-8
1204.0;124.66617118336401;-0.259996378;0.008399999999612336;2.7583827118492384e-13;0.0007703320437798948;0.0;0.009795690005443811;0.11934026951147038;0.05886;8.182234178101862e-14;0.06288825100746719;5.278187466370815e-12;8.932194538983586e-15;-1.9406066901189355e-8
1205.0;124.66615637488397;-0.26160580200000005;0.008399999999612334;2.758382322882548e-13;0.0003296302767615736;0.0;0.009622709999296014;0.12122285319392631;0.05886;8.182233193344635e-14;0.06322967588938357;5.278186692542524e-12;8.932193987189494e-15;-1.9406068039058556e-8
1206.0;135.6300944584693;-0.268544298;0.008399999999670714;4.606911330195822e-13;0.0002830526087001058;0.0;0.00934370998530998;0.1222902972640753;0.05886;1.2445884883213952e-13;0.06749999999989856;9.05610219311054e-12;1.0837152333748283e-14;-1.6658154802667223e-8
1207.0;150.89186084950916;-0.282509506;0.008399999999731069;7.227400108585843e-12;0.004181290897411399;0.0;0.008985195003646989;0.12152173693629253;0.05886;4.622792700588002e-13;0.06749999999995791;0.01266990651910757;1.543550292935877e-14;-1.3959425080233068e-8
1208.0;150.89203295295638;-0.29856833;0.008399999999731067;7.2273813216472595e-12;0.02877817145041449;0.0;0.008732699986024694;0.12003507859438386;0.05886;4.622790504758484e-13;0.06749999999995791;0.005858149541292008;1.5435501795491253e-14;-1.3959425467409492e-8
1209.0;124.6667591944938;-0.31481579400000004;0.008399999999612334;2.758381551103294e-13;0.08660681678645885;0.0;0.008244450004673984;0.11535773144106658;0.05886;8.182231239412196e-14;0.03736095190697574;5.278185157129044e-12;8.932192892333559e-15;-1.9406070296795525e-8
1210.0;65.85939067511617;-0.325759544;0.008399999997918588;8.738330198151264e-14;0.1480040705353803;0.0;0.00790127999593791;0.10518789894420208;0.05886;0.0;0.0;1.6277931042512633e-12;0.0;-0.002434747789462114
1211.0;65.85985572970853;-0.32988418;0.008399999997918567;8.738314754046224e-14;0.19610861788981318;0.0;0.0075706650023671836;0.10630580461696357;0.05886;0.0;0.0;1.627790191738814e-12;0.0;-0.047249950110903494
1212.0;65.86009544475591;-0.33359811200000006;0.008399999997918564;8.738311437131454e-14;0.22734110307090932;0.0;0.007887329990853106;0.11006708966378452;0.05886;0.0;0.0;1.627789566221526e-12;0.0;-0.07886668646419796
1213.0;50.00391854440328;-0.33696770800000003;0.008211159411198323;7.378939895108842e-14;0.24050124003460407;0.0;0.007634834993883343;0.1186920397130438;0.05886;0.0;0.0;1.371924010641488e-12;0.0;-0.09699437866245034
1214.0;38.47698040061768;-0.33593288400000004;0.0;6.628276930915812e-14;0.23882442432805903;0.0;0.00800311498213639;0.1258070403560338;0.05886;0.0;0.0;1.2310510159727262e-12;0.0;-0.09699440467277679
1215.0;61.90246976815542;-0.330017028;0.00839999999719698;8.351686911441915e-14;0.2203364556757996;0.0;0.008347680005198688;0.12902878131277382;0.05886;0.0;0.0;1.5549180349928088e-12;0.0;-0.09699419511731654
1216.0;65.85966680609795;-0.32184685400000007;0.00839999999791856;8.738309299259896e-14;0.18542429219618053;0.0;0.008106344987517505;0.129090887736523;0.05886;0.0;0.0;1.627789163053075e-12;0.0;-0.06791284802853295
1217.0;65.85927047774776;-0.31187912600000006;0.008399999997918567;8.738313869325506e-14;0.13098869036201144;0.0;0.007611119982095475;0.12490262449280555;0.05886;0.0;0.0;1.62779002489483e-12;0.0;-0.01872880398178576
1218.0;124.6666373548385;-0.30388443800000003;0.008399999999612334;2.758381877767096e-13;0.06846639336150871;0.0;0.0073739699850327006;0.11581576178326505;0.05886;8.18223206643642e-14;0.0449916301722239;5.27818580701011e-12;8.932193355743725e-15;-1.9406069341183866e-8
1219.0;151.93567523315286;-0.298555034;0.00839999999973455;0.0122098699308785;0.019853068631318336;0.0;0.007867799999069457;0.10898023755844953;0.05886;5.700394031491747e-13;0.06749999999995955;0.014979999868974157;1.5899076256234344e-14;-1.3807523058158669e-8
1220.0;156.1228543836376;-0.29970561400000006;0.008399999999747745;0.021914999998210217;0.003984228847940987;0.0;0.007955685004885617;0.11046301429331515;0.05886;0.005483133743642014;0.06749999999996498;0.014979999973575403;1.8060330045786602e-14;-1.3235539613361803e-8
1221.0;156.12282072886234;-0.29641476;0.008399999999747745;0.021914999998210213;0.0020171953547276694;0.0;0.006608114982055321;0.11358383346688587;0.05886;0.0023880543609702196;0.06749999999996498;0.01497999997357536;1.8060324874925497e-14;-1.3235540765225437e-8
1222.0;151.93552473043388;-0.29042587200000003;0.00839999999973455;0.018533201829574273;0.0020960199338300365;0.0;0.005803200012530567;0.11436015629771064;0.05886;5.700384963790013e-13;0.06749999999995955;0.014979999868973274;1.5899073008131954e-14;-1.3807524079512537e-8
1223.0;151.93552074020465;-0.282796578;0.00839999999973455;0.011027520524988716;0.0020960199338300365;0.0;0.0050471100170757606;0.1149928596679208;0.05886;5.700383236508681e-13;0.06749999999995955;0.014979999868973106;1.5899072389407318e-14;-1.3807524274067778e-8
1224.0;151.93551483884596;-0.2745420740000001;0.00839999999973455;0.0029772880749583865;0.002049441463477356;0.0;0.004000859985892526;0.11588174981405945;0.05886;5.700380700387399e-13;0.06749999999995955;0.014979999868972858;1.589907148095298e-14;-1.3807524559728245e-8
1225.0;124.66625138134353;-0.19643510600000003;0.00839999999978334;1.7256605662434758e-13;0.0015048345877136716;0.0;0.004861574997997584;0.10749746011254267;0.05886;5.132328045645622e-14;0.015364728049023644;3.302668579284089e-12;5.5892602175063306e-15;-9.885821025612368e-9
1226.0;124.66628979678234;-0.19361535800000004;0.00839999999978334;1.7256614725734146e-13;0.0008384076525842857;0.0;0.005241014987479066;0.10073956731754796;0.05886;5.13233035165004e-14;0.019587733894374935;3.302670382827751e-12;5.589261503651014e-15;-9.885819384011497e-9
1227.0;124.66632055433908;-0.19112841600000002;0.00839999999978334;1.7256621737649525e-13;0.00046578189546711394;0.0;0.005129415012458748;0.09549550553586197;0.05886;5.1323321357138313e-14;0.022827358076413104;3.3026717781581945e-12;5.589262498689514e-15;-9.885818113971658e-9
1228.0;124.66635106690173;-0.18874875400000005;0.00839999999978334;1.7256628578398617e-13;0.00017198111859575464;0.0;0.005504669982905995;0.09037177286148206;0.05886;5.13233387622721e-14;0.025488257877350907;3.3026731394269947e-12;5.589263469436854e-15;-9.885816874935808e-9
1229.0;124.66632650063927;-0.18920244200000003;0.00839999999978334;1.725662347391908e-13;0.00014331759881751072;0.0;0.0059440949898748735;0.09422233487030704;0.05886;5.132332577477392e-14;0.021682036181820564;3.302672123665746e-12;5.589262745077861e-15;-9.885817799488478e-9
1230.0;124.66635688624656;-0.19071597400000004;0.00839999999978334;1.7256624334964983e-13;0.003765669660080059;0.0;0.006026399984857533;0.09317429883537862;0.05886;5.13233279655747e-14;0.020536770130647208;3.3026722950087653e-12;5.5892628672671396e-15;-9.885817643530863e-9
1231.0;124.66646293181826;-0.195269658;0.00839999999978334;1.7256623839900294e-13;0.01871011083032641;0.0;0.005789249985960108;0.09190112888087094;0.05886;5.132332670595311e-14;0.01164846014479118;3.3026721964932087e-12;5.589262797014141e-15;-9.885817733199767e-9
1232.0;47.70975788892023;-0.206372882;0.0;4.514970696210446e-14;0.0571622188018837;0.0;0.0055283849938536755;0.08921116951121214;0.05886;0.0;0.0;8.39344488414586e-13;0.0;-0.004241236626257598
1233.0;47.71018005335434;-0.22075812800000005;0.0;4.514967816548518e-14;0.10659603703646048;0.0;0.005200560005677114;0.08980117520394212;0.05886;0.0;0.0;8.393439475911836e-13;0.0;-0.039588916344572025
1234.0;47.71046714155967;-0.23289861;0.0;4.5149669998983024e-14;0.14788583386732368;0.0;0.004766714987610556;0.09072499981347364;0.05886;0.0;0.0;8.39343794217836e-13;0.0;-0.06925072459953407
1235.0;47.71062216053663;-0.240863272;0.0;4.5149658475370775e-14;0.16777831458772072;0.0;0.005192190011380637;0.0948045773489215;0.05886;0.0;0.0;8.393435777952311e-13;0.0;-0.0856970898767801
1236.0;47.71121014560033;-0.245087942;0.0;4.514960021160378e-14;0.1758793409123374;0.0;0.005234040004748998;0.09982350663312278;0.05886;0.0;0.0;8.393424835554287e-13;0.0;-0.09469075596359872
1237.0;9.99990129652493;-0.24561373400000003;0.0;0.0;0.1812644992386653;0.0;0.005218694995242515;0.10908115934138933;0.04705295148394681;0.0;0.0;0.0;0.0;-0.0969944234757238
1238.0;9.999843308698203;-0.24408225400000005;0.0;0.0;0.18115342814966717;0.0;0.004816934984493852;0.11812532366242731;0.03699348068036031;0.0;0.0;0.0;0.0;-0.09699442347573169
1239.0;9.99972887116875;-0.24170805;0.0;0.0;0.17153323487566274;0.0;0.0055214100005295235;0.1262378994487992;0.03543013792314835;0.0;0.0;0.0;0.0;-0.09699442347573788
1240.0;9.999533643852613;-0.238277534;0.0;0.0;0.15113914275971682;0.0;0.005508854987198791;0.13595358321048392;0.042704228840486184;0.0;0.0;0.0;0.0;-0.0969944234757444
1241.0;47.71002300095581;-0.233462308;0.0;4.514962206810421e-14;0.11744517867081454;0.0;0.00582970500738672;0.1383563036590565;0.05886;0.0;0.0;8.393428940378106e-13;0.0;-0.08691424290715108
1242.0;47.709658147643914;-0.23050140200000008;0.0;4.514962919240161e-14;0.07854520255074943;0.0;0.005575814998010348;0.1449317602119522;0.05886;0.0;0.0;8.393430278378936e-13;0.0;-0.057267908166502596
1243.0;47.70936975387111;-0.22379594200000003;0.0;4.514963878849724e-14;0.03777851545726527;0.0;0.004765319995856471;0.14369352472083743;0.05886;0.0;0.0;8.393432080601797e-13;0.0;-0.021135040049423355
1244.0;74.2244570574375;-0.22236070199999997;0.008399999999188295;6.055568583017663e-14;0.009896079501318444;0.0;0.005454449994367565;0.1401340839513501;0.05886;0.0;0.0;1.1296880266411622e-12;0.0;-2.57372144824291e-8
1245.0;124.66605767414393;-0.22079550199999998;0.00839999999978334;1.7256562558888296e-13;0.003156570165648015;0.0;0.004800195010642108;0.13980414593055684;0.05886;5.132317078669218e-14;0.00583900635467984;3.30266000193068e-12;5.589254100804584e-15;-9.885828832824644e-9
1246.0;124.6660586644011;-0.21955557400000003;0.00839999999978334;1.7256563915617659e-13;0.0024005696810690093;0.0;0.0047192850074135265;0.13886479560389797;0.05886;5.1323174238671974e-14;0.006375372592924048;3.3026602719116785e-12;5.589254293334911e-15;-9.885828587083657e-9
1247.0;112.79888073611704;-0.217212026;0.008399999999729207;1.2016940500816132e-13;0.002404152671176127;0.0;0.0050136299963826686;0.1409569860667094;0.05886;3.73810395815594e-14;5.863099847699984e-14;2.272408044236097e-12;0.0;-1.1481577356859268e-8
1248.0;49.99910199732554;-0.21258064400000004;0.005630493813065115;4.616302355106553e-14;0.002400569680958935;0.0;0.005288444989715817;0.1404523757289155;0.05886;0.0;0.0;8.583797239469329e-13;0.0;-2.6997448232209077e-7
1249.0;124.66634355686314;-0.214987914;0.008399999999804583;1.59735554986694e-13;0.002250086503094348;0.0;0.0009820799934715113;0.0937021988154114;0.05886;4.752582312662162e-14;0.05084165722624768;3.0572411050528076e-12;5.173932566590539e-15;-1.1239770719432003e-8
1250.0;124.66634528459981;-0.210047374;0.008399999999804583;1.597355621189409e-13;0.00198136585474549;0.0;0.0009792900099633536;0.09315100919311797;0.05886;4.7525824942644954e-14;0.04672375037398772;3.057241246988729e-12;5.1739326678078805e-15;-1.1239770510748039e-8
1251.0;124.66634294805813;-0.207603488;0.008399999999804583;1.5973556207349605e-13;0.0016624837459290644;0.0;0.0013922099985167213;0.09318982526355453;0.05886;4.752582493108381e-14;0.0441471826443205;3.0572412460837933e-12;5.173932667163261e-15;-1.1239770512077708e-8
1252.0;124.66633949340421;-0.20881086400000004;0.008399999999804583;1.5973555814519917e-13;0.0014654224987370981;0.0;0.002344995013140656;0.09353140739444336;0.05886;4.752582393084797e-14;0.0442574746134269;3.057241167908608e-12;5.173932611414196e-15;-1.12397706270167e-8
1253.0;124.66635235275524;-0.21352844400000004;0.008399999999804583;1.5973556166263932e-13;0.0029881716359580614;0.0;0.0026198100082582133;0.09307725865928855;0.05886;4.7525824826477777e-14;0.04763071911202817;3.0572412379075265e-12;5.173932661332607e-15;-1.1239770524099111e-8
1254.0;124.66645851004513;-0.22525047800000003;0.008399999999804583;1.597356151246067e-13;0.013822980908711717;0.0;0.0030104099974303266;0.08753042939505573;0.05886;4.752583843903369e-14;0.053666784688121104;3.05724230183178e-12;5.173933420044637e-15;-1.1239768959844324e-8
1255.0;124.66673151583237;-0.23617093400000005;0.008399999999804583;1.5973569749989045e-13;0.04560365595570938;0.0;0.0035558549905172075;0.07732178082777967;0.05886;4.752585941355521e-14;0.042450300599425374;3.0572439411470032e-12;5.173934589084295e-15;-1.1239766549611787e-8
1256.0;124.66712494195812;-0.25649953400000003;0.008399999999804583;1.5973568984229985e-13;0.1003832200272174;0.0;0.003808349986253503;0.07191080923216932;0.05886;4.7525857463774187e-14;0.013128684672373202;3.0572437887567598e-12;5.173934480410211e-15;-1.1239766773666416e-8
1257.0;65.85991656618042;-0.27235116800000003;0.00839999999882354;5.060459629058936e-14;0.1627299525178392;0.0;0.004053870000270782;0.07042415089024619;0.05886;0.0;0.0;9.428129127263843e-13;0.0;-0.032031606083068216
1258.0;65.8602852436403;-0.286341846;0.008399999998823538;5.0604577284980643e-14;0.2170222367531171;0.0;0.004246380000405679;0.07424366004272194;0.05886;0.0;0.0;9.428125542370602e-13;0.0;-0.07637466987451028
1259.0;14.355744947136532;-0.2966013740000001;0.0;0.0;0.25031491196652794;0.0;0.004642559992288499;0.080248518937996;0.05886;0.0;0.0;0.0;0.0;-0.09699442759311555
1260.0;10.000560628518633;-0.29888135800000004;0.0;0.0;0.259605474161113;0.0;0.004974569994993799;0.08603988944591769;0.045217778305604306;0.0;0.0;0.0;0.0;-0.0969944284243193
1261.0;10.000516250447443;-0.297218516;0.0;0.0;0.25723356799974856;0.0;0.005009444985819752;0.09059302446278591;0.041341663494864955;0.0;0.0;0.0;0.0;-0.09699442842432088
1262.0;10.000376998826145;-0.29604923000000005;0.0;0.0;0.24572158322266172;0.0;0.005035949982349219;0.10066581678353409;0.041594434237270925;0.0;0.0;0.0;0.0;-0.09699442842432413
1263.0;10.000195926413957;-0.29242879000000005;0.0;0.0;0.2256535383934803;0.0;0.005818544996219344;0.10848339043458824;0.04945466236611858;0.0;0.0;0.0;0.0;-0.09699442842432619
1264.0;49.999891638993624;-0.28653620600000007;0.007026101640035423;4.273134976063919e-14;0.19444255115375386;0.0;0.007135425015354625;0.11607583016622475;0.05886;0.0;0.0;7.945899007069241e-13;0.0;-0.09699440292503797
1265.0;65.85953152337304;-0.278575356;0.00839999999882353;5.060453114915727e-14;0.1495017395441726;0.0;0.007086599998272472;0.12103653463373368;0.05886;0.0;0.0;9.42811684009555e-13;0.0;-0.06620176586790316
1266.0;65.85919249478829;-0.271102454;0.008399999998823533;5.060453561822994e-14;0.10547816016631324;0.0;0.006831314997142018;0.12566730250252225;0.05886;0.0;0.0;9.428117683063938e-13;0.0;-0.03400079330839499
1267.0;65.85907719296759;-0.26069052600000003;0.008399999998823553;5.0604695973196015e-14;0.05852015280072842;0.0;0.006577425009651655;0.12889680667331527;0.05886;0.0;0.0;9.428147929692314e-13;0.0;-0.0003959647003608518
1268.0;124.66635577807844;-0.24851619600000002;0.008399999999804583;1.5973528502292565e-13;0.02312070948492572;0.0;0.00697360498878871;0.11338587079661837;0.05886;4.752575438800965e-14;0.03782092541671182;3.0572357326189538e-12;5.1739287353597445e-15;-1.1239778618382045e-8
1269.0;124.66625763656515;-0.241462752;0.008399999999804583;1.5973533654731454e-13;0.005929765202772529;0.0;0.006581609985976516;0.11108407284240049;0.05886;4.7525767507255724e-14;0.05065990590022791;3.0572367579837693e-12;5.173929466576905e-15;-1.1239777110811658e-8
1270.0;124.66618604962659;-0.23909036400000008;0.008399999999804581;1.5973524916132122e-13;0.0022715836415019624;0.0;0.005952464984266895;0.11860276275109329;0.05886;4.752574525687919e-14;0.045060701278332116;3.0572350189527503e-12;5.173928226424756e-15;-1.1239779667670115e-8
1271.0;124.66618761734205;-0.23236582400000003;0.008399999999804581;1.5973525310951245e-13;0.0022070910228565543;0.0;0.005227065004375825;0.11828835186951002;0.05886;4.7525746262181515e-14;0.03944038245227757;3.057235097524155e-12;5.173928282454933e-15;-1.1239779552148534e-8
1272.0;124.66622922843545;-0.21787136000000004;0.008399999999804583;1.5973533523529623e-13;0.002106768503062273;0.0;0.005292630010765537;0.11161197282243202;0.05886;4.752576717316523e-14;0.03165467804357453;3.057236731874227e-12;5.173929447957263e-15;-1.1239777149200511e-8
1273.0;124.666515832759;-0.214864414;0.00839999999974441;1.9607840439191344e-13;0.0018989578843692742;0.0;0.001799549997897144;0.07824172383026386;0.05886;5.827735129725196e-14;0.06570356026768179;3.752432582498799e-12;6.35034903856982e-15;-1.3795718639502655e-8
1274.0;124.66643994024265;-0.21313330600000002;0.008399999999744409;1.960781430451101e-13;0.0014797540580402768;0.0;0.0019306799887905657;0.0776633636697121;0.05886;5.827728488579632e-14;0.0648421701601125;3.752427382283535e-12;6.3503453302625885e-15;-1.3795726285360533e-8
1275.0;148.2768159509702;-0.211072118;0.008399999999822423;1.458852168140173e-12;0.001168038330607813;0.0;0.0019613700045868526;0.07282298830952208;0.05886;2.2533916867927773e-13;0.06749999999996685;3.7604309765027273e-11;1.0231450474397448e-14;-1.0203967475936414e-8
1276.0;150.89191769486365;-0.20941864400000001;0.008399999999828817;5.118619203490297e-12;0.0011823698899277276;0.0;0.001834425010862946;0.07081619320166949;0.05886;3.314290232920665e-13;0.0674999999999702;0.00040090365572921277;1.0974257132025894e-14;-9.923796735213724e-9
1277.0;150.8921935841404;-0.21169788000000006;0.008399999999828817;5.1209794639177395e-12;0.001404512067923905;0.0;0.0018595349937523711;0.06637174389307085;0.05886;3.3145738994627396e-13;0.0674999999999702;0.006891915627783424;1.0974401419149932e-14;-9.92374747712556e-9
1278.0;151.93589040098698;-0.22011585600000005;0.008399999999831294;0.0023052610460223394;0.005822277103888842;0.0;0.0018386099861335274;0.06049497803012756;0.05886;4.09343917090483e-13;0.06749999999997135;0.014979999906717865;1.1304029315226028e-14;-9.81576236681344e-9
1279.0;151.93607123476;-0.23404275;0.008399999999831292;0.0014300346585372904;0.027183763313206107;0.0;0.0013991850010506546;0.054362025391255696;0.05886;4.093445973890478e-13;0.06749999999997135;0.014979999906718517;1.1304031710018915e-14;-9.815761613964741e-9
1280.0;124.66705263480007;-0.25060946200000006;0.00839999999974441;1.9607840645939645e-13;0.070691399335042;0.0;0.0012499200076620384;0.05256483777480385;0.05886;5.827735182262151e-14;0.05884252636711915;3.752432623636972e-12;6.350349067906459e-15;-1.3795718579017323e-8
1281.0;124.66741544250303;-0.26523672600000003;0.008399999999744409;1.9607835094839768e-13;0.12391955034840994;0.0;0.0011648249853992237;0.05038336963893928;0.05886;5.827733771660066e-14;0.022481017137058117;3.7524315190923605e-12;6.3503482802487624e-15;-1.3795720203022412e-8
1282.0;65.85867157923825;-0.27505287400000006;0.008399999998540223;6.211604066441324e-14;0.16558913851540444;0.0;0.0010336950150876259;0.05256871867078249;0.05886;0.0;0.0;1.1572037656090037e-12;0.0;-0.01125662050229702
1283.0;65.85886657547637;-0.28349977400000004;0.00839999999854022;6.211602287284393e-14;0.19119640743859412;0.0;0.0007825949892194701;0.05388070469572671;0.05886;0.0;0.0;1.1572034300514009e-12;0.0;-0.029494257999882055
1284.0;65.85892395052267;-0.2884144940000001;0.00839999999854022;6.211601334055107e-14;0.20222827876082147;0.0;0.0006389100068813922;0.05751389742115435;0.05886;0.0;0.0;1.1572032502680374e-12;0.0;-0.03910596000149277
1285.0;65.85889682148196;-0.28933912600000006;0.008399999998540218;6.211600217556362e-14;0.20357188120028402;0.0;0.0004812749975725688;0.0639340896923039;0.05886;0.0;0.0;1.1572030396908077e-12;0.0;-0.045786336198495974
1286.0;65.85884709887705;-0.28861289200000007;0.008399999998540216;6.211599183890143e-14;0.20165500876639741;0.0;0.00043245000166185053;0.07037368928762441;0.05886;0.0;0.0;1.1572028447361247e-12;0.0;-0.050983573827456066
1287.0;65.85870459394374;-0.2844827740000001;0.008399999998540216;6.211598619131611e-14;0.18628778037856636;0.0;0.0005342849906315281;0.07638631139709573;0.05886;0.0;0.0;1.1572027382200772e-12;0.0;-0.045850720940682016
1288.0;65.8585210514885;-0.278602192;0.008399999998540218;6.211599577670766e-14;0.16050494734659232;0.0;0.0005663699979493239;0.07595157140820646;0.05886;0.0;0.0;1.1572029190051564e-12;0.0;-0.025531282560500315
1289.0;124.66722933312752;-0.271017124;0.008399999999744409;1.9607797780699717e-13;0.12052650644537335;0.0;0.0005440499998721308;0.07622328461232729;0.05886;5.827724289673841e-14;0.006446522494236125;3.752424094415962e-12;6.350342985659532e-15;-1.3795731119516286e-8
1290.0;124.66696806927116;-0.26296894000000004;0.008399999999744409;1.9607803639148244e-13;0.08045849279691171;0.0;0.0005566049913168394;0.07603696605213735;0.05886;5.827725778379224e-14;0.03865978632049639;3.752425260115691e-12;6.350343816928388e-15;-1.3795729405585136e-8
1291.0;150.89239961169102;-0.253229968;0.008399999999828817;5.120848261220486e-12;0.040311653767077946;0.0;0.0005314950086812313;0.07421260718638695;0.05886;3.3145581366304047e-13;0.0674999999999702;0.0029874882958755263;1.0974393401932874e-14;-9.923750214070421e-9
1292.0;151.9358594257668;-0.245168188;0.008399999999831292;0.00907242856995253;0.013099227335166216;0.0;0.0004226850171774288;0.07292002919666112;0.05886;4.0934137305251345e-13;0.06749999999997135;0.01497999990671542;1.130402035961457e-14;-9.815765182182916e-9
1293.0;151.9357596368111;-0.242654824;0.008399999999831294;0.01020203380832609;0.003554276051292681;0.0;0.000454770002609239;0.07879679505960452;0.05886;4.093404440034194e-13;0.06749999999997135;0.014979999906714527;1.1304017089120143e-14;-9.815766210327893e-9
1294.0;151.93573767712442;-0.23914796400000005;0.008399999999831294;0.00543309929866208;0.002461479309604523;0.0;0.0004742999965963413;0.08113352747721526;0.05886;4.0934001717718933e-13;0.06749999999997135;0.014979999906714118;1.1304015586577257e-14;-9.81576668268267e-9
1295.0;150.89209742312687;-0.23220721200000002;0.008399999999828819;5.1208088298370824e-12;0.0023790717403842;0.0;0.00040594500669014497;0.08074536606180245;0.05886;3.314553399171098e-13;0.0674999999999702;0.013512022445611104;1.0974390992376752e-14;-9.923751036654259e-9
1296.0;150.8921062201386;-0.224103958;0.008399999999828819;5.120823513496141e-12;0.0023754891514101675;0.0;0.00036269999968170777;0.08117622515469536;0.05886;3.3145551633374477e-13;0.0674999999999702;0.005024269159795957;1.0974391889664153e-14;-9.923750730334786e-9
1297.0;47.724479730119235;-0.254090132;0.0;4.369138935153332e-14;0.0007452515140480445;0.0;0.016225244992895134;0.2157984143052072;0.05886;0.0;0.0;8.122436905479569e-13;0.0;-0.03746095767680945
1298.0;47.72450242157111;-0.25143377600000005;0.0;4.369139328961662e-14;0.0003762087470457609;0.0;0.01602994498736607;0.2116023878474024;0.05886;0.0;0.0;8.122437645095876e-13;0.0;-0.03535812826656475
1299.0;47.7244974215738;-0.24911265600000004;0.0;4.369139237598594e-14;0.00018631307894271534;0.0;0.0151720200029415;0.2124214097778025;0.05886;0.0;0.0;8.122437473505529e-13;0.0;-0.03745021363923628
1300.0;47.72450511809747;-0.24879932000000005;0.0;4.369139385596069e-14;0.00018273008882782797;0.0;0.014231789979762271;0.21097744840232677;0.05886;0.0;0.0;8.122437751461997e-13;0.0;-0.03537614337243699
1301.0;47.72449783221169;-0.255265634;0.0;4.369139463440227e-14;0.00018631307894271536;0.0;0.012887010006098133;0.21114823911224753;0.05886;0.0;0.0;8.122437897662034e-13;0.0;-0.027738682266881018
1302.0;47.72446131875125;-0.27071172600000004;0.0;4.3691399982043344e-14;0.00044428475694691084;0.0;0.01037740500180205;0.21146653231192172;0.05886;0.0;0.0;8.122438902009224e-13;0.0;-0.010355236420655705
1303.0;49.99870950435985;-0.283507006;0.005654454314064315;4.4665943593255263e-14;0.004213537006083183;0.0;0.0102602249942552;0.2045921905945721;0.05886;0.0;0.0;8.305510816429334e-13;0.0;-2.6264771990481173e-7
1304.0;47.72466766058177;-0.294008782;0.0;4.369142030919587e-14;0.02929769739530795;0.0;0.011568734985191502;0.19689882907996015;0.05886;0.0;0.0;8.122442719679362e-13;0.0;-0.002546133883312659
1305.0;47.725269275828374;-0.3052288040000001;0.0;4.369141436229072e-14;0.08618044697983158;0.0;0.011752874991029926;0.17886484293649538;0.05886;0.0;0.0;8.122441602783909e-13;0.0;-0.03040680783301809
1306.0;47.72575805190513;-0.31510899000000003;0.0;4.369140967631174e-14;0.1479144965848265;0.0;0.012108599989376065;0.17153635248398888;0.05886;0.0;0.0;8.122440722703029e-13;0.0;-0.07532518511934522
1307.0;9.999573170094166;-0.32265112200000007;0.0;0.0;0.18699003681297321;0.0;0.011536649987500813;0.16683571711034223;0.05431044282890667;0.0;0.0;0.0;0.0;-0.09699442389622913
1308.0;9.999635952887058;-0.32659554600000007;0.0;0.0;0.20489756868844167;0.0;0.011359484984204757;0.17546454805561465;0.031889926194710635;0.0;0.0;0.0;0.0;-0.0969944238962381
1309.0;9.999652794946291;-0.32335200000000003;0.0;0.0;0.20470767302033865;0.0;0.013809104992899326;0.17260767887205972;0.02924258078913722;0.0;0.0;0.0;0.0;-0.09699442389623568
1310.0;9.999563895258046;-0.323570524;0.0;0.0;0.1955604280232456;0.0;0.015125984978279812;0.1771763403171025;0.03272900449136636;0.0;0.0;0.0;0.0;-0.09699442389623868
1311.0;9.999458929043112;-0.31974123800000004;0.0;0.0;0.17504093325898293;0.0;0.015558434982706188;0.168093359925628;0.058072925804174655;0.0;0.0;0.0;0.0;-0.09699442389626192
1312.0;47.72574959058196;-0.31193599000000005;0.0;4.3691422585454747e-14;0.13845195327131363;0.0;0.015562619992113622;0.1603767080578757;0.05886;0.0;0.0;8.122443147185948e-13;0.0;-0.061327596418998084
1313.0;47.72540273374272;-0.30169403;0.0;4.369144650076652e-14;0.08572183106452053;0.0;0.015388245016097752;0.15090556625098847;0.05886;0.0;0.0;8.12244763875496e-13;0.0;-0.00916424715148073
1314.0;124.66627983044646;-0.28947949400000006;0.008399999999792606;1.6696863188023475e-13;0.03515938658836254;0.0;0.016523775003039556;0.13785945653540302;0.05886;4.966685900780535e-14;0.032724716246556276;3.1955976901469357e-12;5.4080786144300815e-15;-9.566449534275511e-9
1315.0;124.66608120139539;-0.28751608;0.008399999999792606;1.669686350284163e-13;0.0075635854289884934;0.0;0.016791615017500715;0.1406542200062595;0.05886;4.9666859809065484e-14;0.05530919875689715;3.1955977527955273e-12;5.408078659107528e-15;-9.566449477236665e-9
1316.0;124.665960088051;-0.28724873;0.008399999999792605;1.6696847277704578e-13;0.0018989578843817021;0.0;0.017182215006672837;0.15391770042736416;0.05886;4.9666818513773e-14;0.047060025577241676;3.1955945240109843e-12;5.4080763565743605e-15;-9.56645241691648e-9
1317.0;124.66588166345521;-0.282315072;0.008399999999792605;1.6696832303963515e-13;0.0012683608504011894;0.0;0.017228249997189443;0.16565182411803273;0.05886;4.9666780403461916e-14;0.030981383677681825;3.1955915442533006e-12;5.408074231628146e-15;-9.566455129874561e-9
1318.0;124.66584311681792;-0.27390049600000005;0.008399999999792605;1.6696824783388604e-13;0.0010677158108126268;0.0;0.0167065199952379;0.1715324715880198;0.05886;4.966676126250254e-14;0.01741077220963528;3.1955900476676784e-12;5.408073164370478e-15;-9.56645649246262e-9
1319.0;67.56428333126217;-0.265759804;0.008399999998890592;5.393671186557488e-14;0.0007094224152355007;0.0;0.01701341999662047;0.1774829879847783;0.05886;0.0;0.0;1.0051224863572232e-12;0.0;-3.258802394523537e-8
1320.0;47.72474439732335;-0.25738930600000004;0.0;4.36915644624152e-14;0.00037262575693087504;0.0;0.01658375999663546;0.1823155994198239;0.05886;0.0;0.0;8.122469793293573e-13;0.0;-0.0006512085738613275
1321.0;47.72584071450891;-0.23987325800000003;0.0;6.475082208220296e-14;6.091043053617405e-5;0.0;0.0083448899991294;0.21404392436621777;0.05886;0.0;0.0;1.2036264198640761e-12;0.0;-0.04134345863993217
1322.0;47.726015736770094;-0.18238900400000002;0.0;6.475083819825735e-14;7.165859859912564e-5;0.0;0.007354440010171335;0.19371978580071325;0.05886;0.0;0.0;1.2036267224967886e-12;0.0;-0.0775363183157944
1323.0;47.72602472398929;-0.182320332;0.0;6.475084108917604e-14;6.091043053617423e-5;0.0;0.008276534987345534;0.1919187158661741;0.05886;0.0;0.0;1.2036267767836182e-12;0.0;-0.07671565846137798
1324.0;47.72589761163848;-0.22914459800000003;0.0;6.475083350382562e-14;6.091043053617416e-5;0.0;0.007277715004090992;0.2051627882520605;0.05886;0.0;0.0;1.2036266343431168e-12;0.0;-0.04212710847135768
1325.0;47.72591762864076;-0.22773591999999998;0.0;6.475083838548774e-14;6.091043053617421e-5;0.0;0.007366995001616046;0.20171591408682285;0.05886;0.0;0.0;1.2036267260127198e-12;0.0;-0.040179249144060195
1326.0;47.725913418216415;-0.228983762;0.0;6.475083787369235e-14;7.524158871401277e-5;0.0;0.007115894997633834;0.20225545817693802;0.05886;0.0;0.0;1.2036267164021219e-12;0.0;-0.03923389688207757
1327.0;47.725896027249014;-0.23282214200000007;0.0;6.475083355988568e-14;0.0003869577173006651;0.0;0.00813145499136732;0.20542673824207627;0.05886;0.0;0.0;1.2036266353959109e-12;0.0;-0.039893144587700685
1328.0;47.72591912055966;-0.23854075800000002;0.0;6.475083064102945e-14;0.005137935217977678;0.0;0.009049364993279282;0.20692116050911952;0.05886;0.0;0.0;1.2036265805846487e-12;0.0;-0.041339801409921224
1329.0;47.72615007644199;-0.24840228400000003;0.0;6.475082884152307e-14;0.034041509717947144;0.0;0.010304864991304357;0.20270960691209286;0.05886;0.0;0.0;1.2036265467928732e-12;0.0;-0.05744325217949504
1330.0;47.72652757139182;-0.261247396;0.0;6.475081038740794e-14;0.07690063335410227;0.0;0.011187900002390342;0.19976734237357752;0.05886;0.0;0.0;1.2036262002550681e-12;0.0;-0.08542866400362299
1331.0;9.998923762152272;-0.26982458;0.0;0.0;0.1153778222555412;0.0;0.011253464968728491;0.1952840762832478;0.044976787074505774;0.0;0.0;0.0;0.0;-0.09699441791224107
1332.0;9.999047540825412;-0.2746873080000001;0.0;0.0;0.1359653934308459;0.0;0.011824019966590703;0.19705409336143778;0.026901807126329447;0.0;0.0;0.0;0.0;-0.09699441791224615
1333.0;9.999020672687923;-0.27943379200000007;0.0;0.0;0.14078802993153897;0.0;0.012164399968097884;0.2062923380346585;0.01724799660301664;0.0;0.0;0.0;0.0;-0.09699441791225841
1334.0;9.99883839234518;-0.277938832;0.0;0.0;0.12455373037127163;0.0;0.014076944978001922;0.21827100439117175;0.018108528314278307;0.0;0.0;0.0;0.0;-0.09699441791227119
1335.0;9.998608890076843;-0.27326835;0.0;0.0;0.09633091516803192;0.0;0.01483163998170256;0.22529284646513498;0.0339008706026707;0.0;0.0;0.0;0.0;-0.09699441791227609
1336.0;47.72637414247582;-0.265787214;0.0;6.475073704537996e-14;0.05652803917884568;0.0;0.014355945010319686;0.22834379600111993;0.05886;0.0;0.0;1.2036248230127899e-12;0.0;-0.09225803774669428
1337.0;47.72574578061943;-0.26863758600000004;0.0;6.475075923903889e-14;0.01703687771264125;0.0;0.015088319992753155;0.2532948208283693;0.05886;0.0;0.0;1.2036252397728523e-12;0.0;-0.0755481643813228
1338.0;47.72549311477234;-0.28175934199999997;0.0;6.475073076985631e-14;0.0028806831357261788;0.0;0.015618419989001164;0.2776325496095795;0.05886;0.0;0.0;1.2036247051687107e-12;0.0;-0.0731215606797497
1339.0;47.72548879461969;-0.28289544400000005;0.0;6.475066273374929e-14;0.00012181965792583724;0.0;0.01591694999714005;0.2992415036617699;0.05886;0.0;0.0;1.2036234275630256e-12;0.0;-0.09114199154072443
1340.0;47.72557039046923;-0.28081248;0.0;6.475063313015878e-14;7.882497996975281e-5;0.0;0.015552855004497433;0.2992764381251627;0.05886;0.0;0.0;1.203622871656295e-12;0.0;-0.0928629847760274
1341.0;47.66309428414604;-0.2759534960000001;0.0;6.470813607543925e-14;7.165859859872728e-5;0.0;0.015668639998545075;0.29796445210021844;0.05886;0.0;0.0;1.2028248524556152e-12;0.0;-0.09698171438046403
1342.0;10.047082638603493;-0.270061852;0.0;0.0;6.4493018470002e-5;0.0;0.015268274983298712;0.2967999671426862;0.05190163290438123;0.0;0.0;0.0;0.0;-0.09699441790797096
1343.0;43.58799146062936;-0.265394974;0.0;6.228541852992443e-14;6.449301948408986e-5;0.0;0.015559830006584313;0.28900180152709104;0.05886;0.0;0.0;1.1573481222108882e-12;0.0;-0.09699422867678406
1344.0;11.19254400140599;-0.259149932;0.0;0.0;6.807600872767707e-5;0.0;0.01569235497403371;0.28423517812261506;0.05886;0.0;0.0;0.0;0.0;-0.09699441715268281
1345.0;9.999716924083332;-0.31865132000000007;0.0;0.0;6.44566747563408e-5;0.0;0.015881399972809414;0.3883145339304215;0.01630394683134945;0.0;0.0;0.0;0.0;-0.10189948459304739
1346.0;9.999713197234271;-0.315816056;0.0;0.0;6.066465611542698e-5;0.0;0.015641099995353628;0.3894690211450604;0.012558411883696642;0.0;0.0;0.0;0.0;-0.1018994845930724
1347.0;9.999715882272353;-0.31365840800000006;0.0;0.0;6.066465611542715e-5;0.0;0.015726149979759216;0.3886391051869027;0.011145541136861116;0.0;0.0;0.0;0.0;-0.10189948459305423
1348.0;9.999724088616121;-0.310663864;0.0;0.0;6.445667475634128e-5;0.0;0.01512269996735959;0.38610005395852404;0.011289434074285853;0.0;0.0;0.0;0.0;-0.10189948459299898
1349.0;9.999706875121367;-0.311947984;0.0;0.0;6.445667475634014e-5;0.0;0.014578649985083847;0.39142055717133856;0.007797669622061783;0.0;0.0;0.0;0.0;-0.10189948459311526
1350.0;9.999691788399058;-0.31730636;0.0;0.0;6.445667475633915e-5;0.0;0.015778799986242646;0.3960837001438009;0.00729325115227513;0.0;0.0;0.0;0.0;-0.10189948459321718
1351.0;9.999660988772828;-0.33111948;0.0;0.0;8.34142209876957e-5;0.0;0.015165899987342359;0.405590761039137;0.01219426477395278;0.0;0.0;0.0;0.0;-0.10189948459342618
1352.0;9.999644985735848;-0.348606952;0.0;0.0;0.0020246828312147284;0.0;0.01498904999489071;0.40923499688085685;0.024273033117919528;0.0;0.0;0.0;0.0;-0.10189948458827355
1353.0;9.999654407749448;-0.35614148000000007;0.0;0.0;0.01093101182804445;0.0;0.012174299985525841;0.40034831908674773;0.034599696962288;0.0;0.0;0.0;0.0;-0.10189948458863383
1354.0;9.999630206910776;-0.362081648;0.0;0.0;0.030840392518405133;0.0;0.012170249988285383;0.3944731700761752;0.026504555420834536;0.0;0.0;0.0;0.0;-0.10189948458974502
1355.0;9.999566844398649;-0.36916336000000005;0.0;0.0;0.06003525567719649;0.0;0.012357899980437395;0.3947155708322323;0.003954764199903172;0.0;0.0;0.0;0.0;-0.1018994845915602
1356.0;0.0001814483660212928;-0.3741120720000001;0.0;0.0;0.077345968826122;0.0;0.011073701218698566;0.3875892275065098;0.0;0.0;0.0;0.0;0.0;-0.10189953953635443
1357.0;0.00018144747412775501;-0.37469979200000003;0.0;0.0;0.08242665978041934;0.0;0.01113129667039651;0.38303866133254144;0.0;0.0;0.0;0.0;0.0;-0.10189953953635442
1358.0;0.00018150546757223786;-0.37180612;0.0;0.0;0.07204658562634794;0.0;0.011757311387776706;0.3898990454988621;0.0;0.0;0.0;0.0;0.0;-0.1018995395363544
1359.0;9.999579180207576;-0.36834226400000003;0.0;0.0;0.05567498438635248;0.0;0.012374099990578506;0.39358573454193835;0.008608457263869933;0.0;0.0;0.0;0.0;-0.1018994845912718
1360.0;9.99965701171855;-0.36234496800000005;0.0;0.0;0.031124757834353617;0.0;0.01252394997318863;0.385997341773754;0.03460466805985645;0.0;0.0;0.0;0.0;-0.10189948458957748
1361.0;9.994168811861128;-0.35944302400000006;0.0;0.0;0.011473202149913868;0.0;0.012318749978859102;0.3864287337023959;0.05101199789598934;0.0;0.0;0.0;0.0;-0.10189948468388896
1362.0;17.542237902861483;-0.36087300800000005;0.0;0.0;0.0027791994542826133;0.0;0.012213449996241058;0.39349123933207447;0.05493599999999999;0.0;0.0;0.0;0.0;-0.10189797998961032
1363.0;16.47458855735471;-0.361478984;0.0;0.0;0.00022749267651457365;0.0;0.011817899982594166;0.39747648037982813;0.05493599999999999;0.0;0.0;0.0;0.0;-0.10189906743197703
1364.0;15.526278457043425;-0.35656654400000004;0.0;0.0;7.962220278184986e-5;0.0;0.008985599991465143;0.39593990308522625;0.05493599999999999;0.0;0.0;0.0;0.0;-0.10189926189095541
1365.0;12.955938774150868;-0.34838912000000005;0.0;0.0;7.203943883192148e-5;0.0;0.00859814999156155;0.3889677841782333;0.05493599999999999;0.0;0.0;0.0;0.0;-0.10189942518210393
1366.0;9.99971950297361;-0.338125824;0.0;0.0;7.20394385515577e-5;0.0;0.008430749980720395;0.387521593606173;0.044014367643563874;0.0;0.0;0.0;0.0;-0.10189948458767774
1367.0;9.999740355257487;-0.329904472;0.0;0.0;7.203943855155909e-5;0.0;0.0094567499734677;0.38106714636828165;0.041220777171304936;0.0;0.0;0.0;0.0;-0.10189948458753635
1368.0;9.999751440997514;-0.32216856000000005;0.0;0.0;7.203943855155982e-5;0.0;0.010060199985867296;0.3776406596056662;0.03630753559379262;0.0;0.0;0.0;0.0;-0.10189948458746145
1369.0;128.71666776168277;-0.28295688;0.007559999999786184;1.3686103043577425e-13;6.445667590091496e-5;0.0;0.010340999998050153;0.19820618994396344;0.05493599999999999;5.1537218813432606e-14;0.011871600356964527;2.6147941626655516e-12;5.6944062991454215e-15;-1.2368389635571088e-8
1370.0;73.39606445140035;-0.27867206400000005;0.007559999999111578;5.409682780773749e-14;6.445667584430601e-5;0.0;0.01231604999263261;0.20329250862288087;0.05493599999999999;0.0;0.0;1.010264153412098e-12;0.0;-1.213408966156342e-7
1371.0;67.99099024538546;-0.27900036000000006;0.0075599999988236214;5.108318625297155e-14;6.824784548369719e-5;0.0;0.013606649988455092;0.2105398961850182;0.05493599999999999;0.0;0.0;9.53197680619134e-13;0.0;-0.007642301990052263
1372.0;67.990881516482;-0.2801233920000001;0.007559999998823611;5.1083109435932776e-14;6.445667583384996e-5;0.0;0.014489550001053135;0.21763116122630766;0.05493599999999999;0.0;0.0;9.531962271998285e-13;0.0;-0.014492081328967175
1373.0;67.99085850589931;-0.282660672;0.00755999999882361;5.108309682492214e-14;6.066465719292699e-5;0.0;0.015260399998223817;0.2212836140428091;0.05493599999999999;0.0;0.0;9.5319598859286e-13;0.0;-0.016374349197619195
1374.0;67.99081392751519;-0.2902816160000001;0.007559999998823607;5.1083077314050667e-14;6.066465719292692e-5;0.0;0.015730200016974703;0.2311850897276619;0.05493599999999999;0.0;0.0;9.53195619436835e-13;0.0;-0.019124105898955652
1375.0;67.99079240675336;-0.307199624;0.0075599999988236076;5.1083081923626105e-14;9.099698586046819e-5;0.0;0.01576259999489683;0.24399949049867228;0.05493599999999999;0.0;0.0;9.531957066523807e-13;0.0;-0.015081109244788258
1376.0;67.99096866099767;-0.327330616;0.007559999998823627;5.108322958352416e-14;0.0016834440286585869;0.0;0.015835500008761636;0.25238082283849694;0.05493599999999999;0.0;0.0;9.531985004562438e-13;0.0;-0.0049899916023381195
1377.0;67.99084810493791;-0.33747400800000005;0.007559999998823615;5.108314275636728e-14;0.009061782234170673;0.0;0.015828749985121186;0.256887844042717;0.05493599999999999;0.0;0.0;9.531968576401853e-13;0.0;-0.006728252352398334
1378.0;67.99068695852168;-0.34304108000000005;0.007559999998823596;5.1082993872619966e-14;0.026434622098894116;0.0;0.015871950005104017;0.2555854497767932;0.05493599999999999;0.0;0.0;9.531940406805383e-13;0.0;-0.017283631654352993
1379.0;67.99059418889605;-0.34717963200000007;0.007559999998823583;5.108289575492109e-14;0.049707099252710926;0.0;0.01585845000018312;0.254582977348222;0.05493599999999999;0.0;0.0;9.53192184241778e-13;0.0;-0.03540874438484726
1380.0;67.99052477453472;-0.35182716;0.007559999998823574;5.108282677219633e-14;0.06893400191130866;0.0;0.015581699984024922;0.25713846177355576;0.05493599999999999;0.0;0.0;9.531908790519975e-13;0.0;-0.052271689549892066
1381.0;67.99047091203298;-0.3518097520000001;0.007559999998823568;5.108277759030943e-14;0.0810745152931291;0.0;0.015471000002977643;0.260219834090128;0.05493599999999999;0.0;0.0;9.531899485047243e-13;0.0;-0.06740337022513833
1382.0;67.9904615973928;-0.348400264;0.007559999998823567;5.108277694204944e-14;0.07867447015874354;0.0;0.014980949998025421;0.26310810674672463;0.05493599999999999;0.0;0.0;9.531899362392902e-13;0.0;-0.07081038353684796
1383.0;67.99049680032651;-0.344226328;0.007559999998823573;5.1082817975489984e-14;0.06620030116158016;0.0;0.014123700003249062;0.26406949505399596;0.05493599999999999;0.0;0.0;9.531907126137457e-13;0.0;-0.06261094790675452
1384.0;67.99058774376348;-0.33766130400000005;0.007559999998823583;5.108289694662582e-14;0.04599518079733033;0.0;0.014102100003847649;0.25662489934448973;0.05493599999999999;0.0;0.0;9.531922067893773e-13;0.0;-0.04149998953616015
1385.0;67.99068741577553;-0.3329548640000001;0.007559999998823595;5.108299127828026e-14;0.023799501098963467;0.0;0.014698799992606888;0.25277113064583906;0.05493599999999999;0.0;0.0;9.531939915942966e-13;0.0;-0.020747541908069104
1386.0;71.94183617087228;-0.33071484800000006;0.007559999999048149;5.325295885831564e-14;0.007461752003089586;0.0;0.014754150004446612;0.24584009661279266;0.05493599999999999;0.0;0.0;9.942751735941206e-13;0.0;-1.6507520332570623e-7
1387.0;93.98830923911977;-0.33121484800000006;0.00755999999956051;6.977057411057439e-14;0.0008758459371104122;0.0;0.014832449986940655;0.24950076715669128;0.05493599999999999;2.524604061482438e-14;2.1083681501769516e-14;1.308577655794495e-12;0.0;-2.6867354267072207e-8
1388.0;73.4869085986255;-0.32843804;0.007559999999115368;5.415171171048307e-14;0.0002123263005412533;0.0;0.014461199999376551;0.2509140898295517;0.05493599999999999;0.0;0.0;1.0113043057019224e-12;0.0;-1.1932945127871115e-7
1389.0;67.99078113461981;-0.32182327200000005;0.007559999998823609;5.10830952366667e-14;0.00011753814487816225;0.0;0.013545899987491094;0.25704807505095817;0.05493599999999999;0.0;0.0;9.531959585421121e-13;0.0;-0.01131334397031826
1390.0;67.99068093577874;-0.31238596800000007;0.007559999998823601;5.108302665875153e-14;9.478815551031483e-5;0.0;0.012149999999699313;0.26505964277300287;0.05493599999999999;0.0;0.0;9.531946610116106e-13;0.0;-0.02734552284216379
1391.0;67.99068126948485;-0.303278368;0.0075599999988236;5.1083022358525487e-14;6.445667583384963e-5;0.0;0.01011825000040573;0.2624548557463714;0.05493599999999999;0.0;0.0;9.531945796489882e-13;0.0;-0.031786842778770426
1392.0;67.99067031408326;-0.294594432;0.007559999998823598;5.108301359663908e-14;6.824784548369651e-5;0.0;0.008506349997419754;0.26266028086851945;0.05493599999999999;0.0;0.0;9.531944138694823e-13;0.0;-0.03906847618463281
1393.0;140.7754136500422;-0.271752912;0.007559999999657911;3.4294736001578634e-13;0.002070181113073224;0.0;0.008949150006806418;0.1334193107881193;0.05493599999999999;1.341405481190345e-13;0.06299999999989878;6.677021051486128e-12;1.1710290112175711e-14;-1.758627803541955e-8
1394.0;128.71685997301552;-0.266322712;0.007559999999594694;2.287902375605607e-13;0.0016151966075449193;0.0;0.009391949994348342;0.13088847728712774;0.05493599999999999;8.588703005499407e-14;0.06194717258992712;4.370289658507072e-12;9.516746270669825e-15;-2.0675521525813214e-8
1395.0;129.65479122227487;-0.264577464;0.007559999999600314;2.3489151582684256e-13;0.0012284595231585689;0.0;0.009258300000715413;0.12871097370174775;0.05493599999999999;8.836660945962821e-14;0.06299999999869606;4.491373267127212e-12;9.657919871673058e-15;-2.0392879496930855e-8
1396.0;140.72827721601178;-0.264068432;0.007559999999657688;3.4225274922573194e-13;0.0008151812797633982;0.0;0.009479700005340604;0.12631572103726554;0.05493599999999999;1.3383452028972323e-13;0.06299999999989835;6.662717126919844e-12;1.169932188284383e-14;-1.759685418219578e-8
1397.0;142.76469238672098;-0.26570148800000004;0.007559999999666757;3.7368458567676216e-13;0.0003488215673157687;0.0;0.009312299999418119;0.1283083419374521;0.05493599999999999;1.4784433119117827e-13;0.06299999999991317;7.313354851505573e-12;1.217281111424341e-14;-1.7168779647436448e-8
1398.0;161.63553594763653;-0.272742912;0.007559999999735247;2.54515597496763e-12;0.00029953211692561164;0.0;0.009042299985951163;0.1294381782277493;0.05493599999999999;0.008247099027107088;0.06299999999996335;7.919918705866755e-11;1.9513518647175145e-14;-1.404211921725561e-8
1399.0;161.6355296309683;-0.2870188640000001;0.007559999999735247;2.5451410315759526e-12;0.00442472839121561;0.0;0.00869535000350835;0.1286246954665468;0.05493599999999999;0.01955726839946666;0.06299999999996335;7.919840086371615e-11;1.9513506755568498e-14;-1.4042121770084935e-8
1400.0;161.6354782310221;-0.30345552000000003;0.007559999999735246;2.545041842965009e-12;0.030453655435137703;0.0;0.008450999986452285;0.1270511417854383;0.05493599999999999;0.011776849802660732;0.06299999999996336;7.919318255802886e-11;1.951342782041421e-14;-1.4042138715592759e-8
1401.0;128.7167149559986;-0.31991533600000005;0.007559999999594691;2.287875438201612e-13;0.09164912236669023;0.0;0.007978500004395405;0.12210040319039779;0.05493599999999999;8.58859376756501e-14;0.035684871181928104;4.37023625346935e-12;9.51668321464811e-15;-2.0675651551389763e-8
1402.0;68.00006033640227;-0.330906336;0.007559999997986891;8.540072933179465e-14;0.15662096442951287;0.0;0.007646399995758959;0.11133614289562628;0.05493599999999999;0.0;0.0;1.5933385073864798e-12;0.0;-0.007128334618982402
1403.0;67.9995240000836;-0.33503492000000007;0.007559999997986774;8.539984648037753e-14;0.20752619002799047;0.0;0.007326450001977864;0.1125193902746088;0.05493599999999999;0.0;0.0;1.593321806503206e-12;0.0;-0.054801635678955594
1404.0;67.99932113582203;-0.33875212800000004;0.0075599999979867345;8.539954655932787e-14;0.24057705094620044;0.0;0.0076328999908379875;0.11650052283498231;0.05493599999999999;0.0;0.0;1.5933161329034378e-12;0.0;-0.08843328500119202
1405.0;50.00022795817119;-0.34213295200000005;0.0013257693254393385;7.201777280163934e-14;0.2545033797006793;0.0;0.007388549993469855;0.1256296021377364;0.05493599999999999;0.0;0.0;1.3407229346709838e-12;0.0;-0.10189951772746227
1406.0;9.999896217638607;-0.34108429600000006;0.0;0.0;0.2527289386845832;0.0;0.00774494996105051;0.13316047532953454;0.04927821726093293;0.0;0.0;0.0;0.0;-0.10189955877499965
1407.0;49.970710552273815;-0.335068032;0.0058417265815241875;7.201379284746576e-14;0.2331645883932943;0.0;0.008078400003474486;0.1365705273902857;0.05493599999999999;0.0;0.0;1.34064797260629e-12;0.0;-0.10189951774854339
1408.0;67.99942047918218;-0.32677097600000005;0.0075599999979867665;8.539979152870956e-14;0.19621981589677517;0.0;0.007844849987611938;0.13663626394116687;0.05493599999999999;0.0;0.0;1.593320766983676e-12;0.0;-0.07639112392094174
1409.0;67.99968509881363;-0.31669914400000004;0.007559999997986824;8.54002260100939e-14;0.13861493768141198;0.0;0.007365599982360465;0.13220319626258928;0.05493599999999999;0.0;0.0;1.5933289860588986e-12;0.0;-0.02392826085497065
1410.0;128.7167550492095;-0.308726072;0.007559999999594692;2.2878814278368484e-13;0.0724525516122645;0.0;0.007136099985380022;0.1225852054551202;0.05493599999999999;8.588618057020594e-14;0.04405416622918951;4.370248128280663e-12;9.516697235451581e-15;-2.0675622639286925e-8
1411.0;161.63549959421545;-0.303477896;0.007559999999735246;2.545048770421228e-12;0.02100892728608746;0.0;0.007613999999057254;0.11535014410776694;0.05493599999999999;0.033781487969209746;0.06299999999996336;7.919354700192182e-11;1.9513433333527757e-14;-1.4042137532052898e-8
1412.0;164.87972097329632;-0.3047854160000001;0.007559999999744751;0.0013578525819128457;0.004216193260194641;0.0;0.007699050004677191;0.11691958930148508;0.05493599999999999;0.03569999999911267;0.0629999999999667;0.013481999886115294;2.1770104338204737e-14;-1.3621669599808619e-8
1413.0;163.55743651532663;-0.30138644000000003;0.007559999999740927;6.2562029904515424e-12;0.002134637789065228;0.0;0.006394949982557557;0.12022282068976842;0.05493599999999999;0.035699999998506586;0.06299999999996542;0.01095148469307178;2.0786185708408154e-14;-1.3790506362665798e-8
1414.0;163.557429739611;-0.29516156800000004;0.007559999999740927;6.256177658649849e-12;0.0022180515867770804;0.0;0.005616000012086344;0.12104451967314443;0.05493599999999999;0.03569999999850658;0.06299999999996542;0.004600580534948019;2.0786181989471974e-14;-1.379050703980687e-8
1415.0;161.6355657537026;-0.28729423200000004;0.007559999999735247;2.545157614297613e-12;0.0022180515867759078;0.0;0.004884300016457789;0.12171420462306061;0.05493599999999999;0.0327597683268811;0.06299999999996335;7.919927330672538e-11;1.9513519951706826e-14;-1.4042118937205313e-8
1416.0;161.63555384180745;-0.27883465600000007;0.007559999999735247;2.545157976048278e-12;0.0021687612873814432;0.0;0.0038717999862712227;0.12265505049337791;0.05493599999999999;0.024422094316095787;0.06299999999996335;7.919929233910572e-11;1.951352023957214e-14;-1.4042118875406707e-8
1417.0;128.71693764377227;-0.19975726400000005;0.007559999999773121;1.4313335387661095e-13;0.001592447042719589;0.0;0.0047047499979795925;0.11378069816144623;0.05493599999999999;5.388609944728831e-14;0.017196358380663853;2.734568429576037e-12;5.955205508103371e-15;-1.0367779540467237e-8
1418.0;128.71696231614266;-0.196903552;0.0075599999997731215;1.4313341721754308e-13;0.000887220295075383;0.0;0.005071949987803735;0.10662780580929483;0.05493599999999999;5.388612527257143e-14;0.02183296022284992;2.7345696856506244e-12;5.955206991359378e-15;-1.036777771610558e-8
1419.0;128.71698112977708;-0.19438890400000003;0.0075599999997731215;1.4313346335761464e-13;0.0004929000223973538;0.0;0.004963950011976634;0.1010772280552036;0.05493599999999999;5.3886144084758824e-14;0.025370705977639053;2.734570600625292e-12;5.95520807182124e-15;-1.0367776387168998e-8
1420.0;128.71699935032777;-0.191979576;0.0075599999997731215;1.4313350697432812e-13;0.00018199397192671544;0.0;0.005327099983380511;0.09565401265761914;0.05493599999999999;5.3886161868127405e-14;0.028331839967616488;2.7345714655609093e-12;5.955209093193811e-15;-1.0367775130911864e-8
1421.0;128.7169862302335;-0.19243964800000002;0.007559999999773121;1.4313347939463046e-13;0.00015166164325917478;0.0;0.005752349990128469;0.09972964042798102;0.05493599999999999;5.388615062335661e-14;0.024321809067149175;2.7345709186452183e-12;5.9552084473612385e-15;-1.036777592526765e-8
1422.0;128.71698149996638;-0.193973256;0.007559999999773121;1.4313341156957e-13;0.003984909413309921;0.0;0.0058319999852737055;0.09862034657464097;0.05493599999999999;5.388612296979754e-14;0.02305082819929599;2.7345695736491287e-12;5.955206859100145e-15;-1.0367777878779764e-8
1423.0;128.71695153809472;-0.19861175199999997;0.007559999999773121;1.4313310942623824e-13;0.019799425733552634;0.0;0.005602499986338616;0.09727275970002645;0.05493599999999999;5.388599978025753e-14;0.013448176370617704;2.734563582034604e-12;5.955199783799467e-15;-1.0367786581210163e-8
1424.0;47.49157214340002;-0.20988000800000003;0.0;4.409485115609723e-14;0.06049024060821659;0.0;0.00535004999363937;0.09442557191730593;0.05493599999999999;0.0;0.0;8.207799331147586e-13;0.0;-0.005324354479197567
1425.0;47.49118406890315;-0.22445043200000003;0.0;4.409457865384567e-14;0.11280212810783723;0.0;0.005032800005078459;0.09505006350592358;0.05493599999999999;0.0;0.0;8.207748022810264e-13;0.0;-0.04339785826214626
1426.0;47.491044431404646;-0.23674084;0.0;4.4094472225143295e-14;0.15649584394521757;0.0;0.004612949987590841;0.09602788576275807;0.05493599999999999;0.0;0.0;8.207727983785034e-13;0.0;-0.07537043267246676
1427.0;47.490892019960455;-0.24482616799999998;0.0;4.409438209443546e-14;0.17754647791801312;0.0;0.005024700010597887;0.10034591504178521;0.05493599999999999;0.0;0.0;8.207711013444781e-13;0.0;-0.09307212119656683
1428.0;40.180611837099946;-0.249091648;0.0;4.151321519576034e-14;0.18611915129946127;0.0;0.00506520000350628;0.10565820127980893;0.05493599999999999;0.0;0.0;7.722039343020524e-13;0.0;-0.10189948484602701
1429.0;10.000181461656545;-0.24960769600000005;0.0;0.0;0.19181783706955852;0.0;0.00505034999332165;0.11545696477971144;0.03912330159482917;0.0;0.0;0.0;0.0;-0.10189955898281894
1430.0;10.000150745733823;-0.24808657600000006;0.0;0.0;0.1917002993490337;0.0;0.004661549982916199;0.12502976147330025;0.02853677256072437;0.0;0.0;0.0;0.0;-0.10189955898282642
1431.0;10.000145058858248;-0.2456872;0.0;0.0;0.18152001212367178;0.0;0.005343299998440851;0.13361651818266496;0.02705239589878567;0.0;0.0;0.0;0.0;-0.10189955898280986
1432.0;10.00015862587848;-0.242223896;0.0;0.0;0.15993856261144201;0.0;0.005331149985540214;0.14390008470007823;0.03490510195896095;0.0;0.0;0.0;0.0;-0.10189955898276834
1433.0;47.49083822914764;-0.23734235200000003;0.0;4.409443848083527e-14;0.12428291387175808;0.0;0.0056416500067384525;0.14644324441603715;0.05493599999999999;0.0;0.0;8.207721630208681e-13;0.0;-0.0939906482162929
1434.0;47.491037529695674;-0.23436888800000005;0.0;4.409458249656329e-14;0.08311815567172426;0.0;0.005395949997662332;0.1534030371082129;0.05493599999999999;0.0;0.0;8.207748746339976e-13;0.0;-0.062499510811856805
1435.0;47.49118992286321;-0.227596648;0.0;4.409469645084825e-14;0.039978005363145976;0.0;0.004611599995570798;0.15209242662011563;0.05493599999999999;0.0;0.0;8.207770202326628e-13;0.0;-0.024024871448766295
1436.0;79.08205932506742;-0.226219088;0.0075599999992642065;6.033198874400284e-14;0.01047223572947343;0.0;0.005278499994457746;0.1483249361566919;0.05493599999999999;0.0;1.5448657866074366e-14;1.1277962217953702e-12;0.0;-2.414927135350041e-8
1437.0;128.71682321888932;-0.224676288;0.007559999999773121;1.431330830435921e-13;0.0033403477474963335;0.0;0.004645350010215686;0.14797571322326955;0.05493599999999999;5.388598902355561e-14;0.006235127046977952;2.7345630588569287e-12;5.9551991659957156e-15;-1.0367787341094223e-8
1438.0;128.7168281718421;-0.22337565600000003;0.007559999999773121;1.431331056735282e-13;0.002540332419704121;0.0;0.004567050007090538;0.1469814577694799;0.05493599999999999;5.388599825019312e-14;0.006807140365271242;2.7345635076173003e-12;5.955199695922028e-15;-1.0367786689297347e-8
1439.0;120.87580163834463;-0.22091274400000005;0.007559999999740016;1.175641050052615e-13;0.0025441240138443957;0.0;0.004851899996460134;0.14919593698876807;0.05493599999999999;4.361408369929087e-14;9.749581572432251e-14;2.2309256703622507e-12;5.305713426019864e-15;-1.135430627361678e-8
1440.0;49.99969583004705;-0.21614473600000006;0.004912525757409809;4.505760323923447e-14;0.002540332419580489;0.0;0.005117849989670353;0.14866183212271986;0.05493599999999999;0.0;0.0;8.389117347975843e-13;0.0;-2.7135854313840563e-7
1441.0;128.71698316570075;-0.218532616;0.007559999999795287;1.3249143699765054e-13;0.002381088012577022;0.0;0.0009503999935745813;0.0991791023650072;0.05493599999999999;4.990044659061504e-14;0.05353727721398148;2.5313551408845006e-12;5.512703411289198e-15;-1.0733468402858977e-8
1442.0;128.71698567040917;-0.21351885600000003;0.007559999999795287;1.3249144591437967e-13;0.002096722272133001;0.0;0.0009477000095344041;0.09859569565029755;0.05493599999999999;4.990045022898835e-14;0.0493939915365727;2.531355317716277e-12;5.512703620107874e-15;-1.0733468069079197e-8
1443.0;128.7169862698602;-0.21104127200000006;0.007559999999795287;1.3249145180287165e-13;0.0017592746381491305;0.0;0.0013472999984606641;0.09863678052420555;0.05493599999999999;4.9900452631721846e-14;0.04681325096027722;2.5313554344935e-12;5.51270375800793e-15;-1.0733467848655422e-8
1444.0;128.71698555271809;-0.21227541600000005;0.007559999999795287;1.32491453290787e-13;0.001550740356117268;0.0;0.002269350012621275;0.09899832816720397;0.05493599999999999;4.990045323885303e-14;0.046972417367448185;2.5313554640011002e-12;5.512703792853721e-15;-1.0733467792958348e-8
1445.0;128.716983610702;-0.21707993600000003;0.007559999999795287;1.324914269913226e-13;0.003162144945146772;0.0;0.0025353000078987584;0.09851763438987235;0.05493599999999999;4.990044250763861e-14;0.05037986098326913;2.5313549424442852e-12;5.512703176953939e-15;-1.0733468777425736e-8
1446.0;128.71697772171598;-0.22904183200000006;0.007559999999795287;1.3249125554525958e-13;0.014627763907990548;0.0;0.0029132999974236084;0.09264659236147459;0.05493599999999999;4.990037255094503e-14;0.05636596108052175;2.5313515424188798e-12;5.512699161908911e-15;-1.0733475195177655e-8
1447.0;128.7169396922891;-0.24022649600000007;0.007559999999795286;1.3249071159969628e-13;0.04825873066502919;0.0;0.0034411499907383105;0.08184124719282168;0.05493599999999999;4.9900150599988374e-14;0.04418839724959234;2.53134075518629e-12;5.5126864233783685e-15;-1.073349555689227e-8
1448.0;128.71683241367623;-0.26091489600000006;0.007559999999795285;1.3248969149101094e-13;0.1062275968244029;0.0;0.0036854999866143723;0.07611400372831804;0.05493599999999999;4.98997343563775e-14;0.012377110483101472;2.5313205249545395e-12;5.512662533573482e-15;-1.0733533743669343e-8
1449.0;58.91645440299515;-0.27690419200000005;0.007559999997633697;4.52167246539362e-14;0.17220419690293015;0.0;0.003923099999707792;0.0745404500471891;0.05493599999999999;0.0;0.0;8.427313623812866e-13;0.0;-0.03634317007612907
1450.0;58.916247971152124;-0.2909748240000001;0.007559999997633589;4.521655555986027e-14;0.2296574134749557;0.0;0.0041093999998400195;0.07858320991842459;0.05493599999999999;0.0;0.0;8.42728170582367e-13;0.0;-0.08396970024809162
1451.0;10.000187929359063;-0.30131185600000004;0.0;0.0;0.26488841003781055;0.0;0.004492799986254915;0.08493905345875226;0.04881185826770124;0.0;0.0;0.0;0.0;-0.10189956322766795
1452.0;10.000080322521667;-0.30359755200000005;0.0;0.0;0.2747198748467525;0.0;0.004814099993235733;0.09106893019277039;0.034814074635716785;0.0;0.0;0.0;0.0;-0.10189956322769853
1453.0;10.000070178059003;-0.301906304;0.0;0.0;0.2722098747556374;0.0;0.004847849984357947;0.09588819643869119;0.030780892979805314;0.0;0.0;0.0;0.0;-0.10189956322769748
1454.0;10.000062123314015;-0.30072712;0.0;0.0;0.26002765468720884;0.0;0.0048734999809996946;0.1065497445486661;0.031100624046018554;0.0;0.0;0.0;0.0;-0.10189956322768694
1455.0;10.000081441452295;-0.29706776000000007;0.0;0.0;0.23879123514826261;0.0;0.005630849994429432;0.11482425621633001;0.039651506200151045;0.0;0.0;0.0;0.0;-0.10189956322766404
1456.0;50.00007965665553;-0.291096664;0.002470575769682099;4.1707762819822994e-14;0.20576312379567369;0.0;0.006905250014529862;0.12286047486289721;0.05493599999999999;0.0;0.0;7.765618551277317e-13;0.0;-0.10189950620246217
1457.0;58.916268428675316;-0.283047264;0.007559999997633673;4.521668537631494e-14;0.1582058287085945;0.0;0.00685799999780073;0.12811113303746677;0.05493599999999999;0.0;0.0;8.427306209816817e-13;0.0;-0.07270011822657942
1458.0;58.916393350600394;-0.27551837600000006;0.007559999997633751;4.521680697397333e-14;0.11161916771435268;0.0;0.0066109499967045;0.13301256978381165;0.05493599999999999;0.0;0.0;8.427329162442032e-13;0.0;-0.03828418895646989
1459.0;58.91742750825466;-0.265031744;0.00755999999763427;4.521761785799771e-14;0.06192723441358564;0.0;0.006365250008808438;0.1364308388190375;0.05493599999999999;0.0;0.0;8.427482223957055e-13;0.0;-0.0021912007130858915
1460.0;128.71686782867468;-0.252744224;0.007559999999795286;1.324909010473501e-13;0.02446681232971882;0.0;0.006748649989095769;0.12001328708023576;0.05493599999999999;4.990022790198117e-14;0.03902796170782403;2.531344512208372e-12;5.512690860012475e-15;-1.0733488465200102e-8
1461.0;128.71691519206163;-0.24556228799999996;0.007559999999795287;1.3249124827604482e-13;0.006275000015467312;0.0;0.006369299986370828;0.11757694878923514;0.05493599999999999;4.9900369584817523e-14;0.05285737750021246;2.5313513982590834e-12;5.512698991672879e-15;-1.0733475467287209e-8
1462.0;128.71689784644872;-0.24309041600000006;0.007559999999795287;1.3249126791919815e-13;0.002403836728458255;0.0;0.005760449984710796;0.12553510692780748;0.05493599999999999;4.9900377599990864e-14;0.04690908631799966;2.531351787811521e-12;5.5126994516911205e-15;-1.073347473198243e-8
1463.0;128.71689907126478;-0.23620865600000004;0.007559999999795287;1.3249127129256186e-13;0.0023355893073279416;0.0;0.0050584500041646425;0.12520231869654466;0.05493599999999999;4.9900378976451715e-14;0.04113034178895661;2.531351854710994e-12;5.512699530690908e-15;-1.0733474605706769e-8
1464.0;128.71692216441429;-0.22148084000000004;0.007559999999795287;1.324913184496132e-13;0.0022294259447437803;0.0;0.005121900010348814;0.11813570457960001;0.05493599999999999;4.990039821837236e-14;0.033511121802703894;2.5313527899040237e-12;5.512700635048919e-15;-1.0733472840471842e-8
1465.0;161.635683209409;-0.21832861600000003;0.007559999999832421;1.810006315862337e-12;0.0020095164557818648;0.0;0.0017414999981551623;0.08281496096226579;0.05493599999999999;0.006041451030563585;0.06299999999997412;5.6346668977603905e-11;1.3874679888083368e-14;-9.982709273761433e-9
1466.0;161.63568615119294;-0.216566064;0.007559999999832421;1.8100081373465645e-12;0.0015659063082049086;0.0;0.0018683999893435044;0.08220279558842858;0.05493599999999999;0.005207809323627643;0.06299999999997412;5.634676497008096e-11;1.3874681337940342e-14;-9.982708962614878e-9
1467.0;161.63570344600475;-0.214501992;0.007559999999832421;1.8100140319699747e-12;0.0012360422870073455;0.0;0.0018981000044054567;0.07707949977037246;0.05493599999999999;0.008566724146538347;0.06299999999997412;5.634707561850116e-11;1.3874686029889723e-14;-9.982707955697749e-9
1468.0;161.6357102854392;-0.212828736;0.007559999999832421;1.8100160542734664e-12;0.0012512082390933469;0.0;0.001775250010457381;0.07495540727368069;0.05493599999999999;0.009125014200425278;0.06299999999997412;5.6347182194820324e-11;1.3874687639576732e-14;-9.982707610250262e-9
1469.0;161.63572499589023;-0.21512872000000005;0.007559999999832421;1.810019976217992e-12;0.0014862836801429029;0.0;0.0017995499938989784;0.07025117942731032;0.05493599999999999;0.015869294711263755;0.06299999999997412;5.634738888355833e-11;1.3874690761309512e-14;-9.98270694031063e-9
1470.0;161.6357349760341;-0.22375126400000006;0.007559999999832422;1.81001308159725e-12;0.006161253889089557;0.0;0.0017792999865176471;0.0640309159706946;0.05493599999999999;0.026055660538859538;0.06299999999997412;5.634702553348269e-11;1.3874685273421743e-14;-9.98270811803956e-9
1471.0;161.63570691807217;-0.23798900000000003;0.007559999999832421;1.8099568163265216e-12;0.028766419812220473;0.0;0.0013540500009496944;0.057539491593678035;0.05493599999999999;0.024599101914188327;0.06299999999997412;5.6344060395951637e-11;1.387464048674045e-14;-9.982717729537053e-9
1472.0;128.71691708286502;-0.2548195280000001;0.0075599999997325;1.626330168424787e-13;0.07480709889042834;0.0;0.001209600007283285;0.055637258168693186;0.05493599999999999;6.118334429371783e-14;0.06066009577856678;3.106930540972167e-12;6.766038737109711e-15;-1.4698666835466985e-8
1473.0;128.7168519552491;-0.26961154400000004;0.0075599999997324994;1.6263199896712286e-13;0.13113422770760946;0.0;0.0011272499857378718;0.05332828298680739;0.05493599999999999;6.118292984686603e-14;0.021503046961827702;3.1069103577457818e-12;6.766014903887532e-15;-1.4698715975620657e-8
1474.0;68.00141971708759;-0.27952185600000007;0.007559999998589618;6.070836154964775e-14;0.17522984658138338;0.0;0.0010003500143401926;0.05564136590345702;0.05493599999999999;0.0;0.0;1.1327400783832005e-12;0.0;-0.014775551980626874
1475.0;68.00127752409777;-0.28806745600000006;0.007559999998589595;6.07081890016e-14;0.20232798746796904;0.0;0.0007573499893042757;0.05703003765197954;0.05493599999999999;0.0;0.0;1.1327368139289752e-12;0.0;-0.03448378339400843
1476.0;68.00122369556514;-0.293033136;0.007559999998589587;6.070813188596778e-14;0.21400214156183578;0.0;0.0006183000063951963;0.06087559088106472;0.05493599999999999;0.0;0.0;1.132735733352542e-12;0.0;-0.04490168700808627
1477.0;68.00118941469171;-0.29394214400000007;0.007559999998589585;6.070811073715833e-14;0.2154239694150648;0.0;0.0004657499973852834;0.06767104407760852;0.05493599999999999;0.0;0.0;1.132735333235974e-12;0.0;-0.05205738393050179
1478.0;68.00116479098523;-0.29318744799999996;0.007559999998589584;6.070810268468997e-14;0.21339549541298053;0.0;0.00041850000134223045;0.07448703895849823;0.05493599999999999;0.0;0.0;1.132735180890605e-12;0.0;-0.05755143829565659
1479.0;68.00118642106646;-0.289008456;0.00755999999858959;6.070815313986148e-14;0.19713357692651995;0.0;0.0005170499906686117;0.08085109947379195;0.05493599999999999;0.0;0.0;1.132736135457032e-12;0.0;-0.051926510355328456
1480.0;68.00128065638049;-0.283048648;0.0075599999985896055;6.07082729093465e-14;0.16984965047378361;0.0;0.0005480999977506368;0.0803909488860224;0.05493599999999999;0.0;0.0;1.1327384013880391e-12;0.0;-0.030165746694062995
1481.0;128.71677881586598;-0.275396856;0.0075599999997324994;1.6263193513697318e-13;0.12754363856689904;0.0;0.0005264999997384373;0.08067854375600535;0.05493599999999999;6.118290385726478e-14;0.0041337225942399145;3.106909092072177e-12;6.766013409321607e-15;-1.4698719057192554e-8
1482.0;128.71686392029946;-0.26733036;0.0075599999997325;1.6263281484507813e-13;0.08514283892877789;0.0;0.0005386499914592357;0.08048133485603085;0.05493599999999999;6.11832620466907e-14;0.038662097330712526;3.1069265356093717e-12;6.766034007416176e-15;-1.4698676587255194e-8
1483.0;161.63560878976563;-0.25755339200000005;0.007559999999832421;1.8098979470930602e-12;0.042658624643971965;0.0;0.0005143500083345328;0.07855034201931903;0.05493599999999999;0.01009924474913853;0.06299999999997412;5.6340958167653464e-11;1.3874593624650075e-14;-9.98272778651761e-9
1484.0;161.63567500875888;-0.249399072;0.007559999999832421;1.8099787377254932e-12;0.013861872927508437;0.0;0.0004090500165476306;0.07718221270775052;0.05493599999999999;0.032221491480613686;0.06299999999997412;5.634521562209483e-11;1.3874657936286724e-14;-9.982713984747316e-9
1485.0;161.63567772663484;-0.24681265599999996;0.007559999999832421;1.810008599716668e-12;0.003761208330208456;0.0;0.0004401000024496656;0.08340247616436623;0.05493599999999999;0.03348834576721838;0.06299999999997412;5.63467893370748e-11;1.3874681705974323e-14;-9.982708883632771e-9
1486.0;161.63567202092298;-0.243143816;0.007559999999832422;1.8100017012482696e-12;0.0026047882466965246;0.0;0.0004589999966309044;0.08587579084188401;0.05493599999999999;0.028483242528197623;0.06299999999997412;5.634642578737732e-11;1.3874676214962008e-14;-9.982710062034277e-9
1487.0;161.6356735370235;-0.23598852800000006;0.007559999999832421;1.8100023388110133e-12;0.0025175828548392866;0.0;0.0003928500064065698;0.085464941350196;0.05493599999999999;0.021892134974528736;0.06299999999997412;5.63464593868847e-11;1.3874676722448623e-14;-9.982709953124951e-9
1488.0;161.63567206890403;-0.227723952;0.007559999999832422;1.8100019049737296e-12;0.00251379168518944;0.0;0.00035099999962383033;0.08592098420318284;0.05493599999999999;0.013217206821264293;0.06299999999997412;5.634643652368536e-11;1.3874676377123336e-14;-9.982710027233609e-9
1489.0;47.486544033272686;-0.257935008;0.0;4.2662974183763216e-14;0.0007886405451500968;0.0;0.015701849992819882;0.22841185471799255;0.05493599999999999;0.0;0.0;7.941348498870563e-13;0.0;-0.0419282087024377
1490.0;47.48656207708874;-0.25526574400000007;0.0;4.266297933557574e-14;0.0003981118666174532;0.0;0.015512849987467455;0.2239705700646334;0.05493599999999999;0.0;0.0;7.941349468898029e-13;0.0;-0.039576934417898064
1491.0;47.4865570782192;-0.25292446400000007;0.0;4.266297763396263e-14;0.00019716034838082285;0.0;0.014682600002532872;0.22483746391452428;0.05493599999999999;0.0;0.0;7.941349148503061e-13;0.0;-0.041753872550056075
1492.0;47.48656458282419;-0.25259808000000006;0.0;4.266298007967398e-14;0.00019336875423543802;0.0;0.013772699980093051;0.22330910284210656;0.05493599999999999;0.0;0.0;7.941349609003813e-13;0.0;-0.03963826572366789
1493.0;47.48657486064861;-0.25917629600000003;0.0;4.266298620625423e-14;0.00019716034838082296;0.0;0.012471300005567489;0.2234898762873017;0.05493599999999999;0.0;0.0;7.941350762569216e-13;0.0;-0.03194276945558769
1494.0;47.48662963983156;-0.2748135440000001;0.0;4.2663017779792335e-14;0.00047015130638868946;0.0;0.010042650001387824;0.22382677375856339;0.05493599999999999;0.0;0.0;7.941356707508007e-13;0.0;-0.014484603529059253
1495.0;49.99928838746082;-0.287963864;0.002109669732733448;4.359626505131521e-14;0.004458851889437338;0.0;0.009929249994120945;0.21655062603208236;0.05493599999999999;0.0;0.0;8.117120615733355e-13;0.0;-2.621162337064836e-7
1496.0;47.48672889516053;-0.298664608;0.0;4.266304104227928e-14;0.03100342852069727;0.0;0.011195549985323627;0.20840758671352969;0.05493599999999999;0.0;0.0;7.941361087569971e-13;0.0;-0.0069041200330801165
1497.0;47.48648173553253;-0.309974776;0.0;4.266284027172003e-14;0.09119792903074204;0.0;0.0113737499909753;0.18931951214982326;0.05493599999999999;0.0;0.0;7.941323284754233e-13;0.0;-0.03690151937515985
1498.0;47.48628904544328;-0.31990056;0.0;4.266268506394671e-14;0.1565261754249009;0.0;0.0117179999893779;0.1815626706460081;0.05493599999999999;0.0;0.0;7.941294060896427e-13;0.0;-0.08490965074422806
1499.0;9.999970523090656;-0.32749356800000007;0.0;0.0;0.1978767191903131;0.0;0.011164499985953981;0.17658728263166168;0.04371099083269901;0.0;0.0;0.0;0.0;-0.10189955944158312
1500.0;9.99989984745919;-0.33148262400000006;0.0;0.0;0.21682683929675758;0.0;0.010993049982762534;0.1857204696692188;0.01978488307070283;0.0;0.0;0.0;0.0;-0.10189955944163272
1501.0;9.999910066704748;-0.328196;0.0;0.0;0.216625887778521;0.0;0.013363649991198238;0.18269661617611777;0.017352186230722003;0.0;0.0;0.0;0.0;-0.10189955944162987
1502.0;9.999915429494505;-0.32840945600000004;0.0;0.0;0.20694608418842114;0.0;0.01463804997706202;0.18753231637160173;0.02113805036043276;0.0;0.0;0.0;0.0;-0.10189955944161201
1503.0;9.999990124472077;-0.324507272;0.0;0.0;0.18523193100358065;0.0;0.015056549981349726;0.1779184348041049;0.04814956563748355;0.0;0.0;0.0;0.0;-0.10189955944155583
1504.0;47.48638660692949;-0.3166155600000001;0.0;4.2662730893817466e-14;0.14651271664395366;0.0;0.015060599992057671;0.16975074380878513;0.05493599999999999;0.0;0.0;7.941302690138669e-13;0.0;-0.06970965422467684
1505.0;47.486651253741236;-0.30631732;0.0;4.266290377555746e-14;0.09071261219655692;0.0;0.01489185001526661;0.15972601274960027;0.05493599999999999;0.0;0.0;7.941335241805084e-13;0.0;-0.013998062101939844
1506.0;128.71675639077841;-0.2940771360000001;0.007559999999782789;1.384902108629751e-13;0.037206389096596015;0.0;0.015990750002966025;0.1459173565248312;0.05493599999999999;5.2147378404176623e-14;0.03247501506308112;2.6459040045249875e-12;5.762155745196472e-15;-1.003126956739616e-8
1507.0;128.71681019728368;-0.29219852;0.00755999999978279;1.3849074754657764e-13;0.008003942325018304;0.0;0.016249950016963065;0.14887547421967942;0.05493599999999999;5.214759729395755e-14;0.05658844459762143;2.6459146473984304e-12;5.762168313155748e-15;-1.0031254110725762e-8
1508.0;128.71677778731132;-0.29188112000000005;0.00755999999978279;1.3849076786393001e-13;0.0020095164557769355;0.0;0.016627950006487924;0.16291420649097224;0.05493599999999999;5.214760558050429e-14;0.047851593757715374;2.645915050307767e-12;5.762168788942928e-15;-1.003125352558246e-8
1509.0;128.71673905306804;-0.286755368;0.00755999999978279;1.3849069749906157e-13;0.0013422056495865774;0.0;0.016672499997310852;0.17533419096724973;0.05493599999999999;5.214757688175082e-14;0.030930096627987475;2.645913654915285e-12;5.762167141153911e-15;-1.0031255552103979e-8
1510.0;128.716719373977;-0.27809142400000003;0.00755999999978279;1.3849065989512235e-13;0.0011298789244182546;0.0;0.016167599995417652;0.18155856291125624;0.05493599999999999;5.214756154474305e-14;0.016759720705714406;2.645912909198728e-12;5.762166260553102e-15;-1.0031256635105729e-8
1511.0;62.41166810399525;-0.26974277599999996;0.007559999998237072;4.8863521289958305e-14;0.0007507254527365103;0.0;0.016464599996367957;0.18785688762827799;0.05493599999999999;0.0;0.0;9.110787386464524e-13;0.0;-4.67645670610357e-8
1512.0;47.487084181753076;-0.2612700640000001;0.0;4.266323918811124e-14;0.0003943202724720713;0.0;0.01604879999644275;0.19297196571893271;0.05493599999999999;0.0;0.0;7.94139839618355e-13;0.0;-0.003093383925461117
1513.0;47.480954617442926;-0.24352615200000005;0.0;6.322238432171962e-14;6.445667567076356e-5;0.0;0.008075699998566842;0.22655481465428726;0.05493599999999999;0.0;0.0;1.1767121763839658e-12;0.0;-0.04616546731192617
1514.0;47.480939031672385;-0.18529257600000004;0.0;6.322233145204991e-14;7.583060911584015e-5;0.0;0.0071172000092438225;0.20504272801436058;0.05493599999999999;0.0;0.0;1.176711181057387e-12;0.0;-0.08194555081370856
1515.0;47.48095009976772;-0.18520480800000003;0.0;6.322233748217477e-14;6.4456675670763e-5;0.0;0.008009549987162483;0.20313638534938122;0.05493599999999999;0.0;0.0;1.1767112945808951e-12;0.0;-0.08100795453867425
1516.0;47.480984394056094;-0.23270411200000007;0.0;6.322239262711946e-14;6.445667567076365e-5;0.0;0.007042950003358957;0.21715457518372;0.05493599999999999;0.0;0.0;1.1767123327415743e-12;0.0;-0.04655554683235604
1517.0;47.480999679176264;-0.23127147999999997;0.0;6.322239903136179e-14;6.445667567076373e-5;0.0;0.007129350000964637;0.2135062308546094;0.05493599999999999;0.0;0.0;1.1767124533083185e-12;0.0;-0.044426486742705905
1518.0;47.48099934798315;-0.232540728;0.0;6.322239977447856e-14;7.962220326122554e-5;0.0;0.0068863499971086655;0.21407731135453856;0.05493599999999999;0.0;0.0;1.1767124672984242e-12;0.0;-0.04350036613978565
1519.0;47.48098650089182;-0.23644644800000003;0.0;6.322239464979901e-14;0.0004094866489543277;0.0;0.007869149991053266;0.21743395307890248;0.05493599999999999;0.0;0.0;1.1767123708208338e-12;0.0;-0.04426371813739329
1520.0;47.48096783587334;-0.242295152;0.0;6.32223774845573e-14;0.005437069170484237;0.0;0.008757449992911656;0.21901572448740064;0.05493599999999999;0.0;0.0;1.1767120476674247e-12;0.0;-0.04591373397736279
1521.0;47.4808877486645;-0.25229089600000004;0.0;6.322227598018228e-14;0.0360234287028282;0.0;0.009972449991011509;0.21455800513187018;0.05493599999999999;0.0;0.0;1.1767101367418637e-12;0.0;-0.06327009808016543
1522.0;47.48062134959478;-0.265299024;0.0;6.32220132619062e-14;0.08137783857964144;0.0;0.01082700000174763;0.21144376491617153;0.05493599999999999;0.0;0.0;1.176705190797164e-12;0.0;-0.09337330370969546
1523.0;10.000037760287777;-0.27397151999999997;0.0;0.0;0.12209519461231315;0.0;0.010890449966797023;0.20669845144301344;0.036153672830574586;0.0;0.0;0.0;0.0;-0.10189955281062849
1524.0;9.999984417065484;-0.27888935200000003;0.0;0.0;0.14388138766142045;0.0;0.011442599964732953;0.20857192620886647;0.016854963317736338;0.0;0.0;0.0;0.0;-0.10189955281070295
1525.0;9.999939691755902;-0.28368704800000005;0.0;0.0;0.14898480121686697;0.0;0.011771999966194447;0.21835014727199528;0.006441558220681708;0.0;0.0;0.0;0.0;-0.10189955281073236
1526.0;9.99993805069784;-0.28218480800000006;0.0;0.0;0.13180533010658496;0.0;0.013622849975796056;0.23102896795910918;0.007594316086926424;0.0;0.0;0.0;0.0;-0.10189955281068898
1527.0;9.999978741307471;-0.2774624;0.0;0.0;0.10193936412296233;0.0;0.01435319997938433;0.23846123745383496;0.02458279833666251;0.0;0.0;0.0;0.0;-0.10189955281059858
1528.0;47.47972782965684;-0.269882816;0.0;6.322146916399465e-14;0.05981913863228395;0.0;0.013892850009449073;0.2416905153167477;0.05493599999999999;0.0;0.0;1.176694947590096e-12;0.0;-0.10054991474574572
1529.0;47.480691505443026;-0.2727893840000001;0.0;6.322222048508734e-14;0.0180287758881724;0.0;0.014601599992455827;0.2680999302156284;0.05493599999999999;0.0;0.0;1.1767090919891754e-12;0.0;-0.08294074663578459
1530.0;47.48065101403998;-0.286138248;0.0;6.322224479947499e-14;0.00304839839403929;0.0;0.01511459998882956;0.2938602018489385;0.05493599999999999;0.0;0.0;1.1767095497327285e-12;0.0;-0.0808782827109131
1531.0;47.4796534825966;-0.287293936;0.0;6.322141068591276e-14;0.00012891207816014046;0.0;0.015403499996708375;0.31673220157826015;0.05493599999999999;0.0;0.0;1.1766938466797024e-12;0.0;-0.10000137900444764
1532.0;47.475809127296515;-0.28514912;0.0;6.322215196125234e-14;8.341422190214518e-5;0.0;0.015051150003825366;0.31676917796477727;0.05493599999999999;0.0;0.0;1.1767078019563424e-12;0.0;-0.10138712436332818
1533.0;18.658906407402768;-0.28020042400000006;0.0;0.0;7.58306086461878e-5;0.0;0.015163199989880635;0.3153805062161433;0.05493599999999999;0.0;0.0;0.0;0.0;-0.10189954515480869
1534.0;9.999954959235776;-0.274181688;0.0;0.0;6.824784417666354e-5;0.0;0.014775749980913015;0.314147956988311;0.047095048512119896;0.0;0.0;0.0;0.0;-0.10189955281169649
1535.0;9.999981657232217;-0.26942925600000006;0.0;0.0;6.824784417666562e-5;0.0;0.015057899986331573;0.3058939877576011;0.050313554563012675;0.0;0.0;0.0;0.0;-0.10189955281168686
1536.0;9.999997975370519;-0.26310120800000003;0.0;0.0;7.203943832204155e-5;0.0;0.015186149969540012;0.30084875470518635;0.04889815694226773;0.0;0.0;0.0;0.0;-0.101899552811681
1537.0;9.998173035930732;-0.32347585999999995;0.0;0.0;6.89525057459605e-5;0.0;0.015352019971022217;0.4187970317158363;0.004710193667426424;0.0;0.0;0.0;0.0;-0.1154566742944219
1538.0;9.092519756923506;-0.32059968799999994;0.0;0.0;6.489599496584295e-5;0.0;0.015119729990449289;0.4200421456026084;0.0;0.0;0.0;0.0;0.0;-0.11554027685986214
1539.0;5.677411694659945;-0.318410834;0.0;0.0;6.489599408285911e-5;0.0;0.015201944959968508;0.41914708165428427;0.0;0.0;0.0;0.0;0.0;-0.11554103741618915
1540.0;6.503769723932583;-0.31537797199999995;0.0;0.0;6.895250502585372e-5;0.0;0.01461860995318406;0.416408716167345;0.0;0.0;0.0;0.0;0.0;-0.11554098874848824
1541.0;-0.00024418698220771;-0.3166832319999999;0.0;0.0;5.935756791677768e-6;0.0;0.010370839955727258;0.4218367980614487;0.0;0.0;0.0;0.0;0.0;-0.11554115308668131
1542.0;-0.00036760891830780746;-0.3221122799999999;0.0;0.0;0.0;0.0;0.011067396478320467;0.4265715258072227;0.0;0.0;0.0;0.0;0.0;-0.11554115308754197
1543.0;5.1892413796629615;-0.33615128999999994;0.0;0.0;8.923233310514709e-5;0.0;0.014660369963427443;0.4374294340599654;0.0;0.0;0.0;0.0;0.0;-0.11554105838304639
1544.0;9.997972950763097;-0.3539996959999999;0.0;0.0;0.0021659037664228877;0.0;0.014489414992358701;0.4413597406030949;0.011435811014024718;0.0;0.0;0.0;0.0;-0.11545851033141978
1545.0;10.001623865274558;-0.36177704;0.0;0.0;0.011693446165739571;0.0;0.011768489983288824;0.4317754630219348;0.015393261116639322;0.0;0.0;0.0;0.0;-0.108847212280587
1546.0;9.998053495798763;-0.3677933539999999;0.0;0.0;0.032991499352305526;0.0;0.011764574985948097;0.4254391177360359;0.013053005963356729;0.0;0.0;0.0;0.0;-0.11545747123711714
1547.0;-0.0002864697797649371;-0.37488453;0.0;0.0;0.062083306003471936;0.0;0.008548971977950837;0.41977982099415706;0.0;0.0;0.0;0.0;0.0;-0.11554115308819662
1548.0;-0.00028650241550330716;-0.379856706;0.0;0.0;0.08198918236430489;0.0;0.008186036535363057;0.4052090594969906;0.0;0.0;0.0;0.0;0.0;-0.11554115308819649
1549.0;-0.0002865018976613814;-0.380415516;0.0;0.0;0.08750551927200027;0.0;0.008334759519441891;0.40010280963558426;0.0;0.0;0.0;0.0;0.0;-0.11554115308819649
1550.0;-0.0002865017304975898;-0.37744650999999996;0.0;0.0;0.07621630768063295;0.0;0.008394455169558213;0.408363319434204;0.0;0.0;0.0;0.0;0.0;-0.11554115308819649
1551.0;-0.00028639688999271414;-0.37394642199999995;0.0;0.0;0.05744893875450741;0.0;0.009321775495523245;0.42270326982822337;0.0;0.0;0.0;0.0;0.0;-0.11554115308819707
1552.0;10.001649973749592;-0.36789196399999996;0.0;0.0;0.0332956990518184;0.0;0.012106484971366278;0.41629794112732543;0.015223177257265057;0.0;0.0;0.0;0.0;-0.10902577774899748
1553.0;10.001684293066978;-0.36500490199999996;0.0;0.0;0.01227345407718741;0.0;0.011908124976861154;0.41676319710781323;0.015535638370764111;0.0;0.0;0.0;0.0;-0.0914783512947681
1554.0;10.001675850339335;-0.36655363399999996;0.0;0.0;0.002973047665422328;0.0;0.01180633498479948;0.42438010591675196;0.015613143115765893;0.0;0.0;0.0;0.0;-0.0882217511350801
1555.0;10.001673257056805;-0.3671942319999999;0.0;0.0;0.00024336021237240712;0.0;0.011423969972358733;0.4286781864047073;0.015651139052443707;0.0;0.0;0.0;0.0;-0.08880486956703465
1556.0;10.001671490983124;-0.36219086199999995;0.0;0.0;8.517582370124629e-5;0.0;0.008686079981664948;0.4270209885567069;0.01563714702523851;0.0;0.0;0.0;0.0;-0.08924097550430314
1557.0;10.001666187223934;-0.35380550999999993;0.0;0.0;7.706416472382817e-5;0.0;0.008311544984362797;0.41950156178313586;0.015574249695752248;0.0;0.0;0.0;0.0;-0.08966157753756229
1558.0;10.001642622804674;-0.343292552;0.0;0.0;7.706416472382866e-5;0.0;0.008149724978608655;0.4179418459705031;0.0152683109836583;0.0;0.0;0.0;0.0;-0.09814503890797156
1559.0;10.001631040764785;-0.33488890599999993;0.0;0.0;7.706416472382759e-5;0.0;0.009141524971607133;0.4109807278345547;0.015375622083444698;0.0;0.0;0.0;0.0;-0.10068637034174166
1560.0;10.001619019647313;-0.32701788;0.0;0.0;7.706416472383035e-5;0.0;0.009724859983599014;0.40728526356523603;0.015382064966673952;0.0;0.0;0.0;0.0;-0.10544953380293419
1561.0;133.2555404339041;-0.28750498999999996;0.0067199999997771065;1.1870260437784145e-13;6.895250700803556e-5;0.0;0.00999629999808539;0.2137652772767757;0.051012;5.3957543112539703e-14;0.005926179635482235;2.2679279423318904e-12;6.050814111141466e-15;-1.314248640821225e-8
1562.0;70.3919248209637;-0.283163572;0.006719999998862823;5.007319625765178e-14;6.895250693678615e-5;0.0;0.011905514992578456;0.21925086944230665;0.051012;0.0;0.0;9.360564565616638e-13;0.0;-0.005668738861640588
1563.0;70.39168399045742;-0.28354552999999993;0.006719999998862813;5.0073114361671536e-14;7.3008109373522e-5;0.0;0.013153094988728431;0.22706717332358842;0.051012;0.0;0.0;9.360549014054504e-13;0.0;-0.014349006106963774
1564.0;70.39162156100075;-0.284711066;0.00671999999886281;5.007309389189982e-14;6.895250693678568e-5;0.0;0.014006565000914722;0.23471509914378053;0.051012;0.0;0.0;9.360545126965301e-13;0.0;-0.021679172654495548
1565.0;70.39160934420093;-0.28730000599999994;0.006719999998862809;5.00730903503026e-14;6.489599629213613e-5;0.0;0.014751719998186856;0.23865426768983106;0.051012;0.0;0.0;9.360544454437478e-13;0.0;-0.023770094247185864
1566.0;70.39159097809764;-0.294995318;0.006719999998862809;5.00730859506194e-14;6.489599629213612e-5;0.0;0.015205860016317066;0.2493330042914488;0.051012;0.0;0.0;9.36054361896438e-13;0.0;-0.02720688118881976
1567.0;70.39159979125266;-0.31218295199999996;0.00671999999886281;5.00730917671806e-14;9.734399451372238e-5;0.0;0.015237179994975425;0.26315332914974515;0.051012;0.0;0.0;9.360544723493482e-13;0.0;-0.023903040370668337
1568.0;70.39166957700294;-0.332672568;0.006719999998862814;5.007311730504996e-14;0.0018008636740949903;0.0;0.015307650008378736;0.27219259190979295;0.051012;0.0;0.0;9.36054957298458e-13;0.0;-0.014227994653253919
1569.0;70.39165038421399;-0.343058384;0.006719999998862813;5.0073107982226854e-14;0.009693838446813773;0.0;0.015301124985526245;0.27705341203697853;0.051012;0.0;0.0;9.360547802636089e-13;0.0;-0.01658936314362405
1570.0;70.39160322227868;-0.34873508999999997;0.006719999998862808;5.007308271402241e-14;0.028278427952389093;0.0;0.01534288500484339;0.27564878046892516;0.051012;0.0;0.0;9.360543004352641e-13;0.0;-0.028134601794940452
1571.0;70.39157956523607;-0.35287008599999997;0.006719999998862807;5.007306284087733e-14;0.05317415243090689;0.0;0.015329835000086403;0.2745676144532905;0.051012;0.0;0.0;9.360539230561333e-13;0.0;-0.04780226490449599
1572.0;70.39156683477073;-0.35752242999999995;0.006719999998862805;5.007304951246846e-14;0.0737421249763317;0.0;0.015062309984464249;0.27732370313504356;0.051012;0.0;0.0;9.360536699575808e-13;0.0;-0.0662074298450565
1573.0;70.39154212084242;-0.357446096;0.006719999998862802;5.0073035433074916e-14;0.08672943501573548;0.0;0.014955300002784189;0.28064696164594705;0.051012;0.0;0.0;9.360534025981244e-13;0.0;-0.08248752922203408
1574.0;70.39152735688938;-0.3539589219999999;0.006719999998862802;5.0073031936777145e-14;0.08416198755379348;0.0;0.014481584997992503;0.28376196226960504;0.051012;0.0;0.0;9.3605333620561e-13;0.0;-0.08604794999563761
1575.0;70.3915401880507;-0.34972999399999993;0.006719999998862804;5.007304280083564e-14;0.07081774953395227;0.0;0.013652910003034077;0.284798819080851;0.051012;0.0;0.0;9.360535425075566e-13;0.0;-0.07714018332485373
1576.0;70.3915647889323;-0.34308409199999995;0.006719999998862806;5.007305981360955e-14;0.049203328932355316;0.0;0.013632030003612506;0.27676982631071595;0.051012;0.0;0.0;9.360538655701827e-13;0.0;-0.05412118966451196
1577.0;70.39159093382747;-0.338360222;0.006719999998862808;5.007307903872405e-14;0.025459508163651844;0.0;0.01420883999275196;0.2726135386858919;0.051012;0.0;0.0;9.360542306436577e-13;0.0;-0.03152092314759243
1578.0;70.39177765919082;-0.33619520399999997;0.006719999998862817;5.007315073392994e-14;0.00798220665415112;0.0;0.014262345004065997;0.2651384219283971;0.051012;0.0;0.0;9.3605559209299e-13;0.0;-0.008790299381651724
1579.0;70.39189076195734;-0.33674595399999996;0.006719999998862821;5.007318538248774e-14;0.0009369358917342564;0.0;0.014338034986613698;0.26908645328935027;0.051012;0.0;0.0;9.360562500486827e-13;0.0;-0.0052212168924563925
1580.0;70.39177628454284;-0.33389866999999995;0.006719999998862818;5.00731547600579e-14;0.00022713598740006536;0.0;0.013979159999114667;0.270610721089122;0.051012;0.0;0.0;9.36055668546916e-13;0.0;-0.008520155915802413
1581.0;70.39161018155502;-0.327102056;0.006719999998862811;5.0073098179967766e-14;0.00012573639029857207;0.0;0.013094369987796008;0.2772262210996759;0.051012;0.0;0.0;9.360545941243964e-13;0.0;-0.02094213755610913
1582.0;70.39154743835832;-0.31745346399999996;0.006719999998862808;5.0073077687280564e-14;0.00010139959695045849;0.0;0.011744999999584355;0.28586669290335026;0.051012;0.0;0.0;9.36054204980586e-13;0.0;-0.037855829191529584
1583.0;70.39153914602758;-0.3081789139999999;0.0067199999988628075;5.0073074200933194e-14;6.895250693678559e-5;0.0;0.009780975000248403;0.28305743139061823;0.051012;0.0;0.0;9.36054138776772e-13;0.0;-0.04232456633467101
1584.0;70.39152565724235;-0.29933498599999997;0.006719999998862807;5.0073069442505635e-14;7.300810937352178e-5;0.0;0.008222804997347025;0.2832789822826868;0.051012;0.0;0.0;9.36054048417113e-13;0.0;-0.04983563521993854
1585.0;166.9227148617546;-0.27594277599999995;0.006719999999720518;7.427440614765894e-13;0.0022145755379387537;0.0;0.00865084500674009;0.14389266032893655;0.051012;3.4818094219571617e-12;0.05849999999996078;1.583456175805905e-11;2.0437346741014154e-14;-1.498567269045329e-8
1586.0;141.5284849416542;-0.270411426;0.006719999999622626;2.4193644921042586e-13;0.0017278560186998388;0.0;0.009078884994549416;0.14116315765682466;0.051012;1.1742532025054982e-13;0.05849999999983741;4.660280825888007e-12;1.1542752502179894e-14;-1.9673738322880268e-8
1587.0;149.38266860165464;-0.26863952199999996;0.006719999999658228;3.0565315629228195e-13;0.001314144154907204;0.0;0.008949690000802682;0.13881472112297444;0.051012;1.6574211580065428e-13;0.05849999999991709;5.960728434274893e-12;1.333725899220698e-14;-1.7918616022954037e-8
1588.0;167.5889544976675;-0.26814048599999996;0.006719999999722495;7.848601301683824e-13;0.0008720398953360386;0.0;0.00916371000533602;0.1362314423156091;0.051012;3.03287098633362e-11;0.05849999999996154;1.6884457038975954e-11;2.0854087853830742e-14;-1.4895176469268307e-8
1589.0;167.80487143869087;-0.2697971739999999;0.006719999999723321;8.040811193729902e-13;0.00037315175239035125;0.0;0.009001889999584883;0.13838048296543054;0.051012;0.005093012456258533;0.05849999999996187;1.737000535566185e-11;2.103491991183997e-14;-1.4857370143348255e-8
1590.0;167.79931491824814;-0.27694152599999994;0.006719999999723321;8.040939564510971e-13;0.00032042437967321516;0.0;0.008740889986341226;0.13959901084258894;0.051012;0.011792062203657734;0.05849999999996186;1.7370330995450175e-11;2.103503881997714e-14;-1.4857345563575919e-8
1591.0;167.79931917129198;-0.29152822199999995;0.006719999999723321;8.040938551526335e-13;0.004733351683704906;0.0;0.00840550500330996;0.13872167008921746;0.051012;0.023178147316790253;0.05849999999996186;1.737032842579044e-11;2.1035037881676445e-14;-1.4857345757533482e-8
1592.0;167.79934459366453;-0.30834270999999996;0.006719999999723321;8.040932528300845e-13;0.03257778748974235;0.0;0.008169299986820167;0.13702459322674837;0.051012;0.01407906358160484;0.05849999999996186;1.7370313146556843e-11;2.1035032302495078e-14;-1.4857346910810394e-8
1593.0;133.25565693700432;-0.32501487799999995;0.006719999999577951;1.984336437045728e-13;0.09804161731725655;0.0;0.007712550004112942;0.13168522411424557;0.051012;8.98905812470187e-14;0.029815430800494796;3.790537479697276e-12;1.0111865703902863e-14;-2.19698319578972e-8
1594.0;70.40432447455585;-0.3360531279999999;0.006719999998050921;8.371318591081931e-14;0.16754522315031858;0.0;0.007391519995574306;0.12007597473993656;0.051012;0.0;0.0;1.564701018016548e-12;0.0;-0.016653682003327088
1595.0;70.40412599902488;-0.34018565999999995;0.0067199999980509005;8.371302720475135e-14;0.2220010708299732;0.0;0.007082235001582996;0.12135210644968146;0.051012;0.0;0.0;1.5646980048614471e-12;0.0;-0.06794308690412898
1596.0;70.40384354623413;-0.34390614399999997;0.006719999998050876;8.371283369976533e-14;0.2573572179972557;0.0;0.007378469990817291;0.12564575593602922;0.051012;0.0;0.0;1.5646943310227153e-12;0.0;-0.10416476419749097
1597.0;9.999454147403485;-0.34729819599999995;0.0;0.0;0.2722549034195639;0.0;0.007142264968212947;0.13549146342336466;0.0480390753812894;0.0;0.0;0.0;0.0;-0.1155412047068902
1598.0;9.999781034433072;-0.346235708;0.0;0.0;0.2703566957506529;0.0;0.007486784958665393;0.14361350641557233;0.040302200331272034;0.0;0.0;0.0;0.0;-0.1155412047072261
1599.0;35.40200534717976;-0.34011903599999993;0.0;6.332478405713587e-14;0.2494277387154211;0.0;0.00780912000012663;0.14729124586707582;0.051012;0.0;0.0;1.1790881680650895e-12;0.0;-0.11554119068687477
1600.0;70.40400314749468;-0.33169509799999997;0.006719999998050894;8.371297173165426e-14;0.20990608096871502;0.0;0.007583354987700735;0.14736214270454445;0.051012;0.0;0.0;1.5646969516626244e-12;0.0;-0.0908454838191928
1601.0;70.40415574499772;-0.32151916199999997;0.006719999998050911;8.371310786012628e-14;0.14828328219273462;0.0;0.007120079982619854;0.1425810814179834;0.051012;0.0;0.0;1.5646995361648737e-12;0.0;-0.034153681399086935
1602.0;133.25563843947137;-0.31356770599999995;0.00671999999957795;1.9843367024591968e-13;0.07750609231594938;0.0;0.006898229985723599;0.13220808311563242;0.051012;8.989059692253075e-14;0.03919699633045757;3.7905380059334515e-12;1.0111866636358365e-14;-2.196983003486492e-8
1603.0;177.44027117863138;-0.30840075799999994;0.006719999999749821;5.412545147700698e-12;0.022474292781420796;0.0;0.007360199999097547;0.12440507305086886;0.051012;0.03173333333300095;0.058499999999970374;0.005631773696537432;3.011024397972407e-14;-1.3658567130398814e-8
1604.0;179.11837708832857;-0.309865218;0.00671999999975405;0.011928882166423752;0.004510271298597238;0.0;0.007442415004514183;0.1260977189117305;0.051012;0.031733333333051096;0.0584999999999715;0.011983999901140503;3.256844965025128e-14;-1.3469482694573212e-8
1605.0;179.11837384683054;-0.30635811999999996;0.00671999999975405;0.008346965767728075;0.002283528045033863;0.0;0.006181784983133218;0.12966025232113315;0.051012;0.031733333333051096;0.0584999999999715;0.011983999901140574;3.2568451565497516e-14;-1.3469482560361867e-8
1606.0;179.11801505964283;-0.29989726399999994;0.006719999999754023;0.0009026159430305206;0.0023727599266172286;0.0;0.005428800011670394;0.13054645426603245;0.051012;0.03173333333305082;0.05849999999997149;0.011983999900515825;3.255165501262731e-14;-1.3470660299585513e-8
1607.0;177.44025082633047;-0.291791886;0.006719999999749821;5.412567828973965e-12;0.002372759926616292;0.0;0.004721490015892772;0.1312687091514495;0.051012;0.03173333333300095;0.058499999999970374;0.004901495249925352;3.0110253355816313e-14;-1.3658566338745753e-8
1608.0;167.79931927650586;-0.283127238;0.006719999999723321;8.040938453852719e-13;0.00232003164568549;0.0;0.003742739986602715;0.13228341095465593;0.051012;0.028291444850121483;0.05849999999996186;1.737032817802007e-11;2.1035037791200334e-14;-1.4857345776235193e-8
1609.0;133.2555738707312;-0.203079422;0.006719999999763521;1.241421379847189e-13;0.0017035196794978275;0.0;0.00454792499795921;0.12271242637832393;0.051012;5.641525576879754e-14;0.016363182839078776;2.3718033915712246e-12;6.327899866666436e-15;-1.0848996501327937e-8
1610.0;133.2555759145957;-0.20019174599999998;0.006719999999763521;1.2414213530745352e-13;0.0009491036073199723;0.0;0.004902884988125949;0.11499803553401751;0.051012;5.641525417815507e-14;0.021589083221005913;2.3718033384761555e-12;6.327899772563332e-15;-1.0848996612991539e-8
1611.0;133.2555776464874;-0.19764939199999998;0.006719999999763521;1.241421330992658e-13;0.000527279630439359;0.0;0.004798485011492085;0.1090117401868083;0.051012;5.6415252866214306e-14;0.025559024806441073;2.3718032946835595e-12;6.3278996949489104e-15;-1.0848996705090791e-8
1612.0;133.25557940957134;-0.19521039799999998;0.006719999999763521;1.241421308782083e-13;0.00019468798924607397;0.0;0.005149529983852531;0.10316280507774801;0.051012;5.64152515466092e-14;0.02895028730372967;2.371803250636192e-12;6.3278996168821245e-15;-1.0848996797726927e-8
1613.0;133.2555778327173;-0.19567685399999996;0.006719999999763521;1.2414213277244705e-13;0.00016223999102448836;0.0;0.005560604990379496;0.10755836760107106;0.051012;5.641525267203366e-14;0.024642746845754144;2.3718032882025994e-12;6.327899683462086e-15;-1.0848996718721725e-8
1614.0;133.25558191093035;-0.19723053799999998;0.006719999999763521;1.2414212899279388e-13;0.004262855482462402;0.0;0.005637599985687297;0.10636199473195078;0.051012;5.6415250426432164e-14;0.023214796194709;2.3718032132455602e-12;6.327899550612356e-15;-1.0848996876363804e-8
1615.0;133.25559750961176;-0.20195384599999994;0.006719999999763521;1.2414211487879203e-13;0.021180428909114774;0.0;0.005415749986714585;0.10490862295790093;0.051012;5.6415242040921016e-14;0.012694265319417045;2.3718029333400487e-12;6.327899054523708e-15;-1.0848997465032171e-8
1616.0;47.32749352992424;-0.21338713399999995;0.0;4.3202919998894017e-14;0.06470941420923285;0.0;0.0051717149933918054;0.10183793235028327;0.051012;0.0;0.0;8.05382142935884e-13;0.0;-0.009366177883679144
1617.0;47.32728914974715;-0.228142736;0.0;4.32028503841136e-14;0.12067003797670246;0.0;0.00486504000444669;0.10251144621801671;0.051012;0.0;0.0;8.053808282732313e-13;0.0;-0.05093727497053785
1618.0;47.3272579521662;-0.24058306999999995;0.0;4.3202827533913995e-14;0.16741137555501298;0.0;0.004459184987538119;0.1035660270356931;0.051012;0.0;0.0;8.053803967515105e-13;0.0;-0.08588934977931156
1619.0;47.32710232127127;-0.24878906399999992;0.0;4.320278179082208e-14;0.18993028405027362;0.0;0.004857210009782082;0.10822301946555331;0.051012;0.0;0.0;8.053795329014644e-13;0.0;-0.10525520350857974
1620.0;37.07028841543275;-0.25309535399999994;0.0;4.0084797836280816e-14;0.1991008984690874;0.0;0.004896360002445859;0.11395231753119239;0.051012;0.0;0.0;7.465519766794495e-13;0.0;-0.11554115219128493
1621.0;9.999729634043117;-0.253601658;0.0;0.0;0.20519706562328885;0.0;0.004882004991240726;0.12452027909242683;0.03453044501969917;0.0;0.0;0.0;0.0;-0.11554120421190855
1622.0;9.99972588633987;-0.252090898;0.0;0.0;0.20507132968694317;0.0;0.00450616498117859;0.1348445355654348;0.023197462166650494;0.0;0.0;0.0;0.0;-0.1155412042119077
1623.0;9.999712913175195;-0.24966634999999998;0.0;0.0;0.19418097090821645;0.0;0.005165189996191956;0.14410534840586378;0.02174475296401899;0.0;0.0;0.0;0.0;-0.11554120421190531
1624.0;9.999688418796131;-0.24617025799999998;0.0;0.0;0.17109422267113;0.0;0.0051534449837210925;0.15519616978036524;0.030258756750444742;0.0;0.0;0.0;0.0;-0.1155412042119009
1625.0;47.327006021928966;-0.24122239599999995;0.0;4.3202782832549435e-14;0.1329516046224167;0.0;0.005453595006056999;0.15793896626919107;0.051012;0.0;0.0;8.053795525743009e-13;0.0;-0.10614795738865841
1626.0;47.32720082879352;-0.23823637399999997;0.0;4.320284708382775e-14;0.08891561861201594;0.0;0.005216084997281128;0.16544509922625183;0.051012;0.0;0.0;8.053807659480672e-13;0.0;-0.07236771258681378
1627.0;47.32724304733991;-0.231397354;0.0;4.320287250137949e-14;0.04276645756887933;0.0;0.0044578799952520315;0.16403160646667062;0.051012;0.0;0.0;8.053812459538423e-13;0.0;-0.03088381159224549
1628.0;50.00178072973163;-0.23007747399999995;0.002585984275282798;4.4096840417239006e-14;0.011202670591098139;0.0;0.005102549992967573;0.15996836987560964;0.051012;0.0;0.0;8.222681952069674e-13;0.0;-2.803570015718205e-7
1629.0;133.25584785148666;-0.22855707399999992;0.006719999999763523;1.2414364173920854e-13;0.0035733358608316737;0.0;0.004490505009786891;0.1595917331156199;0.051012;5.641614919557824e-14;0.003168445159733247;2.371833213689683e-12;6.3279527213838885e-15;-1.0848933783738554e-8
1630.0;133.25558038154347;-0.22719573799999998;0.006719999999763521;1.241422032016498e-13;0.0027175197374483683;0.0;0.004414815006765183;0.1585194291032004;0.051012;5.6415294516044155e-14;0.0037929996596956206;2.371804684938009e-12;6.327902158951934e-15;-1.084899378125624e-8
1631.0;80.99838273802393;-0.22461346199999999;0.0067199999992410735;5.803762726919135e-14;0.002721575793935259;0.0;0.004690169995639502;0.16090774383982068;0.051012;0.0;1.6144926801579518e-14;1.0867838629958824e-12;0.0;-2.5072404677912944e-8
1632.0;47.69733376293605;-0.21970882800000002;0.0;4.3321683987407443e-14;0.002717519737298653;0.0;0.004947254989403948;0.16033171200743213;0.051012;0.0;0.0;8.07625059369532e-13;0.0;-2.0437585171783906e-6
1633.0;133.25558016324823;-0.22207731799999997;0.006719999999786574;1.1491225572118223e-13;0.0025471680873692124;0.0;0.0009187199936760145;0.1069646125739637;0.051012;5.224440546662897e-14;0.053893696399041166;2.1955463706868297e-12;5.857736161169045e-15;-1.0651042476812047e-8
1634.0;133.25558011641323;-0.21699033799999995;0.006719999999786574;1.1491225567850004e-13;0.002242967933752863;0.0;0.0009161100091038181;0.1063354087223065;0.051012;5.2244405441251325e-14;0.04974272793773291;2.195546369840624e-12;5.85773615966978e-15;-1.0651042478855152e-8
1635.0;133.25557977871588;-0.214479056;0.006719999999786574;1.1491225596150728e-13;0.0018819834426707718;0.0;0.0013023899984029028;0.10637971873838273;0.051012;5.224440560953088e-14;0.0471618727176355;2.195546375453458e-12;5.85773616961695e-15;-1.0651042465307179e-8
1636.0;133.2555794424738;-0.21573996799999995;0.006719999999786574;1.149122562797424e-13;0.0016589039657643214;0.0;0.002193705012100034;0.1067696476915409;0.051012;5.224440579878076e-14;0.0473646558953913;2.195546381764846e-12;5.857736180804083e-15;-1.0651042450072732e-8
1637.0;133.25558116258014;-0.22063142799999996;0.006719999999786574;1.149122548044561e-13;0.003382703473945096;0.0;0.0024507900075373982;0.10625121969176167;0.051012;5.224440492151048e-14;0.05079349184149505;2.1955463525058134e-12;5.857736128945352e-15;-1.065104252069734e-8
1638.0;133.25559877100588;-0.23283318600000003;0.006719999999786574;1.149122420474909e-13;0.0156480454393926;0.0;0.002816189997414922;0.09991930378409568;0.051012;5.224439733583129e-14;0.056694724744086565;2.195546099499388e-12;5.857735680518948e-15;-1.0651043131396013e-8
1639.0;133.2556305180437;-0.24428205799999997;0.006719999999786574;1.149122121051376e-13;0.05162476062942595;0.0;0.0033264449909573587;0.0882657443937387;0.051012;5.2244379531195117e-14;0.04330704470569675;2.195545505657741e-12;5.857734627999473e-15;-1.0651044564790538e-8
1640.0;133.25568814795727;-0.265330258;0.006719999999786574;1.1491216421365489e-13;0.1136369353840654;0.0;0.003562649986973151;0.08208891516571434;0.051012;5.224435105346043e-14;0.008278203426166707;2.195544555833954e-12;5.857732944540716e-15;-1.0651046857445158e-8
1641.0;54.08600203459644;-0.28145721599999995;0.0067199999942234336;4.2152797530151154e-14;0.18421538076088245;0.0;0.0037923299991124678;0.08039183830321844;0.051012;0.0;0.0;7.8638004523102e-13;0.0;-0.044661666610123725
1642.0;54.085927659631906;-0.29560780200000003;0.006719999994223268;4.2152758400523334e-14;0.24567593954575498;0.0;0.003972419999242024;0.08475195281368052;0.051012;0.0;0.0;7.863793052109456e-13;0.0;-0.09651410491089048
1643.0;9.99981103847741;-0.306022338;0.0;0.0;0.283364286073508;0.0;0.0043430399845794145;0.09160672691084679;0.042228426033480745;0.0;0.0;0.0;0.0;-0.11554120770071935
1644.0;9.999818089757017;-0.30831374599999994;0.0;0.0;0.29388149219153054;0.0;0.004653629991330675;0.09821779591979297;0.027080369767318622;0.0;0.0;0.0;0.0;-0.11554120770072006
1645.0;9.999813864928937;-0.30659409199999993;0.0;0.0;0.2911964204522204;0.0;0.004686254982749122;0.10341537216915794;0.022816037395895307;0.0;0.0;0.0;0.0;-0.1155412077007195
1646.0;9.999798193936883;-0.30540501;0.0;0.0;0.2781644946990769;0.0;0.00471104997950299;0.11491384650324814;0.023137206887395036;0.0;0.0;0.0;0.0;-0.11554120770071757
1647.0;9.999774791720625;-0.30170673;0.0;0.0;0.255446842157946;0.0;0.005443154992491904;0.12383790322149776;0.03250271670455251;0.0;0.0;0.0;0.0;-0.11554120770071481
1648.0;49.54793300469675;-0.29565712199999994;0.0;4.067307795831475e-14;0.22011503133072913;0.0;0.006675075013640774;0.13250496103501289;0.051012;0.0;0.0;7.584089881352428e-13;0.0;-0.11554107275368321
1649.0;54.08589532366247;-0.28751917199999993;0.006719999994223373;4.21527830251336e-14;0.16924063117098456;0.0;0.0066293999972961565;0.1381677932648698;0.051012;0.0;0.0;7.863797709118727e-13;0.0;-0.08423266963526867
1650.0;54.08591755428855;-0.279934298;0.006719999994223471;4.21528061372837e-14;0.1194045665002092;0.0;0.00639058499623417;0.14345399035807463;0.051012;0.0;0.0;7.863802080092044e-13;0.0;-0.0470258948204325
1651.0;54.08614405327119;-0.269372962;0.006719999994223797;4.215288298131813e-14;0.06624663784121013;0.0;0.006153075007932295;0.14714059181249067;0.051012;0.0;0.0;7.863816612846837e-13;0.0;-0.007879694461606175
1652.0;133.25559332319008;-0.25697225199999996;0.006719999999786575;1.1491224709754e-13;0.02617336412460052;0.0;0.00652369498940021;0.1294342704274622;0.051012;5.224440033874894e-14;0.03708678465720567;2.195546199656071e-12;5.857735858035623e-15;-1.0651042889641225e-8
1653.0;133.25557689407765;-0.24966182399999992;0.006719999999786574;1.1491226043632175e-13;0.00671267912114634;0.0;0.006156989986762586;0.12680668079233012;0.051012;5.224440827039643e-14;0.052232860935622225;2.195546464201666e-12;5.8577363269137445e-15;-1.0651042251089956e-8
1654.0;133.2555701780828;-0.24709046799999998;0.006719999999786575;1.149122668686446e-13;0.002571503518405456;0.0;0.005568434985152248;0.13538955038679285;0.051012;5.224441209524727e-14;0.04580908621392273;2.1955465917727687e-12;5.857736553020011e-15;-1.0651041943163405e-8
1655.0;133.25557023918722;-0.240051488;0.006719999999786575;1.1491226678027683e-13;0.0024984958629848553;0.0;0.004889835003951129;0.13503063844488802;0.051012;5.22444120427213e-14;0.03988061637984895;2.195546590019973e-12;5.8577365499132366e-15;-1.065104194739357e-8
1656.0;133.2555728215496;-0.22509031999999998;0.006719999999786575;1.149122638640855e-13;0.0023849276421573275;0.0;0.004951170009929749;0.12740929863434164;0.051012;5.224441030865347e-14;0.03259270091498059;2.195546532183918e-12;5.857736447405041e-15;-1.0651042086996966e-8
1657.0;167.79933414059252;-0.221792818;0.00671999999982462;5.716227961305112e-13;0.0021496795415267933;0.0;0.0016834499981176222;0.08931589420980796;0.051012;0.012152310722443764;0.05849999999997314;1.2350434392563058e-11;1.495762725918536e-14;-1.0561976322413075e-8
1658.0;167.79933394951294;-0.21999882199999998;0.00671999999982462;5.716227979273996e-13;0.0016751277378250866;0.0;0.0018061199896008615;0.0886556741585848;0.051012;0.011370427934265676;0.05849999999997314;1.2350434438148982e-11;1.49576272758356e-14;-1.0561976318973352e-8
1659.0;167.79933558191337;-0.21793186599999995;0.006719999999824621;5.716227594498914e-13;0.0013222558139283373;0.0;0.0018348300041610237;0.08313020216688091;0.051012;0.015152896297136911;0.05849999999997314;1.235043346199645e-11;1.4957626919320757e-14;-1.0561976392629327e-8
1660.0;167.79933640326848;-0.21623882799999997;0.006719999999824621;5.716227410519987e-13;0.0013384795859871517;0.0;0.0017160750100100792;0.0808393694656156;0.051012;0.01585312165445092;0.05849999999997314;1.2350432995251517e-11;1.4957626748853697e-14;-1.0561976427847659e-8
1661.0;167.79933841792248;-0.21855955999999999;0.006719999999824621;5.716226973286468e-13;0.0015899514586784512;0.0;0.0017395649940038485;0.07576586207295148;0.051012;0.022972158389491733;0.05849999999997314;1.2350431886013896e-11;1.495762634373553e-14;-1.0561976511545505e-8
1662.0;177.44026482196483;-0.22738667199999996;0.006719999999843459;3.842291821490354e-12;0.006590999241347423;0.0;0.0017199899869396978;0.06905731102863855;0.051012;0.03173333333309423;0.0584999999999792;0.001487646033640676;2.1413089238672833e-14;-9.709790595931797e-9
1663.0;174.82901594679214;-0.24193524999999996;0.006719999999838659;1.508531331347966e-12;0.030772867758989273;0.0;0.0013089150008682548;0.062056313066533905;0.051012;0.03173333333299376;0.05849999999997784;4.569878478947449e-11;1.9178207133955474e-14;-9.925260332199732e-9
1664.0;167.79979935441978;-0.259029594;0.006719999999824621;5.716392073846619e-13;0.08002486846177301;0.0;0.0011692800072429024;0.0600047552637669;0.051012;0.0013265504841119826;0.05849999999997314;1.2350850738939183e-11;1.495777931496353e-14;-1.056194490801716e-8
1665.0;133.25572055101696;-0.273986362;0.0067199999997212745;1.4105544255034113e-13;0.1402807952558866;0.0;0.0010896749860745314;0.05751452667846655;0.051012;6.405115218244998e-14;0.01733452145775064;2.6947900929289388e-12;7.189431141302053e-15;-1.5618028825102596e-8
1666.0;70.40193918006656;-0.283990838;0.0067199999986355214;5.950649481682127e-14;0.18745206846997048;0.0;0.0009670050135891854;0.06000918545366239;0.051012;0.0;0.0;1.1123399958844567e-12;0.0;-0.02213837123555792
1667.0;70.40188408678979;-0.292635138;0.006719999998635517;5.950645625181369e-14;0.21644029541863685;0.0;0.0007321049893855695;0.06150686724378845;0.051012;0.0;0.0;1.1123392636145476e-12;0.0;-0.04374573789911251
1668.0;70.40187031877784;-0.297651778;0.006719999998635515;5.950644465720608e-14;0.22892871776919876;0.0;0.0005976900059055198;0.06565429448877207;0.051012;0.0;0.0;1.112339043456912e-12;0.0;-0.05523090594721155
1669.0;70.40185418175135;-0.298545162;0.0067199999986355145;5.95064387196786e-14;0.23044971762907257;0.0;0.00045022499719454736;0.07298318738152794;0.051012;0.0;0.0;1.1123389307155033e-12;0.0;-0.06303944357351339
1670.0;70.40183769456158;-0.29776200399999997;0.0067199999986355145;5.950643463018085e-14;0.228279758258871;0.0;0.0004045500010191689;0.08033423447063448;0.051012;0.0;0.0;1.1123388530643369e-12;0.0;-0.0689572590784469
1671.0;70.40183221597769;-0.29353413799999994;0.006719999998635515;5.95064433048199e-14;0.21088357651787232;0.0;0.0004998149907022284;0.08719787057121517;0.051012;0.0;0.0;1.1123390177777103e-12;0.0;-0.06274634704088514
1672.0;70.40185522395795;-0.28749510399999995;0.006719999998635519;5.950646867715297e-14;0.1816966055233357;0.0;0.0005298299975484631;0.08670159839116147;0.051012;0.0;0.0;1.1123394995461038e-12;0.0;-0.03913075590887191
1673.0;99.11906065523478;-0.27977658799999994;0.006719999999476627;8.088972596978961e-14;0.13643976375018876;0.0;0.000508949999034002;0.08701176931539481;0.051012;3.2488895609904665e-14;2.8091153664428988e-14;1.5206683456903677e-12;0.0;-3.185970613347765e-8
1674.0;133.25566636301184;-0.27169177999999994;0.0067199999997212745;1.410555012908081e-13;0.0910815228340249;0.0;0.0005206949915997389;0.08679907961486184;0.051012;6.405118703075493e-14;0.035529049118292605;2.694791257765091e-12;7.189433205681521e-15;-1.5618024568949598e-8
1675.0;167.7993745406097;-0.26187681599999996;0.006719999999824621;5.716221126426547e-13;0.045634049128056645;0.0;0.0004972050079463217;0.08471650480084683;0.051012;0.014533713514518133;0.05849999999997314;1.2350417052865568e-11;1.495762092631644e-14;-1.0561977630787815e-8
1676.0;177.44027875778815;-0.25362995599999993;0.006719999999843459;3.842327532650925e-12;0.014828733824881571;0.0;0.0003954150159559909;0.08324097801875988;0.051012;0.03173333333309423;0.0584999999999792;0.006634260470583022;2.1413104113105693e-14;-9.709789340960271e-9
1677.0;177.44026677776694;-0.25097048799999994;0.006719999999843458;3.8423373421555135e-12;0.004023551325301464;0.0;0.000425430002328245;0.08994952906307374;0.051012;0.03173333333309423;0.0584999999999792;0.00804260941445101;2.1413108198922324e-14;-9.70978899623613e-9
1678.0;177.4402646560804;-0.24713966799999998;0.006719999999843458;3.842337006336108e-12;0.002786471336340517;0.0;0.00044369999670361746;0.09261699771267436;0.051012;0.03173333333309423;0.0584999999999792;0.0027632874993715048;2.1413108059051252e-14;-9.709789008037406e-9
1679.0;167.79933061001506;-0.23976984399999998;0.00671999999982462;5.716228422639637e-13;0.002693183398212363;0.0;0.00037975500608150125;0.09217389674022375;0.051012;0.028031891235532343;0.05849999999997314;1.2350435562942561e-11;1.4957627686634173e-14;-1.0561976234101677e-8
1680.0;167.79933344445453;-0.23134394599999997;0.00671999999982462;5.716228148302796e-13;0.002689127795775627;0.0;0.0003392999995244675;0.09266573873035727;0.051012;0.01915839563665265;0.05849999999997314;1.2350434866964374e-11;1.4957627432447387e-14;-1.0561976286616876e-8
1681.0;47.32573490961739;-0.26177988399999996;0.0;4.1801527837252276e-14;0.0008436479535339021;0.0;0.015178454992712325;0.24634207171278624;0.051012;0.0;0.0;7.792656313919296e-13;0.0;-0.05157121700519546
1682.0;47.32574082328455;-0.259097712;0.0;4.1801528767340135e-14;0.00042588003319398235;0.0;0.01499575498753656;0.24155214842300998;0.051012;0.0;0.0;7.792656489567997e-13;0.0;-0.04886326779905903
1683.0;47.325736436912756;-0.256736272;0.0;4.180152788515201e-14;0.00021091221526496135;0.0;0.014193180002092102;0.24248709300896792;0.051012;0.0;0.0;7.79265632296555e-13;0.0;-0.05114196875380266
1684.0;47.325740734294385;-0.25639684;0.0;4.180152871684011e-14;0.00020685615872426856;0.0;0.013313609980391846;0.24083875635249533;0.051012;0.0;0.0;7.792656480030605e-13;0.0;-0.048949588194805084
1685.0;47.325755078133625;-0.263086958;0.0;4.180153226088656e-14;0.00021091221526496143;0.0;0.012055590005005081;0.24103372042323065;0.051012;0.0;0.0;7.792657149328288e-13;0.0;-0.04120076919931536
1686.0;47.325808909015315;-0.278915362;0.0;4.180154539041908e-14;0.0005029441992592321;0.0;0.009707895000942237;0.24139706417843054;0.051012;0.0;0.0;7.792659628854907e-13;0.0;-0.02368120509910001
1687.0;47.32608739266635;-0.29242072199999997;0.0;4.180161024744563e-14;0.00476985528424181;0.0;0.009598274993741997;0.233549742474208;0.051012;0.0;0.0;7.792671877176731e-13;0.0;-0.006492503305653679
1688.0;47.3258938069594;-0.30332043399999997;0.0;4.180155366633849e-14;0.033165907060046206;0.0;0.01082236498542419;0.22476747861908974;0.051012;0.0;0.0;7.792661191771315e-13;0.0;-0.016428531043780514
1689.0;47.32584053177708;-0.31472074799999994;0.0;4.1801517804543416e-14;0.0975589534003795;0.0;0.010994624990889155;0.2041809996955805;0.051012;0.0;0.0;7.792654419232118e-13;0.0;-0.04901082228107459
1690.0;47.32573471769253;-0.32469212999999997;0.0;4.18014688507128e-14;0.16744382264503427;0.0;0.01132739998934821;0.19581524999157868;0.051012;0.0;0.0;7.792645174245934e-13;0.0;-0.10089394198791089
1691.0;9.999712213374508;-0.33233601399999996;0.0;0.0;0.21167855270045668;0.0;0.01079234998425147;0.19044929649261008;0.034946262425292085;0.0;0.0;0.0;0.0;-0.11554120472180661
1692.0;9.999726808946788;-0.336369702;0.0;0.0;0.23195043720534653;0.0;0.010626614981164993;0.20029943417022758;0.009022404478909653;0.0;0.0;0.0;0.0;-0.1155412047218087
1693.0;9.99972719041783;-0.33303999999999995;0.0;0.0;0.23173546938741757;0.0;0.01291819498934141;0.19703820968183078;0.006877105646903063;0.0;0.0;0.0;0.0;-0.11554120472180981
1694.0;9.999716708897422;-0.33324838799999995;0.0;0.0;0.2213805028063989;0.0;0.014150114975688131;0.2022535099376262;0.01099440227379612;0.0;0.0;0.0;0.0;-0.11554120472180712
1695.0;9.999699644601261;-0.32927330599999993;0.0;0.0;0.198151794860908;0.0;0.014554664979836589;0.19188494344854198;0.04021355127590767;0.0;0.0;0.0;0.0;-0.11554120472180453
1696.0;47.325832836302745;-0.32129513;0.0;4.1801494541891684e-14;0.15673192853768214;0.0;0.01455857999196962;0.18307609277229198;0.051012;0.0;0.0;7.792650026054171e-13;0.0;-0.08407291749064205
1697.0;47.325919923669744;-0.31094060999999995;0.0;4.180153306577934e-14;0.09703978588293809;0.0;0.01439545501440334;0.17226442531075808;0.051012;0.0;0.0;7.792657301333065e-13;0.0;-0.02375885524859253
1698.0;133.25559563269002;-0.298674778;0.006719999999773577;1.2011586571983338e-13;0.03980152201535113;0.0;0.015457725002888249;0.15737179644007718;0.051012;5.459617270505565e-14;0.028289658865956812;2.294916028732345e-12;6.1228055420054736e-15;-1.0497222703866622e-8
1699.0;133.25556665152172;-0.29688095999999997;0.006719999999773577;1.2011589115062567e-13;0.00856221456566927;0.0;0.015708285016421124;0.16056212490275207;0.051012;5.4596187819713395e-14;0.054297028084908376;2.294916533080908e-12;6.122806435893679e-15;-1.0497221643191543e-8
1700.0;133.25555559985;-0.29651351;0.006719999999773577;1.2011590232148174e-13;0.0021496795415213467;0.0;0.016073685006298653;0.17570289067518208;0.051012;5.4596194459065657e-14;0.04483714278824967;2.2949167546234507e-12;6.1228068285475915e-15;-1.0497221177274423e-8
1701.0;133.2555502459855;-0.29119566399999997;0.006719999999773577;1.2011590838039231e-13;0.0014358240347504187;0.0;0.016116749997427897;0.18909783775577177;0.051012;5.459619806013829e-14;0.026795780350929506;2.2949168747854968e-12;6.122807041517519e-15;-1.0497220924567756e-8
1702.0;133.25333509448097;-0.28228235199999996;0.006719999999773629;1.2015401100555438e-13;0.0012086875930953714;0.0;0.01562867999559328;0.1958108198016933;0.051012;5.4618846377031076e-14;0.013140298123224944;2.2956725429457576e-12;6.124146211128639e-15;-1.0495632485990727e-8
1703.0;49.99693431370877;-0.27372574799999994;0.0032422778704986007;4.2665355019199883e-14;0.0008030882963470219;0.0;0.015915779995531516;0.2026035598765201;0.051012;0.0;0.0;7.955834723524183e-13;0.0;-2.716501902879206e-7
1704.0;47.32597183888567;-0.265150822;0.0;4.180158048621663e-14;0.00042182397665329024;0.0;0.015513839996217603;0.20812016905331837;0.051012;0.0;0.0;7.792666256735724e-13;0.0;-0.00989840228031867
1705.0;47.333717292257596;-0.247179046;0.0;6.195276662429843e-14;6.895250675101998e-5;0.0;0.007806509997961487;0.24433925492767783;0.051012;0.0;0.0;1.154809976425212e-12;0.0;-0.05602089012402101
1706.0;47.33360349783177;-0.18819614799999995;0.0;6.195272056669856e-14;8.111976816518282e-5;0.0;0.006879960008273691;0.22113848018554677;0.051012;0.0;0.0;1.1548091067531586e-12;0.0;-0.09088703447766022
1707.0;47.333611668080174;-0.18808928399999997;0.0;6.195272312472068e-14;6.895250675101932e-5;0.0;0.0077425649869366595;0.21908249056948548;0.051012;0.0;0.0;1.1548091550545093e-12;0.0;-0.08978859416269504
1708.0;47.33372146200907;-0.236263626;0.0;6.195276609701361e-14;6.895250675101997e-5;0.0;0.006808185002584299;0.23420110133387734;0.051012;0.0;0.0;1.1548099664688525e-12;0.0;-0.055800282970811015
1709.0;47.333728642277315;-0.23480703999999997;0.0;6.195276791649188e-14;6.895250675102e-5;0.0;0.006891705000270588;0.2302663637894345;0.051012;0.0;0.0;1.1548100008247653e-12;0.0;-0.053405944921227716
1710.0;47.333730610260204;-0.23609769399999994;0.0;6.195276874933108e-14;8.5175824705876e-5;0.0;0.006656804996540899;0.2308822738245814;0.051012;0.0;0.0;1.1548100165507095e-12;0.0;-0.05251254515269642
1711.0;47.333727312685554;-0.240070754;0.0;6.195276811598942e-14;0.00043804820270658315;0.0;0.007606844990696449;0.2345024102548831;0.051012;0.0;0.0;1.1548100045917458e-12;0.0;-0.05346235731066936
1712.0;47.333726761065;-0.24604954599999995;0.0;6.195276576758085e-14;0.005816302886200499;0.0;0.008465534992501123;0.23620834993225487;0.051012;0.0;0.0;1.1548099602482475e-12;0.0;-0.055426727876654674
1713.0;47.33370867853273;-0.25617950799999994;0.0;6.195274305372872e-14;0.03853605053855717;0.0;0.009640034990675582;0.23140070182436065;0.051012;0.0;0.0;1.1548095313592358e-12;0.0;-0.0743852885052201
1714.0;47.333360960406786;-0.26935065199999997;0.0;6.195259398522447e-14;0.08705391499776559;0.0;0.01046610000106176;0.2280419953005961;0.051012;0.0;0.0;1.1548067166077475e-12;0.0;-0.10719516324827205
1715.0;9.999628262066995;-0.2781184599999999;0.0;0.0;0.1306112926925625;0.0;0.010527434964634182;0.22292417707986978;0.02959421255499015;0.0;0.0;0.0;0.0;-0.11554119740205623
1716.0;9.999648334753363;-0.283091396;0.0;0.0;0.15391706525822263;0.0;0.011061179962644262;0.2249447186830702;0.008705214820595898;0.0;0.0;0.0;0.0;-0.11554119740206108
1717.0;-0.0002967447486588094;-0.287940304;0.0;0.0;0.15812674265033513;0.0;0.010273219704961966;0.23507033049891002;0.0;0.0;0.0;0.0;0.0;-0.11554120314079326
1718.0;-0.00029570636540417406;-0.286430784;0.0;0.0;0.14048024493342637;0.0;0.012727608605477133;0.24875304780585658;0.0;0.0;0.0;0.0;0.0;-0.11554120314079303
1719.0;9.999596970330428;-0.28165644999999995;0.0;0.0;0.10904959991778666;0.0;0.013874759976833791;0.25718032599532875;0.01709372008977597;0.0;0.0;0.0;0.0;-0.11554119740204756
1720.0;27.946043861404284;-0.27397841799999995;0.0;5.4005863459211365e-14;0.06399150309968953;0.0;0.013429755004457597;0.26066310056434977;0.051012;0.0;0.0;0.0;0.0;-0.1155411712691392
1721.0;47.333543363746685;-0.276941182;0.0;6.195270348279035e-14;0.019286276842387363;0.0;0.014114879992114637;0.2891456413981335;0.051012;0.0;0.0;1.1548087841700904e-12;0.0;-0.09658677963162675
1722.0;47.333532944307926;-0.29051715399999994;0.0;6.195271269499016e-14;0.0032610231397766183;0.0;0.014610779988613995;0.3169280815427951;0.051012;0.0;0.0;1.1548089581174879e-12;0.0;-0.09526163569521169
1723.0;41.12924923671746;-0.29169242799999995;0.0;5.916933639192943e-14;0.00013790365147620494;0.0;0.01489004999534762;0.3415955218754742;0.051012;0.0;0.0;1.1022830411515967e-12;0.0;-0.11554105477363594
1724.0;21.564889357584153;-0.2894857599999999;0.0;0.0;8.92323349490425e-5;0.0;0.014549444996106333;0.3416354008898595;0.051012;0.0;0.0;0.0;0.0;-0.115541184770353
1725.0;9.999469810684873;-0.284447352;0.0;0.0;8.111976690779769e-5;0.0;0.014657759975616793;0.3401377190995303;0.045125360871091987;0.0;0.0;0.0;0.0;-0.11554119740448827
1726.0;9.999471040126851;-0.2783015239999999;0.0;0.0;7.300810793039067e-5;0.0;0.014283224978314635;0.3388084153704939;0.04069154097330629;0.0;0.0;0.0;0.0;-0.11554119740448665
1727.0;9.99947417816591;-0.27346353799999995;0.0;0.0;7.300810793039012e-5;0.0;0.014555969983555135;0.3299065136602824;0.04448216964869745;0.0;0.0;0.0;0.0;-0.11554119740448925
1728.0;9.99947565104977;-0.267052484;0.0;0.0;7.706416447107187e-5;0.0;0.014679944967324459;0.3244652323224982;0.0433842974005578;0.0;0.0;0.0;0.0;-0.11554119740448855
1729.0;4.895777346364864e-5;-0.32830040000000005;0.0;0.0;5.840721576207378e-5;0.0;0.014776336911445672;0.442568000717077;0.0;0.0;0.0;0.0;0.0;-0.12910586602693927
1730.0;4.318593745254896e-5;-0.32538332000000003;0.0;0.0;5.368659420291441e-5;0.0;0.014548877466687751;0.4436983258388247;0.0;0.0;0.0;0.0;0.0;-0.13292067732453666
1731.0;4.061899009092156e-5;-0.32316326000000006;0.0;0.0;5.3134952666254494e-5;0.0;0.014626647988610573;0.442821278928858;0.0;0.0;0.0;0.0;0.0;-0.13434072593891697
1732.0;4.153109554562838e-5;-0.3200920800000001;0.0;0.0;5.68646601739588e-5;0.0;0.014064008346752623;0.4397669197190199;0.0;0.0;0.0;0.0;0.0;-0.133798685889253
1733.0;3.334605988801777e-5;-0.32141848;0.0;0.0;5.4591612877386516e-5;0.0;0.01355092499858388;0.4453046925275539;0.0;0.0;0.0;0.0;0.0;-0.13749408690040685
1734.0;2.9831523858405405e-5;-0.3269182;0.0;0.0;5.338877465456312e-5;0.0;0.014668541504674606;0.4509523700746083;0.0;0.0;0.0;0.0;0.0;-0.13875818131005713
1735.0;4.0965167810765275e-5;-0.3411831;0.0;0.0;7.38932677948236e-5;0.0;0.01410403061130389;0.461105347986028;0.0;0.0;0.0;0.0;0.0;-0.13410302642745453
1736.0;5.797051809573757e-5;-0.35939244000000004;0.0;0.0;0.00231318432895294;0.0;0.013950697132333675;0.46509781925789667;0.0;0.0;0.0;0.0;0.0;-0.12197298266177935
1737.0;6.47402143106636e-5;-0.3674126000000001;0.0;0.0;0.01286075673916919;0.0;0.011324989021714738;0.45412017006271915;0.0;0.0;0.0;0.0;0.0;-0.1108975735273352
1738.0;5.7547480110253985e-5;-0.37350506000000006;0.0;0.0;0.036507454229197156;0.0;0.011318733714190244;0.447693554298624;0.0;0.0;0.0;0.0;0.0;-0.12201850482052805
1739.0;-9.745322706337826e-5;-0.38060570000000005;0.0;0.0;0.07093500278519475;0.0;0.011334718305819653;0.4476788159036111;0.0;0.0;0.0;0.0;0.0;-0.14933515020908109
1740.0;-0.00016056344584975792;-0.38560134;0.0;0.0;0.09325002727739867;0.0;0.011037613382145007;0.43134520038597696;0.0;0.0;0.0;0.0;0.0;-0.1500189180325392
1741.0;-0.00016061534134561214;-0.3861312400000001;0.0;0.0;0.09934337174181264;0.0;0.011100179499276771;0.4257195369273433;0.0;0.0;0.0;0.0;0.0;-0.15001926153948808
1742.0;-0.00016052758739136118;-0.38308690000000006;0.0;0.0;0.08682644012509241;0.0;0.011301188200161839;0.43499049768434506;0.0;0.0;0.0;0.0;0.0;-0.15001864586777441
1743.0;4.299179947002115e-6;-0.3795505800000001;0.0;0.0;0.06592305875317228;0.0;0.011479396890183987;0.44670530935367714;0.0;0.0;0.0;0.0;0.0;-0.1445572535968982
1744.0;6.31339158434746e-5;-0.37343896000000004;0.0;0.0;0.03684989720322597;0.0;0.011650166975794084;0.43860810900792424;0.0;0.0;0.0;0.0;0.0;-0.11367342427144245
1745.0;7.101146130926562e-5;-0.37056678000000004;0.0;0.0;0.013509898864254459;0.0;0.011461086993026233;0.4389894846171963;0.0;0.0;0.0;0.0;0.0;-0.09339840696527783
1746.0;7.160002362951052e-5;-0.37223426000000004;0.0;0.0;0.00320387690459352;0.0;0.011362517454530653;0.4466486923836402;0.0;0.0;0.0;0.0;0.0;-0.0889854650738698
1747.0;7.246214023782108e-5;-0.37290948;0.0;0.0;0.0002369698327125676;0.0;0.010992872730904147;0.4507871333144051;0.0;0.0;0.0;0.0;0.0;-0.08911248157724812
1748.0;7.096577548430204e-5;-0.3678151800000001;0.0;0.0;7.695512360004964e-5;0.0;0.00835010056234687;0.44777725727493284;0.0;0.0;0.0;0.0;0.0;-0.08839411556641966
1749.0;7.043521878284381e-5;-0.35922190000000004;0.0;0.0;6.894138019080193e-5;0.0;0.007988693141372944;0.4399698880561766;0.0;0.0;0.0;0.0;0.0;-0.0888105596847492
1750.0;6.72466513162034e-5;-0.34845928000000004;0.0;0.0;6.872412297708247e-5;0.0;0.007831470421395627;0.43829845848429005;0.0;0.0;0.0;0.0;0.0;-0.097744116541329
1751.0;6.660138246416583e-5;-0.33987334;0.0;0.0;6.864863181757136e-5;0.0;0.008788540975628185;0.4317137981065053;0.0;0.0;0.0;0.0;0.0;-0.10070235501218565
1752.0;6.462829473584763e-5;-0.3318672000000001;0.0;0.0;6.847270972310193e-5;0.0;0.009350942316230832;0.428239910061596;0.0;0.0;0.0;0.0;0.0;-0.10579671162205749
1753.0;81.25991743879746;-0.29205310000000007;0.005879999999209563;5.2761902212692544e-14;7.66462419945659e-5;0.0;0.009651599997076751;0.23109347133865607;0.047088000000000005;0.0;1.559518465731951e-14;9.895961482294352e-13;0.0;-6.253838676096002e-8
1754.0;68.29421882925874;-0.28765508000000006;0.005879999998592844;4.734382348858821e-14;7.6646241967196e-5;0.0;0.01149497999249967;0.23702373537420346;0.047088000000000005;0.0;0.0;8.862306406115161e-13;0.0;-0.01418035195465746
1755.0;68.29418467279736;-0.28809070000000003;0.005879999998592847;4.734383238579135e-14;8.115436936548576e-5;0.0;0.012699539988793812;0.24547364276783779;0.047088000000000005;0.0;0.0;8.862308100193463e-13;0.0;-0.023399207653362532
1756.0;68.29418002485242;-0.28929874000000005;0.0058799999985928485;4.734384146557845e-14;7.664624196719611e-5;0.0;0.013523580000567689;0.25374152307489295;0.047088000000000005;0.0;0.0;8.862309829039201e-13;0.0;-0.031276368355656815
1757.0;68.29418365062492;-0.29193934000000005;0.005879999998592849;4.734384622150104e-14;7.21371050229657e-5;0.0;0.014243039997940698;0.2580000076383905;0.047088000000000005;0.0;0.0;8.862310734594142e-13;0.0;-0.033608523046826995
1758.0;68.29419837287207;-0.29970902000000005;0.005879999998592853;4.734385914268502e-14;7.213710502296578e-5;0.0;0.01468152001544988;0.2695443816462606;0.047088000000000005;0.0;0.0;8.862313194861929e-13;0.0;-0.03782023168865198
1759.0;68.29422897570583;-0.31716628;0.005879999998592856;4.734387591237849e-14;0.00010820565762007607;0.0;0.014711759994844443;0.2844850066496216;0.047088000000000005;0.0;0.0;8.862316387910408e-13;0.0;-0.03536890976699838
1760.0;68.29425271798331;-0.3380145200000001;0.005879999998592857;4.734388209978641e-14;0.002001804416581837;0.0;0.014779800007786217;0.29425700814665223;0.047088000000000005;0.0;0.0;8.862317566029633e-13;0.0;-0.02625494098204856
1761.0;68.29419680073156;-0.3486427600000001;0.005879999998592854;4.7343864583414605e-14;0.010775478952476013;0.0;0.014773499985721679;0.2995118550097832;0.047088000000000005;0.0;0.0;8.862314230809486e-13;0.0;-0.029648153903931038
1762.0;68.29403851700448;-0.35442910000000005;0.0058799999985928416;4.734380767272688e-14;0.0314337408119583;0.0;0.014813820004373092;0.29799336150537253;0.047088000000000005;0.0;0.0;8.862303394682457e-13;0.0;-0.043041178404390916
1763.0;68.29383694890674;-0.3585605400000001;0.005879999998592825;4.7343732512240064e-14;0.059107335394418925;0.0;0.014801219999780015;0.29682455424710624;0.047088000000000005;0.0;0.0;8.862289083688582e-13;0.0;-0.06540156222169828
1764.0;68.29367952711628;-0.3632177000000001;0.005879999998592812;4.7343674886520937e-14;0.08197028658495022;0.0;0.014542919984694105;0.29980405638560775;0.047088000000000005;0.0;0.0;8.862278111415896e-13;0.0;-0.08632806471388564
1765.0;68.2935775612018;-0.36308244000000006;0.005879999998592805;4.7343640367867655e-14;0.0964067233738176;0.0;0.014439600002381342;0.30339670414966025;0.047088000000000005;0.0;0.0;8.862271538863121e-13;0.0;-0.10438819740549607
1766.0;68.29359870357105;-0.35951758;0.005879999998592807;4.7343651710623e-14;0.09355279959124767;0.0;0.013982219997750558;0.30676421227124917;0.047088000000000005;0.0;0.0;8.862273698589308e-13;0.0;-0.10800859724436448
1767.0;68.29370740745476;-0.35523366000000006;0.005879999998592816;4.7343692537971174e-14;0.07871960872381208;0.0;0.013182120002610717;0.3078851185421106;0.047088000000000005;0.0;0.0;8.862281472354122e-13;0.0;-0.09778026997051814
1768.0;68.29386618736449;-0.3485068800000001;0.0058799999985928286;4.734374688562604e-14;0.054693446585830766;0.0;0.013161960003169016;0.29920528131952356;0.047088000000000005;0.0;0.0;8.862291820464236e-13;0.0;-0.07178214423351977
1769.0;68.29404978386033;-0.34376558000000007;0.005879999998592842;4.734381227269846e-14;0.02830028536818105;0.0;0.013718879992688247;0.2947120776180686;0.047088000000000005;0.0;0.0;8.862304270543683e-13;0.0;-0.04619494402066824
1770.0;68.29421167240932;-0.34167556000000004;0.005879999998592852;4.734385545992022e-14;0.008872862929171733;0.0;0.013770540003612632;0.28663101458408163;0.047088000000000005;0.0;0.0;8.862312493643346e-13;0.0;-0.020831946215780744
1771.0;68.29429168841318;-0.3422770600000001;0.005879999998592857;4.734388133930693e-14;0.0010414793929736615;0.0;0.01384361998676283;0.29089908039804124;0.047088000000000005;0.0;0.0;8.862317421229599e-13;0.0;-0.016741185140758452
1772.0;68.29428180687319;-0.33935930000000003;0.005879999998592858;4.734388507608565e-14;0.00025247986800851414;0.0;0.013497119998829455;0.29254690806016864;0.047088000000000005;0.0;0.0;8.862318132734173e-13;0.0;-0.02016972823970034
1773.0;68.29425985796009;-0.33238084;0.00587999999859286;4.734389299824318e-14;0.0001397660828188962;0.0;0.012642839987893015;0.2996986722828514;0.047088000000000005;0.0;0.0;8.862319641157991e-13;0.0;-0.033329618085992746
1774.0;68.29425607811065;-0.3225209600000001;0.0058799999985928615;4.734390333408788e-14;0.0001127137850183659;0.0;0.011339999999262539;0.30903955611839445;0.047088000000000005;0.0;0.0;8.86232160916439e-13;0.0;-0.051198091126249304
1775.0;68.29424718942347;-0.31307946000000003;0.005879999998592861;4.734389996711544e-14;7.664624196719651e-5;0.0;0.00944369999988574;0.3060025708645414;0.047088000000000005;0.0;0.0;8.862320968073566e-13;0.0;-0.05567022162021323
1776.0;68.294242127246;-0.30407554000000003;0.0058799999985928615;4.734390015854151e-14;8.115436936548621e-5;0.0;0.007939259997070172;0.306242081066472;0.047088000000000005;0.0;0.0;8.862321004522246e-13;0.0;-0.06341328207727433
1777.0;174.47925071252956;-0.28013264000000004;0.005879999999713186;4.931454038441437e-13;0.002461678336060957;0.0;0.008352540006426101;0.15555685562775398;0.047088000000000005;0.0065390962340764625;0.05399999999996063;1.0131321976624104e-11;2.2651718186237327e-14;-1.5693004010880378e-8
1778.0;174.49166575164938;-0.27450014000000006;0.005879999999713229;4.935014946807035e-13;0.0019206505518772948;0.0;0.008765819994981312;0.15260609460818592;0.047088000000000005;0.004075131229631093;0.05399999999996064;1.013948851984108e-11;2.2661879641733396e-14;-1.5690985447740425e-8
1779.0;174.4792470684994;-0.27270158;0.005879999999713187;4.931451659996935e-13;0.0014607766324573823;0.0;0.008641080000906569;0.15006728962666555;0.047088000000000005;0.005309516464726518;0.05399999999996063;1.0131316522385396e-11;2.2651711397226767e-14;-1.5693005360301308e-8
1780.0;174.479245337383;-0.27221254;0.005879999999713187;4.931450559655952e-13;0.0009693422878386595;0.0;0.008847720005068093;0.14727460563871633;0.047088000000000005;0.007897750550262692;0.05399999999996063;1.0131313999089136e-11;2.265170825641875e-14;-1.5693005984585147e-8
1781.0;174.4792532161024;-0.27389286;0.005879999999713187;4.931453215907383e-13;0.00041478810236823805;0.0;0.00869147999951084;0.14959785135075085;0.047088000000000005;0.007965834504441115;0.05399999999996063;1.0131320090390918e-11;2.2651715838404712e-14;-1.56930044775486e-8
1782.0;174.47925601481828;-0.28114014000000004;0.005879999999713187;4.931454281513307e-13;0.0003561773984607695;0.0;0.008439479986721473;0.15091515526765817;0.047088000000000005;0.014206534777427605;0.05399999999996063;1.0131322534032995e-11;2.2651718880064147e-14;-1.5693003872972634e-8
1783.0;174.4791798606819;-0.29603758;0.005879999999713187;4.931433836061801e-13;0.005261500046894685;0.0;0.008115660003102014;0.14996669571039808;0.047088000000000005;0.02547064333258294;0.05399999999996063;1.0131275648651708e-11;2.26516605206237e-14;-1.569301547283802e-8
1784.0;174.47901607430683;-0.3132299;0.005879999999713186;4.931390315080647e-13;0.03621282377874804;0.0;0.007887599987178672;0.14813205077520253;0.047088000000000005;0.013773197653154563;0.05399999999996063;1.0131175846759779e-11;2.2651536293844437e-14;-1.5693040165142295e-8
1785.0;138.16353899755342;-0.3301144200000001;0.005879999999562953;1.7681083525448334e-13;0.10898112132417885;0.0;0.00744660000381968;0.14235986289377622;0.047088000000000005;9.388910210854397e-14;0.01835042423233072;3.3804532306119726e-12;1.0726456332262536e-14;-2.3307568442556392e-8
1786.0;72.9925981252059;-0.34119992000000005;0.005879999998103397;8.21979788592542e-14;0.18623995392023943;0.0;0.007136639995374174;0.12980954709074893;0.047088000000000005;0.0;0.0;1.539467393223321e-12;0.0;-0.034856813535824684
1787.0;72.99212750083758;-0.34533640000000004;0.005879999998103361;8.219768942123569e-14;0.24677199638525596;0.0;0.006838020001172828;0.13118912430949653;0.047088000000000005;0.0;0.0;1.5394618760063903e-12;0.0;-0.09232940345915137
1788.0;72.99175661690232;-0.34906016000000006;0.005879999998103337;8.219750926067951e-14;0.28607318979095364;0.0;0.007124039990781058;0.13583082466959237;0.047088000000000005;0.0;0.0;1.5394584418182187e-12;0.0;-0.1328259716102616
1789.0;42.476547349795624;-0.35246344;0.0;6.572438369236845e-14;0.30263316204591373;0.0;0.00689597999126805;0.1464746427400145;0.047088000000000005;0.0;0.0;1.2265631905280439e-12;0.0;-0.1514715197479823
1790.0;9.998296162431895;-0.35138712000000005;0.0;0.0;0.3005231519698743;0.0;0.007228619955987137;0.15525507300102986;0.03985581367884391;0.0;0.0;0.0;0.0;-0.1514715415097147
1791.0;49.99931071128127;-0.34517004;0.005514214147653751;6.914377926588877e-14;0.277258937565395;0.0;0.0075398400018282154;0.1592309365620521;0.047088000000000005;0.0;0.0;1.2913296163083776e-12;0.0;-0.15147150577205276
1792.0;72.99222608902747;-0.33661922000000005;0.005879999998103376;8.219781035146757e-14;0.2333274450451956;0.0;0.00732185998777386;0.15930758042338838;0.047088000000000005;0.0;0.0;1.539464181157339e-12;0.0;-0.11619834789714065
1793.0;72.99275061570714;-0.32633918000000006;0.005879999998103416;8.219813009224454e-14;0.16482876159316207;0.0;0.006874559982863968;0.15413895779454223;0.047088000000000005;0.0;0.0;1.539470276000075e-12;0.0;-0.05236847607110113
1794.0;138.1636895426442;-0.31840934000000004;0.005879999999562954;1.7681134736988786e-13;0.08615423818147172;0.0;0.006660359986057014;0.1429251057769537;0.047088000000000005;9.388951778373313e-14;0.02969403594655898;3.380463402205879e-12;1.0726481832156714e-14;-2.3307515843251845e-8
1795.0;194.77993378544875;-0.31332362;0.00587999999976434;0.0015969266902070203;0.02498197903409084;0.0;0.007106399999132142;0.13448956982028018;0.047088000000000005;0.027766666666495167;0.053999999999975276;0.010485999913761554;5.987845987229424e-14;-1.3336825187377179e-8
1796.0;204.84287197723987;-0.3149450200000001;0.0058799999997847015;0.020453999999006243;0.005013528306129813;9.012393470905048e-16;0.007185780004432782;0.136319424568988;0.047088000000000005;0.02776666666655165;0.05399999999997922;0.010485999984886162;3.2306784152676623e-13;-1.2424407897015286e-8
1797.0;194.78009705138726;-0.31132980000000005;0.005879999999764341;0.01750424252691981;0.0025383245782110856;0.0;0.005968619983691664;0.14017074328092566;0.047088000000000005;0.027766666666495167;0.05399999999997527;0.010485999913768739;5.987932370871771e-14;-1.333680776261408e-8
1798.0;194.78009795127952;-0.30463296000000006;0.005879999999764341;0.010477265742542312;0.002637512971659894;0.0;0.005241600011238017;0.1411287823336793;0.047088000000000005;0.027766666666495167;0.05399999999997527;0.010485999913768813;5.9879332786327e-14;-1.3336807579509033e-8
1799.0;194.78009193099558;-0.2962895400000001;0.005879999999764341;0.0020361420415918267;0.002637512971659894;0.0;0.004558680015324109;0.1419095844863427;0.047088000000000005;0.027766666666495167;0.05399999999997527;0.010485999913768645;5.987931236287578e-14;-1.33368079914715e-8
1800.0;192.6616852454535;-0.2874198200000001;0.005879999999759666;4.710889614699748e-12;0.002578901258205377;0.0;0.0036136799871126554;0.14300653982475917;0.047088000000000005;0.027766666666474957;0.05399999999997425;0.00288169763913703;5.1084600496529754e-14;-1.354822300386683e-8
1801.0;138.16422183766366;-0.20640158000000008;0.005879999999755719;1.1061586918709753e-13;0.001893598758873238;0.0;0.0043910999979323;0.13265971419409206;0.047088000000000005;5.894992613270573e-14;0.014483512620740406;2.115235389500284e-12;6.713197122457064e-15;-1.1333556260021717e-8
1802.0;138.16421208744924;-0.20347994000000005;0.005879999999755719;1.106158318087702e-13;0.0010550047847972005;0.0;0.00473381998844136;0.12431998108970306;0.047088000000000005;5.894989558888713e-14;0.020396800846566844;2.1152346469141917e-12;6.713195260050222e-15;-1.1333558391749078e-8
1803.0;138.1642033302157;-0.20090987999999999;0.0058799999997557195;1.1061580027753382e-13;0.0005861136010347776;0.0;0.004633020011000813;0.11784842598090053;0.047088000000000005;5.894986982305762e-14;0.024867454242494272;2.115234020491141e-12;6.713193688980591e-15;-1.133356019001217e-8
1804.0;138.16419419469358;-0.19844122000000006;0.005879999999755719;1.1061576824147817e-13;0.00021641131549413381;0.0;0.004971959984317554;0.11152536577577053;0.047088000000000005;5.894984364471701e-14;0.028752093154582853;2.115233384038112e-12;6.713192092757077e-15;-1.1333562017067256e-8
1805.0;138.1642031161195;-0.19891406;0.005879999999755719;1.106157966769087e-13;0.0001803427628970244;0.0;0.005368859990623209;0.11627724042511164;0.047088000000000005;5.894986688080203e-14;0.024112631047146;2.1152339489578024e-12;6.713193509576102e-15;-1.1333560395360021e-8
1806.0;138.1641708970988;-0.20048782000000007;0.005879999999755719;1.1061572576230766e-13;0.004738505781873626;0.0;0.0054431999860935125;0.11498388744064897;0.047088000000000005;5.8949808932787e-14;0.022346978923741777;2.11523254011495e-12;6.7131899761973754e-15;-1.1333564439708467e-8
1807.0;138.16404485415208;-0.20529594;0.005879999999755719;1.1061545532669901e-13;0.023543745562389553;0.0;0.005228999987083348;0.1134127027623443;0.047088000000000005;5.894958794608383e-14;0.010134481630003592;2.115227167436251e-12;6.713176501507592e-15;-1.1333579863064893e-8
1808.0;47.07615601247299;-0.21689426000000003;0.0;4.2402349513755574e-14;0.0719297040758974;0.0;0.004993379993091857;0.11009309650560407;0.047088000000000005;0.0;0.0;7.917645778854512e-13;0.0;-0.017181178872627597
1809.0;47.07566433240408;-0.23183504000000005;0.0;4.2402222280449435e-14;0.13413442585689472;0.0;0.004697280003762713;0.11082120660688927;0.047088000000000005;0.0;0.0;7.917621671961825e-13;0.0;-0.06487265139467001
1810.0;47.0752967575188;-0.2444253;0.0;4.240211700118157e-14;0.18609117158246072;0.0;0.00430541998743346;0.11196127362370636;0.047088000000000005;0.0;0.0;7.917601724702979e-13;0.0;-0.1049867356012691
1811.0;47.07510215930102;-0.25275196;0.0;4.24020700563699e-14;0.21112274456098978;0.0;0.004689720008914021;0.11699577015337836;0.047088000000000005;0.0;0.0;7.917592830072245e-13;0.0;-0.12710776950125466
1812.0;47.074967627156425;-0.25709906;0.0;4.240205455040645e-14;0.22131661803991207;0.0;0.004727520002925221;0.1231894953233074;0.047088000000000005;0.0;0.0;7.917589892156252e-13;0.0;-0.13917965610928748
1813.0;9.998732739787636;-0.25759562;0.0;0.0;0.22809299679026085;0.0;0.0047136599889779215;0.13461411466872567;0.04165106024332805;0.0;0.0;0.0;0.0;-0.1514715401309846
1814.0;9.998754055336226;-0.25609522000000007;0.0;0.0;0.22795323121204367;0.0;0.004350779979259438;0.14577527375748173;0.02949309749090674;0.0;0.0;0.0;0.0;-0.1514715401309647
1815.0;9.998851642615184;-0.2536455;0.0;0.0;0.2158477239407017;0.0;0.004987079993761285;0.15578678457895864;0.028502327455342064;0.0;0.0;0.0;0.0;-0.1514715401308979
1816.0;9.999041643060556;-0.25011662;0.0;0.0;0.19018495154410966;0.0;0.0049757399817207965;0.16777664768526737;0.03865957144680347;0.0;0.0;0.0;0.0;-0.1514715401307722
1817.0;47.07561973512634;-0.24510244000000003;0.0;4.2402245675582544e-14;0.14778637225774124;0.0;0.005265540005322895;0.17074178014201513;0.047088000000000005;0.0;0.0;7.917626104637646e-13;0.0;-0.1257364390413447
1818.0;47.07600490431745;-0.24210386000000006;0.0;4.240235291913133e-14;0.09883684178947619;0.0;0.00503621999684749;0.17885637360394038;0.047088000000000005;0.0;0.0;7.9176464240709e-13;0.0;-0.0876722656214677
1819.0;47.07637415505454;-0.23519806000000004;0.0;4.240245661324892e-14;0.04753834777977373;0.0;0.0043041599948814655;0.1773283006040361;0.047088000000000005;0.0;0.0;7.917666070994941e-13;0.0;-0.041020605069752934
1820.0;47.07706905714918;-0.23393586;0.0;4.2402529555751896e-14;0.01245266690053954;0.0;0.0049265999924702555;0.17293569081884863;0.047088000000000005;0.0;0.0;7.917679891411776e-13;0.0;-0.0034620457226884832
1821.0;112.19857852125233;-0.23243786;0.005879999999621327;7.585154028029662e-14;0.003972049417744307;0.0;0.004335660008994552;0.17252852321235726;0.047088000000000005;3.462425139768415e-14;3.575242606989048e-14;1.4329059431952575e-12;4.877719503403989e-15;-1.528943505929567e-8
1822.0;124.34341919872877;-0.23101582000000004;0.005879999999695855;8.892076007039447e-14;0.003020741153716318;0.0;0.004262580006261884;0.17136929632707124;0.047088000000000005;4.290273983573158e-14;6.716214693148155e-14;1.6874800674366899e-12;5.59286390942147e-15;-1.3128585079807274e-8
1823.0;49.63718447244826;-0.22831418000000003;0.0;4.3151363764055015e-14;0.0030252497857395483;0.0;0.004528439993846506;0.17395121210947262;0.047088000000000005;0.0;0.0;8.059598133402994e-13;0.0;-3.213352702599697e-7
1824.0;47.07698395650431;-0.22327292000000004;0.0;4.24025471516534e-14;0.0030207411535548723;0.0;0.004776659989209551;0.17332848611094054;0.047088000000000005;0.0;0.0;7.917683225307401e-13;0.0;-0.004924481371107122
1825.0;171.60245967166983;-0.22562202000000003;0.005879999999861701;2.5024545500520553e-13;0.0028313816311936043;0.0;0.0008870399940525126;0.11563535455811669;0.047088000000000005;6.153130285380113e-13;0.05399999999997578;5.0698360497576e-12;1.2068143145946013e-14;-7.917700644495166e-9
1826.0;138.16023854154858;-0.22046182000000003;0.005879999999779654;1.0238576193030067e-13;0.0024932387612898663;0.0;0.0008845200086697126;0.11495514632171697;0.047088000000000005;5.458952706551664e-14;0.04923362589941563;1.957927550843052e-12;6.214182891878009e-15;-1.0491594449808868e-8
1827.0;138.16418821012275;-0.21791684000000006;0.005879999999779666;1.0239158135975232e-13;0.002091975545777434;0.0;0.0012574799983413548;0.11500304818660623;0.047088000000000005;5.459428670920617e-14;0.04658917830806619;1.9580431699999366e-12;6.214472883310233e-15;-1.049126251704249e-8
1828.0;138.16419060481715;-0.21920452;0.005879999999779666;1.0239158684183205e-13;0.0018440048145418977;0.0;0.0021180600115743137;0.11542458547511593;0.047088000000000005;5.459429119306793e-14;0.046842755763704835;1.9580432789168758e-12;6.2144731564890535e-15;-1.049126220437992e-8
1829.0;138.16417716205132;-0.22418292000000006;0.005879999999779666;1.0239155924659891e-13;0.0037601462295869885;0.0;0.0023662800071713595;0.11486413277842737;0.047088000000000005;5.4594268622566034e-14;0.050217128437499;1.9580427306599114e-12;6.214471781388527e-15;-1.0491263778235347e-8
1830.0;174.47901937944286;-0.23662454000000005;0.005879999999866677;2.8556890801497395e-13;0.01739405759699251;0.0;0.002719079997698735;0.10801894049103997;0.047088000000000005;0.001266614074609696;0.05399999999997781;5.8687085594421576e-12;1.3127281127889695e-14;-7.756341794473719e-9
1831.0;138.1637902592489;-0.24833762000000004;0.005879999999779664;1.0239076391230746e-13;0.05738506213418949;0.0;0.0032117399911710427;0.09542072282314937;0.047088000000000005;5.459361811096899e-14;0.03934142774033724;1.9580269291014617e-12;6.214432148959295e-15;-1.0491309139590522e-8
1832.0;49.99941189873668;-0.2697456200000001;0.0041624597047800905;4.004247268550191e-14;0.12631656821724385;0.0;0.003439799984806149;0.08874318881780453;0.047088000000000005;0.0;0.0;7.479406919845045e-13;0.0;-2.6139375357062857e-7
1833.0;47.07517071004694;-0.2860102400000001;0.0;3.924984800133754e-14;0.20477017117651955;0.0;0.003661559998187626;0.0869085438826056;0.047088000000000005;0.0;0.0;7.329178197796248e-13;0.0;-0.05640011153415928
1834.0;47.0746867239223;-0.3002407800000001;0.0;3.9249722410063274e-14;0.2730885118655676;0.0;0.003835439998314323;0.09162209704003534;0.047088000000000005;0.0;0.0;7.329154401101461e-13;0.0;-0.11537376366353337
1835.0;9.998090884402414;-0.3107328200000001;0.0;0.0;0.31498213192042085;0.0;0.004193279982733952;0.09903253133290829;0.043995675251864576;0.0;0.0;0.0;0.0;-0.1514715414243119
1836.0;9.998035181466518;-0.31302994;0.0;0.0;0.3266728500797366;0.0;0.004493159989255097;0.10617950536910203;0.02715492880595695;0.0;0.0;0.0;0.0;-0.1514715414243438
1837.0;9.998065000528971;-0.31128188;0.0;0.0;0.3236881774785191;0.0;0.004524659980969827;0.11179840640539147;0.022741716495662707;0.0;0.0;0.0;0.0;-0.1514715414243235
1838.0;9.998182601209233;-0.31008290000000005;0.0;0.0;0.30920214674531377;0.0;0.004548599977836122;0.12422896754616564;0.023575804294724802;0.0;0.0;0.0;0.0;-0.15147154142424873
1839.0;9.998365633004935;-0.30634570000000005;0.0;0.0;0.28394965381903076;0.0;0.005255459990384162;0.13387642419448417;0.03473844297122134;0.0;0.0;0.0;0.0;-0.15147154142413768
1840.0;47.07483907044799;-0.3002175800000001;0.0;3.924981734510235e-14;0.24467551220725264;0.0;0.00644490001253558;0.1432460491491725;0.047088000000000005;0.0;0.0;7.329172389134429e-13;0.0;-0.14120193664264188
1841.0;47.07536633130008;-0.29199108;0.0;3.9249929136234477e-14;0.18812453591965897;0.0;0.00640079999645988;0.1493679206442834;0.047088000000000005;0.0;0.0;7.329193571017209e-13;0.0;-0.0989642971612459
1842.0;47.07576701715154;-0.2843502200000001;0.0;3.925003856204001e-14;0.13272775281039972;0.0;0.006170219995432365;0.15508262628783562;0.047088000000000005;0.0;0.0;7.32921430472526e-13;0.0;-0.0566922592875724
1843.0;47.07627719033602;-0.27371418000000003;0.0;3.925015459475722e-14;0.07363845143972166;0.0;0.005940900006724963;0.15906807022146435;0.047088000000000005;0.0;0.0;7.329236290295689e-13;0.0;-0.012001582933628728
1844.0;138.1640569071682;-0.26120028000000006;0.005879999999779666;1.023913698224729e-13;0.02909379352540676;0.0;0.006298739989696809;0.13992644289251055;0.047088000000000005;5.459411369025436e-14;0.032907355081287434;1.958038967214358e-12;6.214462342174486e-15;-1.0491274581811495e-8
1845.0;138.16419340381069;-0.25376136;0.005879999999779666;1.0239163249283792e-13;0.0074616812505754835;0.0;0.0059446799871467875;0.1370858561621878;0.047088000000000005;5.4594328531632424e-14;0.050295676953048284;1.9580441859034602e-12;6.214475431328634e-15;-1.0491259600741312e-8
1846.0;138.1642405111415;-0.2510905200000001;0.005879999999779666;1.0239174216019958e-13;0.0028584324146592524;0.0;0.005376419985586601;0.14636446845085904;0.047088000000000005;5.4594418230128697e-14;0.043518673886947655;1.95804636475551e-12;6.2144808961700525e-15;-1.0491253346039052e-8
1847.0;138.16424033298264;-0.24389432000000003;0.005879999999779666;1.0239174109106541e-13;0.0027772785498954835;0.0;0.004721220003731044;0.14597646246777182;0.047088000000000005;5.459441735566954e-14;0.03744680353555667;1.9580463435139254e-12;6.2144808428928356e-15;-1.0491253407015354e-8
1848.0;138.16422610020345;-0.22869980000000004;0.005879999999779666;1.0239169787935216e-13;0.0026510383634191156;0.0;0.0047804400095040655;0.13773732327965021;0.047088000000000005;5.459438201218067e-14;0.030557748733860177;1.958045484991026e-12;6.214478689607607e-15;-1.0491255871523596e-8
1849.0;174.47914302855733;-0.22525702000000003;0.0058799999998186345;3.5054657349802135e-13;0.0023895412308991273;0.0;0.0016253999980766203;0.09655599965347808;0.047088000000000005;0.0174586095561403;0.05399999999997243;7.20302381925951e-12;1.6109617373565403e-14;-1.1156040420022096e-8
1850.0;174.47914517851885;-0.22343158000000002;0.0058799999998186345;3.505466011676006e-13;0.0018620388384562652;0.0;0.0017438399898546618;0.0958422609891439;0.047088000000000005;0.01675592777230229;0.05399999999997243;7.203024453918798e-12;1.6109618164030183e-14;-1.115604026303582e-8
1851.0;174.47913683504066;-0.22136174;0.0058799999998186345;3.5054633898747093e-13;0.001469793392059321;0.0;0.0017715600039130118;0.08986888439770543;0.047088000000000005;0.021023496493866343;0.05399999999997243;7.203018440265287e-12;1.610961067408422e-14;-1.1156041750543959e-8
1852.0;174.47913219258325;-0.21964892;0.0058799999998186345;3.5054620810334823e-13;0.0014878274159713905;0.0;0.0016569000095592906;0.08739235271802531;0.047088000000000005;0.021883623565593625;0.05399999999997243;7.203015438162146e-12;1.6109606934991975e-14;-1.1156042493130582e-8
1853.0;192.66157435990968;-0.22199040000000003;0.0058799999998516775;3.346132391731913e-12;0.0017673585724132614;0.0;0.0016795799942362917;0.08190757778091182;0.047088000000000005;0.02776666666652998;0.05399999999998211;0.0012920051009764994;3.63482906704328e-14;-9.631358598955872e-9
1854.0;194.77994536945124;-0.23102208000000002;0.005879999999855;0.0022261660280213156;0.0073264243045401654;0.0;0.0016606799873604256;0.07465521964196187;0.047088000000000005;0.027766666666543743;0.05399999999998284;0.010485999938620743;4.2612046361970333e-14;-9.481070837319345e-9
1855.0;192.6613410891452;-0.2458815;0.005879999999851677;3.3456979810356742e-12;0.034206510729863596;0.0;0.001263780000809039;0.0670867083172582;0.047088000000000005;0.02776666666652998;0.05399999999998212;0.007977823198591904;3.634760103115068e-14;-9.631378321649113e-9
1856.0;172.92604745008452;-0.26323966000000004;0.005879999999815331;3.25434640270902e-13;0.08895405989236657;0.0;0.0011289600068699543;0.06486884758546235;0.047088000000000005;1.3558369060683971e-12;0.05399999999997112;6.6317908219047706e-12;1.5372242290259315e-14;-1.1311779706412916e-8
1857.0;138.16308444665478;-0.27836118000000004;0.00587999999971183;1.2568357750207834e-13;0.15593335550313;0.0;0.0010520999864069172;0.06217675663629153;0.047088000000000005;6.692054750983799e-14;0.0062141874142350555;2.4032279926804227e-12;7.62688573969893e-15;-1.6569088841956582e-8
1858.0;72.98987352485916;-0.2884598200000001;0.0058799999986740665;5.842944032810089e-14;0.2083680091719381;0.0;0.0009336600128306746;0.06487363689444092;0.047088000000000005;0.0;0.0;1.0944054700157301e-12;0.0;-0.03857119507328257
1859.0;72.9896391784604;-0.2972028200000001;0.005879999998674053;5.84293322979615e-14;0.24059074849948683;0.0;0.0007068599894595277;0.06649272343763483;0.047088000000000005;0.0;0.0;1.0944034105140555e-12;0.0;-0.0634421684830012
1860.0;72.98954660819327;-0.30227042000000004;0.0058799999986740474;5.842929127308842e-14;0.2544726316076568;0.0;0.0005770800054086077;0.07097634852108037;0.047088000000000005;0.0;0.0;1.0944026284102368e-12;0.0;-0.07660962983661147
1861.0;72.98954361570361;-0.30314818000000004;0.005879999998674048;5.842929684851839e-14;0.25616334494754966;0.0;0.0004346999969966927;0.0788993345234486;0.047088000000000005;0.0;0.0;1.0944027347012912e-12;0.0;-0.08520208458643738
1862.0;72.98956889871987;-0.30233656;0.00587999999867405;5.842931647382675e-14;0.25375126106048757;0.0;0.00039060000068902724;0.08684627058077721;0.047088000000000005;0.0;0.0;1.0944031088406657e-12;0.0;-0.09150331628105314
1863.0;72.98971512721025;-0.2980598200000001;0.00587999999867406;5.842939320512874e-14;0.2344140097505846;0.0;0.0004825799907286984;0.09426628524683975;0.047088000000000005;0.0;0.0;1.0944045716568462e-12;0.0;-0.08395398577879148
1864.0;72.98994715835754;-0.29194156000000004;0.005879999998674074;5.842950339204545e-14;0.20197035047528192;0.0;0.0005115599973391336;0.09372978436008006;0.047088000000000005;0.0;0.0;1.0944066722753944e-12;0.0;-0.05712159220014796
1865.0;72.99038517250696;-0.28415632;0.005879999998674097;5.842967773788462e-14;0.15166374090484047;0.0;0.000491399997897463;0.09406509829178913;0.047088000000000005;0.0;0.0;1.0944099960285435e-12;0.0;-0.014921800282482564
1866.0;138.16350051439926;-0.2760532;0.005879999999711833;1.2568465205061526e-13;0.10124441805407222;0.0;0.0005027399917364195;0.09383516758537352;0.047088000000000005;6.692142413507472e-14;0.027490606675147283;2.403249338767239e-12;7.626939271055778e-15;-1.6568978468558788e-8
1867.0;174.47881734679885;-0.26620024000000003;0.005879999999818634;3.5054038029681556e-13;0.05072590580024033;0.0;0.0004800600075555667;0.0915837755481621;0.047088000000000005;0.01618099086675324;0.05399999999997243;7.202881765414507e-12;1.610944044550019e-14;-1.1156075558551897e-8
1868.0;194.77991352411348;-0.25786084;0.005879999999855001;0.005854495004769094;0.016483327022488767;0.0;0.00038178001536405646;0.08998863993741482;0.047088000000000005;0.027766666666543743;0.05399999999998284;0.010485999938620202;4.261198121487319e-14;-9.481072148734574e-9
1869.0;194.78000544867552;-0.25512832;0.005879999999855;0.0078524803657938;0.004472500017197258;0.0;0.00041076000220650736;0.09724099807636492;0.047088000000000005;0.027766666666543743;0.053999999999982846;0.010485999938623283;4.261235139468922e-14;-9.481064697049988e-9
1870.0;194.78001936820897;-0.25113552000000006;0.005879999999855;0.0023337442689789186;0.0030973863863358393;0.0;0.0004283999967759994;0.10012469648508798;0.047088000000000005;0.027766666666543743;0.053999999999982846;0.0104859999386238;4.26124136928277e-14;-9.481063443008402e-9
1871.0;192.66160533009776;-0.24355116000000002;0.005879999999851677;3.346204701488812e-12;0.0029936893607149825;0.0;0.00036666000588504445;0.09964567695871097;0.047088000000000005;0.027766666666529983;0.05399999999998211;0.005202261545296679;3.63484054492068e-14;-9.631355316528726e-9
1872.0;176.48306548388905;-0.23496394000000004;0.00587999999982283;3.898690080221269e-13;0.0029891812333101017;0.0;0.00032759999943879565;0.10017738853646445;0.047088000000000005;0.027766666665425474;0.05399999999997398;8.116902202247626e-12;1.718726196103194e-14;-1.0959187596263084e-8
1873.0;47.08035709071012;-0.26562476;0.0;4.102850268315966e-14;0.0009377823672734865;0.0;0.014655059992546385;0.2663109987463427;0.047088000000000005;0.0;0.0;7.661197240754732e-13;0.0;-0.0633270338115518
1874.0;47.080352817359135;-0.26292968000000005;0.0;4.1028499292173937e-14;0.00047339981568232436;0.0;0.014478659987547422;0.2611327957445187;0.047088000000000005;0.0;0.0;7.661196598254599e-13;0.0;-0.06020371574861675
1875.0;47.08035458589102;-0.26054808000000007;0.0;4.102850059369578e-14;0.00023444584401633836;0.0;0.013703760001593717;0.26214352860361895;0.047088000000000005;0.0;0.0;7.661196844857819e-13;0.0;-0.0625819755025962
1876.0;47.080352935853;-0.2601956;0.0;4.1028499127755634e-14;0.00022993721184507834;0.0;0.012854519980633708;0.26036157484231737;0.047088000000000005;0.0;0.0;7.661196567100909e-13;0.0;-0.06029902439552595
1877.0;47.08035920700278;-0.26699762000000005;0.0;4.102849934867748e-14;0.00023444584401633833;0.0;0.011639880004386713;0.26057234304783006;0.047088000000000005;0.0;0.0;7.661196608961418e-13;0.0;-0.05249807508763666
1878.0;47.080377484768334;-0.28301718000000003;0.0;4.1028499215731624e-14;0.0005590628173903231;0.0;0.009373140000442513;0.26096514009489047;0.047088000000000005;0.0;0.0;7.661196583770666e-13;0.0;-0.03493066894645592
1879.0;47.08038474106227;-0.29687758000000003;0.0;4.1028483267231395e-14;0.00530207672675076;0.0;0.009267299993489533;0.2524817005183494;0.047088000000000005;0.0;0.0;7.66119356195788e-13;0.0;-0.017228983853241155
1880.0;47.08011698266588;-0.30797626;0.0;4.102841261881126e-14;0.03686656585275498;0.0;0.010449179985469723;0.2429875307151608;0.047088000000000005;0.0;0.0;7.661180175974234e-13;0.0;-0.02938102975311141
1881.0;47.07956688947203;-0.3194667200000001;0.0;4.102825231653433e-14;0.10844460166728359;0.0;0.01061549999074777;0.22073227514849364;0.047088000000000005;0.0;0.0;7.661149802992986e-13;0.0;-0.06738085344735398
1882.0;47.07897863397716;-0.32948370000000005;0.0;4.1028090955261034e-14;0.1861272391255203;0.0;0.01093679998926296;0.21168838287526395;0.047088000000000005;0.0;0.0;7.661119229361502e-13;0.0;-0.1263224368217735
1883.0;9.998815861761793;-0.33717846000000007;0.0;0.0;0.23529768954060695;0.0;0.010420199982368275;0.20588745562965832;0.03705512707533403;0.0;0.0;0.0;0.0;-0.15147154069639499
1884.0;9.998687918177158;-0.3412567800000001;0.0;0.0;0.25783151512559294;0.0;0.010260179979386462;0.21653606300913078;0.008111184141299691;0.0;0.0;0.0;0.0;-0.1514715406964662
1885.0;9.998683285784004;-0.337884;0.0;0.0;0.257592561153927;0.0;0.012472739987301806;0.21301047785592322;0.006290055021308425;0.0;0.0;0.0;0.0;-0.15147154069647129
1886.0;9.99876855005309;-0.3380873200000001;0.0;0.0;0.24608218525282374;0.0;0.013662179974130757;0.2186485396381683;0.011177148331981223;0.0;0.0;0.0;0.0;-0.1514715406964163
1887.0;9.998916829036535;-0.33403934;0.0;0.0;0.22026161325410248;0.0;0.014052779978140155;0.20743947868452298;0.043768242117113304;0.0;0.0;0.0;0.0;-0.1514715406963322
1888.0;47.079065211976165;-0.32597470000000006;0.0;4.10281031497935e-14;0.17422010965062182;0.0;0.0140565599918235;0.19791656688513784;0.047088000000000005;0.0;0.0;7.66112153989719e-13;0.0;-0.1072756304946985
1889.0;47.07953141699268;-0.3155639;0.0;4.102822485904534e-14;0.10786750533050281;0.0;0.013899060013482184;0.1862284864051157;0.047088000000000005;0.0;0.0;7.661144600534615e-13;0.0;-0.03949106549783907
1890.0;138.16401292087644;-0.30327242;0.005879999999766164;1.0702795466577871e-13;0.04424258410187012;0.0;0.014924700002795572;0.17012863451650548;0.047088000000000005;5.705005558733288e-14;0.02100460639194623;2.0466585325845075e-12;6.495630429623155e-15;-1.0966452664873897e-8
1891.0;138.16424666966253;-0.30156340000000004;0.005879999999766165;1.0702844096578428e-13;0.009517588243834044;0.0;0.015166620015864087;0.17357757668589024;0.047088000000000005;5.70504531280993e-14;0.05033117399899189;2.046668194004845e-12;6.4956546610148606e-15;-1.096642492829156e-8
1892.0;138.16432327134453;-0.3011459;0.005879999999766166;1.0702862985584081e-13;0.002389541230893121;0.0;0.015519420006094008;0.1899456798954039;0.047088000000000005;5.70506075425636e-14;0.0403224435822193;2.0466719467226928e-12;6.495664073031299e-15;-1.0966414154875574e-8
1893.0;138.16435493535934;-0.29563596000000003;0.005879999999766166;1.0702872288550812e-13;0.0015960335785296827;0.0;0.015560999997529537;0.20442644524085957;0.047088000000000005;5.705068359287058e-14;0.02108491988657636;2.0466737949626457e-12;6.495668708513486e-15;-1.0966408848914925e-8
1894.0;81.77723298195164;-0.28647328000000005;0.005879999999211142;5.3593056333071394e-14;0.0013435532055177696;0.0;0.015089759994721381;0.21168359356628455;0.047088000000000005;0.0;1.5900978717359134e-14;1.0052539172830683e-12;0.0;-2.6042752664014268e-8
1895.0;47.08062339191725;-0.27770871999999996;0.0;4.1028466618325676e-14;0.000892697055106827;0.0;0.015366959995070735;0.21902696524849902;0.047088000000000005;0.0;0.0;7.661190407436371e-13;0.0;-0.004656697300137105
1896.0;47.080359325419785;-0.2690315800000001;0.0;4.102846976996782e-14;0.00046889118351106375;0.0;0.014978879995933832;0.22499076058947529;0.047088000000000005;0.0;0.0;7.661191004587361e-13;0.0;-0.018464087746968557
1897.0;44.393382199820046;-0.25083194000000003;0.0;5.971967457951425e-14;7.664624174348799e-5;0.0;0.0075373199968861064;0.26414583006589293;0.047088000000000005;0.0;0.0;1.1147301947178897e-12;0.0;-0.06746326908208873
1898.0;44.39330209349826;-0.19109972000000003;0.0;5.971964413561083e-14;9.017112871132452e-5;0.0;0.006642720006834255;0.23906435920585392;0.047088000000000005;0.0;0.0;1.1147296182788819e-12;0.0;-0.10123245984756693
1899.0;44.39329975808591;-0.19097376000000002;0.0;5.971964153938977e-14;7.664624174348725e-5;0.0;0.0074755799862408585;0.23684170741008692;0.047088000000000005;0.0;0.0;1.1147295691207789e-12;0.0;-0.09995541620142646
1900.0;44.393363048442914;-0.23982314000000005;0.0;5.971966149664635e-14;7.664624174348769e-5;0.0;0.006573420001340389;0.2531858596871559;0.047088000000000005;0.0;0.0;1.114729947000871e-12;0.0;-0.06654919490669005
1901.0;44.39335790234179;-0.23834260000000002;0.0;5.971965644857068e-14;7.664624174348758e-5;0.0;0.006654059999107222;0.24893216531014734;0.047088000000000005;0.0;0.0;1.1147298514180832e-12;0.0;-0.06385724176081592
1902.0;44.39335985273687;-0.23965466;0.0;5.971965720416463e-14;9.467976088258433e-5;0.0;0.006427259995503998;0.24959800210959227;0.047088000000000005;0.0;0.0;1.114729865724999e-12;0.0;-0.06300226125661279
1903.0;44.393363258614066;-0.24369506000000007;0.0;5.97196607575104e-14;0.00048692571205249984;0.0;0.007344539989869757;0.2535115932458871;0.047088000000000005;0.0;0.0;1.1147299330055953e-12;0.0;-0.06418456977239756
1904.0;44.39332498945014;-0.24980394000000006;0.0;5.971964605469005e-14;0.006465287169284205;0.0;0.008173619991620036;0.2553558194315448;0.047088000000000005;0.0;0.0;1.1147296546156854e-12;0.0;-0.0667272110358072
1905.0;44.39305644125957;-0.26006812;0.0;5.971953692048749e-14;0.04283591105504649;0.0;0.009307619989868135;0.25015845480628085;0.047088000000000005;0.0;0.0;1.1147275882175992e-12;0.0;-0.08877035400487893
1906.0;44.392623288456676;-0.27340228;0.0;5.971937955396099e-14;0.09676740889956499;0.0;0.010105199999903692;0.24652748555031687;0.047088000000000005;0.0;0.0;1.114724608566415e-12;0.0;-0.12653078717141936
1907.0;9.999469547974657;-0.2822654;0.0;0.0;0.14518492783708406;0.0;0.010164419962210817;0.24099480787050545;0.037409245587374206;0.0;0.0;0.0;0.0;-0.15147153053644571
1908.0;9.999303860169668;-0.28729344000000007;0.0;0.0;0.1710911633422863;0.0;0.010679759960293838;0.24317913817436115;0.013830698421366475;0.0;0.0;0.0;0.0;-0.15147153053661622
1909.0;9.049471771492634;-0.2921935600000001;0.0;0.0;0.17715969643321067;0.0;0.010987199958410021;0.2545798065875192;0.0;0.0;0.0;0.0;0.0;-0.15147153143330314
1910.0;9.999442254444771;-0.29067676000000003;0.0;0.0;0.15673137178601146;0.0;0.01271465997065847;0.26936235543679;0.003358125263916176;0.0;0.0;0.0;0.0;-0.15147153053644963
1911.0;9.999694218376536;-0.2858505;0.0;0.0;0.1212173769077833;0.0;0.013396319974021015;0.278027821222426;0.024700923915579806;0.0;0.0;0.0;0.0;-0.15147153053617513
1912.0;44.392805575638555;-0.27807402000000003;0.0;5.97194934969336e-14;0.07113168829600049;0.0;0.012966660007146353;0.28179291570040244;0.047088000000000005;0.0;0.0;1.1147267660157868e-12;0.0;-0.1343425278879592
1913.0;44.39327752907746;-0.2810929800000001;0.0;5.971967147632841e-14;0.02143824361493698;0.0;0.013628159991298508;0.31258430201750464;0.047088000000000005;0.0;0.0;1.1147301359607693e-12;0.0;-0.11308567512181472
1914.0;44.39345128382855;-0.29489606;0.0;5.971975765789668e-14;0.003624888778455082;0.0;0.014106959987923143;0.3426188362369038;0.047088000000000005;0.0;0.0;1.114731767762918e-12;0.0;-0.11197960292545203
1915.0;44.393431861718796;-0.29609092000000004;0.0;5.971979811645558e-14;0.00015329096956302515;0.0;0.014376599995282017;0.36928586321219836;0.047088000000000005;0.0;0.0;1.1147325338243958e-12;0.0;-0.13424049872339341
1916.0;44.39341254103193;-0.2938224;0.0;5.971979806132771e-14;9.918889782681741e-5;0.0;0.014047740001918135;0.3693289748905987;0.047088000000000005;0.0;0.0;1.1147325327804938e-12;0.0;-0.13616765488983373
1917.0;44.393355530450286;-0.2886942800000001;0.0;5.97197954530366e-14;9.01711287113279e-5;0.0;0.014152319996551;0.36770988834740476;0.047088000000000005;0.0;0.0;1.1147324833938822e-12;0.0;-0.13976825449450414
1918.0;44.3932121826596;-0.28242136;0.0;5.971979201608096e-14;8.115436914177946e-5;0.0;0.013790699999152339;0.36627282889079005;0.047088000000000005;0.0;0.0;1.114732418316895e-12;0.0;-0.1442228315417737
1919.0;44.39333490656679;-0.27749782000000006;0.0;5.971978226812822e-14;8.115436914177924e-5;0.0;0.014054040004214662;0.35664932317491616;0.047088000000000005;0.0;0.0;1.1147322337445694e-12;0.0;-0.13979775244961254
1920.0;44.39330874253882;-0.27100376000000004;0.0;5.97197750390293e-14;8.56630013130384e-5;0.0;0.014173739988544808;0.3507669618817358;0.047088000000000005;0.0;0.0;1.11473209686541e-12;0.0;-0.1405329817355635
1921.0;3.766124320086735e-5;-0.33071267000000004;0.0;0.0;1.7687942839523897e-5;0.0;0.00985172066930778;0.46331901423931443;0.0;0.0;0.0;0.0;0.0;-0.14247821598565819
1922.0;3.379183947995165e-5;-0.32777513599999997;0.0;0.0;1.7284575763565953e-5;0.0;0.009503537561902161;0.4616047435296402;0.0;0.0;0.0;0.0;0.0;-0.14335257172837024
1923.0;3.272740899790175e-5;-0.325539473;0.0;0.0;1.7265152922938586e-5;0.0;0.009235618040685394;0.45985632517529273;0.0;0.0;0.0;0.0;0.0;-0.14357178632900422
1924.0;3.352964491977631e-5;-0.3224491340000001;0.0;0.0;1.7612266293331346e-5;0.0;0.008876554035742864;0.4569836119788574;0.0;0.0;0.0;0.0;0.0;-0.1434307515076438
1925.0;3.3879336086406025e-5;-0.32378610399999996;0.0;0.0;1.7618689460585076e-5;0.0;0.008763041295657477;0.4583607100385351;0.0;0.0;0.0;0.0;0.0;-0.14335740323750631
1926.0;3.383191175567471e-5;-0.32932115999999995;0.0;0.0;1.7617887385274888e-5;0.0;0.009740632898794193;0.46292850059558516;0.0;0.0;0.0;0.0;0.0;-0.1433677244570098
1927.0;3.334906513805853e-5;-0.343699005;0.0;0.0;1.9309538953349737e-5;0.0;0.008768546172142639;0.47843132293121376;0.0;0.0;0.0;0.0;0.0;-0.14352222383761779
1928.0;5.6421171340893785e-5;-0.362088812;0.0;0.0;0.001409431013023568;0.0;0.009385239519739347;0.48631210450942386;0.0;0.0;0.0;0.0;0.0;-0.13502238489544813
1929.0;6.757958224699081e-5;-0.37023038;0.0;0.0;0.009592693860512482;0.0;0.0076662856509000015;0.47468524549187696;0.0;0.0;0.0;0.0;0.0;-0.12171918833460177
1930.0;5.892479755212017e-5;-0.37636091299999996;0.0;0.0;0.033054313041780525;0.0;0.007657143292100231;0.4687151350690015;0.0;0.0;0.0;0.0;0.0;-0.13307030673096087
1931.0;3.9306656698029525e-5;-0.383466285;0.0;0.0;0.06764879381234862;0.0;0.007993976300134594;0.4502061530965516;0.0;0.0;0.0;0.0;0.0;-0.1423856457469956
1932.0;3.934836419005647e-5;-0.388473657;0.0;0.0;0.09043938031804426;0.0;0.00815747427949588;0.43224900079570344;0.0;0.0;0.0;0.0;0.0;-0.14237520930289435
1933.0;3.934337348538548e-5;-0.38898910200000003;0.0;0.0;0.09561522837370538;0.0;0.008102395178078654;0.42764423676970864;0.0;0.0;0.0;0.0;0.0;-0.1423757689107647
1934.0;3.933682370918437e-5;-0.38590709500000003;0.0;0.0;0.08393858697920448;0.0;0.008380296405799927;0.43596338753425307;0.0;0.0;0.0;0.0;0.0;-0.14237818587848625
1935.0;3.9302366528599854e-5;-0.38235265900000004;0.0;0.0;0.06248908647876206;0.0;0.007831626462652208;0.4544147846974646;0.0;0.0;0.0;0.0;0.0;-0.14238584600184906
1936.0;6.58176744742244e-5;-0.376212458;0.0;0.0;0.033400349936672215;0.0;0.007986316731937582;0.45970426626872396;0.0;0.0;0.0;0.0;0.0;-0.1248836726854314
1937.0;7.365107978255036e-5;-0.373347719;0.0;0.0;0.010241972259221478;0.0;0.007806568293272581;0.45939057182487186;0.0;0.0;0.0;0.0;0.0;-0.10409723832924256
1938.0;7.458500089555485e-5;-0.37507457299999997;0.0;0.0;0.0014402478282130177;0.0;0.007223958977841302;0.46639554470909594;0.0;0.0;0.0;0.0;0.0;-0.09999110086542291
1939.0;7.459379723698885e-5;-0.375767104;0.0;0.0;6.087130433635505e-5;0.0;0.006323401348088089;0.4698024723951151;0.0;0.0;0.0;0.0;0.0;-0.10042552845706568
1940.0;7.327371468329863e-5;-0.370627339;0.0;0.0;1.9884487665137237e-5;0.0;0.003729226614475367;0.4651207471737607;0.0;0.0;0.0;0.0;0.0;-0.09824803348155184
1941.0;7.31528842220921e-5;-0.361930095;0.0;0.0;1.9078987626310462e-5;0.0;0.0033776653104640223;0.4569371508560922;0.0;0.0;0.0;0.0;0.0;-0.09840933418688047
1942.0;7.109831083553535e-5;-0.351042644;0.0;0.0;1.903469089221531e-5;0.0;0.003222559888110317;0.4551242526734852;0.0;0.0;0.0;0.0;0.0;-0.10732855867040281
1943.0;7.015152131980736e-5;-0.342365557;0.0;0.0;1.9014592597177968e-5;0.0;0.004143656417547383;0.4489694092641555;0.0;0.0;0.0;0.0;0.0;-0.11077179558087574
1944.0;6.837200898508269e-5;-0.33429186000000005;0.0;0.0;1.8976251115595595e-5;0.0;0.004682824817396126;0.44574748084625665;0.0;0.0;0.0;0.0;0.0;-0.11616253893069599
1945.0;57.759401963198634;-0.294327155;0.005039999996233862;4.270567307814304e-14;7.649675854923577e-5;0.0;0.00930689999580467;0.24324280422078357;0.043163999999982924;0.0;0.0;7.997742788216192e-13;0.0;-0.006514126415420422
1946.0;57.759465450884825;-0.289900834;0.00503999999623398;4.2705738843270926e-14;7.64967585492367e-5;0.0;0.011084444991868286;0.2494848414597499;0.043163999999982924;0.0;0.0;7.99775532180159e-13;0.0;-0.01894752689435765
1947.0;57.759515885805506;-0.2903632850000001;0.005039999996234031;4.270576705203459e-14;8.09960937348723e-5;0.0;0.012245984988305812;0.2583789878756027;0.043163999999982924;0.0;0.0;7.997760697855187e-13;0.0;-0.028541570977928834
1948.0;57.759562483020936;-0.291592577;0.005039999996234071;4.270578982806017e-14;7.64967585492374e-5;0.0;0.013040594999666739;0.26708153745089064;0.043163999999982924;0.0;0.0;7.997765038535082e-13;0.0;-0.03680238382783628
1949.0;57.75958580321923;-0.294259007;0.00503999999623409;4.2705800334921235e-14;7.19964157865817e-5;0.0;0.013734359997140157;0.2715639043518497;0.04316399999998292;0.0;0.0;7.997767040941855e-13;0.0;-0.039306538418950265
1950.0;57.759648421582845;-0.30206587100000004;0.005039999996234139;4.270582777016036e-14;7.199641578658208e-5;0.0;0.014157180014028032;0.28371520352262086;0.043163999999982924;0.0;0.0;7.997772269578425e-13;0.0;-0.04407118428702768
1951.0;57.759727964544545;-0.31965794399999997;0.005039999996234198;4.2705860659754935e-14;0.00010799462379123698;0.0;0.014186339994158784;0.29944130561272797;0.043163999999982924;0.0;0.0;7.997778537710122e-13;0.0;-0.04226756635924077
1952.0;57.759774995362676;-0.340685496;0.00503999999623423;4.270587858420466e-14;0.0019979002921413024;0.0;0.014251950006638979;0.30972705290458574;0.043163999999982924;0.0;0.0;7.997781953771665e-13;0.0;-0.033479980941219255
1953.0;57.759788586422424;-0.351434948;0.0050399999962342495;4.270588961466298e-14;0.010754463507643428;0.0;0.014245874985362407;0.31525816410099733;0.043163999999982924;0.0;0.0;7.997784055967439e-13;0.0;-0.037010084790161206
1954.0;57.75974648220102;-0.357276105;0.005039999996234242;4.270588491218643e-14;0.03137243550499619;0.0;0.014284755003348073;0.3136598384708343;0.043163999999982924;0.0;0.0;7.997783159763775e-13;0.0;-0.05022526381451245
1955.0;57.759694044759144;-0.36140576700000004;0.005039999996234232;4.270587943856591e-14;0.05899205820357134;0.0;0.014272604998918926;0.31242958322629;0.043163999999982924;0.0;0.0;7.997782116596998e-13;0.0;-0.07246995663904308
1956.0;57.759671902197034;-0.36606533500000005;0.00503999999623424;4.2705883922802486e-14;0.08181041972060511;0.0;0.014023529984369443;0.3155657274503253;0.043163999999982924;0.0;0.0;7.99778297120692e-13;0.0;-0.09351264270651968
1957.0;57.75966837910848;-0.365900612;0.005039999996234256;4.2705892997523106e-14;0.09621870108904935;0.0;0.013923900001424053;0.31934725235296985;0.043163999999982924;0.0;0.0;7.997784700676145e-13;0.0;-0.1117646680774267
1958.0;57.759692205140084;-0.362296909;0.005039999996234274;4.270590279186097e-14;0.09337034332149607;0.0;0.01348285499695447;0.3228918012923521;0.043163999999982924;0.0;0.0;7.997786567291915e-13;0.0;-0.11562274302886247
1959.0;57.759722359110064;-0.357985493;0.005039999996234279;4.270590573420299e-14;0.07856608166500063;0.0;0.012711330001633723;0.3240716372393117;0.043163999999982924;0.0;0.0;7.997787128046958e-13;0.0;-0.10553988871948371
1960.0;57.75971514986425;-0.351218274;0.005039999996234246;4.270588709914534e-14;0.05458677781386966;0.0;0.012691890002171887;0.31493547283807627;0.043163999999982924;0.0;0.0;7.997783576557338e-13;0.0;-0.07917695596604832
1961.0;57.75973483505257;-0.34646825900000006;0.005039999996234231;4.27058791375166e-14;0.028245091247565475;0.0;0.013228919992070518;0.3102060468532308;0.043163999999982924;0.0;0.0;7.997782059220649e-13;0.0;-0.053396855051026905
1962.0;57.75972027043094;-0.344415738;0.0050399999962341905;4.270585630409163e-14;0.008855558161345072;0.0;0.013278735002605211;0.30170013614062796;0.043163999999982924;0.0;0.0;7.997777707604392e-13;0.0;-0.02760898094385977
1963.0;57.75975505354111;-0.345042613;0.005039999996234206;4.2705864793228155e-14;0.0010394481929380884;0.0;0.013349204986357855;0.30619258800944377;0.043163999999982924;0.0;0.0;7.997779325472477e-13;0.0;-0.0237293640669548
1964.0;57.75976688449098;-0.34208961499999996;0.005039999996234217;4.2705871586233254e-14;0.00025198745580985287;0.0;0.013015079997990358;0.30792704731323384;0.043163999999982924;0.0;0.0;7.997780620090785e-13;0.0;-0.02729433841884232
1965.0;57.75980904478175;-0.335020232;0.005039999996234258;4.2705894288985494e-14;0.0001394934966102565;0.0;0.012191309987436689;0.3154548029636824;0.043163999999982924;0.0;0.0;7.997784946805804e-13;0.0;-0.04095235820729278
1966.0;57.75986163852651;-0.325054708;0.005039999996234304;4.2705919937112215e-14;0.00011249395897687307;0.0;0.01093499999838824;0.3252867673411121;0.043163999999982924;0.0;0.0;7.99778983485179e-13;0.0;-0.059463668416263764
1967.0;57.75984592407932;-0.315529733;0.005039999996234294;4.270591400793732e-14;7.649675854923914e-5;0.0;0.009106424998971826;0.3220901179280187;0.043163999999982924;0.0;0.0;7.997788704863103e-13;0.0;-0.0639278286211878
1968.0;57.75984796204171;-0.306445817;0.005039999996234297;4.270591596409426e-14;8.099609373487438e-5;0.0;0.007655714996243046;0.3223422199576417;0.043163999999982924;0.0;0.0;7.997789077669269e-13;0.0;-0.07181727436387907
1969.0;183.14785909214876;-0.282227572;0.005039999999709547;3.815523797296296e-13;0.002456877318358828;0.0;0.008054235006109604;0.16373498376860363;0.04316399999999213;0.010024277821813398;0.04949999999996084;7.73190864813e-12;2.4090835323700965e-14;-1.6423486903695504e-8
1970.0;183.1478441497509;-0.276544497;0.005039999999709547;3.815520681972098e-13;0.0019169047020775323;0.0;0.008452754995077182;0.16062909167728903;0.04316399999999213;0.007587921899477468;0.04949999999996084;7.731901697952526e-12;2.4090818522444572e-14;-1.6423490135823214e-8
1971.0;183.14783148478452;-0.27473260899999996;0.005039999999709547;3.8155180506230047e-13;0.0014579276759653249;0.0;0.008332470000789838;0.15795681348830562;0.04316399999999213;0.009027048378646148;0.04949999999996084;7.73189582750714e-12;2.4090804331311365e-14;-1.642349286583525e-8
1972.0;183.14781741242834;-0.274248567;0.005039999999709546;3.815515125035234e-13;0.0009674517770340989;0.0;0.008531730004804627;0.1550173090505718;0.04316399999999213;0.011773142126032355;0.04949999999996084;7.731889300626108e-12;2.4090788553319394e-14;-1.6423495901123932e-8
1973.0;183.14783081385704;-0.27594070300000006;0.005039999999709547;3.8155176804507625e-13;0.00041397914004185683;0.0;0.008381069999444418;0.157462695320533;0.04316399999999213;0.011724437263714667;0.04949999999996084;7.73189500166656e-12;2.4090802334936806e-14;-1.6423493249887553e-8
1974.0;183.14783797298028;-0.283239447;0.005039999999709547;3.81551909838548e-13;0.0003554827447434962;0.0;0.008138069987109508;0.1588492541744178;0.04316399999999213;0.017938372284467374;0.04949999999996084;7.73189816502856e-12;2.4090809981998618e-14;-1.642349177878605e-8
1975.0;209.35502169519935;-0.298292259;0.0050399999997712275;4.136194471814113e-12;0.005251238529602587;9.19735775211303e-16;0.00782581500315838;0.1578509310237864;0.043163999999993166;0.02379999999985403;0.049499999999978006;0.005238330705514948;1.0746980733221299e-13;-1.350164393135227e-8
1976.0;183.14776011075097;-0.31567349499999997;0.005039999999709547;3.8155115983806775e-13;0.03614219781382388;0.0;0.007605899987545328;0.15591983285730773;0.04316399999999213;0.018049483254553654;0.04949999999996084;7.731881432788524e-12;2.4090769533700307e-14;-1.6423499560025572e-8
1977.0;144.66415684491812;-0.332664191;0.005039999999557071;1.6350830250433313e-13;0.10876857515824813;0.0;0.007180650003538516;0.14984418234829827;0.043163999999989884;9.726997923680298e-14;0.01869813130239149;3.132577470311788e-12;1.126221543018691e-14;-2.4486557042211014e-8
1978.0;76.43001380759578;-0.343773316;0.00503999999819511;8.121915231633578e-14;0.1858767296510446;0.0;0.006881759995201865;0.13663405576141915;0.043163999999979476;0.0;2.3903534413345203e-14;1.524521677865236e-12;0.0;-0.03374743939452106
1979.0;76.42992626154141;-0.34791177;0.005039999998195112;8.121917200642676e-14;0.24629071631533972;0.0;0.0065938050007907185;0.13808616182648203;0.043163999999979476;0.0;2.3903545928545393e-14;1.5245220548627263e-12;0.0;-0.09117734133417521
1980.0;76.4299031633559;-0.351637168;0.00503999999819512;8.121924453338053e-14;0.28551526050075876;0.0;0.0068696099907727265;0.1429718914206679;0.043163999999979476;0.0;2.3903588343958465e-14;1.5245234435037601e-12;0.0;-0.13182693779087865
1981.0;10.474227887187308;-0.355046062;0.0;0.0;0.302042935796942;0.0;0.006649694963558406;0.15417528950881756;0.04316399999656678;0.0;0.0;0.0;0.0;-0.15155801838496005
1982.0;10.00031694134103;-0.353962826;0.0;0.0;0.2999370408804683;0.0;0.006970454953008129;0.16341733545093656;0.035248460715537326;0.0;0.0;0.0;0.0;-0.1515580185312156
1983.0;49.669016436141206;-0.34769554199999997;0.0;6.780818955703547e-14;0.27671819873433723;0.0;0.007270560000848393;0.1676022230472155;0.04316399999996558;0.0;0.0;1.268592835914348e-12;0.0;-0.15155798691785796
1984.0;76.43010744918125;-0.339081281;0.005039999998195132;8.121934287066678e-14;0.23287238591891773;0.0;0.007060364987874721;0.1676828963247901;0.043163999999979476;0.0;2.390364585396066e-14;1.5245253263239986e-12;0.0;-0.11664559527536444
1985.0;76.43018639244472;-0.32874918900000005;0.005039999998195128;8.121930390822072e-14;0.16450729562835678;0.0;0.006629039983136055;0.1622425424501572;0.04316399999997948;0.0;2.3903623067773037e-14;1.5245245803274408e-12;0.0;-0.05275253474923368
1986.0;144.66419996547788;-0.320830157;0.005039999999557071;1.6350836647684673e-13;0.08598621134543054;0.0;0.00642248998640303;0.15043914188208996;0.04316399999998988;9.72700444182475e-14;0.02980803278598041;3.1325787461849433e-12;1.1262219536400329e-14;-2.4486548561931227e-8
1987.0;212.00861768839084;-0.315785051;0.005039999999776378;0.012049100483881161;0.024933256615047136;9.3226184873539e-16;0.006852599999147112;0.1415601224562252;0.04316399999999326;0.023799999999867427;0.049499999999979005;0.008987999924237397;1.6587109428880478e-13;-1.3264459658546007e-8
1988.0;318.15265841617247;-0.31748492100000003;0.005039999999898313;0.019966999999895995;0.005003750408790746;2.03414028723567e-15;0.00692914500476605;0.14348617860058827;0.04316399999999558;0.023799999999971608;0.04949999999999382;0.008987999998140154;0.001138999999993593;-7.878884958975389e-9
1989.0;284.11991534937863;-0.31381564;0.005039999999871258;0.019966999999847027;0.0025333740771724964;1.4757205780312502e-15;0.005755454984696285;0.14753997362133447;0.043163999999995026;0.02379999999996205;0.04949999999999152;0.00898799999729201;0.0011389999999895375;-9.042628107777075e-9
1990.0;216.7814266211074;-0.307000808;0.005039999999785194;0.019966999997711215;0.0026323690232146774;9.55575273526675e-16;0.005054400010842481;0.14854837989258754;0.043163999999993416;0.02379999999988612;0.04949999999998061;0.008987999972774673;0.00013395959994676095;-1.2860677973568557e-8
1991.0;212.00869662770154;-0.298538367;0.005039999999776378;0.011749675669023166;0.002632369023212446;9.32262236656844e-16;0.004395870014737469;0.14937023134540092;0.04316399999999326;0.023799999999867427;0.049499999999979005;0.008987999924239699;1.6587384979050902e-13;-1.3264452545210945e-8
1992.0;212.00870268264467;-0.28956611100000007;0.005039999999776378;0.0025927574352772524;0.0025738716203370653;9.322622800503028e-16;0.003484619987543549;0.15052485718175976;0.04316399999999326;0.023799999999867427;0.049499999999979005;0.008987999924239957;1.6587415803135097e-13;-1.3264451749501685e-8
1993.0;144.66429232842393;-0.20806265900000004;0.005039999999754548;1.0229261683186233e-13;0.0018899056682570652;0.0;0.004234274997913117;0.13963406538825568;0.04316399999999367;6.110536703044446e-14;0.014121725427548875;1.9601141553862013e-12;7.050364934931202e-15;-1.1752015107704777e-8
1994.0;144.6642491913792;-0.205124037;0.005039999999754548;1.0229251556042912e-13;0.0010529472062017385;0.0;0.004564754988764276;0.1308558854811659;0.04316399999999367;6.110526304129158e-14;0.020466064512207782;1.9601121351232866e-12;7.050358426797735e-15;-1.1752022337730458e-8
1995.0;144.66421539793606;-0.202540124;0.005039999999754548;1.0229243671127577e-13;0.0005849705021412401;0.0;0.004467555010517111;0.12404409974262497;0.04316399999999367;6.110518207625223e-14;0.025257810706394577;1.960110562162424e-12;7.050353359613703e-15;-1.1752027966988867e-8
1996.0;144.66418222455835;-0.200056631;0.005039999999754548;1.0229235954333793e-13;0.00021598924793492255;0.0;0.004794389984789929;0.11738861576619168;0.04316399999999367;6.11051028376099e-14;0.029470681378491542;1.960109022740013e-12;7.05034840047206e-15;-1.1752033476234463e-8
1997.0;144.664207706157;-0.200532663;0.005039999999754548;1.0229241799086503e-13;0.0001799910399302689;0.0;0.005177114990874015;0.12239031186914047;0.04316399999999367;6.110516285349891e-14;0.02459921841326669;1.960110188708989e-12;7.050352156560281e-15;-1.175202930349261e-8
1998.0;144.66419278118587;-0.202116461;0.005039999999754547;1.0229239549261543e-13;0.004729264261650565;0.0;0.005248799986506775;0.12102896312585636;0.04316399999999367;6.110513975153347e-14;0.02292350098215597;1.9601097398919556e-12;7.050350710725311e-15;-1.1752030909708346e-8
1999.0;144.66415134386966;-0.206966987;0.005039999999754548;1.0229234893686461e-13;0.023497828133843553;0.0;0.0050422499874593;0.11937517617598828;0.04316399999999367;6.110509194654283e-14;0.010866925381649503;1.960108811151348e-12;7.050347718853425e-15;-1.1752034233462994e-8
2000.0;47.466275521272756;-0.218647823;0.0;4.186879259361323e-14;0.07178941938590525;0.0;0.004815044992810206;0.11588104745776215;0.043163999999977234;0.0;0.0;7.83225220370599e-13;0.0;-0.017024824134111292
2001.0;47.46618270795165;-0.23368119200000004;0.0;4.1868801339620836e-14;0.13387282313533685;0.0;0.004529520003097295;0.1166474366672546;0.04316399999997723;0.0;0.0;7.832253866836364e-13;0.0;-0.06454542187323235
2002.0;47.46610211144042;-0.24634641499999999;0.0;4.18687986892873e-14;0.18572823748383827;0.0;0.004151654987347679;0.11784744070269464;0.04316399999997723;0.0;0.0;7.832253362852794e-13;0.0;-0.10455174550344161
2003.0;47.46609182981798;-0.254733408;0.0;4.186881339395265e-14;0.21071099132012538;0.0;0.004522230008064613;0.1231466170343475;0.043163999999977234;0.0;0.0;7.832256159072749e-13;0.0;-0.12681190605280182
2004.0;47.466122732444965;-0.259100913;0.0;4.18688452855312e-14;0.22088498366094292;0.0;0.004558680002290063;0.12966596641353734;0.043163999999977234;0.0;0.0;7.832262223533968e-13;0.0;-0.13916722655545233
2005.0;10.000333620152137;-0.25959260100000003;0.0;0.0;0.22764814642199335;0.0;0.004545314986524681;0.14169121503105328;0.03730883223353288;0.0;0.0;0.0;0.0;-0.15155801628835408
2006.0;10.000393579765621;-0.258097381;0.0;0.0;0.22750865342894888;0.0;0.004195394977150164;0.15343915243221412;0.02455726392435352;0.0;0.0;0.0;0.0;-0.15155801628829801
2007.0;10.000468396480006;-0.255635075;0.0;0.0;0.21542675556009622;0.0;0.004808969991139794;0.16397700083007838;0.023026470698460047;0.0;0.0;0.0;0.0;-0.15155801628824064
2008.0;10.000577609490424;-0.252089801;0.0;0.0;0.18981403333562188;0.0;0.004798034979529056;0.17659720990525443;0.032485037501943634;0.0;0.0;0.0;0.0;-0.15155801628816531
2009.0;47.4664910177302;-0.24704246200000002;0.0;4.186894063510489e-14;0.14749814410941556;0.0;0.005077485004607005;0.17971822898679787;0.04316399999997723;0.0;0.0;7.832280355088977e-13;0.0;-0.1284108518659444
2010.0;47.466611223904714;-0.24403760300000005;0.0;4.186895446985169e-14;0.09864408003843436;0.0;0.004856354996432166;0.1882594329306252;0.043163999999977234;0.0;0.0;7.832282985887284e-13;0.0;-0.09088737120594087
2011.0;47.466687886793025;-0.237098413;0.0;4.186895478875486e-14;0.04744563361575359;0.0;0.004150439994529627;0.18665102417983828;0.043163999999977234;0.0;0.0;7.832283046529963e-13;0.0;-0.04432016175955924
2012.0;47.46668836142293;-0.235865053;0.0;4.1868890781491594e-14;0.012428380431693368;0.0;0.004750649992210175;0.1820274806595156;0.043163999999977234;0.0;0.0;7.832270874989111e-13;0.0;-0.006531707671919926
2013.0;59.41084198118965;-0.23437825299999998;0.005039999996779322;4.515849515304889e-14;0.003964302719259765;0.0;0.004180815006599232;0.18159890693208533;0.04316399999998275;0.0;0.0;8.458627151042616e-13;0.0;-7.897997546495953e-8
2014.0;72.25887990741985;-0.232925861;0.005039999998682885;4.930767561836536e-14;0.0030148497942565186;0.0;0.004110345004485529;0.18037873573179078;0.043163999999986304;0.0;0.0;9.25096511164767e-13;0.0;-4.0043611803824985e-8
2015.0;47.46667104969068;-0.230164539;0.0;4.186883258475208e-14;0.003019349633133327;0.0;0.004366709993307962;0.18309639119621585;0.043163999999977234;0.0;0.0;7.832259808371306e-13;0.0;-0.0035235286401070743
2016.0;47.46671532134268;-0.22505496600000002;0.0;4.1868908428455346e-14;0.003014849794159183;0.0;0.004606064989064554;0.18244092647336616;0.043163999999977234;0.0;0.0;7.832274230712998e-13;0.0;-0.008194249265294835
2017.0;183.14764499934495;-0.22739437099999998;0.005039999999867394;2.2094787073586028e-13;0.002825859580191572;0.0;0.0008553599941965911;0.12171467998143268;0.04316399999999545;0.004033503238073191;0.04949999999997867;4.478757073303292e-12;1.3970512149607507e-14;-8.354846291813903e-9
2018.0;182.92927579509922;-0.222197561;0.005039999999867038;2.1929712508506474e-13;0.0024883761912271717;0.0;0.000852930008558954;0.1209987109931415;0.04316399999999544;3.177844390057488e-11;0.04949999999997853;4.441941073055082e-12;1.3881150762944661e-14;-8.367609085945416e-9
2019.0;154.93655143379502;-0.21963573200000003;0.005039999999809069;1.1178684738471589e-13;0.00208789556040104;0.0;0.0012125699983885918;0.12104913121433987;0.043163999999994554;7.680504541871543e-14;0.049499999999911524;2.1581299422438345e-12;7.612628181192147e-15;-1.0437640386991415e-8
2020.0;145.48212560650364;-0.220936796;0.005039999999781779;9.588814840738778e-14;0.0018404084471258957;0.0;0.002042415011065713;0.1214928300845264;0.04316399999999418;5.783996001835887e-14;0.04949999999888392;1.838420595286172e-12;6.603935168269783e-15;-1.140564011571914e-8
2021.0;183.14790140663104;-0.22595866600000003;0.005039999999867394;2.2094964624574464e-13;0.003752812806575767;0.0;0.0022817700071290662;0.12090291257285905;0.04316399999999545;0.001052643416158666;0.04949999999997868;4.4787967017959775e-12;1.3970608160889337e-14;-8.35483268862202e-9
2022.0;183.14757810898064;-0.23852021700000003;0.005039999999867393;2.2094728733510331e-13;0.017360133920969346;0.0;0.0026219699977111403;0.11369784633809879;0.04316399999999545;0.00687491180629721;0.04949999999997867;4.478744052103195e-12;1.3970480601968074e-14;-8.354850761636991e-9
2023.0;144.66399564544002;-0.25036540100000004;0.00503999999977908;9.468685607280874e-14;0.05727314389743288;0.0;0.0030970349913924393;0.10043729953004557;0.043163999999994145;5.6593741024558026e-14;0.04137217068094147;1.8144422918136393e-12;6.526787892230363e-15;-1.150126508794237e-8
2024.0;61.23945268794253;-0.27195330100000004;0.005039999997508412;4.2293181813327196e-14;0.1260702126839324;0.0;0.0033169499856409894;0.09340870591669484;0.04316399999998458;0.0;0.0;7.92380127374449e-13;0.0;-1.3402154478654047e-7
2025.0;54.88183577936667;-0.288286752;0.0050399999941555355;4.058433285403578e-14;0.2043708073761772;0.0;0.0035307899983726726;0.0914776077502141;0.043163999999982404;0.0;0.0;7.598094788863335e-13;0.0;-0.0595798413962091
2026.0;54.88174870819057;-0.302557269;0.005039999994155562;4.058433866727129e-14;0.2725559066267149;0.0;0.0036984599984964794;0.09643896767620186;0.043163999999982404;0.0;0.0;7.598095896061128e-13;0.0;-0.11861431511752903
2027.0;9.999925856360829;-0.31308806100000003;0.0;0.0;0.31436782144468794;0.0;0.0040435199807142864;0.10423899252089561;0.04204200560202439;0.0;0.0;0.0;0.0;-0.15155802070841573
2028.0;10.000008622763763;-0.315388037;0.0;0.0;0.3260357391658044;0.0;0.004332689987005498;0.11176170614922398;0.02486074420952118;0.0;0.0;0.0;0.0;-0.1515580207083884
2029.0;10.000043921677376;-0.31362577399999997;0.0;0.0;0.32305688757936646;0.0;0.004363064979016447;0.11767601102676546;0.02013352597177751;0.0;0.0;0.0;0.0;-0.15155802070836916
2030.0;10.00013585974295;-0.31242184500000003;0.0;0.0;0.3085991089897836;0.0;0.004386149975994857;0.13076008706060988;0.020281545228307635;0.0;0.0;0.0;0.0;-0.15155802070832358
2031.0;10.000231822340783;-0.308665185;0.0;0.0;0.2833958660664944;0.0;0.0050677649881009645;0.14091474177734423;0.030891823581944783;0.0;0.0;0.0;0.0;-0.1515580207082829
2032.0;54.88216135464827;-0.302497809;0.005039999994156607;4.058456041371158e-14;0.24419832091593857;0.0;0.006214725012233759;0.15077695828773643;0.043163999999982404;0.0;0.0;7.598138130245742e-13;0.0;-0.14713900848519587
2033.0;54.882203816134734;-0.294227034;0.005039999994156207;4.0584475618748035e-14;0.18775763614528931;0.0;0.006172199996731727;0.15722067641150794;0.04316399999998241;0.0;0.0;7.598121980059202e-13;0.0;-0.10539796496495224
2034.0;54.882327277809516;-0.2865581810000001;0.005039999994156293;4.0584493687568244e-14;0.13246889352700036;0.0;0.005949854995738768;0.16323582265506845;0.043163999999982404;0.0;0.0;7.598125421475898e-13;0.0;-0.06357575610615714
2035.0;54.882441949227804;-0.275884789;0.005039999994156315;4.058449860844188e-14;0.0734948341753144;0.0;0.005728725006625923;0.16743079429518012;0.043163999999982404;0.0;0.0;7.598126358712891e-13;0.0;-0.019256905418063356
2036.0;144.66428340663506;-0.263314294;0.005039999999779081;9.468740027476249e-14;0.02903705182380448;0.0;0.006073784989999119;0.147282829569589;0.043163999999994145;5.6594300415741786e-14;0.03274143650980723;1.814453148672296e-12;6.526822870989936e-15;-1.1501220832190087e-8
2037.0;148.24143961868634;-0.25581112799999994;0.005039999999790183;9.998662474819089e-14;0.00744712871411665;0.0;0.005732369987573082;0.14429290398703787;0.0431639999999943;6.227059564407643e-14;0.0494999999997386;1.9204159017929423e-12;6.866147365354371e-15;-1.110779508919217e-8
2038.0;144.66436392901454;-0.253090546;0.0050399999997790814;9.468750869606864e-14;0.002852857606441337;0.0;0.005184404986027259;0.15405932300052183;0.043163999999994145;5.6594411863737345e-14;0.042814030967760895;1.8144553116836301e-12;6.526829839801612e-15;-1.1501212015224098e-8
2039.0;144.66436199517912;-0.24581573600000003;0.005039999999779081;9.46875043898213e-14;0.0027718620162722482;0.0;0.004552605003517687;0.15365091828517494;0.043163999999994145;5.659440743728063e-14;0.03666033907439745;1.8144552257736857e-12;6.526829563015993e-15;-1.150121236541309e-8
2040.0;144.6643181442087;-0.23050454;0.0050399999997790814;9.468741083608176e-14;0.0026458680363617053;0.0;0.004609710009085072;0.14497862084260782;0.043163999999994145;5.659431127188633e-14;0.030088706181002633;1.8144533593711212e-12;6.526823549820876e-15;-1.1501219973327861e-8
2041.0;202.77157304391397;-0.22698912100000002;0.005039999999852248;8.478497006978804e-13;0.0023848809023915415;6.329290148773511e-16;0.0015673499981849056;0.10163226154336802;0.04316399999999498;0.023799999999861172;0.04949999999998327;2.1898029703495672e-11;4.0965524064783276e-14;-1.0043208222004458e-8
2042.0;193.37403996401818;-0.225147959;0.00503999999983703;4.203902421307022e-13;0.0018584072992405118;0.0;0.0016815599901938325;0.10088099932385149;0.04316399999999473;0.02379999999973019;0.04949999999997943;9.02176083449084e-12;2.4604902091309e-14;-1.0759647154029438e-8
2043.0;209.35470665090787;-0.22307667699999997;0.005039999999861836;2.938938578792478e-12;0.001466926850169494;6.539356622995774e-16;0.0017082900038554846;0.09459358296218899;0.043163999999995144;0.02379999999989549;0.0494999999999853;0.003169889967386616;7.66779733811951e-14;-9.598359410716737e-9
2044.0;209.35469339213307;-0.22135396599999999;0.005039999999861836;2.938916386147723e-12;0.0014849257022775655;6.539355961425969e-16;0.001597725009299061;0.09198685198438367;0.043163999999995144;0.02379999999989549;0.0494999999999853;0.004145991871990639;7.667776953282119e-14;-9.598360703737325e-9
2045.0;212.00837697122213;-0.22370582;0.0050399999998654976;0.0037065569345661456;0.0017639116883674212;6.62844618538174e-16;0.0016195949944131163;0.08621372464982244;0.04316399999999521;0.023799999999905043;0.04949999999998601;0.008987999946073025;1.1857924300693196e-13;-9.429739745035247e-9
2046.0;212.0083284193307;-0.232839784;0.0050399999998654976;0.014943163415264384;0.007312135560058241;6.628444015697696e-16;0.0016013699877693976;0.07858008653485121;0.04316399999999521;0.023799999999905043;0.04949999999998601;0.008987999946071735;1.185776850475714e-13;-9.429743721843117e-9
2047.0;212.0082407153687;-0.24785462499999997;0.0050399999998654976;0.011480045844368238;0.03413979768253101;6.628441069150502e-16;0.0012186450007473171;0.07061367403633505;0.04316399999999521;0.023799999999905043;0.04949999999998601;0.008987999946069983;1.1857556932142242e-13;-9.429749122565785e-9
2048.0;183.147221788045;-0.265344693;0.005039999999817986;2.7121482675126936e-13;0.08878057255672477;0.0;0.0010886400065308614;0.06827921317663041;0.04316399999999441;0.009227907652038285;0.04949999999997309;5.496943861334157e-12;1.714056521994796e-14;-1.1675534435873002e-8
2049.0;144.6636450523138;-0.280548589;0.005039999999709588;1.162278466598695e-13;0.1556292382720939;0.0;0.0010145249867506586;0.06544559027979759;0.043163999999992805;6.936022640465703e-14;0.010274470554693322;2.227013792878314e-12;8.009515550331305e-15;-1.7407587305700156e-8
2050.0;76.42896831693379;-0.29069431100000004;0.005039999998741313;5.773451499360601e-14;0.2079616284987212;0.0;0.0009003150120947033;0.06828425427510644;0.043163999999985415;0.0;1.6992872511680527e-14;1.0837984244539208e-12;0.0;-0.034570911491182896
2051.0;76.42892448432012;-0.29948666100000004;0.0050399999987413135;5.773452024891709e-14;0.2401215237334913;0.0;0.0006816149895561903;0.0699884614461758;0.043163999999985415;0.0;1.6992875585344137e-14;1.0837985250876802e-12;0.0;-0.05941932790237579
2052.0;76.42892560738912;-0.30457974099999996;0.005039999998741314;5.773453451565735e-14;0.25397633296873184;0.0;0.0005564700049344921;0.07470780523401382;0.043163999999985415;0.0;1.6992883929505796e-14;1.0837987982808279e-12;0.0;-0.07277267571007742
2053.0;76.42896602672562;-0.305449689;0.005039999998741319;5.773456400405892e-14;0.25566374890597643;0.0;0.0004191749968217282;0.083047328293036;0.043163999999985415;0.0;1.6992901176346826e-14;1.0837993629529847e-12;0.0;-0.08179027663242576
2054.0;76.42901357844974;-0.30462383800000004;0.005039999998741322;5.77345946239951e-14;0.2532563693124273;0.0;0.00037665000038180344;0.09141206053904236;0.04316399999998541;0.0;1.699291908500429e-14;1.0837999492931377e-12;0.0;-0.08852925801389679
2055.0;76.4290863516355;-0.30032266100000005;0.005039999998741326;5.773462563168674e-14;0.2339568314943243;0.0;0.0004653449907780164;0.0992221694282181;0.043163999999985415;0.0;1.699293722046646e-14;1.0838005430580638e-12;0.0;-0.0814300645556117
2056.0;76.42913735223932;-0.294164788;0.0050399999987413265;5.773462792775675e-14;0.2015764471725521;0.0;0.0004932899971526145;0.09865746295076366;0.043163999999985415;0.0;1.6992938563369547e-14;1.0838005870256085e-12;0.0;-0.054674671727776625
2057.0;76.42921143950056;-0.286346186;0.005039999998741321;5.773459453932864e-14;0.1513679507143165;0.0;0.00047384999769080333;0.09901040542278913;0.04316399999998541;0.0;1.699291903548483e-14;1.0837999476718637e-12;0.0;-0.012630194085862563
2058.0;144.66391046196884;-0.27823391;0.00503999999970959;1.162283787484094e-13;0.10104696080076418;0.0;0.00048478499188480355;0.09876838651381248;0.04316399999999281;6.936077175610426e-14;0.029751045726301925;2.2270244066660188e-12;8.009549734528162e-15;-1.7407516763587848e-8
2059.0;201.34682316886818;-0.268361952;0.005039999999850071;7.350068693757174e-13;0.05062697493350456;6.285726526567599e-16;0.0004629150073055712;0.09639863149927669;0.04316399999999494;0.02379999999985031;0.04949999999998277;1.8014147847733227e-11;3.7226025668191855e-14;-1.0144935746151846e-8
2060.0;212.0079050934927;-0.25997628199999995;0.0050399999998654976;0.018035713833725892;0.01645117954668912;6.628428938718475e-16;0.0003681450147611944;0.0947196344388089;0.04316399999999521;0.023799999999905043;0.04949999999998601;0.008987999946062766;1.1856686001379697e-13;-9.429771356540623e-9
2061.0;226.3972542070365;-0.25720723599999995;0.005039999999883396;0.019966999999459247;0.004463777288721039;7.155951189224224e-16;0.0003960900021538362;0.10235327255378118;0.04316399999999553;0.02379999999993685;0.049499999999989046;0.008987999991568376;0.001138999999941763;-8.614995348784838e-9
2062.0;212.00847208628832;-0.253133446;0.005039999999865498;0.01384206173176149;0.0030913455455654636;6.62845114140227e-16;0.0004130999968374255;0.10538857633541283;0.04316399999999521;0.023799999999905043;0.04949999999998601;0.008987999946075974;1.1858280186245338e-13;-9.42973066119601e-9
2063.0;212.00846970352563;-0.245441818;0.005039999999865498;0.0068175648959973;0.0029878507605256475;6.628451013212499e-16;0.0003535650056338279;0.1048843731997835;0.04316399999999521;0.023799999999905043;0.04949999999998601;0.008987999946075898;1.1858270980977523e-13;-9.429730896149727e-9
2064.0;209.35475884287382;-0.236773937;0.005039999999861836;2.939029102211109e-12;0.002983351425339096;6.539359321420087e-16;0.0003158999995122984;0.10544403857873406;0.043163999999995144;0.02379999999989549;0.0494999999999853;0.005894802009808331;7.667880485439681e-14;-9.59835413671556e-9
2065.0;47.47009803608998;-0.267547198;0.0;4.0511992627537654e-14;0.0009359534078467673;0.0;0.014131664992391256;0.2803118312025901;0.04316399999997797;0.0;0.0;7.578523769857353e-13;0.0;-0.07102000587539532
2066.0;47.47007082763581;-0.26484566400000004;0.0;4.05119818826897e-14;0.000472476542760415;0.0;0.01396156498756921;0.27486139328371695;0.04316399999997798;0.0;0.0;7.578521726597163e-13;0.0;-0.06763870919537904
2067.0;47.47007689181703;-0.26245398400000003;0.0;4.0511984347310685e-14;0.00023398860365027565;0.0;0.013214340001106759;0.2759252636455299;0.04316399999997798;0.0;0.0;7.578522195272528e-13;0.0;-0.07010826841207395
2068.0;47.47006714237021;-0.26209498000000003;0.0;4.051198042463968e-14;0.00022948876467613003;0.0;0.012395429980887546;0.2740496267987597;0.04316399999997798;0.0;0.0;7.578521449330358e-13;0.0;-0.06776866832772364
2069.0;47.47006746660467;-0.268952951;0.0;4.0511979526246004e-14;0.00023398860365027554;0.0;0.011224170003781111;0.2742714757720453;0.04316399999997798;0.0;0.0;7.578521278490678e-13;0.0;-0.05996607234900457
2070.0;47.47006663830994;-0.285068089;0.0;4.0511976344701766e-14;0.0005579724756921587;0.0;0.009038384999957023;0.2746849234331288;0.04316399999997797;0.0;0.0;7.578520673482506e-13;0.0;-0.04240344581893293
2071.0;47.470007656075936;-0.299106009;0.0;4.051194968833558e-14;0.005291736072621356;0.0;0.00893632499325139;0.26575548193881865;0.04316399999997797;0.0;0.0;7.578515604455606e-13;0.0;-0.02407123550904458
2072.0;47.46990542264538;-0.310304173;0.0;4.0511929769229877e-14;0.03679466489293646;0.0;0.010075994985528833;0.25576217285354486;0.04316399999997797;0.0;0.0;7.578511816599125e-13;0.0;-0.03552023195972625
2073.0;47.46966564658248;-0.321839706;0.0;4.051187684390117e-14;0.10823310187702688;0.0;0.010236374990619935;0.2323368863609049;0.04316399999997797;0.0;0.0;7.578501752216098e-13;0.0;-0.07215509382519407
2074.0;47.469493184175036;-0.331879485;0.0;4.051185956876439e-14;0.18576423468427508;0.0;0.010546199989191138;0.2228175273549232;0.04316399999997798;0.0;0.0;7.578498467141708e-13;0.0;-0.1304281089889534
2075.0;10.000702262598159;-0.33959968300000004;0.0;0.0;0.234838787841231;0.0;0.01004804998029759;0.2167116265601894;0.029616634151063203;0.0;0.0;0.0;0.0;-0.15155801690051762
2076.0;0.011411010067837199;-0.34370031900000003;0.0;0.0;0.25732866411686756;0.0;0.00989371527909364;0.2279045055970872;0.0;0.0;0.0;0.0;0.0;-0.15155802155611411
2077.0;3.30231291561448e-5;-0.340306;0.0;0.0;0.25703862404149;0.0;0.011992880360146207;0.2228346769046842;0.0;0.0;0.0;0.0;0.0;-0.15155802155959452
2078.0;10.00685311093538;-0.340506786;0.0;0.0;0.2456022505232564;0.0;0.013174244972374906;0.23014360212032256;0.0023870855866903137;0.0;0.0;0.0;0.0;-0.15155801690290516
2079.0;10.000736971775153;-0.336422357;0.0;0.0;0.21983203645363006;0.0;0.013550894976253464;0.2183452444979605;0.03630875451608156;0.0;0.0;0.0;0.0;-0.15155801690050147
2080.0;47.469432837430396;-0.32831448500000004;0.0;4.051182355329265e-14;0.1738803277151307;0.0;0.013554539991688768;0.20832168235659337;0.04316399999997798;0.0;0.0;7.578491618370579e-13;0.0;-0.11062808063448605
2081.0;47.469478647928106;-0.317875545;0.0;4.0511802404974746e-14;0.10765713105274094;0.0;0.01340266501257244;0.19601912159860183;0.04316399999997798;0.0;0.0;7.578487596765266e-13;0.0;-0.04240007413479579
2082.0;144.66441834717762;-0.305571241;0.005039999999765251;9.897543153634791e-14;0.044156297674389625;0.0;0.01439167500270346;0.17907284830823442;0.04316399999999388;5.913841766626878e-14;0.019778298762257823;1.8965809967623878e-12;6.8220158371532656e-15;-1.1371240597161657e-8
2083.0;144.66444891742887;-0.30390462;0.005039999999765251;9.897549178380549e-14;0.009499026066587434;0.0;0.014624955015307453;0.1827031125472752;0.04316399999999388;5.913847955901768e-14;0.0489059586161461;1.896582198665537e-12;6.8220197091954065e-15;-1.1371236295717907e-8
2084.0;144.66459786729283;-0.303462095;0.005039999999765251;9.897572584819537e-14;0.002384880902376942;0.0;0.014965155005889538;0.19993174000003003;0.04316399999999388;5.913872001594334e-14;0.038008889922062895;1.8965868681205678e-12;6.82203475227133e-15;-1.1371219584475858e-8
2085.0;144.66467672042313;-0.297856108;0.005039999999765252;9.897589914356606e-14;0.0015929208300630702;0.0;0.015005249997631321;0.2151738061193719;0.043163999999993874;5.913889804473391e-14;0.017915477489995953;1.8965903252677576e-12;6.82204588978168e-15;-1.1371207211977578e-8
2086.0;58.397830443742045;-0.288568744;0.005039999996475733;4.3388058369203376e-14;0.001340932870108979;0.0;0.01455083999359453;0.22281248625643166;0.043163999999982945;0.0;0.0;8.126081401412251e-13;0.0;-8.358794869577605e-8
2087.0;47.46981912705704;-0.27970020599999995;0.0;4.051185629872637e-14;0.0008909560256823299;0.0;0.014818139994831926;0.23054192279167318;0.04316399999997797;0.0;0.0;7.57849784530558e-13;0.0;-0.009758276518040482
2088.0;47.46986902447707;-0.27097195900000004;0.0;4.0511895963128877e-14;0.0004679767037862674;0.0;0.014443919995660658;0.23681925418548033;0.04316399999997797;0.0;0.0;7.578505387964404e-13;0.0;-0.023958671994530827
2089.0;47.47197695736347;-0.25265838700000004;0.0;6.003849472373047e-14;7.649675836561372e-5;0.0;0.007268129996621648;0.2780328325861783;0.043163999999967353;0.0;0.0;1.1230147519762851e-12;0.0;-0.0759342769959955
2090.0;47.47184836896961;-0.19255150599999998;0.0;6.003843458622168e-14;8.999526771102609e-5;0.0;0.006405480006206304;0.25163274750096337;0.043163999999967353;0.0;0.0;1.1230136085734166e-12;0.0;-0.10879449243884277
2091.0;47.47183616288292;-0.192415998;0.0;6.003842717554692e-14;7.649675836561214e-5;0.0;0.007208594986356008;0.24929324369552494;0.043163999999967353;0.0;0.0;1.1230134676729186e-12;0.0;-0.10738069352751102
2092.0;47.47191813736954;-0.24160289700000004;0.0;6.003846188805935e-14;7.649675836561296e-5;0.0;0.006338655000908019;0.2664966610376791;0.043163999999967353;0.0;0.0;1.1230141276670945e-12;0.0;-0.07452634838277536
2093.0;47.4718949783926;-0.24011037999999996;0.0;6.003844833088819e-14;7.649675836561264e-5;0.0;0.006416414998755342;0.2620193361588402;0.043163999999967353;0.0;0.0;1.1230138699027264e-12;0.0;-0.07162030184649579
2094.0;47.47189839237375;-0.241433143;0.0;6.003845000489092e-14;9.449510668517145e-5;0.0;0.00619771499527873;0.26272017815715454;0.043163999999967353;0.0;0.0;1.1230139017307752e-12;0.0;-0.07079759531629345
2095.0;47.471918823432745;-0.24550721300000006;0.0;6.003846187871237e-14;0.00048597605955072833;0.0;0.007082234989854111;0.26683951946546436;0.043163999999967353;0.0;0.0;1.1230141274894574e-12;0.0;-0.07211799423242832
2096.0;47.47191855222315;-0.251681137;0.0;6.003846612102447e-14;0.0064526779027979314;0.0;0.007881704991549476;0.2687807025997962;0.043163999999967353;0.0;0.0;1.1230142081490797e-12;0.0;-0.07465046133230345
2097.0;47.47183016725193;-0.262012426;0.0;6.003844613132285e-14;0.042752368065680266;0.0;0.008975204989870554;0.2633100956688261;0.043163999999967353;0.0;0.0;1.1230138280819222e-12;0.0;-0.0962386595340366
2098.0;47.4717332832665;-0.275428094;0.0;6.003845741834448e-14;0.09657868316891227;0.0;0.009744299999555062;0.2594882345892204;0.04316399999996736;0.0;0.0;1.1230140426837991e-12;0.0;-0.13358634179307263
2099.0;10.00104783910196;-0.28433886999999997;0.0;0.0;0.1449017732924611;0.0;0.009801404959509841;0.2536646861094798;0.02758644854132706;0.0;0.0;0.0;0.0;-0.15155800807290665
2100.0;10.001012542365899;-0.289394462;0.0;0.0;0.17075748379880826;0.0;0.010298339957666507;0.2559638537379573;0.00399276268992369;0.0;0.0;0.0;0.0;-0.15155800807291278
2101.0;3.576664635771111e-5;-0.29432018800000004;0.0;0.0;0.1748946596657369;0.0;0.010503549799797729;0.2604794896649229;0.0;0.0;0.0;0.0;0.0;-0.15155801497470361
2102.0;3.5928639415863165e-5;-0.292799748;0.0;0.0;0.15472325209346371;0.0;0.012169886073030165;0.277464111601642;0.0;0.0;0.0;0.0;0.0;-0.15155801497470361
2103.0;10.001288032919915;-0.287947525;0.0;0.0;0.12098096634041709;0.0;0.012917879970927897;0.29264464501652604;0.013024903307432839;0.0;0.0;0.0;0.0;-0.1515580080726202
2104.0;47.47199420052623;-0.280121821;0.0;6.003863556325215e-14;0.07099295997828281;0.0;0.012503565006565279;0.29660768271585675;0.043163999999967353;0.0;0.0;1.1230174297785104e-12;0.0;-0.14316975751979022
2105.0;47.47220948700576;-0.28316887900000004;0.0;6.003865750930215e-14;0.02139643255233785;0.0;0.013141439991289427;0.3290178720225119;0.043163999999967353;0.0;0.0;1.123017847042119e-12;0.0;-0.12358636950555567
2106.0;47.47240147429083;-0.29708551299999997;0.0;6.003875278218877e-14;0.0036178191483785867;0.0;0.013603139988039;0.36063141906333734;0.043163999999967353;0.0;0.0;1.1230196584791522e-12;0.0;-0.12396176466121835
2107.0;47.47262067687295;-0.298290166;0.0;6.003904076426196e-14;0.00015299200577205462;0.0;0.013863149995137629;0.388700418088397;0.043163999999967353;0.0;0.0;1.123025133924496e-12;0.0;-0.14758024240814213
2108.0;47.472660660949124;-0.29599072;0.0;6.003925231382954e-14;9.899544944784565e-5;0.0;0.013546035001533818;0.3887457962874781;0.04316399999996736;0.0;0.0;1.123029156148334e-12;0.0;-0.14951471364135657
2109.0;30.809298564021848;-0.29081774400000004;0.0;5.452373810233631e-14;8.999526749165859e-5;0.0;0.013646879992532562;0.38704158911635667;0.04316399999994126;0.0;0.0;0.0;0.0;-0.15155796539113245
2110.0;10.00197135780481;-0.28448127799999995;0.0;0.0;8.09960920293153e-5;0.0;0.013298174972316456;0.385528978785543;0.03720200795695171;0.0;0.0;0.0;0.0;-0.15155800808036543
2111.0;33.412010814802706;-0.279514961;0.0;5.5316692765384986e-14;8.099609338050104e-5;0.0;0.013552110000769727;0.37539953417973004;0.04316399999994777;0.0;0.0;1.0333543236556686e-12;0.0;-0.15155795110354356
2112.0;24.850985376924992;-0.272979398;0.0;5.27879553803295e-14;8.549593215612693e-5;0.0;0.01366753498219785;0.3692079180855343;0.04316399999991772;0.0;0.0;0.0;0.0;-0.1515579857475066
2113.0;1.7109897738826445e-5;-0.33312494000000004;0.0;0.0;5.9128444116151285e-5;0.0;0.009876323599031855;0.4681649180897772;0.0;0.0;0.0;0.0;0.0;-0.1449771343230826
2114.0;1.2674451546223241e-5;-0.33016695199999996;0.0;0.0;5.492672837633558e-5;0.0;0.009581000446005293;0.4661527700782811;0.0;0.0;0.0;0.0;0.0;-0.14562313908961416
2115.0;1.2449290408612653e-5;-0.327915686;0.0;0.0;5.492022459927072e-5;0.0;0.009512565767000802;0.46399901009990613;0.0;0.0;0.0;0.0;0.0;-0.14565218775958966
2116.0;1.2334405223041961e-5;-0.32480618800000005;0.0;0.0;5.899831209949435e-5;0.0;0.008943516758627588;0.461455942993998;0.0;0.0;0.0;0.0;0.0;-0.14565363662801345
2117.0;1.23391110534022e-5;-0.3261537279999999;0.0;0.0;5.899825216298772e-5;0.0;0.008050410387398661;0.46369519171764123;0.0;0.0;0.0;0.0;0.0;-0.14565223939957544
2118.0;1.4337134038761161e-5;-0.33172411999999996;0.0;0.0;5.9054068830213766e-5;0.0;0.009756622580414237;0.4672923307205785;0.0;0.0;0.0;0.0;0.0;-0.14538539568843903
2119.0;1.20074356652039e-5;-0.34621490999999993;0.0;0.0;7.93270884805329e-5;0.0;0.008896645545167343;0.48290202374251906;0.0;0.0;0.0;0.0;0.0;-0.14566437995140935
2120.0;2.692041747727287e-5;-0.36478518399999993;0.0;0.0;0.001443107929893983;0.0;0.009452093790429755;0.49810911109683287;0.0;0.0;0.0;0.0;0.0;-0.14422123938278228
2121.0;5.287266965341503e-5;-0.37304816;0.0;0.0;0.010205875975562393;0.0;0.007751734077380973;0.48902488651208087;0.0;0.0;0.0;0.0;0.0;-0.13393838265179794
2122.0;3.0797398165967404e-5;-0.379216766;0.0;0.0;0.03382734058632996;0.0;0.007666616402742726;0.4811736167998204;0.0;0.0;0.0;0.0;0.0;-0.14345320739426154
2123.0;2.395489316305785e-5;-0.38632687;0.0;0.0;0.0672862631019668;0.0;0.006922551672350476;0.4568437856987713;0.0;0.0;0.0;0.0;0.0;-0.144727620038392
2124.0;2.3936292474457704e-5;-0.39134597399999993;0.0;0.0;0.08283981530612552;0.0;0.006860991567376431;0.4463737794695892;0.0;0.0;0.0;0.0;0.0;-0.14473050039024446
2125.0;2.3936518294304382e-5;-0.39184696399999996;0.0;0.0;0.09015156933214392;0.0;0.0069368539685664525;0.4394871523264091;0.0;0.0;0.0;0.0;0.0;-0.1447304996943741
2126.0;2.39371497537009e-5;-0.38872728999999995;0.0;0.0;0.07730784944620714;0.0;0.007108184466925451;0.44903987753385244;0.0;0.0;0.0;0.0;0.0;-0.1447305095416855
2127.0;2.395775560718921e-5;-0.385154738;0.0;0.0;0.062154830273511506;0.0;0.006953745693501821;0.46077149347814095;0.0;0.0;0.0;0.0;0.0;-0.14472722121170095
2128.0;5.04960825588767e-5;-0.37898595599999996;0.0;0.0;0.034240992142359504;0.0;0.008048799409228789;0.4724630830091385;0.0;0.0;0.0;0.0;0.0;-0.13577078747310825
2129.0;6.414503667442251e-5;-0.37612865799999995;0.0;0.0;0.010888225860000596;0.0;0.00791398992501716;0.47294749374535067;0.0;0.0;0.0;0.0;0.0;-0.11562593839839914
2130.0;6.526124473029546e-5;-0.37791488599999995;0.0;0.0;0.0015940162420994132;0.0;0.007475348353139862;0.48080110386752306;0.0;0.0;0.0;0.0;0.0;-0.11196055254651227
2131.0;5.664659970757685e-5;-0.3786247279999999;0.0;0.0;0.00024049737775056957;0.0;0.006570830005519433;0.4844815438535817;0.0;0.0;0.0;0.0;0.0;-0.11267303396398089
2132.0;5.981898958613999e-5;-0.373439498;0.0;0.0;7.625487181738003e-5;0.0;0.004115249134353395;0.47971514065373294;0.0;0.0;0.0;0.0;0.0;-0.11047175709597112
2133.0;5.992152508770361e-5;-0.36463829;0.0;0.0;6.811685109448639e-5;0.0;0.003779302441346847;0.4711953379954363;0.0;0.0;0.0;0.0;0.0;-0.11040910253709078
2134.0;5.701734529011072e-5;-0.353626008;0.0;0.0;6.806664038372174e-5;0.0;0.003621470884360356;0.46930184178611234;0.0;0.0;0.0;0.0;0.0;-0.11936980902794313
2135.0;5.562648878586057e-5;-0.34485777399999995;0.0;0.0;6.804254783284323e-5;0.0;0.00450435394594735;0.4628571170718132;0.0;0.0;0.0;0.0;0.0;-0.12257608229205057
2136.0;5.2616384727508585e-5;-0.33671651999999996;0.0;0.0;6.798903698805206e-5;0.0;0.005014084076961894;0.4594784788782443;0.0;0.0;0.0;0.0;0.0;-0.1278481692438302
2137.0;47.88045504231427;-0.29660121;0.0;3.957859904768542e-14;7.53747399351107e-5;0.0;0.00896219999463435;0.26767164562539913;0.03923999999997633;0.0;0.0;7.418005760115565e-13;0.0;-0.01940682289937211
2138.0;47.880492659955046;-0.292146588;0.0;3.957860854218404e-14;7.537473993511097e-5;0.0;0.010673909990860627;0.27454056980657515;0.03923999999997633;0.0;0.0;7.418007572470355e-13;0.0;-0.032441986577915735
2139.0;47.88051413183677;-0.29263587;0.0;3.9578612967248525e-14;7.980808098474793e-5;0.0;0.011792429987441124;0.2843279541248541;0.03923999999997633;0.0;0.0;7.418008417147906e-13;0.0;-0.04286334479989252
2140.0;47.880530657502675;-0.293886414;0.0;3.9578616014703474e-14;7.537473993511119e-5;0.0;0.01255760999838882;0.2939044995581968;0.03923999999997633;0.0;0.0;7.41800899885957e-13;0.0;-0.0519504534239541
2141.0;47.88053752186771;-0.29657867399999993;0.0;3.957861710864539e-14;7.094040608712048e-5;0.0;0.013225679995962402;0.2988370299511106;0.03923999999997633;0.0;0.0;7.418009207677179e-13;0.0;-0.0548545702696926
2142.0;47.88055461130309;-0.304422722;0.0;3.9578619638002146e-14;7.094040608712055e-5;0.0;0.01363284001222881;0.3122086824279287;0.03923999999997633;0.0;0.0;7.418009690492163e-13;0.0;-0.06078992836445159
2143.0;47.88057231709595;-0.322149608;0.0;3.957862163797502e-14;0.00010641060927845567;0.0;0.013660919993095731;0.3295141547900687;0.03923999999997633;0.0;0.0;7.418010072255661e-13;0.0;-0.060432899671870766
2144.0;47.880578962152555;-0.34335647199999997;0.0;3.957862196764729e-14;0.001968596028624015;0.0;0.013724100005114316;0.3408328982691139;0.03923999999997633;0.0;0.0;7.418010135186528e-13;0.0;-0.05247059892309605
2145.0;47.880585044808626;-0.354227136;0.0;3.957862475207415e-14;0.010596722086217968;0.0;0.013718249984625706;0.34691949820296764;0.03923999999997633;0.0;0.0;7.418010666690397e-13;0.0;-0.05630831618309064
2146.0;47.880583784935304;-0.36012310999999997;0.0;3.957862972105795e-14;0.030912279350758413;0.0;0.01375569000194561;0.3451606529493885;0.03923999999997633;0.0;0.0;7.41801161519359e-13;0.0;-0.06900453367232767
2147.0;47.880584520874756;-0.364250994;0.0;3.95786369257405e-14;0.058126790391414974;0.0;0.013743989997680395;0.3438068433396803;0.03923999999997633;0.0;0.0;7.418012990456839e-13;0.0;-0.0907230428715429
2148.0;47.880595034367225;-0.36891297;0.0;3.957864497654077e-14;0.0806104628952774;0.0;0.013504139983667418;0.34725795009720734;0.03923999999997633;0.0;0.0;7.418014527233306e-13;0.0;-0.11175396339894353
2149.0;47.88062289467447;-0.36871878399999997;0.0;3.957865608592173e-14;0.09480741035751192;0.0;0.013408200000089432;0.35141925302621646;0.03923999999997633;0.0;0.0;7.418016647843155e-13;0.0;-0.1302089001200737
2150.0;47.8806416135912;-0.365076238;0.0;3.9578660331287686e-14;0.09200083096434675;0.0;0.012983489995781198;0.3553197805285351;0.03923999999997632;0.0;0.0;7.418017458218559e-13;0.0;-0.13452083271044155
2151.0;47.88062160510319;-0.36073732599999997;0.0;3.957865035535702e-14;0.0774137112670075;0.0;0.012240540000279816;0.35661810723753;0.03923999999997633;0.0;0.0;7.418015553966071e-13;0.0;-0.12482984374919297
2152.0;47.88059244278271;-0.353929668;0.0;3.9578637673845395e-14;0.05378612458612471;0.0;0.012221820000797858;0.3465643991008516;0.03923999999997633;0.0;0.0;7.418013133259232e-13;0.0;-0.09793953440411081
2153.0;47.880582150743656;-0.349170938;0.0;3.9578629181375916e-14;0.027830805510560996;0.0;0.012738959991075714;0.34135999751420426;0.03923999999997633;0.0;0.0;7.418011512176517e-13;0.0;-0.07205790891754987
2154.0;47.88056316704922;-0.347155916;0.0;3.957862066048543e-14;0.008725668991974782;0.0;0.012786930001220706;0.3319998393575065;0.03923999999997633;0.0;0.0;7.418009885668531e-13;0.0;-0.04565705543242454
2155.0;47.880567742205535;-0.347808166;0.0;3.9578619198229635e-14;0.001024202054804382;0.0;0.01285478998557577;0.3369434675502131;0.03923999999997633;0.0;0.0;7.418009606546773e-13;0.0;-0.04231577819468501
2156.0;47.880573042108644;-0.34481992999999994;0.0;3.9578620191411825e-14;0.00024829142204380207;0.0;0.012533039996774265;0.33885211836355594;0.03923999999997633;0.0;0.0;7.418009796130365e-13;0.0;-0.046115117628744116
2157.0;47.88059065280433;-0.33765962399999994;0.0;3.957862376235497e-14;0.00013744747142015542;0.0;0.011739779986603647;0.34713588547961266;0.03923999999997633;0.0;0.0;7.418010477768549e-13;0.0;-0.06065535683429713
2158.0;47.88061107697156;-0.327588456;0.0;3.957862773415477e-14;0.00011084395032809306;0.0;0.010529999997137648;0.35795527268848687;0.03923999999997633;0.0;0.0;7.418011235924041e-13;0.0;-0.08030990244331063
2159.0;47.880609406966975;-0.3179800059999999;0.0;3.9578627888393664e-14;7.537473993511153e-5;0.0;0.008769149997682255;0.35443758421407856;0.03923999999997633;0.0;0.0;7.418011265366501e-13;0.0;-0.08460414495704474
2160.0;47.88061357497477;-0.308816094;0.0;3.957862906823958e-14;7.980808098474839e-5;0.0;0.007372169995040767;0.35471500481589596;0.03923999999997633;0.0;0.0;7.418011490580899e-13;0.0;-0.09265287689933797
2161.0;192.68292784940627;-0.284322504;0.00419999999971881;3.1643352953848204e-13;0.002420840995386552;0.0;0.007755930005790673;0.18017886569015193;0.039239999999991816;0.0024522031813039025;0.04769329742410639;6.3710141924259695e-12;2.557387324994803e-14;-1.7149665522105372e-8
2162.0;185.21001315007805;-0.278588854;0.004199999999697519;2.6472001976777013e-13;0.001888788443910731;0.0;0.00813968999508421;0.17676104928287678;0.03923999999999146;5.059110720151761e-13;0.047693297424096566;5.249316275893531e-12;2.107276946770945e-14;-1.823417707704461e-8
2163.0;192.6829192094067;-0.276763638;0.004199999999718811;3.1643351993989437e-13;0.0014365434773259452;0.0;0.00802386000067058;0.17382039456256468;0.039239999999991816;0.0019688321615696663;0.04769329742410639;6.371013981036655e-12;2.5573872401729242e-14;-1.714966567990955e-8
2164.0;192.6829202760119;-0.27628459399999994;0.00419999999971881;3.1643348515561837e-13;0.0009532616485945048;0.0;0.008215740004538567;0.17058567609805775;0.039239999999991816;0.0050155021760007745;0.04769329742410639;6.3710132149822084e-12;2.5573869327877618e-14;-1.7149666251775872e-8
2165.0;192.68292319050633;-0.277988546;0.004199999999718811;3.164334939195e-13;0.00040790708837802066;0.0;0.008070659999375451;0.17327665217509797;0.039239999999991816;0.004718737268787234;0.04769329742410639;6.371013407989088e-12;2.557387010233516e-14;-1.7149666107694437e-8
2166.0;192.68292483052173;-0.28533875399999997;0.004199999999718811;3.164335005059903e-13;0.0003502686907409679;0.0;0.007836659987495082;0.17480246294415552;0.039239999999991816;0.010834690830421621;0.04769329742410639;6.37101355304348e-12;2.5573870684373043e-14;-1.7149665999410115e-8
2167.0;227.6666509741448;-0.300546938;0.004199999999794625;3.667186637939695e-12;0.005174215828382367;6.663418881188753e-16;0.007535970003028764;0.1737038783366834;0.03923999999999313;0.01983333333321328;0.04769329742412664;0.0018584573111851872;0.000724719550530904;-1.3467109997696634e-8
2168.0;192.6829111900367;-0.31811708999999994;0.004199999999718811;3.16433704404945e-13;0.035612081025583664;0.0;0.0073241999879097045;0.17157884024669112;0.039239999999991816;0.012090531230044499;0.04769329742410639;6.371018043510068e-12;2.557388870271908e-14;-1.714966264723941e-8
2169.0;151.81346574890708;-0.335213962;0.004199999999564266;1.5303645103708647e-13;0.10717320876628321;0.0;0.0069147000032547005;0.16489301299189907;0.03923999999998944;1.0050068367879576e-13;0.012793545732537463;2.9386902603982645e-12;1.1799103714992426e-14;-2.5668054322164868e-8
2170.0;80.21077600383741;-0.34634671199999995;0.004199999998285475;8.03493670524416e-14;0.18315037705239767;0.0;0.0066268799950269415;0.1503561952070653;0.03923999999997865;0.0;2.5056738832370197e-14;1.5117057729816436e-12;0.0;-0.03714653486819902
2171.0;80.21081385520174;-0.35048714;0.004199999998285482;8.034943007967598e-14;0.2426782397255672;0.0;0.006349590000406071;0.1519541360847129;0.03923999999997865;0.0;2.5056780215593838e-14;1.5117069853467666e-12;0.0;-0.09384860498091682
2172.0;80.2109095795408;-0.354214176;0.004199999998285492;8.034951877784513e-14;0.28132745671338205;0.0;0.006615179990761739;0.15733053883070935;0.03923999999997865;0.0;2.505683845428823e-14;1.5117086915068688e-12;0.0;-0.1344081926804786
2173.0;33.97969968243615;-0.357628684;0.0;6.150583346365732e-14;0.2976127118296571;0.0;0.00640340998734579;0.16965909264979462;0.039239999999937575;0.0;0.0;1.151130262659426e-12;0.0;-0.15156383746303223
2174.0;10.000109908421765;-0.35653853199999996;0.0;0.0;0.2955377051894936;0.0;0.006712289949674269;0.17982931599558724;0.02603870506515226;0.0;0.0;0.0;0.0;-0.15156384890478436
2175.0;43.939886337308444;-0.3502210439999999;0.0;6.477313501461037e-14;0.2726594261185056;0.0;0.007001279998780227;0.18443449127811298;0.039239999999955845;0.0;0.0;1.2133809547947298e-12;0.0;-0.15156382814789698
2176.0;80.21089472212562;-0.34154334199999997;0.004199999998285487;8.034946537617227e-14;0.22945672309929402;0.0;0.006798869987972862;0.18452326656188733;0.03923999999997866;0.0;2.5056803391048597e-14;1.5117076642951658e-12;0.0;-0.12259133423337623
2177.0;80.2108369798844;-0.331159198;0.004199999998285477;8.034938557049036e-14;0.16209437985468714;0.0;0.0063835199834056;0.17853653869516778;0.03923999999997866;0.0;2.5056750991178295e-14;1.5117061291869152e-12;0.0;-0.05921778758415809
2178.0;151.81347298554084;-0.32325097399999997;0.004199999999564266;1.5303641919725195e-13;0.08472500596921298;0.0;0.006184619986746659;0.16554772422991784;0.03923999999998944;1.0050064413600819e-13;0.0233521378669025;2.938689622459619e-12;1.1799101154246429e-14;-2.5668059616548394e-8
2179.0;230.9596060828801;-0.31824648199999994;0.0041999999998002645;0.01213286728738201;0.024567547313550386;6.729743349936769e-16;0.006598799999161044;0.15577698610315335;0.03923999999999324;0.019833333333223572;0.04769329742412763;0.007489999932802882;0.0007247195629128233;-1.3203057376487819e-8
2180.0;405.5214623310745;-0.320024822;0.004199999999949266;0.01947999999993049;0.0049303577471382;1.230134504837834e-15;0.006672510004773293;0.15789647580144278;0.03923999999999623;0.019833333333313538;0.047693297424143216;0.007489999998752507;0.0007247195631560722;-6.573579586542746e-9
2181.0;361.6137902297392;-0.31630147999999997;0.004199999999927505;0.019479999999907134;0.002496215735674548;1.0496366453958796e-15;0.005542289985448124;0.16235739289910314;0.03923999999999576;0.019833333333308396;0.04769329742414174;0.0074899999983417094;0.000724719563154428;-7.509939766068042e-9
2182.0;276.74817427523186;-0.30936865599999996;0.004199999999861572;0.019479999999735497;0.002593758670330887;7.778714666658106e-16;0.0048672000106642415;0.16346707327361742;0.039239999999994404;0.019833333333283274;0.04769329742413594;0.007489999995467251;0.0007247195631429683;-1.0403837140545893e-8
2183.0;230.9596214081624;-0.300787194;0.004199999999800264;0.010416297508476068;0.002593758670313942;6.729743111704309e-16;0.004233060014150638;0.16437146315490528;0.03923999999999324;0.019833333333223572;0.04769329742412763;0.007489999932802644;0.0007247195629128226;-1.3203058297599318e-8
2184.0;230.95958965899231;-0.29171240200000004;0.004199999999800264;0.0010064268555871052;0.0025361192798785356;6.729742539264427e-16;0.0033555599879552434;0.16564204790535594;0.03923999999999324;0.019833333333223572;0.04769329742412763;0.007489999932802072;0.0007247195629128206;-1.3203060510910685e-8
2185.0;151.81348469063983;-0.209723738;0.004199999999766237;9.57416446583882e-14;0.0018621854192480756;0.0;0.004077449997892371;0.15365749538850032;0.039239999999993405;6.318588344446947e-14;0.006678485387877905;1.838802770507144e-12;7.388112402951027e-15;-1.21622405151858e-8
2186.0;151.81347492003306;-0.20676813399999996;0.004199999999766237;9.574163749266795e-14;0.0010375030709497163;0.0;0.004395689989085516;0.14399772407952494;0.039239999999993405;6.318587446172746e-14;0.013889489419004702;1.8388026268994907e-12;7.388111825698513e-15;-1.2162241138020148e-8
2187.0;151.8134672852269;-0.20417036799999994;0.004199999999766238;9.574163209343553e-14;0.0005763904294623466;0.0;0.004302090010031768;0.13650183163524943;0.039239999999993405;6.318586769341257e-14;0.019342650121206513;1.83880251869372e-12;7.388111390750145e-15;-1.2162241607314011e-8
2188.0;151.81345980007296;-0.20167204199999997;0.004199999999766237;9.574162689677996e-14;0.00021282121905053439;0.0;0.004616819985260549;0.1291779383175731;0.039239999999993405;6.31858611790292e-14;0.024217378523927503;1.8388024145479586e-12;7.388110972119207e-15;-1.2162242059000102e-8
2189.0;151.8134655153299;-0.202151266;0.004199999999766237;9.574163052207994e-14;0.0001773510158591983;0.0;0.0049853699911229345;0.13468195407287295;0.039239999999993405;6.318586572360473e-14;0.01885923814067465;1.8388024872025405e-12;7.388111264164046e-15;-1.2162241743893834e-8
2190.0;151.81346265312786;-0.20374510199999998;0.004199999999766237;9.574163359104926e-14;0.004659897633914817;0.0;0.0050543999869181256;0.13318388526235966;0.039239999999993405;6.318586957077652e-14;0.017400030009774973;1.838802548707348e-12;7.388111511392499e-15;-1.2162241477143416e-8
2191.0;151.813455363153;-0.20863803399999997;0.004199999999766238;9.574164914827771e-14;0.023153173023350678;0.0;0.004855499987833409;0.13136400871635825;0.039239999999993405;6.318588907287132e-14;0.005820165573408236;1.8388028604886783e-12;7.388112764646251e-15;-1.2162240124930996e-8
2192.0;47.88424212483033;-0.22040138599999995;0.0;4.139302244550897e-14;0.07073644588852435;0.0;0.004636709992492255;0.12751896513107797;0.039239999999975246;0.0;0.0;7.75796545518272e-13;0.0;-0.02174408180496684
2193.0;47.88427396321381;-0.23552734400000003;0.0;4.1393047840839923e-14;0.13190923942084176;0.0;0.004361760002395639;0.1283623227035725;0.039239999999975246;0.0;0.0;7.757970302659633e-13;0.0;-0.06835322830773109
2194.0;47.88428241157973;-0.24826752999999996;0.0;4.1393063382848736e-14;0.18300406289856852;0.0;0.003997889987225764;0.12968284297940283;0.039239999999975246;0.0;0.0;7.757973269327391e-13;0.0;-0.10765976210239211
2195.0;47.88431644013712;-0.256714856;0.0;4.1393078935541426e-14;0.20762038143135988;0.0;0.004354740007178923;0.1355142148618996;0.039239999999975246;0.0;0.0;7.757976238036216e-13;0.0;-0.13001456425193664
2196.0;47.88442134741853;-0.26110276599999993;0.0;4.13931115108001e-14;0.21764514642936322;0.0;0.004389840001618596;0.1426883016034372;0.039239999999975246;0.0;0.0;7.757982456022157e-13;0.0;-0.14285865326978175
2197.0;10.000105892282015;-0.261589582;0.0;0.0;0.2243091102943156;0.0;0.004376969983850599;0.15592124428725626;0.028556683507031715;0.0;0.0;0.0;0.0;-0.15156384566330955
2198.0;10.000119332791991;-0.260099542;0.0;0.0;0.22417166331899907;0.0;0.004040009974819848;0.16884902542736677;0.014612633242886988;0.0;0.0;0.0;0.0;-0.15156384566330489
2199.0;10.000134831278375;-0.25762464999999996;0.0;0.0;0.21226697705545577;0.0;0.004630859988296835;0.18044518849185429;0.01185381523651853;0.0;0.0;0.0;0.0;-0.15156384566330658
2200.0;10.00015659637061;-0.25406298199999994;0.0;0.0;0.18702993021501557;0.0;0.0046203299771157185;0.19433284343034513;0.019649195366226564;0.0;0.0;0.0;0.0;-0.1515638456633141
2201.0;47.884436175445;-0.24898248399999995;0.0;4.1393087703822325e-14;0.14533471058416375;0.0;0.004889430003854602;0.19776730602939868;0.03923999999997524;0.0;0.0;7.75797791173072e-13;0.0;-0.13825680310587768
2202.0;47.884383225616155;-0.24597134599999998;0.0;4.139305712769602e-14;0.0971972149872652;0.0;0.004676489995980414;0.2071663019116833;0.039239999999975246;0.0;0.0;7.757972075339739e-13;0.0;-0.10232244629036416
2203.0;47.88437203044105;-0.23899876599999997;0.0;4.1393040981008485e-14;0.04674972333827938;0.0;0.003996719994141629;0.2053963608910615;0.039239999999975246;0.0;0.0;7.757968993250301e-13;0.0;-0.056402539315348145
2204.0;47.8843212135727;-0.23779424599999993;0.0;4.1393017732002e-14;0.012246086782801178;0.0;0.004574699991913796;0.20030847553030007;0.039239999999975246;0.0;0.0;7.757964555464572e-13;0.0;-0.018597122649473406
2205.0;47.88426219401574;-0.23631864599999997;0.0;4.1392998252437374e-14;0.0039061561881867245;0.0;0.0040259700048046534;0.19983686020229807;0.039239999999975246;0.0;0.0;7.757960837194661e-13;0.0;-0.01071396004951924
2206.0;47.884248127161314;-0.23483590199999999;0.0;4.1392994137038535e-14;0.002970629392865543;0.0;0.0039581100020935865;0.19849414737600754;0.039239999999975246;0.0;0.0;7.75796005164398e-13;0.0;-0.009850782741426282
2207.0;47.884311210567006;-0.23201489799999997;0.0;4.139301218367754e-14;0.0029750632303143574;0.0;0.004204979992967299;0.20148473660532534;0.039239999999975246;0.0;0.0;7.757963496397316e-13;0.0;-0.015913041447423705
2208.0;47.884332011983666;-0.226837012;0.0;4.139301851301156e-14;0.0029706293928655437;0.0;0.004435469988883299;0.20076344365042528;0.039239999999975246;0.0;0.0;7.757964704544232e-13;0.0;-0.020595354311965686
2209.0;192.63213145430356;-0.22916672199999993;0.004199999999880758;1.8299324306871808e-13;0.0027844111986483565;0.0;0.0008236799943213479;0.13393846856751893;0.039239999999995265;2.6624182630653867e-8;0.047693297424124835;3.684997202254387e-12;1.4816654386542238e-14;-9.392159216622221e-9
2210.0;179.6240446690636;-0.22393330199999995;0.00419999999985846;1.3675126150861971e-13;0.0024518778575747593;0.0;0.0008213400080636334;0.13315059491211162;0.039239999999994904;1.7740761974033814e-13;0.04769329742411299;2.6899825180912595e-12;1.081236027792164e-14;-1.0386807095943267e-8
2211.0;161.52338349905364;-0.221354624;0.0041999999998187255;1.0112341769507899e-13;0.002057271288613544;0.0;0.0011676599983309781;0.13320607882919805;0.03923999999999429;7.650456504007066e-14;0.04769329742404408;1.9542206515308356e-12;7.853143338118388e-15;-1.2217583350643442e-8
2212.0;153.86511881911517;-0.22266907199999997;0.004199999999797708;9.106485182876768e-14;0.0018134142001179625;0.0;0.0019667700105606006;0.13369433831595043;0.03923999999999399;6.166880732459203e-14;0.04769329742366065;1.7511439548367738e-12;7.036625515941395e-15;-1.3220676125744995e-8
2213.0;186.2030545437783;-0.227734412;0.004199999999870284;1.5682227358878245e-13;0.003697768310323848;0.0;0.0021972600067457883;0.13304517546964423;0.0392399999999951;3.437780327550263e-13;0.0476932974241201;3.1161481953089335e-12;1.2527061764390532e-14;-9.856725669640507e-9
2214.0;192.6828683282332;-0.24041589400000002;0.00419999999988084;1.832424416731142e-13;0.017105503627453836;0.0;0.0025248599977228444;0.12511650542295413;0.03923999999999527;0.004158237457613332;0.04769329742412487;3.69048707372567e-12;1.4838755407355648e-14;-9.388562195113488e-9
2215.0;151.81342405867292;-0.252393182;0.004199999999791329;8.862357698601312e-14;0.056433088313333775;0.0;0.002982329991612675;0.11052420372106037;0.0392399999999939;5.852664335225177e-14;0.039012282262713416;1.7021574238516651e-12;6.8396795680417364e-15;-1.353042108284038e-8
2216.0;94.63800947740884;-0.274160982;0.0041999999993909305;5.1453029876835836e-14;0.12422107399618215;0.0;0.00319409998709568;0.10278972941691655;0.039239999999989755;2.4671220029272614e-14;1.8172454355699565e-14;9.705040022014162e-13;0.0;-4.163965815837718e-8
2217.0;71.12322484024148;-0.290563264;0.0041999999985973995;4.388563983394264e-14;0.20137319232875153;0.0;0.0034000199989184634;0.10066469132691735;0.03923999999998581;0.0;0.0;8.247470288066008e-13;0.0;-0.05844844895781464
2218.0;71.1232451600957;-0.30487375800000005;0.0041999999985974056;4.38856671319134e-14;0.26855818455740177;0.0;0.003561479999039282;0.10612431994854646;0.03923999999998581;0.0;0.0;8.247475526863457e-13;0.0;-0.11693789387756824
2219.0;46.16844591467581;-0.315443302;0.0;3.7961649335976437e-14;0.30975682184104075;0.0;0.0038937599972068706;0.11470770021685606;0.03923999999997601;0.0;0.0;7.113815591753146e-13;0.0;-0.15156383313602054
2220.0;10.000043539868235;-0.31774613399999996;0.0;0.0;0.32125360002221176;0.0;0.004172219984551405;0.1229859189409491;0.02091885821156479;0.0;0.0;0.0;0.0;-0.1515638546595104
2221.0;10.000051143558284;-0.3159696679999999;0.0;0.0;0.3183184408322285;0.0;0.00420146997685843;0.12949419664467512;0.015539453231361374;0.0;0.0;0.0;0.0;-0.15156385465951006
2222.0;10.000070229198275;-0.31476079;0.0;0.0;0.3040727221508553;0.0;0.004223699973948721;0.14389230463675481;0.014154017077371772;0.0;0.0;0.0;0.0;-0.1515638546595107
2223.0;10.000089065130338;-0.31098467;0.0;0.0;0.2792391485614671;0.0;0.004880069985612579;0.15506678993137007;0.023377907793853955;0.0;0.0;0.0;0.0;-0.1515638546595136
2224.0;69.28783078434287;-0.30477803800000003;0.004199999998453792;4.338671029754963e-14;0.24061653459951723;0.0;0.005984550012202485;0.16591946749077557;0.03923999999998536;0.0;0.0;8.151742847808846e-13;0.0;-0.15156337427875063
2225.0;71.12333215876679;-0.296462988;0.004199999998597404;4.3885657640333337e-14;0.18500369529334706;0.0;0.0059435999973633654;0.1730103273403066;0.03923999999998581;0.0;0.0;8.247473705319724e-13;0.0;-0.11107290696004822
2226.0;71.12333276975751;-0.28876614199999995;0.004199999998597399;4.38856392164927e-14;0.1305259019928953;0.0;0.0057294899964050626;0.1796295738945847;0.03923999999998581;0.0;0.0;8.247470169570317e-13;0.0;-0.07070252965461177
2227.0;71.12332130392204;-0.27805539799999995;0.0041999999985973925;4.3885615630232403e-14;0.07241684645458085;0.0;0.005516550006886882;0.1842458459600943;0.03923999999998581;0.0;0.0;8.247465643092214e-13;0.0;-0.027713386484962316
2228.0;151.81348561839334;-0.265428308;0.004199999999791329;8.862358534407867e-14;0.028611149980975695;0.0;0.005848829990299235;0.16207442390557103;0.0392399999999939;5.85266538425046e-14;0.025447708632109576;1.702157591364011e-12;6.839680241500041e-15;-1.3530419965893888e-8
2229.0;151.81348842414548;-0.25786089599999995;0.004199999999791328;8.862356546874447e-14;0.007337897726668351;0.0;0.005520059987924992;0.15878422050760052;0.0392399999999939;5.852662889687637e-14;0.04277082397266709;1.7021571930225725e-12;6.8396786400291e-15;-1.3530422621973825e-8
2230.0;151.81350088440556;-0.25509057199999996;0.004199999999791329;8.862356827661714e-14;0.0028110132305237683;0.0;0.00499238998646603;0.1695314796406348;0.0392399999999939;5.852663242104059e-14;0.034306881160278975;1.7021572492979443e-12;6.839678866275922e-15;-1.3530422246738166e-8
2231.0;151.81350044136718;-0.247737152;0.004199999999791329;8.862356793255201e-14;0.002731205645642644;0.0;0.004383990003302663;0.1690820588958433;0.0392399999999939;5.852663198920061e-14;0.02809110420286991;1.70215724240236e-12;6.8396788385532545e-15;-1.3530422292717808e-8
2232.0;151.8134905851229;-0.23230927999999998;0.004199999999791328;8.862356195717536e-14;0.0026070596862733794;0.0;0.004438980008664391;0.1595388038127536;0.0392399999999939;5.852662448947712e-14;0.0222760931416483;1.7021571226437712e-12;6.839678357082439e-15;-1.3530423091249664e-8
2233.0;227.66647128666983;-0.228721222;0.004199999999884022;2.606795744007624e-12;0.0023499005890527777;5.331907660201811e-16;0.0015092999982449474;0.11183917560518573;0.03923999999999512;0.019833333333247497;0.04769329742413348;0.0007454449560251164;0.0007247195573731669;-1.0622631871255848e-8
2234.0;227.65711293288084;-0.226864338;0.004199999999884009;2.5983825390087806e-12;0.0018311490535291744;5.331707187818558e-16;0.0016192799906123404;0.11101246422419282;0.039239999999995126;0.01983333333324747;0.047693297424133474;2.2765982088996745e-5;0.0007247195563630023;-1.0623422876647607e-8
2235.0;227.6666202980825;-0.22479161399999995;0.004199999999884022;2.6069319636250597e-12;0.0014454106558732945;5.331910895484719e-16;0.0016450200036670821;0.10409360350126205;0.039239999999995126;0.019833333333247497;0.04769329742413348;0.005331098387882578;0.0007247195573883988;-1.0622619107253874e-8
2236.0;230.85559845486;-0.22305901199999997;0.0041999999998879115;1.9896679545707047e-9;0.0014631455092703979;5.39263891569614e-16;0.0015385500089258502;0.10122507888953908;0.039239999999995195;0.019833333333254686;0.04769329742413416;0.007489999950690207;0.0007247195629767172;-1.039102060061965e-8
2237.0;230.95954957688653;-0.22542123999999997;0.00419999999988803;0.00808210423452059;0.0017380394599034899;5.394556311917624e-16;0.0015596099945765927;0.09487215717003579;0.039239999999995195;0.01983333333325489;0.047693297424134175;0.007489999952176721;0.0007247195629818836;-1.0383959246680534e-8
2238.0;279.2582941450692;-0.23465748799999997;0.004199999999933492;0.0194799999998216;0.007204884588830659;6.491661715594133e-16;0.0015420599883983522;0.08647187382809635;0.03923999999999606;0.019833333333298724;0.04769329742414029;0.007489999996935639;0.0007247195631488208;-7.849748428446452e-9
2239.0;251.3220916643901;-0.24982775;0.004199999999909875;0.0194799999995789;0.03363905115927114;5.813462012254983e-16;0.0011735100007753418;0.07770539561699351;0.039239999999995605;0.019833333333282212;0.047693297424137485;0.00748999999331734;0.000724719563134488;-9.12904620751572e-9
2240.0;192.6827960304403;-0.267449726;0.004199999999830124;2.2493388801655547e-13;0.08747838080225846;0.0;0.0010483200061790687;0.07513648517391816;0.03923999999999419;0.012284292158203826;0.04769329742411908;4.5295621759038624e-12;1.8202983271021924e-14;-1.4134390540742217e-8
2241.0;151.8133559589335;-0.282735998;0.004199999999720258;1.0878548796886177e-13;0.15334654167535686;0.0;0.0009769499870939358;0.07201828191891628;0.0392399999999925;7.171060091057545e-14;0.012963247519637594;2.089206377276415e-12;8.392872790055092e-15;-2.3901130896724994e-8
2242.0;99.84473180204722;-0.29292880200000004;0.00419999999932042;6.567178942728305e-14;0.20491134497301175;0.0;0.0008669700120772649;0.07514203254923264;0.03923999999998815;3.1942166465240515e-14;2.4545346072971122e-14;1.2398343055472138e-12;0.0;-0.0308958981138294
2243.0;99.84474884407206;-0.301770502;0.004199999999320421;6.567181859874762e-14;0.2365995339640279;0.0;0.0006563699903714095;0.0770173930123225;0.03923999999998815;3.194218631447329e-14;2.454537358490338e-14;1.2398348705281158e-12;0.0;-0.05540403794313998
2244.0;99.8447582342346;-0.306889062;0.004199999999320421;6.567183060902722e-14;0.2502511273624452;0.0;0.0005358600051789315;0.08221069984830218;0.03923999999998815;3.194219448666231e-14;2.4545384911943002e-14;1.2398351031379215e-12;0.0;-0.06900879092589363
2245.0;99.844772531638;-0.307751198;0.004199999999320421;6.567183734540034e-14;0.2519137930749892;0.0;0.00040364999736529133;0.09138776006223305;0.03923999999998815;3.1942199070315656e-14;2.4545391265102687e-14;1.2398352336053972e-12;0.0;-0.07885438035146873
2246.0;99.8447869672817;-0.306911116;0.004199999999320422;6.567184184037814e-14;0.24954172379501763;0.0;0.0003627000007930859;0.100592561218333;0.03923999999998815;3.194220212884828e-14;2.4545395504372125e-14;1.2398353206624343e-12;0.0;-0.08648682617122241
2247.0;99.84479800764349;-0.302585502;0.004199999999320422;6.567183476485613e-14;0.23052526253621022;0.0;0.00044810999154586964;0.10918703827008497;0.03923999999998815;3.194219731442447e-14;2.454538883135648e-14;1.2398351836265242e-12;0.0;-0.0804779946209599
2248.0;99.84479160968192;-0.296388016;0.00419999999932042;6.567181236875525e-14;0.1986198184885972;0.0;0.0004750199976846442;0.10856561839869441;0.03923999999998815;3.194218207537298e-14;2.454536770932468e-14;1.239834749868107e-12;0.0;-0.0541785334151049
2249.0;99.84471578177211;-0.288536052;0.0041999999993204175;6.567173120085066e-14;0.1491477566827743;0.0;0.0004562999982027081;0.10895400683468863;0.03923999999998816;3.1942126846067984e-14;2.4545291159083157e-14;1.239833177841545e-12;0.0;-0.012934098500316073
2250.0;151.813409678754;-0.28041461999999995;0.004199999999720258;1.0878546024801996e-13;0.09956485142278461;0.0;0.00046682999203290535;0.10868768199992758;0.0392399999999925;7.171056623641787e-14;0.028257813930523547;2.089205821768799e-12;8.39287055781289e-15;-2.390113940209611e-8
2251.0;227.6661613447296;-0.27052366399999994;0.004199999999884021;2.606665749580019e-12;0.04988440223529942;5.33190457245735e-16;0.00044577000702623556;0.1060799328149039;0.03923999999999512;0.019833333333247497;0.04769329742413348;0.0018498123766381856;0.0007247195573585989;-1.0622644053229755e-8
2252.0;326.59781714853773;-0.2620917239999999;0.004199999999962639;0.019479999999909663;0.016209881369191593;8.006997799378037e-16;0.0003545100145308775;0.10423231431036362;0.03923999999999665;0.019833333333310953;0.047693297424142994;0.007489999998404668;0.0007247195631546821;-6.363490428171951e-9
2253.0;344.9005145517137;-0.25928615199999994;0.004199999999971402;0.019479999999924245;0.004398304699277746;8.749245642461515e-16;0.0003814200023613178;0.11263259765230664;0.03923999999999684;0.019833333333313646;0.04769329742414369;0.007489999998654722;0.0007247195631556822;-5.93372024458105e-9
2254.0;262.9532451651646;-0.25513137199999997;0.004199999999920485;0.019479999999730525;0.0030460031405429794;6.080432746900405e-16;0.0003977999970542863;0.11597273657565313;0.039239999999995806;0.01983333333329071;0.047693297424138824;0.007489999995522536;0.0007247195631432055;-8.545101537474103e-9
2255.0;230.95957052182789;-0.247332476;0.00419999999988803;0.009459867433476316;0.0029440263684089186;5.394556545889982e-16;0.00034047000536970067;0.11541789638839149;0.039239999999995195;0.01983333333325489;0.047693297424134175;0.007489999952176896;0.0007247195629818843;-1.0383958385922002e-8
2256.0;230.95630904057776;-0.238583934;0.004199999999888027;0.00019035094720272562;0.0029395930273592805;5.394505895370361e-16;0.0003041999994899223;0.11603376888444834;0.039239999999995195;0.019833333333254887;0.04769329742413418;0.007489999952138793;0.0007247195629817516;-1.0384144730086286e-8
2257.0;47.88376072782377;-0.26946963599999996;0.0;4.005055237304742e-14;0.000922225282675692;0.0;0.013608269992197282;0.3084635098934571;0.03923999999997605;0.0;0.0;7.506435109999356e-13;0.0;-0.09280179323488343
2258.0;47.8837526887111;-0.266761648;0.0;4.005055099194579e-14;0.00046554647863713725;0.0;0.013444469987552218;0.30246568524331985;0.03923999999997605;0.0;0.0;7.506434846369656e-13;0.0;-0.08889126218794506
2259.0;47.8837552719881;-0.264359888;0.0;4.0050551483035813e-14;0.0002305565686442268;0.0;0.012724920000581275;0.3036363999593864;0.03923999999997605;0.0;0.0;7.506434940110933e-13;0.0;-0.09150925153864901
2260.0;47.88375189580271;-0.26399436;0.0;4.0050550864045413e-14;0.0002261227311954126;0.0;0.011936339981103146;0.3015723931618208;0.03923999999997605;0.0;0.0;7.506434821956455e-13;0.0;-0.08901768108508727
2261.0;47.883748468321144;-0.270908282;0.0;4.0050549797928753e-14;0.00023055656864422674;0.0;0.010808460003137673;0.30181652239700985;0.039239999999976044;0.0;0.0;7.506434618451412e-13;0.0;-0.08122451609756959
2262.0;47.88374065975563;-0.287118998;0.0;4.0050547480054374e-14;0.0005497883973662517;0.0;0.008703629999434456;0.3022714925498853;0.039239999999976044;0.0;0.0;7.506434176006978e-13;0.0;-0.06368330086440757
2263.0;47.88371702639174;-0.301334438;0.0;4.005054351152614e-14;0.005214119372428186;0.0;0.008605349992976219;0.29244526847326946;0.03923999999997605;0.0;0.0;7.506433418479109e-13;0.0;-0.04420699658505025
2264.0;47.883703552092314;-0.312632086;0.0;4.005054931626609e-14;0.03625497802390106;0.0;0.00970280998555052;0.2814483327297123;0.039239999999976044;0.0;0.0;7.506434526509253e-13;0.0;-0.05404738612790379
2265.0;47.883672725190735;-0.324212692;0.0;4.0050562607972856e-14;0.10664558955571873;0.0;0.009857249990454611;0.25567044793341503;0.039239999999976044;0.0;0.0;7.506437063680021e-13;0.0;-0.08722629418790454
2266.0;47.88378152755473;-0.33427526999999996;0.0;4.005061624838103e-14;0.1830395321089715;0.0;0.01015559998908171;0.2451950610104892;0.039239999999976044;0.0;0.0;7.506447302761526e-13;0.0;-0.14337101351775763
2267.0;10.000189403049397;-0.34202090599999996;0.0;0.0;0.23139428276133406;0.0;0.009675899978009063;0.2384759454379333;0.014045835589326537;0.0;0.0;0.0;0.0;-0.15156384632756012
2268.0;3.268105024864472e-5;-0.346143858;0.0;0.0;0.25074713613317756;0.0;0.008695852323209703;0.23826385795982377;0.0;0.0;0.0;0.0;0.0;-0.15156385134917247
2269.0;3.272228337190353e-5;-0.3427279999999999;0.0;0.0;0.25051473534634233;0.0;0.010857465308533593;0.23291878504257096;0.0;0.0;0.0;0.0;0.0;-0.15156385134917247
2270.0;3.2733879925869784e-5;-0.342926252;0.0;0.0;0.2393182691007518;0.0;0.011986316806912969;0.2431846510306043;0.0;0.0;0.0;0.0;0.0;-0.15156385134917247
2271.0;10.000195585020032;-0.33880537399999994;0.0;0.0;0.21660764335719318;0.0;0.013049009974147784;0.24027362740072417;0.020444773311384664;0.0;0.0;0.0;0.0;-0.15156384632756661
2272.0;47.88365504311656;-0.33065427;0.0;4.005057851198103e-14;0.17132993270757926;0.0;0.013052519991515408;0.22924340029080778;0.039239999999976044;0.0;0.0;7.506440099495942e-13;0.0;-0.12222988791836618
2273.0;47.883615221361225;-0.32018718999999995;0.0;4.005055288783285e-14;0.10607806680105654;0.0;0.012906270011624163;0.2157052950463492;0.03923999999997605;0.0;0.0;7.506435208264276e-13;0.0;-0.05376653199516282
2274.0;151.16680822726877;-0.307870062;0.00419999999977471;9.17501482383464e-14;0.04350863383213478;0.0;0.013858650002597948;0.19705710985796726;0.039239999999993586;6.005174732310473e-14;1.4198999178811023e-12;1.7614368849732702e-12;7.077498874407294e-15;-1.1846224579930755e-8
2275.0;151.81353162620124;-0.30624583999999994;0.004199999999777182;9.263662534882219e-14;0.00935969881217125;0.0;0.014083290014745672;0.2010519610357113;0.03923999999999362;6.115408717465663e-14;0.03830113543213771;1.7791957331924221e-12;7.148888323031168e-15;-1.1767890189095177e-8
2276.0;151.81355332436542;-0.30577828999999995;0.004199999999777183;9.263663138819871e-14;0.002349900589032314;0.0;0.014410890005679798;0.22001085717621213;0.03923999999999362;6.115409474946616e-14;0.02555536021755484;1.779195854229832e-12;7.148888809596737e-15;-1.1767889664158942e-8
2277.0;93.44946625308233;-0.30007625599999993;0.004199999999337584;5.33027762778157e-14;0.001569556615163112;0.0;0.014449499996699002;0.23678368190153878;0.03923999999998913;2.5467541585480673e-14;1.8595737488814083e-14;1.0051533574633279e-12;0.0;-2.4603348786163416e-8
2278.0;47.883536003174456;-0.290664208;0.0;4.0050499294073546e-14;0.001321264696278839;0.0;0.014011919992499292;0.24518951363515548;0.039239999999976044;0.0;0.0;7.506424978088405e-13;0.0;-0.009134960174249829
2279.0;47.8836552648386;-0.28169169199999994;0.0;4.0050531480224115e-14;0.0008778879009859042;0.0;0.01426931999455412;0.25369521641956594;0.039239999999976044;0.0;0.0;7.506431121900027e-13;0.0;-0.02642627969155145
2280.0;47.883683016020015;-0.27291233800000003;0.0;4.0050538197214224e-14;0.00046111264118832266;0.0;0.013908959995348592;0.2606029793427038;0.03923999999997605;0.0;0.0;7.506432404064097e-13;0.0;-0.0413363276913584
2281.0;39.412174287232055;-0.254484834;0.0;5.673356896383118e-14;7.537473969248509e-5;0.0;0.006998939994253893;0.3059556317591271;0.039239999999954284;0.0;0.0;1.0623494379739102e-12;0.0;-0.09653228349502925
2282.0;39.4121913786762;-0.194003292;0.0;5.6733583429725674e-14;8.867525924057095e-5;0.0;0.006168240003475422;0.2769041897563608;0.039239999999954284;0.0;0.0;1.0623497136124105e-12;0.0;-0.1271427453886566
2283.0;39.41218375928574;-0.193858236;0.0;5.6733580975195645e-14;7.537473969248564e-5;0.0;0.006941609984367933;0.2743297299052064;0.039239999999954284;0.0;0.0;1.0623496668427915e-12;0.0;-0.12547337973004213
2284.0;39.412159151956565;-0.24338265399999998;0.0;5.673356609345952e-14;7.537473969248496e-5;0.0;0.006103889998372712;0.293260884087163;0.039239999999954284;0.0;0.0;1.0623493832809349e-12;0.0;-0.09404408819428192
2285.0;39.41215148359025;-0.24187815999999995;0.0;5.673356425578328e-14;7.537473969248486e-5;0.0;0.0061787699963005045;0.2883339020859581;0.039239999999954284;0.0;0.0;1.062349348264932e-12;0.0;-0.09069628645025916
2286.0;39.41215171300553;-0.243211626;0.0;5.6733564157723603e-14;9.310909668938323e-5;0.0;0.0059681699929505835;0.28910512954986256;0.039239999999954284;0.0;0.0;1.0623493463965377e-12;0.0;-0.0899412274643907
2287.0;39.41215753402418;-0.24731936599999998;0.0;5.6733565480948435e-14;0.00047884799074443963;0.0;0.006819929987735252;0.29363817573973955;0.039239999999954284;0.0;0.0;1.06234937160983e-12;0.0;-0.09160419633285957
2288.0;39.41216002438549;-0.253558334;0.0;5.673356793605119e-14;0.006358033052810252;0.0;0.007589789989375406;0.2957743116295202;0.039239999999954284;0.0;0.0;1.0623494183902024e-12;0.0;-0.09414996572510972
2289.0;39.4121653365618;-0.26395673199999997;0.0;5.6733583766742804e-14;0.042125296403628464;0.0;0.008642789987769057;0.2897542923961725;0.039239999999954284;0.0;0.0;1.0623497200340204e-12;0.0;-0.114548026272482
2290.0;39.4131998559686;-0.27745390799999997;0.0;5.673410015308844e-14;0.09516211238918271;0.0;0.009383399997102587;0.2855486023334925;0.03923999999995429;0.0;0.0;1.0623595594520451e-12;0.0;-0.15058215658331653
2291.0;10.000257253220148;-0.28641233999999993;0.0;0.0;0.14277642211512595;0.0;0.009438389956487494;0.2791401956801495;0.0066187233952356385;0.0;0.0;0.0;0.0;-0.15156382773935276
2292.0;3.2487625215236126e-5;-0.29149548399999997;0.0;0.0;0.16635818044461564;0.0;0.00886059729848494;0.2678396889741777;0.0;0.0;0.0;0.0;0.0;-0.1515638394298263
2293.0;3.249749065776855e-5;-0.296446816;0.0;0.0;0.17226158715190337;0.0;0.009178251566475535;0.2665699593440023;0.0;0.0;0.0;0.0;0.0;-0.1515638394298263
2294.0;3.247217732105354e-5;-0.294922736;0.0;0.0;0.1523889717801131;0.0;0.010663525961512295;0.2834332219944739;0.0;0.0;0.0;0.0;0.0;-0.1515638394298263
2295.0;3.241457393056107e-5;-0.29004454999999996;0.0;0.0;0.11783993612474093;0.0;0.010955082523628073;0.31281251891455863;0.0;0.0;0.0;0.0;0.0;-0.15156383942982632
2296.0;10.000327169836618;-0.28216962199999995;0.0;0.0;0.06995166857185169;0.0;0.012040469976257446;0.3263959515346387;0.025334300334221543;0.0;0.0;0.0;0.0;-0.15156382773939867
2297.0;39.41265581528332;-0.28524477800000003;0.0;5.6733778266054047e-14;0.02108259972546604;0.0;0.012654719989174988;0.36206109170035006;0.039239999999954284;0.0;0.0;1.0623534260961934e-12;0.0;-0.1485293185424026
2298.0;38.47190337672295;-0.2992749659999999;0.0;5.645874756751267e-14;0.0035647546755792916;0.0;0.013099319985821757;0.39684958292655964;0.03923999999995279;0.0;0.0;1.0571133340856105e-12;0.0;-0.1515623645472108
2299.0;10.000452909824247;-0.30048941199999996;0.0;0.0;0.00015074798914198898;0.0;0.013349699965265447;0.427737547666456;0.010793181503183221;0.0;0.0;0.0;0.0;-0.15156382773939314
2300.0;10.000452980055247;-0.29815903999999993;0.0;0.0;9.754342895383905e-5;0.0;0.013044329971421726;0.4277874831918355;0.008771441373794854;0.0;0.0;0.0;0.0;-0.15156382773939314
2301.0;10.000451087933648;-0.292941208;0.0;0.0;8.867525765706094e-5;0.0;0.01314143996643981;0.4259121227287457;0.005340815506949632;0.0;0.0;0.0;0.0;-0.15156382775218538
2302.0;10.000479690501843;-0.28654119599999994;0.0;0.0;7.9808079158621e-5;0.0;0.0128056499688485;0.42424760115059185;0.0009383861818114133;0.0;0.0;0.0;0.0;-0.15156382775236948
2303.0;10.000437769001238;-0.281532102;0.0;0.0;7.980807915864403e-5;0.0;0.013050179973554303;0.4131008578145208;0.006843721451227966;0.0;0.0;0.0;0.0;-0.1515638277521965
2304.0;10.000430704177303;-0.274955036;0.0;0.0;8.424191660743777e-5;0.0;0.013161329959005832;0.40628741856680833;0.006964840249412149;0.0;0.0;0.0;0.0;-0.15156382775220262
2305.0;0.0007031207986941609;-0.33553721000000003;0.0;0.0;8.316099454762917e-5;0.0;0.006689265164406127;0.47535376043445127;0.0;0.0;0.0;0.0;0.0;-0.1466110205315137
2306.0;0.0007080950210270218;-0.332558768;0.0;0.0;7.825436843267205e-5;0.0;0.006487961783652908;0.4727437204265114;0.0;0.0;0.0;0.0;0.0;-0.1467738636049191
2307.0;0.0007081756392503479;-0.33029189900000006;0.0;0.0;7.825446816519631e-5;0.0;0.006559045131783427;0.4703444289359454;0.0;0.0;0.0;0.0;0.0;-0.14671252919588113
2308.0;0.0007024453890648015;-0.327163242;0.0;0.0;8.316004928547973e-5;0.0;0.006055201964440891;0.46814297110019515;0.0;0.0;0.0;0.0;0.0;-0.14714009613851803
2309.0;0.0007019500912037556;-0.328521352;0.0;0.0;8.315935616973344e-5;0.0;0.0056005573424747325;0.47032694703556505;0.0;0.0;0.0;0.0;0.0;-0.14751128821619358
2310.0;0.0007030529955781297;-0.33412707999999997;0.0;0.0;8.316089972598109e-5;0.0;0.006603564270060383;0.474083612374507;0.0;0.0;0.0;0.0;0.0;-0.14666529757560076
2311.0;0.000659438792119442;-0.34873081499999997;0.0;0.0;0.0001043303911017464;0.0;0.006093618803365898;0.4896248789649722;0.0;0.0;0.0;0.0;0.0;-0.14711472956745236
2312.0;0.0005759944303042788;-0.367481556;0.0;0.0;0.00017227800590065946;0.0;0.006824530621968188;0.5071859682005166;0.0;0.0;0.0;0.0;0.0;-0.1467191400155354
2313.0;0.0005784566960655444;-0.37586594000000006;0.0;0.0;0.009695837965478191;0.0;0.00528290819617321;0.5039605323741647;0.0;0.0;0.0;0.0;0.0;-0.14309142728809846
2314.0;0.0005740641395165808;-0.382072619;0.0;0.0;0.036209578051654784;0.0;0.005286264265152004;0.48836986979347224;0.0;0.0;0.0;0.0;0.0;-0.14781093610200474
2315.0;0.0005706958354131585;-0.38918745499999996;0.0;0.0;0.06551356254675604;0.0;0.0054804034136188865;0.46853674123415007;0.0;0.0;0.0;0.0;0.0;-0.15036090673356767
2316.0;0.0005707866066674101;-0.39421829100000005;0.0;0.0;0.08796985703580443;0.0;0.0055885567204786105;0.4509436411507532;0.0;0.0;0.0;0.0;0.0;-0.15030142352639977
2317.0;0.000570852550315225;-0.394704826;0.0;0.0;0.0929505305049476;0.0;0.005660672556801953;0.4463338664318009;0.0;0.0;0.0;0.0;0.0;-0.15025790680350434
2318.0;0.0005709935907604745;-0.39154748500000003;0.0;0.0;0.08165416417462612;0.0;0.005825191273425511;0.454214419780602;0.0;0.0;0.0;0.0;0.0;-0.1501639614284114
2319.0;0.0005707026649682488;-0.38795681700000006;0.0;0.0;0.06222368070671236;0.0;0.005493932683112792;0.47057791176589653;0.0;0.0;0.0;0.0;0.0;-0.15035636307425446
2320.0;0.0005752162313620382;-0.381759454;0.0;0.0;0.03659032471147053;0.0;0.005583038561394226;0.4863269520592408;0.0;0.0;0.0;0.0;0.0;-0.14675876878063918
2321.0;0.0005867939441775391;-0.37890959700000004;0.0;0.0;0.010437509111640104;0.0;0.005422994138842399;0.4867450939525617;0.0;0.0;0.0;0.0;0.0;-0.12371455524843462
2322.0;0.0005887041650560765;-0.380755199;0.0;0.0;0.00019410533224769715;0.0;0.004848668461040971;0.49471925045900084;0.0;0.0;0.0;0.0;0.0;-0.11902547583646583
2323.0;0.000603683098155692;-0.381482352;0.0;0.0;0.00011295902840341467;0.0;0.003406079711010524;0.49822154457465695;0.0;0.0;0.0;0.0;0.0;-0.12027827031191483
2324.0;0.0006948071273375218;-0.376251657;0.0;0.0;0.00010112414867021568;0.0;0.0009760172804166614;0.49428544753386733;0.0;0.0;0.0;0.0;0.0;-0.11913467681132343
2325.0;0.0007149399078000135;-0.367346485;0.0;0.0;9.273346574585411e-5;0.0;0.0006526068336938729;0.4853014054859929;0.0;0.0;0.0;0.0;0.0;-0.1187231637328469
2326.0;0.0007122289280376466;-0.356209372;0.0;0.0;9.272565808207316e-5;0.0;0.0005071394176724235;0.48335427491623834;0.0;0.0;0.0;0.0;0.0;-0.12776752473354938
2327.0;0.0007116481269485192;-0.34734999099999997;0.0;0.0;9.272433364805442e-5;0.0;0.0013599516976706336;0.47598774335273225;0.0;0.0;0.0;0.0;0.0;-0.13011315347109068
2328.0;0.0007095866682055496;-0.33914118000000004;0.0;0.0;9.271847041122611e-5;0.0;0.001857843395615442;0.4721001052452316;0.0;0.0;0.0;0.0;0.0;-0.13493210076133985
2329.0;48.348911158807454;-0.298875265;0.0;3.917560944912539e-14;8.557960789981115e-5;0.0;0.008617499994273473;0.2731143308151819;0.03531599999997428;0.0;0.0;7.356786538484711e-13;0.0;-0.018441304171658512
2330.0;48.34894825722058;-0.29439234200000003;0.0;3.917562619303571e-14;8.557960789981172e-5;0.0;0.010263374990662422;0.2801229238500511;0.03531599999997428;0.0;0.0;7.356789747102798e-13;0.0;-0.03157490698434777
2331.0;48.3489847571824;-0.29490845500000007;0.0;3.917564871707897e-14;9.061317204849675e-5;0.0;0.0113388749873859;0.2901093193544099;0.03531599999997428;0.0;0.0;7.356794063361219e-13;0.0;-0.042119292929242894
2332.0;48.34901819524006;-0.29618025100000006;0.0;3.9175670558341183e-14;8.557960789981327e-5;0.0;0.012074624997920376;0.299880588894139;0.035315999999974285;0.0;0.0;7.356798248778279e-13;0.0;-0.05134305247221512
2333.0;48.34903462452738;-0.298898341;0.0;3.917568173613297e-14;8.054491653936175e-5;0.0;0.012716999995594128;0.30491341459496624;0.03531599999997428;0.0;0.0;7.356800390767645e-13;0.0;-0.05429176897133016
2334.0;48.34907847252146;-0.306779573;0.0;3.9175711978800877e-14;8.05449165393628e-5;0.0;0.013108500011239088;0.31855695875731765;0.035315999999974285;0.0;0.0;7.356806186137706e-13;0.0;-0.06043643095413971
2335.0;48.349133274668674;-0.324641272;0.0;3.917575094792779e-14;0.0001208173749700268;0.0;0.013135499992842208;0.3362143108933038;0.03531599999997428;0.0;0.0;7.356813653749534e-13;0.0;-0.06028739470022372
2336.0;48.34916824524327;-0.34602744800000007;0.0;3.9175776858690816e-14;0.002235121160776917;0.0;0.013196250004399201;0.3477632033571489;0.03531599999997428;0.0;0.0;7.356818619001456e-13;0.0;-0.05261704473094885
2337.0;48.349193539862505;-0.357019324;0.0;3.917579347395597e-14;0.012031395687725502;0.0;0.013190624984698565;0.353973564802009;0.03531599999997428;0.0;0.0;7.356821802967493e-13;0.0;-0.05762118487262396
2338.0;48.34920229599544;-0.36297011500000004;0.0;3.917579639199391e-14;0.03509744442216887;0.0;0.0132266250013527;0.3521789561750235;0.035315999999974285;0.0;0.0;7.356822362147791e-13;0.0;-0.07297719772333366
2339.0;48.34921749314733;-0.36709622100000006;0.0;3.9175802603392085e-14;0.06599648547596745;0.0;0.013215374997251412;0.35079761895963507;0.03531599999997428;0.0;0.0;7.356823552431741e-13;0.0;-0.09835601089383823
2340.0;48.34924674054781;-0.371760605;0.0;3.9175818272464e-14;0.09152418717522409;0.0;0.012984749983774947;0.35431889858733545;0.03531599999997428;0.0;0.0;7.356826555079787e-13;0.0;-0.12250567208825233
2341.0;48.34927984213141;-0.37153695600000003;0.0;3.9175833586336155e-14;0.10764323711218093;0.0;0.012892499999564369;0.3585648151173445;0.03531599999997428;0.0;0.0;7.356829489661208e-13;0.0;-0.14299836762728366
2342.0;48.34929574715739;-0.367855567;0.0;3.9175842059605996e-14;0.10445667933200985;0.0;0.01248412499541749;0.36254465375932315;0.03531599999997428;0.0;0.0;7.356831113384697e-13;0.0;-0.14706249929043458
2343.0;48.34928062630092;-0.363489159;0.0;3.917583896169384e-14;0.08789463235231568;0.0;0.01176974999973548;0.3638693799157981;0.035315999999974285;0.0;0.0;7.356830519734749e-13;0.0;-0.13547721523985276
2344.0;48.349225234238816;-0.356641062;0.0;3.9175807545618126e-14;0.061068143727768684;0.0;0.011751750000233393;0.3536112453138132;0.03531599999997428;0.0;0.0;7.356824499505979e-13;0.0;-0.10523143773973337
2345.0;48.34918907117865;-0.351873617;0.0;3.9175786885498744e-14;0.03159877466645572;0.0;0.012248999990890463;0.3483010203428057;0.03531599999997428;0.0;0.0;7.356820540429316e-13;0.0;-0.07572242953817496
2346.0;48.34914212686115;-0.34989609400000005;0.0;3.917575899365915e-14;0.009907023646409475;0.0;0.012295125000645741;0.33875053797730165;0.03531599999997428;0.0;0.0;7.356815195543885e-13;0.0;-0.04651182470566658
2347.0;48.34915198934915;-0.350573719;0.0;3.9175767489177243e-14;0.0011628671664127093;0.0;0.012360374985603235;0.3437946871343614;0.035315999999974285;0.0;0.0;7.356816823531491e-13;0.0;-0.042196704576905476
2348.0;48.34915899892047;-0.347550245;0.0;3.917577165876853e-14;0.0002819072086926832;0.0;0.012050999996367728;0.3457421473833842;0.03531599999997428;0.0;0.0;7.356817622545569e-13;0.0;-0.04597614715173056
2349.0;48.3491892218527;-0.340299016;0.0;3.917579064122467e-14;0.00015605626925200785;0.0;0.011288249986580175;0.35419435197623406;0.03531599999997428;0.0;0.0;7.356821260134352e-13;0.0;-0.060785509402770464
2350.0;48.34922734873633;-0.33012220400000003;0.0;3.9175815356949607e-14;0.00012585093911871367;0.0;0.010124999996696651;0.3652337345394415;0.03531599999997428;0.0;0.0;7.356825996382355e-13;0.0;-0.08080100261648257
2351.0;48.34921695610784;-0.320430279;0.0;3.917580750064139e-14;8.5579607899818e-5;0.0;0.008431874997202281;0.3616445193595534;0.03531599999997428;0.0;0.0;7.356824490886757e-13;0.0;-0.08517279424198693
2352.0;48.34921929430605;-0.311186371;0.0;3.9175808269872914e-14;9.061317204850227e-5;0.0;0.00708862499464809;0.36192758087637067;0.035315999999974285;0.0;0.0;7.356824638293444e-13;0.0;-0.09336143835297805
2353.0;165.76591160963793;-0.286417436;0.0033599999998857183;1.549065843707142e-13;0.002748594865031441;0.0;0.007457625004969022;0.18384252173975427;0.03531599999998943;1.1997473059210873e-13;0.05635606126509624;2.991617422308742e-12;1.3381007575842148e-14;-2.5026341652796346e-8
2354.0;159.67834295243426;-0.28063321100000005;0.0033599999998566127;1.4462097664564029e-13;0.002144508552171362;0.0;0.007826624994656533;0.1803552093696255;0.035315999999989;1.0354220303007995e-13;0.051753050958878416;2.7838537086653638e-12;1.2354151548858958e-14;-2.683975348354175e-8
2355.0;159.6781564110355;-0.278794667;0.0033599999998566105;1.446202920058895e-13;0.0016310348480818733;0.0;0.0077152499999437385;0.17735476102471245;0.03531599999998901;1.0354119214696099e-13;0.053520994531496446;2.783839924392392e-12;1.2354083955090807e-14;-2.6839892864410354e-8
2356.0;193.3613267638934;-0.278320621;0.0033599999999860512;2.2796240826216626e-13;0.0010823222497387869;0.0;0.00789975000415994;0.1740542696082854;0.03531599999999103;4.2628372225856654e-13;0.05635606126536031;4.507315315306929e-12;2.139314379371392e-14;-1.9291841944779713e-8
2357.0;194.03930428489068;-0.28003638900000005;0.0033599999999880444;2.3065066026786524e-13;0.0004631329900156028;0.0;0.00776024999920216;0.17679996248435895;0.035315999999991056;4.554078189969099e-13;0.05635606126536147;4.5644638463094545e-12;2.1714454694805394e-14;-1.9185013199817114e-8
2358.0;203.16631592318907;-0.28743806099999997;0.0033600000000130422;2.7393527585246177e-13;0.0003976910200298881;6.749012982459738e-16;0.007535249987881387;0.17835679823425132;0.035315999999991486;0.0060534163431106465;0.05635606126537353;5.498598946225666e-12;2.7185408542807315e-14;-1.786574322457684e-8
2359.0;244.38626671667714;-0.3028016170000001;0.0033600000000967097;1.7953024715084574e-12;0.005874744803015833;7.652540512434598e-16;0.007246125002874961;0.17723587562322005;0.035315999999992985;0.01586666666655498;0.056356061265395614;7.272643238575767e-11;0.001656579344548461;-1.3694007177416195e-8
2360.0;203.16633132613825;-0.320560685;0.0033600000000130422;2.739354541253288e-13;0.040433544882622734;6.749013600117885e-16;0.007042499988274817;0.17506762819996702;0.035315999999991486;0.002923676280682922;0.05635606126537353;5.498602848545332e-12;2.7185432295224287e-14;-1.7865738982258063e-8
2361.0;118.52938398684745;-0.337763733;0.003359999999525395;9.994690081855663e-14;0.12168322159410941;0.0;0.006648750001983706;0.168245855081728;0.03531599999998482;5.3895291545114445e-14;4.792659721369283e-14;1.8969661587681496e-12;8.145897335324269e-15;-5.5195617279495244e-8
2362.0;84.35642766384946;-0.348920108;0.003359999998648692;7.956821250253608e-14;0.20794681966201928;0.0;0.006371999994851907;0.153413453793173;0.03531599999997783;0.0;2.6201205202992726e-14;1.5005843577489158e-12;0.0;-0.057474612515574106
2363.0;84.35648826416306;-0.35306251;0.0033599999986486987;7.956827447329118e-14;0.2755340664009111;0.0;0.00610537500002131;0.15504388630484708;0.03531599999997784;0.0;2.6201250571900926e-14;1.500585555482041e-12;0.0;-0.12227749927023764
2364.0;50.00307905427212;-0.35679118400000004;0.0022794382800867827;6.602345098332199e-14;0.31941594032522325;0.0;0.006360749987054534;0.16052960981030664;0.03531599999995877;0.0;0.0;1.239899401518549e-12;0.0;-0.16722212904005745
2365.0;10.003349006129879;-0.360211306;0.0;0.0;0.3379060306161481;0.0;0.0061571249541932565;0.17310884553116598;0.010167393660113;0.0;0.0;0.0;0.0;-0.16722215589718592
2366.0;3.3338501672384004;-0.35911423800000003;0.0;0.0;0.33555009207453224;0.0;0.00645412485487485;0.1834858644963748;0.0;0.0;0.0;0.0;0.0;-0.16722215772268742
2367.0;10.003382142856342;-0.352746546;0.0;0.0;0.30957435864640287;0.0;0.006731999962559101;0.188184678832307;0.015391299628426858;0.0;0.0;0.0;0.0;-0.16722215589714667
2368.0;84.35662080361597;-0.34400540300000004;0.003359999998648718;7.956845392843759e-14;0.2605225093526004;0.0;0.0065373749880709205;0.188275259223421;0.03531599999997783;0.0;2.6201381951839848e-14;1.5005890238834366e-12;0.0;-0.14996732331209128
2369.0;84.35651212674789;-0.33356920700000003;0.0033599999986487074;7.956835387400194e-14;0.18404008399189242;0.0;0.006137999983675067;0.1821668005883216;0.03531599999997784;0.0;2.6201308701436357e-14;1.5005870900912948e-12;0.0;-0.07742115444638474
2370.0;159.67835297499445;-0.325671791;0.003359999999856613;1.4462098992550803e-13;0.0961957917897342;0.0;0.005946749987090717;0.16891387885105366;0.035315999999989;1.0354222263813788e-13;0.016062129250542182;2.7838539760374347e-12;1.2354152859967694e-14;-2.6839750780017455e-8
2371.0;251.80067158340444;-0.32070791299999996;0.0033600000001081354;0.009335586223729125;0.0278937090546592;7.838835817166708e-16;0.006344999999176206;0.1589444680125372;0.0353159999999932;0.0158666666665719;0.05635606126539749;0.00599199993987985;0.0016565793446609203;-1.3149465487391663e-8
2372.0;435.5226792659625;-0.32256472300000005;0.003360000000250782;0.018992999999927353;0.005597871158196576;1.6246997627785288e-15;0.006415875004594257;0.16110705422619997;0.03531599999999615;0.01586666666664674;0.056356061265411754;0.0059919999987027685;0.00165657934473423;-6.711642100717716e-9
2373.0;393.98087714431097;-0.31878732;0.0033600000002318637;0.018992999999906134;0.002834174473344093;1.3609306087943063e-15;0.0053291249860097;0.165658677111407;0.035315999999995726;0.015866666666642406;0.05635606126541048;0.0059919999983318655;0.0016565793447328831;-7.535804783116045e-9
2374.0;294.19420178971257;-0.311736504;0.00336000000016012;0.018992999999685605;0.0029449235931045628;9.077530066305337e-16;0.004680000010194747;0.16679092110458746;0.03531599999999422;0.0158666666666159;0.05635606126540423;0.005991999994732516;0.0016565793447213327;-1.073435655776669e-8
2375.0;251.80068677775265;-0.30303602100000004;0.0033600000001081354;0.010121728465218367;0.0029449235930896745;7.838837448045374e-16;0.004070250013565056;0.16771370034273578;0.03531599999999321;0.0158666666665719;0.05635606126539749;0.0059919999398807865;0.0016565793446609207;-1.3149461015667218e-8
2376.0;251.8051123139709;-0.29385869300000006;0.0033600000001081376;0.00026815814672082267;0.0028794804958861696;7.838872928259363e-16;0.0032264999883682022;0.16901012045123304;0.0353159999999932;0.015866666666571903;0.05635606126539749;0.005991999939901148;0.0016565793446609294;-1.314936373331421e-8
2377.0;159.67827020858252;-0.21138481700000006;0.0033600000000628466;9.047735205220513e-14;0.00211430378570494;0.0;0.003920624997871891;0.1567818807618435;0.03531599999999313;6.517566756855834e-14;0.009998235249223003;1.7419308993032669e-12;7.732660695104354e-15;-1.2562434751554261e-8
2378.0;159.67823916499628;-0.20841223100000003;0.003360000000062846;9.047723976524002e-14;0.001177968986290544;0.0;0.004226624989407018;0.14692569307818165;0.03531599999999313;6.517549982833716e-14;0.01750541533404596;1.7419286379707636e-12;7.732649599562111e-15;-1.2562446364678875e-8
2379.0;159.67821517297125;-0.205800612;0.0033600000000628457;9.04771529268225e-14;0.0006544270266919191;0.0;0.004136625009546686;0.13927738335901932;0.03531599999999313;6.51753701047941e-14;0.0231504230482922;1.7419268891436513e-12;7.732641018702245e-15;-1.2562455345857424e-8
2380.0;159.67819177896465;-0.20328745300000003;0.0033600000000628457;9.047706822468292e-14;0.0002416347504820322;0.0;0.004439249985731427;0.1318045701002765;0.03531599999999313;6.517524357280464e-14;0.02821514828741125;1.7419251833388232e-12;7.732632648936609e-15;-1.2562464106122939e-8
2381.0;159.67820919088868;-0.203769869;0.0033600000000628457;9.047713136974449e-14;0.00020136229205136886;0.0;0.004793624991372111;0.13742050142648315;0.03531599999999313;6.517533790181274e-14;0.02277132937896543;1.7419264550086602e-12;7.732638888558687e-15;-1.2562457575381847e-8
2382.0;159.67820689942596;-0.20537374300000003;0.0033600000000628457;9.047712156952831e-14;0.005290793873972783;0.0;0.004859999987329731;0.13589197172456985;0.03531599999999313;6.517532326178865e-14;0.020747341657365765;1.741926257643366e-12;7.732637920159603e-15;-1.2562458588962531e-8
2383.0;159.67821112676972;-0.21030908099999995;0.0033600000000628457;9.04771309527469e-14;0.026287844845188608;0.0;0.004668749988207776;0.13403509082907514;0.03531599999999313;6.517533727887466e-14;0.006734349450149219;1.7419264466109158e-12;7.732638847354753e-15;-1.2562457618509406e-8
2384.0;48.34248336174213;-0.22215494899999996;0.0;4.0969254128657505e-14;0.08031334247543291;0.0;0.00445837499213806;0.13011186428299598;0.0353159999999731;0.0;0.0;7.693502621539965e-13;0.0;-0.02823834298415388
2385.0;48.3425383326696;-0.23737349600000002;0.0;4.096927870050916e-14;0.14976822468539888;0.0;0.004194000001657735;0.13097237021559713;0.03531599999997309;0.0;0.0;7.693507330108437e-13;0.0;-0.08306517165914015
2386.0;48.342582383569805;-0.250188645;0.0;4.096930034711897e-14;0.20778069626411963;0.0;0.0038441249870676004;0.13231974121045406;0.0353159999999731;0.0;0.0;7.693511478126594e-13;0.0;-0.1292546215954835
2387.0;48.34264871899441;-0.258696304;0.0;4.096932628113918e-14;0.2357297795969706;0.0;0.004187250006256989;0.13826968493983754;0.0353159999999731;0.0;0.0;7.693516447719147e-13;0.0;-0.1549844635938496
2388.0;34.24171812031161;-0.263104619;0.0;3.831852623350253e-14;0.24711178182223453;0.0;0.0042209999984977944;0.1455896455394687;0.03531599999995747;0.0;0.0;7.1862263256902e-13;0.0;-0.16722210301417395
2389.0;10.003265461400206;-0.26358656300000005;0.0;0.0;0.2546779693146864;0.0;0.004208624980948408;0.1590916594616587;0.012719547808519758;0.0;0.0;0.0;0.0;-0.16722215152682562
2390.0;4.722011300996308;-0.262101703;0.0;0.0;0.25452191360690996;0.0;0.0038846249407327913;0.17228230685593965;0.0;0.0;0.0;0.0;0.0;-0.16722215480208513
2391.0;-0.0029700702590125666;-0.259614225;0.0;0.0;0.24026552669015677;0.0;0.003587199952722464;0.18325130574197734;0.0;0.0;0.0;0.0;0.0;-0.16722215710517105
2392.0;10.003366712809724;-0.256036163;0.0;0.0;0.21235161944930037;0.0;0.004442624974476109;0.19828429852880713;0.008091652188683657;0.0;0.0;0.0;0.0;-0.16722215152655123
2393.0;48.34281559704514;-0.250922506;0.0;4.0969452357156635e-14;0.16501134935599623;0.0;0.004701375003066067;0.2017885955650689;0.0353159999999731;0.0;0.0;7.693540606967197e-13;0.0;-0.1560362565260597
2394.0;48.34277531156937;-0.24790508900000002;0.0;4.096945313762174e-14;0.11035659364667841;0.0;0.00449662499549257;0.21137870536070008;0.0353159999999731;0.0;0.0;7.693540756523519e-13;0.0;-0.11378031117640719
2395.0;48.34273123916785;-0.240899119;0.0;4.0969430779315906e-14;0.05307909513882471;0.0;0.0038429999937175485;0.20957277535156502;0.03531599999997309;0.0;0.0;7.693536472126027e-13;0.0;-0.06105489542384411
2396.0;48.34266796196391;-0.23972343899999998;0.0;4.0969404411910406e-14;0.0139040652865395;0.0;0.004398749991581308;0.20438143578206344;0.03531599999997309;0.0;0.0;7.693531419485575e-13;0.0;-0.018425268521472304
2397.0;48.34262136642322;-0.23825903899999995;0.0;4.096939691509981e-14;0.00443500455479079;0.0;0.003871125003970756;0.20390023089236173;0.0353159999999731;0.0;0.0;7.693529982912733e-13;0.0;-0.009410466757349842
2398.0;48.342606455083605;-0.23674594300000001;0.0;4.0969392636127624e-14;0.0033728182523298355;0.0;0.003805875001363266;0.20253021609616428;0.0353159999999731;0.0;0.0;7.693529162957543e-13;0.0;-0.008426482703690334
2399.0;48.34265579212524;-0.233865257;0.0;4.096940305251258e-14;0.0033778523800844047;0.0;0.004043249992590511;0.20558161429039548;0.03531599999997309;0.0;0.0;7.693531158991924e-13;0.0;-0.01460138632808592
2400.0;48.342666119645656;-0.22861905800000004;0.0;4.0969402505990955e-14;0.0033728182523298355;0.0;0.0042648749886659435;0.20484565496889556;0.03531599999997309;0.0;0.0;7.693531054264655e-13;0.0;-0.01932947282073422
2401.0;188.38658041654415;-0.230939073;0.0033600000001547652;1.2176670103517686e-13;0.003161388268530054;0.0;0.0007919999943461398;0.13666189830364794;0.03531599999999467;1.7209333164113287e-13;0.05635606126537917;2.3944147386092205e-12;1.1201859057549402e-14;-9.78389416509862e-9
2402.0;159.70199833474533;-0.225669043;0.0033600000000885053;8.376269149003571e-14;0.0027838337593759817;0.0;0.0007897500073947997;0.13585800446699853;0.035315999999993644;6.039634603559024e-14;0.046655919162279284;1.6127249471597001e-12;7.159479937762822e-15;-1.2179595769000843e-8
2403.0;159.67820555127778;-0.22307351600000003;0.0033600000000884663;8.375060009188961e-14;0.0023358020252782236;0.0;0.0011227499981828685;0.13591461656295367;0.035315999999993644;6.037825326073425e-14;0.045116465721971304;1.612481425607779e-12;7.15828495761269e-15;-1.2180988832962133e-8
2404.0;159.67820696473578;-0.224401348;0.0033600000000884663;8.375060490920532e-14;0.0020589295076240315;0.0;0.0018911250100210595;0.1364128040444004;0.035315999999993644;6.037826046793308e-14;0.045454920546690536;1.6124815226282067e-12;7.158285433693099e-15;-1.2180988277806858e-8
2405.0;159.67718473773675;-0.22951015800000002;0.003360000000088464;8.37498517603254e-14;0.004198403368597878;0.0;0.0021127500060964914;0.13575044148468376;0.035315999999993644;6.037713369143363e-14;0.04888730254469419;1.6124663542670033e-12;7.158211002562288e-15;-1.2181075073281248e-8
2406.0;198.320816745523;-0.24231157100000006;0.003360000000171647;1.4433207690486572e-13;0.019421390964589405;4.335988399623808e-16;0.0024277499977035525;0.1276605543059512;0.035315999999994956;4.870780870916717e-13;0.05635606126538935;2.874480793443754e-12;1.390757234175625e-14;-9.168848549497517e-9
2407.0;159.6781634738718;-0.25442096300000006;0.003360000000088466;8.37504421170574e-14;0.06407347572703231;0.0;0.0028676249918331543;0.11277154092145773;0.03531599999999364;6.037801691481869e-14;0.03611422970051282;1.6124782440056182e-12;7.158269345484165e-15;-1.2181007038293414e-8
2408.0;55.63931866698362;-0.276368663;0.003359999994196999;3.933375947560528e-14;0.14103917058873178;0.0;0.003071249985328301;0.10487979815260492;0.03531599999997908;0.0;0.0;7.392178279887123e-13;0.0;-0.011655146553301483
2409.0;55.639403497982144;-0.292839776;0.003359999994197143;3.9333785720624804e-14;0.22863679334909104;0.0;0.0032692499975010324;0.10271155072935698;0.035315999999979086;0.0;0.0;7.39218331689076e-13;0.0;-0.08080784809092502
2410.0;55.6394857831041;-0.3071902470000001;0.0033599999941973536;3.933382401888441e-14;0.3049178564176458;0.0;0.003424499997618865;0.1082821923787995;0.03531599999997908;0.0;0.0;7.392190667179426e-13;0.0;-0.14845543771001293
2411.0;10.003181607829067;-0.31779854300000004;0.0;0.0;0.35169431265658146;0.0;0.0037439999760538758;0.11704010228951375;0.012411472292587466;0.0;0.0;0.0;0.0;-0.16722215668461227
2412.0;0.0006164103911782902;-0.320104231;0.0;0.0;0.3647428178982736;0.0;0.0018441831938664167;0.12074466285948571;0.0;0.0;0.0;0.0;0.0;-0.16722216038839666
2413.0;0.00035452908915945935;-0.318313562;0.0;0.0;0.3600826061377745;0.0;0.0016830762214609452;0.12374062470570976;0.0;0.0;0.0;0.0;0.0;-0.1672221603886158
2414.0;0.000354529989235295;-0.317099735;0.0;0.0;0.34398603554101204;0.0;0.0017044073955428012;0.138602037073692;0.0;0.0;0.0;0.0;0.0;-0.1672221603886158
2415.0;2.341625603424734;-0.31330415500000003;0.0;0.0;0.3170448993996366;0.0;0.004692374896675667;0.15821983110872107;0.0;0.0;0.0;0.0;0.0;-0.16722215964645162
2416.0;10.003305961944383;-0.30705826700000005;0.0;0.0;0.2731932302465858;0.0;0.005754374988834263;0.16929318093067566;0.02593726285151274;0.0;0.0;0.0;0.0;-0.1672221566843983
2417.0;55.63963675285536;-0.298698942;0.003359999994198052;3.933395113829004e-14;0.2100510557559605;0.0;0.005714999996031816;0.1765282223496588;0.03531599999997908;0.0;0.0;7.392215064224324e-13;0.0;-0.13257777533122458
2418.0;55.63961549848741;-0.29097410300000004;0.0033599999941980293;3.933394702429353e-14;0.1481975993702748;0.0;0.005509124995108182;0.18328206095272986;0.03531599999997908;0.0;0.0;7.392214274656648e-13;0.0;-0.08499730939112016
2419.0;55.63958490496543;-0.280226007;0.0033599999941979737;3.9333936895554576e-14;0.08222124984139781;0.0;0.0053043750051846765;0.1879921977066127;0.035315999999979086;0.0;0.0;7.392212330726374e-13;0.0;-0.034276321816995116
2420.0;159.6783115106536;-0.267542322;0.0033600000000884676;8.375094753707302e-14;0.0324847687521579;0.0;0.005623874990599585;0.1653699543849875;0.035315999999993644;6.037877307636633e-14;0.025502452640872888;1.6124884231314176e-12;7.158319294504341e-15;-1.2180948793134512e-8
2421.0;159.67828944969244;-0.25991066399999996;0.0033600000000884676;8.375088004585911e-14;0.008331364203692508;0.0;0.005307749988313292;0.16201284983555703;0.035315999999993644;6.037867210182796e-14;0.045693019489434515;1.6124870638625333e-12;7.158312624560937e-15;-1.2180956570821903e-8
2422.0;159.67832100874656;-0.257090598;0.003360000000088467;8.37509873631958e-14;0.003191591907831293;0.0;0.004800374986905043;0.17297863771106423;0.035315999999993644;6.037883266084188e-14;0.03756128324838312;1.6124892252271577e-12;7.158323230394486e-15;-1.2180944203583272e-8
2423.0;159.67831954135656;-0.249658568;0.0033600000000884676;8.375098246379696e-14;0.0031009792990667126;0.0;0.0042153750030878845;0.17252007869678607;0.035315999999993644;6.037882533077442e-14;0.031263106360277675;1.6124891265536096e-12;7.158322746201406e-15;-1.218094476818826e-8
2424.0;159.67828924894687;-0.23411402;0.003360000000088467;8.375088083379388e-14;0.0029600254127564486;0.0;0.004268250008243954;0.16278277641463;0.035315999999993644;6.037867328067666e-14;0.02553733398139499;1.6124870797315798e-12;7.158312702429814e-15;-1.2180956480020214e-8
2425.0;247.08585821117956;-0.230453323;0.0033600000001896137;2.0067150692325342e-12;0.0026680499482521843;6.063434202736547e-16;0.0014512499982609636;0.11411325070672376;0.03531599999999508;0.01586666666659172;0.05635606126540286;2.614370763308523e-10;0.0016565793446498883;-1.5695804804283096e-8
2426.0;246.46368388399728;-0.228580717;0.00336000000018893;1.7752774953660537e-12;0.0020790654550557506;6.049642156483761e-16;0.00155699999091984;0.11326972943995063;0.03531599999999507;0.01586666666659066;0.05635606126540275;1.359992752308807e-10;0.0016565793446422694;-1.5797656643734753e-8
2427.0;247.75211507368726;-0.22650655099999997;0.0033600000001903314;2.327936180964452e-12;0.0016411025400734052;6.078084461225011e-16;0.001581750003479376;0.10621018448168036;0.035315999999995094;0.01586666666659281;0.056356061265402976;0.003592669109257868;0.0016565793446567435;-1.5589615408282413e-8
2428.0;251.70225963771153;-0.22476405800000002;0.0033600000001946006;3.300369524575973e-9;0.0016612384874869707;6.168705767325192e-16;0.0014793750085381303;0.10328333289855075;0.03531599999999517;0.015866666666598826;0.05635606126540366;0.00599199995613496;0.0016565793446830072;-1.497516964202601e-8
2429.0;251.8004661565557;-0.22713666000000005;0.0033600000001947055;0.0086289309496636;0.00197334989942317;6.171008736829592e-16;0.00149962499474096;0.09680123443014739;0.03531599999999518;0.015866666666598965;0.05635606126540368;0.005991999957204006;0.0016565793446834522;-1.4960442390289553e-8
2430.0;304.7471141749137;-0.236475192;0.0033600000002389405;0.018992999999820983;0.008180342625512668;7.677050932044675e-16;0.001482749988811559;0.08823014443579479;0.03531599999999605;0.015866666666634253;0.056356061265409235;0.005991999996951337;0.0016565793447285582;-9.925751678040561e-9
2431.0;251.80042759582534;-0.25180087500000004;0.0033600000001947055;0.01495147801689271;0.038193389593823894;6.171005270422808e-16;0.001128375000598346;0.0792854135710907;0.03531599999999518;0.015866666666598965;0.05635606126540368;0.005991999957202436;0.0016565793446834515;-1.4960464526451622e-8
2432.0;159.68007875635615;-0.26955475900000003;0.003360000000015897;1.0280375392448053e-13;0.09932194172771523;0.0;0.0010080000053954044;0.07666426834315002;0.035315999999992194;7.39490550288861e-14;0.05516587954106885;1.9791396877504053e-12;8.785056815984379e-15;-0.0013186026850645865
2433.0;159.67899361896556;-0.284923407;0.003360000000015895;1.0280311787543534e-13;0.17410788970658075;0.0;0.0009393749874375258;0.0734826612911805;0.03531599999999219;7.394810743813148e-14;0.014899433630289626;1.9791268794686656e-12;8.784993978997505e-15;-0.017171763099963804
2434.0;159.67901944694353;-0.29516329300000005;0.003360000000015895;1.0280318924863048e-13;0.2326539709368033;0.0;0.0008336250124253993;0.07666992851570403;0.03531599999999219;7.394821376984692e-14;0.015315215184484147;1.9791283167288943e-12;8.785001030140309e-15;-0.06897241022230723
2435.0;159.67904050875018;-0.30405434300000006;0.0033600000000158954;1.0280322576221803e-13;0.26863237418980235;0.0;0.0006311249915521895;0.07858342150715385;0.03531599999999219;7.39482681678031e-14;0.015590265188778787;1.9791290520118088e-12;8.785004637413568e-15;-0.09804482270816502
2436.0;159.67905353705913;-0.309198383;0.0033600000000158954;1.028032573107945e-13;0.2841322354306415;0.0;0.0005152500057889224;0.08388232613305324;0.03531599999999219;7.394831516892282e-14;0.01567244965849496;1.9791296873134026e-12;8.785007754178417e-15;-0.11366462097457374
2437.0;159.6790626507113;-0.31005270700000004;0.0033600000000158954;1.0280329221276602e-13;0.28602000684912804;0.0;0.0003881249982743913;0.09324598754486388;0.03531599999999219;7.394836716596788e-14;0.015610299768794699;1.9791303901431265e-12;8.78501120223718e-15;-0.12387069412482206
2438.0;159.6790690603017;-0.30919839400000004;0.0033600000000158954;1.028033238493306e-13;0.28332678682563406;0.0;0.0003487500015699;0.10263795396761055;0.03531599999999219;7.39484142982345e-14;0.015509172131023714;1.979131027216541e-12;8.785014327697119e-15;-0.13128152416387656
2439.0;159.6790664078125;-0.3048483430000001;0.0033600000000158954;1.0280333491062078e-13;0.2617357166698616;0.0;0.0004308749926792743;0.11140718629780917;0.03531599999999219;7.394843077740422e-14;0.015272333681024595;1.9791312499605637e-12;8.785015420470563e-15;-0.1226540133516315
2440.0;159.67904728660037;-0.298611244;0.0033600000000158954;1.028033011593625e-13;0.22551064453852396;0.0;0.00045674999858223134;0.1107731308231116;0.03531599999999219;7.394838049463928e-14;0.014993509900688916;1.979130570303064e-12;8.785012086092589e-15;-0.09177994397979611
2441.0;159.67901875700915;-0.290725918;0.0033600000000158954;1.028032541407072e-13;0.16934063779210462;0.0;0.0004387499990801733;0.11116941653183911;0.03531599999999219;7.394831044612219e-14;0.014554648050049765;1.979129623476566e-12;8.785007441000082e-15;-0.04343581162050356
2442.0;159.67899576635628;-0.28259533000000003;0.003360000000015895;1.0280319629004907e-13;0.11304478066985055;0.0;0.0004488749921813298;0.11089767639717144;0.03531599999999219;7.394822426014499e-14;0.03532352308520602;1.9791284585237814e-12;8.785001725779817e-15;-0.015779938424325495
2443.0;220.6904523469715;-0.272685376;0.003360000000155961;3.048387853227074e-13;0.05663817330063387;5.522154702767341e-16;0.00042862500653773424;0.1082369027020798;0.035315999999994456;0.015866666666479817;0.056356061265395926;6.450415604079663e-12;3.7568492829858857e-14;-2.1857384514059626e-8
2444.0;344.9969629901527;-0.264207166;0.003360000000261949;0.01899299999989808;0.018404511811941925;9.340069246319957e-16;0.00034087501390401025;0.10635171575861475;0.035315999999996524;0.015866666666643447;0.05635606126541134;0.005991999998216895;0.0016565793447326283;-7.974366022050177e-9
2445.0;385.50652968527584;-0.261365068;0.003360000000279526;0.018992999999929018;0.004993784281748399;1.170686202775294e-15;0.00036675000225519077;0.11492280575297167;0.035315999999996905;0.015866666666648602;0.0563560612654127;0.0059919999987438155;0.0016565793447344622;-6.686163239288002e-9
2446.0;297.3236461809548;-0.257129298;0.0033600000002339077;0.018992999999792457;0.0034583967336144013;7.428095356660621e-16;0.0003824999971590181;0.1183308611887584;0.03531599999999595;0.015866666666631713;0.056356061265408715;0.0059919999964964;0.0016565793447271997;-1.0401904891720406e-8
2447.0;251.80053188675842;-0.24922313400000004;0.0033600000001947055;0.009569201983451963;0.003342613486065727;6.1710143577339e-16;0.0003273750051064746;0.1177647391921628;0.03531599999999518;0.015866666666598965;0.05635606126540368;0.005991999957206551;0.0016565793446834533;-1.4960406495929095e-8
2448.0;251.73269318925023;-0.240393931;0.0033600000001946326;2.053043427183672e-8;0.0033375799219170226;6.1694031345967105e-16;0.00029249999945213183;0.1183931344943064;0.03531599999999518;0.015866666666598868;0.05635606126540367;0.005991999956464352;0.0016565793446831427;-1.497070566913608e-8
2449.0;48.34195372446996;-0.271392074;0.0;3.9640626746807926e-14;0.0010470839188714035;0.0;0.01308487499196867;0.3147356339840126;0.03531599999997397;0.0;0.0;7.44407897259774e-13;0.0;-0.09297719918180603
2450.0;48.34193373935158;-0.26867763200000006;0.0;3.964061286104088e-14;0.0005285760870273477;0.0;0.012927374987500578;0.3086158529297222;0.03531599999997397;0.0;0.0;7.444076311704534e-13;0.0;-0.08889999991684566
2451.0;48.34193779517332;-0.266265792;0.0;3.964061549824131e-14;0.00026177126127640903;0.0;0.012235500000021153;0.30981037230254166;0.035315999999973965;0.0;0.0;7.444076817064326e-13;0.0;-0.09154692144146423
2452.0;48.341930805666415;-0.26589374000000005;0.0;3.964061075039019e-14;0.00025673713352184044;0.0;0.011477249981284106;0.3077043971478029;0.03531599999997397;0.0;0.0;7.444075907244234e-13;0.0;-0.08905111492179743
2453.0;48.34193019224114;-0.272863613;0.0;3.964061117096266e-14;0.00026177126127640887;0.0;0.010392750002459606;0.3079534903700054;0.03531599999997397;0.0;0.0;7.444075987837475e-13;0.0;-0.0812506204608129
2454.0;48.34192844589258;-0.289169907;0.0;3.9640611987219884e-14;0.0006242233871523796;0.0;0.008368874998877278;0.3084177116309206;0.03531599999997397;0.0;0.0;7.444076144255261e-13;0.0;-0.06374658318514172
2455.0;48.3418945581332;-0.303562867;0.0;3.9640590633948594e-14;0.005920050825375793;0.0;0.008274374992666417;0.2983916866223518;0.035315999999973965;0.0;0.0;7.444072052380954e-13;0.0;-0.04453493200839274
2456.0;48.34188080911804;-0.314959999;0.0;3.9640576133901394e-14;0.04116348269832558;0.0;0.009329624985537542;0.287171145352088;0.035315999999973965;0.0;0.0;7.444069273772709e-13;0.0;-0.05822066318922665
2457.0;48.3418458605172;-0.32658567800000005;0.0;3.964054127116521e-14;0.12108416884529773;0.0;0.009478124990254569;0.26086910749700465;0.03531599999997397;0.0;0.0;7.444062593114666e-13;0.0;-0.1003733448567169
2458.0;48.3416625960283;-0.336671055;0.0;3.96406118628015e-14;0.2078209675953494;0.0;0.009764999988937543;0.2501807199287191;0.03531599999997397;0.0;0.0;7.444076120412814e-13;0.0;-0.1665874236613796
2459.0;0.0006660037033263024;-0.34444212900000004;0.0;0.0;0.2627124386184404;0.0;0.009271946965582202;0.23966427494853582;0.0;0.0;0.0;0.0;0.0;-0.16722215764840884
2460.0;0.00035454723147221274;-0.3485873970000001;0.0;0.0;0.27453845087083695;0.0;0.006801398923508592;0.23444028570588232;0.0;0.0;0.0;0.0;0.0;-0.1672221576486252
2461.0;0.000354553164705703;-0.34515;0.0;0.0;0.2703474625576836;0.0;0.008776930067837032;0.2332183453810224;0.0;0.0;0.0;0.0;0.0;-0.1672221576486252
2462.0;0.0003545551037888966;-0.345345718;0.0;0.0;0.2626568786045071;0.0;0.00983897104718611;0.24004260620068632;0.0;0.0;0.0;0.0;0.0;-0.1672221576486252
2463.0;10.00352841730054;-0.341188391;0.0;0.0;0.24593381283474255;0.0;0.012547124971825025;0.2451592166467865;0.004716973332421503;0.0;0.0;0.0;0.0;-0.16722215224777728
2464.0;48.34181586480179;-0.332994055;0.0;3.964050421277139e-14;0.1945260238762935;0.0;0.012550499991307248;0.23390470708220454;0.035315999999973965;0.0;0.0;7.444055491707069e-13;0.0;-0.14352755623169938
2465.0;48.34171257750244;-0.322498835;0.0;3.964044941883966e-14;0.120439810074013;0.0;0.01240987501064107;0.22009132559494615;0.035315999999973965;0.0;0.0;7.444044991683169e-13;0.0;-0.06599709891611209
2466.0;109.47409035460245;-0.310168883;0.003359999999791521;5.662958599602176e-14;0.04939919960216928;0.0;0.01332562500171817;0.20106395866280583;0.03531599999998997;2.959274363224212e-14;2.3756321793358817e-14;1.0728263001508529e-12;0.0;-2.0802235465240286e-8
2467.0;159.67842442227982;-0.30858706;0.0033600000000740247;8.754363638008381e-14;0.01062689377063017;0.0;0.013541625014184084;0.20514003890496035;0.03531599999999335;6.308470780340022e-14;0.04074222610880737;1.6854750709030542e-12;7.482173823968816e-15;-1.2155049837967707e-8
2468.0;159.67848062949085;-0.308094485;0.003360000000074025;8.754383583092001e-14;0.0026680499482283973;0.0;0.013856625005470255;0.22448443461153414;0.03531599999999335;6.308500595390532e-14;0.028561493364235333;1.685479087709066e-12;7.482193533660098e-15;-1.2155029210537713e-8
2469.0;122.14585872043726;-0.302296404;0.003359999999899971;6.216726832657659e-14;0.001782056426329295;0.0;0.013893749997294447;0.24159830855226067;0.03531599999999112;3.416740975695455e-14;3.177121565854875e-14;1.1811279502098998e-12;5.083064607017201e-15;-1.7579222748553607e-8
2470.0;48.341664408596095;-0.292759672;0.0;3.964047575428279e-14;0.0015001486535119487;0.0;0.01347299999226313;0.2501750597561651;0.035315999999973965;0.0;0.0;7.444050038278999e-13;0.0;-0.007928185995796106
2471.0;48.34175739662576;-0.283683178;0.0;3.964049985077943e-14;0.0009967437685374828;0.0;0.013720499994241561;0.25885371273283553;0.03531599999997397;0.0;0.0;7.444054655829686e-13;0.0;-0.025425951678538432
2472.0;48.34178943290929;-0.2748527170000001;0.0;3.964051638438433e-14;0.0005235419592727759;0.0;0.013373999995001794;0.2659019342348733;0.035315999999973965;0.0;0.0;7.444057824122718e-13;0.0;-0.04048082552424928
2473.0;18.053397894791416;-0.25631128100000006;0.0;0.0;8.557960693002535e-5;0.0;0.006729749981042125;0.3121767620614034;0.03531599999981653;0.0;0.0;0.0;0.0;-0.0966656062548998
2474.0;18.053317727907228;-0.195455078;0.0;0.0;0.00010068086298193256;0.0;0.005930999989900275;0.28253460432271743;0.03531599999981653;0.0;0.0;0.0;0.0;-0.1271167436499151
2475.0;18.053308551114245;-0.195300474;0.0;0.0;8.55796069299993e-5;0.0;0.006674624971535359;0.27990779684814987;0.03531599999981652;0.0;0.0;0.0;0.0;-0.12537478725066584
2476.0;18.053356946011206;-0.24516241100000002;0.0;0.0;8.557960693001471e-5;0.0;0.005869124984993427;0.2992238865067461;0.03531599999981653;0.0;0.0;0.0;0.0;-0.09400970454885248
2477.0;18.053340410391097;-0.24364594;0.0;0.0;8.557960693001055e-5;0.0;0.005941124983001593;0.29419672201551444;0.03531599999981653;0.0;0.0;0.0;0.0;-0.09057436200676403
2478.0;18.05334266555418;-0.24499010899999998;0.0;0.0;0.00010571499073651047;0.0;0.005738624979778436;0.2949836311863324;0.03531599999981653;0.0;0.0;0.0;0.0;-0.08983419162307849
2479.0;18.05335770131595;-0.24913151900000002;0.0;0.0;0.0005436784693250935;0.0;0.006557624974772237;0.29960884979628255;0.03531599999981653;0.0;0.0;0.0;0.0;-0.09157181972218235
2480.0;18.05336858800779;-0.255435531;0.0;0.0;0.007218837186094322;0.0;0.0072978749763570544;0.3017884206757631;0.03531599999981653;0.0;0.0;0.0;0.0;-0.09486077254259272
2481.0;18.053377738945784;-0.265901038;0.0;0.0;0.04782857428583148;0.0;0.008310374974823051;0.29564599374604905;0.03531599999981653;0.0;0.0;0.0;0.0;-0.11987613188306788
2482.0;18.053559643664254;-0.279479722;0.0;0.0;0.10804596169551776;0.0;0.009022499983804855;0.2913547875392758;0.03531599999981653;0.0;0.0;0.0;0.0;-0.16294113249036773
2483.0;9.830702997688139;-0.28848580999999995;0.0;0.0;0.16210669821919715;0.0;0.009075374952445352;0.2848160759376189;0.0;0.0;0.0;0.0;0.0;-0.16722200848501131
2484.0;0.00035341901139994837;-0.29359650600000003;0.0;0.0;0.18935146312191223;0.0;0.007174196323088482;0.2642635943594767;0.0;0.0;0.0;0.0;0.0;-0.167222109488024
2485.0;0.00035342676818504834;-0.298573444;0.0;0.0;0.1869710049907662;0.0;0.0074478754025757744;0.2713473105489298;0.0;0.0;0.0;0.0;0.0;-0.167222109488024
2486.0;0.00035343271948804747;-0.297045724;0.0;0.0;0.16467401315333627;0.0;0.008990320402344227;0.29057413689787354;0.0;0.0;0.0;0.0;0.0;-0.167222109488024
2487.0;0.0003534084059253147;-0.292141575;0.0;0.0;0.13498807180214684;0.0;0.00960641478189306;0.31473984135687494;0.0;0.0;0.0;0.0;0.0;-0.16722210948802374
2488.0;12.63964327233282;-0.284217423;0.0;0.0;0.07942231538791884;0.0;0.011577374980900921;0.3330327038409754;0.035315999999457816;0.0;0.0;0.0;0.0;-0.1672219058999508
2489.0;18.05363608753165;-0.287320677;0.0;0.0;0.023936939871756626;0.0;0.012167999976216384;0.3694230389732653;0.03531599999981655;0.0;0.0;0.0;0.0;-0.15215383158515908
2490.0;18.053744626878903;-0.301464419;0.0;0.0;0.004047381225581137;0.0;0.012595499973215896;0.404918899878211;0.03531599999981656;0.0;0.0;0.0;0.0;-0.15402197016024557
2491.0;9.996947366119224;-0.302688658;0.0;0.0;0.0001711575232900248;0.0;0.012836249961581022;0.4364349231779717;0.020121428186801668;0.0;0.0;0.0;0.0;-0.1672220047877429
2492.0;10.002860234995756;-0.30032736;0.0;0.0;0.00011074968105562649;0.0;0.012542624967544182;0.43648587406433187;0.018469194514574204;0.0;0.0;0.0;0.0;-0.1672220045137883
2493.0;10.004000022081778;-0.29506467200000003;0.0;0.0;0.00010068086194090613;0.0;0.012635999962759598;0.4345723810728821;0.015030903018309215;0.0;0.0;0.0;0.0;-0.16722200444068958
2494.0;10.003994745121235;-0.288601114;0.0;0.0;9.06131700376849e-5;0.0;0.012313124965072567;0.4328740140460618;0.01059750416220476;0.0;0.0;0.0;0.0;-0.16722200444115526
2495.0;10.003959403867363;-0.283549243;0.0;0.0;9.06131700376545e-5;0.0;0.012548249969598945;0.4215006190796777;0.016676205454048222;0.0;0.0;0.0;0.0;-0.16722200444427315
2496.0;10.003937827190784;-0.276930674;0.0;0.0;9.564729779218479e-5;0.0;0.012655124955610853;0.41454863917780505;0.01689299561884296;0.0;0.0;0.0;0.0;-0.16722200444617777
2497.0;0.0007766071879352882;-0.33794948000000014;0.0;0.0;7.960631597182032e-5;0.0;0.0018204168730706018;0.49049336380510694;0.0;0.0;0.0;0.0;0.0;-0.1544959295310818
2498.0;0.0007760532040920333;-0.33495058400000005;0.0;0.0;7.353898104803851e-5;0.0;0.0016272325932961374;0.4918078944016863;0.0;0.0;0.0;0.0;0.0;-0.15861007945824984
2499.0;0.0007759018440720042;-0.33266811200000007;0.0;0.0;7.350402262207528e-5;0.0;0.0016950563557836787;0.4907997856085332;0.0;0.0;0.0;0.0;0.0;-0.15995222354504432
2500.0;0.0007760457035922131;-0.3295202960000001;0.0;0.0;7.948459326494543e-5;0.0;0.0012118692783663716;0.4871517496694092;0.0;0.0;0.0;0.0;0.0;-0.1589748000432181
2501.0;0.0007753832904260531;-0.330888976;0.0;0.0;7.934098926522521e-5;0.0;0.0007722892040050254;0.49358518596508566;0.0;0.0;0.0;0.0;0.0;-0.16359979737305502
2502.0;0.0007752601142225682;-0.33653004000000003;0.0;0.0;7.930156195939683e-5;0.0;0.0017362115781875346;0.5003535586103081;0.0;0.0;0.0;0.0;0.0;-0.16569098322126743
2503.0;0.0007764682516391943;-0.35124672;0.0;0.0;0.00010953685489235389;0.0;0.0012464756913794937;0.512118022144672;0.0;0.0;0.0;0.0;0.0;-0.16227933810127834
2504.0;0.0007786355347796489;-0.37017792800000004;0.0;0.0;0.0002508083804593776;0.0;0.0021567698898108645;0.5177471666551986;0.0;0.0;0.0;0.0;0.0;-0.15002893638532228
2505.0;0.000779667211970174;-0.3786837200000001;0.0;0.0;0.0068650867747492685;0.0;0.001567067811237923;0.5077679516356385;0.0;0.0;0.0;0.0;0.0;-0.13756855367645898
2506.0;0.0007778172692422425;-0.384928472;0.0;0.0;0.039895683361108505;0.0;0.0015616561684610362;0.500470605446744;0.0;0.0;0.0;0.0;0.0;-0.15705154553827083
2507.0;0.0007746915334798053;-0.39204804000000004;0.0;0.0;0.08145982276581895;0.0;0.0017072326005772944;0.4880964343027785;0.0;0.0;0.0;0.0;0.0;-0.17926736164269994
2508.0;0.0007747103766097955;-0.39709060800000007;0.0;0.0;0.09645496294595957;0.0;0.0018109007929007523;0.47797540184277015;0.0;0.0;0.0;0.0;0.0;-0.17920257057521696
2509.0;0.0007747222154461208;-0.39756268800000005;0.0;0.0;0.10345379961654319;0.0;0.0018800371851075343;0.47133741710133814;0.0;0.0;0.0;0.0;0.0;-0.179160479526093
2510.0;0.0007747485526776244;-0.39436768000000005;0.0;0.0;0.09000882035411956;0.0;0.002037768607040086;0.4813314037501327;0.0;0.0;0.0;0.0;0.0;-0.17906222772786715
2511.0;0.000774730523043176;-0.39075889600000013;0.0;0.0;0.07872914069171796;0.0;0.001720276045169302;0.4893200777765066;0.0;0.0;0.0;0.0;0.0;-0.17906251248661398
2512.0;0.0007787854381063634;-0.38453295200000004;0.0;0.0;0.04043157032650031;0.0;0.0018458035862112616;0.48988604916057205;0.0;0.0;0.0;0.0;0.0;-0.14768259337651798
2513.0;0.000781243122766672;-0.3816905360000001;0.0;0.0;0.0077957044010741935;0.0;0.0016844266172014925;0.49008472813868037;0.0;0.0;0.0;0.0;0.0;-0.117926571251774
2514.0;0.0007812036485423226;-0.383595512;0.0;0.0;0.0002542908936386154;0.0;0.0003690392389350903;0.4960932193625634;0.0;0.0;0.0;0.0;0.0;-0.11317328618536096
2515.0;0.0007806481154417195;-0.384339976;0.0;0.0;0.00025356601532260835;0.0;0.0002537687768330416;0.49864516429131656;0.0;0.0;0.0;0.0;0.0;-0.11486473275514066
2516.0;0.0007803956996535679;-0.37906381600000005;0.0;0.0;0.00010434305712855556;0.0;0.0003016148300343927;0.4934129816901492;0.0;0.0;0.0;0.0;0.0;-0.11480737072253286
2517.0;0.0007801786841263273;-0.37005468;0.0;0.0;9.229729284565991e-5;0.0;0.0003032643293543083;0.4840593149084962;0.0;0.0;0.0;0.0;0.0;-0.1144524227001241
2518.0;0.0007793985759101071;-0.35879273600000006;0.0;0.0;9.214174497319027e-5;0.0;0.000301423929957387;0.4820139965872249;0.0;0.0;0.0;0.0;0.0;-0.12366700678013157
2519.0;0.0007792368928964905;-0.34984220800000004;0.0;0.0;9.211305199385728e-5;0.0;0.00030423146765661826;0.47491794805229154;0.0;0.0;0.0;0.0;0.0;-0.1255242556582598
2520.0;0.0007788080336627025;-0.34156584000000006;0.0;0.0;9.202288736045251e-5;0.0;0.0002969052053080065;0.471217135302746;0.0;0.0;0.0;0.0;0.0;-0.13009236963064819
2521.0;48.825844103556385;-0.30114932000000005;0.0;3.8809704868162824e-14;0.00010738208147213486;0.0;0.00827279999387563;0.2879244260645391;0.03139199999997207;0.0;0.0;7.302569352393513e-13;0.0;-0.026597394534394168
2522.0;48.82586686314614;-0.2966380960000001;0.0;3.880970345742285e-14;0.00010738208147213481;0.0;0.00985283999042787;0.295313072134709;0.03139199999997207;0.0;0.0;7.302569080982113e-13;0.0;-0.04008005708238634
2523.0;48.82591139215706;-0.2971810400000001;0.0;3.8809704226728283e-14;0.00011369800892851858;0.0;0.010885319987294721;0.30584099714495594;0.03139199999997207;0.0;0.0;7.302569228988506e-13;0.0;-0.05110740452100893
2524.0;48.82595717732525;-0.2984740880000001;0.0;3.8809705467734674e-14;0.00010738208147213489;0.0;0.011591639997416239;0.31614213061441226;0.03139199999997207;0.0;0.0;7.302569467744884e-13;0.0;-0.060818934302941614
2525.0;48.825981597304214;-0.30121800800000004;0.0;3.8809706292607824e-14;0.00010106473963271325;0.0;0.012208319995190396;0.3214478699619903;0.03139199999997207;0.0;0.0;7.302569626441552e-13;0.0;-0.0639928673618405
2526.0;48.826048231765434;-0.3091364240000001;0.0;3.880970864860279e-14;0.00010106473963271336;0.0;0.01258416001021403;0.3358312588186138;0.03139199999997206;0.0;0.0;7.302570079710679e-13;0.0;-0.0708384032958271
2527.0;48.82613565596499;-0.32713293600000004;0.0;3.880971202869905e-14;0.00015159710962441784;0.0;0.012610079992553314;0.3544461113032814;0.03139199999997206;0.0;0.0;7.302570730005955e-13;0.0;-0.07153924133954154
2528.0;48.82615421788931;-0.34869842400000006;0.0;3.880970883480082e-14;0.002804546180593117;0.0;0.012668400003648706;0.36662126236331094;0.03139199999997206;0.0;0.0;7.302570115533803e-13;0.0;-0.06486334820763692
2529.0;48.825994477835636;-0.3598115120000001;0.0;3.880968254677962e-14;0.015096543943489946;0.0;0.012662999984736002;0.37316839135990215;0.03139199999997207;0.0;0.0;7.302565057992306e-13;0.0;-0.07258272210992435
2530.0;48.8255366943196;-0.36581712000000005;0.0;3.880961748479766e-14;0.04403895655786596;0.0;0.012697560000724334;0.37127646698744976;0.03139199999997206;0.0;0.0;7.302552540742691e-13;0.0;-0.09365353933329389
2531.0;48.824929002002705;-0.3699414480000001;0.0;3.880953063754853e-14;0.08280991407484112;0.0;0.012686759996786904;0.3698202243810834;0.03139199999997207;0.0;0.0;7.302535832235086e-13;0.0;-0.12682191080573677
2532.0;48.82444929012841;-0.3746082400000001;0.0;3.880945960675608e-14;0.11484111647897595;0.0;0.012465359983846793;0.3735324514648555;0.03139199999997207;0.0;0.0;7.302522166650952e-13;0.0;-0.1576695034795593
2533.0;48.824153223761165;-0.3743551280000001;0.0;3.880941444572305e-14;0.13506669562337875;0.0;0.012376799999003537;0.3780086101357385;0.03139199999997207;0.0;0.0;7.302513478140185e-13;0.0;-0.18253173738940615
2534.0;48.824233306101036;-0.370634896;0.0;3.880942377642093e-14;0.13106832246657776;0.0;0.011984759995017856;0.38220426238657784;0.03139199999997206;0.0;0.0;7.302515273268939e-13;0.0;-0.1860597245241965
2535.0;48.82456438558337;-0.36624099200000004;0.0;3.88094709638849e-14;0.11028688725226618;0.0;0.011298959999154975;0.38360082410180263;0.03139199999997207;0.0;0.0;7.302524351644404e-13;0.0;-0.17038911296301337
2536.0;48.825037355576036;-0.3593524560000001;0.0;3.880954466273792e-14;0.07662601573910104;0.0;0.01128167999963284;0.37278642447306987;0.03139199999997206;0.0;0.0;7.302538530535468e-13;0.0;-0.13279084274401487
2537.0;48.82558452380818;-0.35457629600000007;0.0;3.880962633606804e-14;0.039648957003235626;0.0;0.011759039990669396;0.3671882434018408;0.03139199999997206;0.0;0.0;7.302554243634602e-13;0.0;-0.0954775273077629
2538.0;48.82596235883252;-0.3526362720000001;0.0;3.8809686079695885e-14;0.012430961603225444;0.0;0.01180332000003505;0.35711986967161685;0.03139199999997206;0.0;0.0;7.302565737688683e-13;0.0;-0.06017962121615178
2539.0;48.82615832920109;-0.35333927200000004;0.0;3.880971175262308e-14;0.0014591220947608187;0.0;0.011865959985595005;0.36243754650935545;0.03139199999997206;0.0;0.0;7.302570676892688e-13;0.0;-0.05388984639596754
2540.0;48.826183840685744;-0.35028056;0.0;3.880971430203856e-14;0.0003537265895912356;0.0;0.011568959995925374;0.36449061114646103;0.03139199999997207;0.0;0.0;7.302571167373568e-13;0.0;-0.05760023883695077
2541.0;48.82622463979982;-0.3429384080000001;0.0;3.8809715452868936e-14;0.00019581355215973908;0.0;0.010836719986520572;0.3734011510991346;0.03139199999997207;0.0;0.0;7.302571388780867e-13;0.0;-0.07296582733028618
2542.0;48.82627679223254;-0.3326559520000001;0.0;3.880971691624555e-14;0.00015791303708080203;0.0;0.009719999996219046;0.3850391632061204;0.03139199999997207;0.0;0.0;7.302571670319026e-13;0.0;-0.09373556967841244
2543.0;48.8262589688259;-0.32288055200000004;0.0;3.8809716167554196e-14;0.00010738208147213534;0.0;0.008094599996685053;0.3812553166477691;0.03139199999997207;0.0;0.0;7.302571526278964e-13;0.0;-0.09804999241950256
2544.0;48.82625911183399;-0.31355664800000005;0.0;3.8809715947099254e-14;0.00011369800892851907;0.0;0.006805079994217637;0.3815537276631388;0.03139199999997207;0.0;0.0;7.302571483866312e-13;0.0;-0.10638922962613151
2545.0;168.32957267464147;-0.288512368;0.0025199999999308497;1.3772890434322957e-13;0.0034488337213701347;0.0;0.007159320004517836;0.19381169929891523;0.03139199999998857;1.0625412202776097e-13;0.05013849115521272;2.6578530924107974e-12;1.2896071608870319e-14;-2.8011233621754354e-8
2546.0;168.32956691873986;-0.28267756800000005;0.00251999999993085;1.377289117926663e-13;0.0026908488786860944;0.0;0.007513559994722734;0.1901352814057943;0.03139199999998857;1.0625413480373355e-13;0.04838484003066484;2.6578532431487476e-12;1.2896072492489853e-14;-2.8011231800403167e-8
2547.0;168.3295616999153;-0.280825696;0.00251999999993085;1.3772891774882877e-13;0.0020465613380897486;0.0;0.007406639999797182;0.18697212857867296;0.03139199999998857;1.0625414501869033e-13;0.05044817155225413;2.6578533636714444e-12;1.289607319898449e-14;-2.801123034415186e-8
2548.0;168.32955606484003;-0.28035664800000004;0.00251999999993085;1.3772892891730023e-13;0.0013580573549580824;0.0;0.007583760003371632;0.18349266232741018;0.03139199999998857;1.0625416417284582e-13;0.053971183720975535;2.6578535896638052e-12;1.2896074523740091e-14;-2.8011227613517324e-8
2549.0;168.32957958287275;-0.2820842320000001;0.00251999999993085;1.37728942543377e-13;0.0005811219011388148;0.0;0.007449839998602655;0.18638724513137117;0.03139199999998857;1.0625418754192597e-13;0.05371385686272405;2.6578538653854372e-12;1.2896076140005772e-14;-2.8011224282009866e-8
2550.0;213.92848478043376;-0.289537368;0.0025200000000871314;2.4104665915020625e-13;0.0004990077723268791;7.156845826520744e-16;0.007233839988263471;0.18802850298272059;0.03139199999999114;1.511535721003214e-11;0.06045557138905106;4.827286548398226e-12;2.8216308060212618e-14;-1.867561877249792e-8
2551.0;231.86387729005256;-0.30505629600000006;0.0025200000001271592;3.420908930183088e-13;0.007371409384017459;7.535276150268843e-16;0.006956280002472967;0.18684679641140503;0.03139199999999186;0.011899999999714972;0.06045557138906451;7.113178170949489e-12;5.301425417219806e-14;-1.6568665871707325e-8
2552.0;168.32880166116271;-0.32300428000000003;0.002519999999930847;1.3772810502791817e-13;0.050734495228351655;0.0;0.006760799988003314;0.184560972035056;0.03139199999998857;1.062527511929918e-13;0.04701024857616721;2.6578369183791217e-12;1.289597679773547e-14;-2.8011429053043016e-8
2553.0;88.97657322840017;-0.34031350400000004;0.0025199999987865433;7.888985550729036e-14;0.1526835414321857;0.0;0.006382800000045731;0.17736927651343135;0.03139199999997704;4.0002283887276496e-14;2.7352126877202182e-14;1.4914179825204238e-12;0.0;-0.03148958446295984
2554.0;88.97479318945446;-0.35149350400000007;0.0025199999987864795;7.888923450874632e-14;0.26092386805373435;0.0;0.006117119994683971;0.16173256270418765;0.03139199999997705;4.000182449853233e-14;2.7351622880819623e-14;1.4914059218228082e-12;0.0;-0.11261326728703863
2555.0;88.97346659178112;-0.3556378800000001;0.00251999999878643;7.88887561010915e-14;0.34572980968281125;0.0;0.005861159999643463;0.1634514082285494;0.03139199999997705;4.000147059483256e-14;2.7351234617072796e-14;1.4913966304520576e-12;0.0;-0.19471527202394226
2556.0;9.993931899482845;-0.3593681920000001;0.0;0.0;0.4007911388241333;0.0;0.006106319946419534;0.1692346045441493;0.018605278345541914;0.0;0.0;0.0;0.0;-0.23532145416389064
2557.0;-0.0009657102231511807;-0.36279392800000004;0.0;0.0;0.41570690432952384;0.0;0.005564242921448055;0.17685411525087438;0.0;0.0;0.0;0.0;0.0;-0.23532145673226823
2558.0;-0.0009653476339682085;-0.36168994400000004;0.0;0.0;0.40417134724198683;0.0;0.005849212657782871;0.18700071788000297;0.0;0.0;0.0;0.0;0.0;-0.2353214567322681
2559.0;-0.0009727796413883996;-0.355272048;0.0;0.0;0.3874762301432323;0.0;0.006123439279743935;0.19700283309136812;0.0;0.0;0.0;0.0;0.0;-0.23532145673227323
2560.0;88.97385977429751;-0.34646746400000006;0.0025199999987864387;7.888884298293359e-14;0.326893871066776;0.0;0.0062758799881760296;0.1984848096116206;0.03139199999997705;4.000153486582265e-14;2.7351305127744945e-14;1.4913983178231659e-12;0.0;-0.22051576432460593
2561.0;88.97539485868107;-0.3359792160000001;0.0025199999987864973;7.88894104096075e-14;0.23092659301137197;0.0;0.00589247998395153;0.19204510928025947;0.03139199999997705;4.0001954622295104e-14;2.7351765639168183e-14;1.4914093380735682e-12;0.0;-0.12823654014438324
2562.0;88.84347020436788;-0.328092608;0.002519999998782646;7.885216286207877e-14;0.12070287069085078;0.0;0.005708879984786722;0.17807352502284707;0.03139199999997702;3.997440646276091e-14;2.732155515450108e-14;1.4906859457606893e-12;0.0;-0.007215654125576474
2563.0;274.7353256778353;-0.323169344;0.002520000000196832;0.0012715149457693258;0.0349999796714369;8.606387830275321e-16;0.006091199999195036;0.16756350570125433;0.03139199999999318;0.011899999999915893;0.06045557138907826;0.004493999945766012;0.0024848690170587552;-1.310511179530183e-8
2564.0;454.19285446237836;-0.32510462400000006;0.0025200000003281118;0.018505999999918202;0.007023998721592305;1.7625827630586021e-15;0.006159240004385297;0.16984336187916027;0.03139199999999595;0.011899999999978761;0.06045557138909107;0.004493999998549915;0.0024848690171014863;-7.090251788012279e-9
2565.0;417.84774873806793;-0.32127316000000006;0.002520000000311875;0.018505999999897427;0.003556215803294482;1.5052812317525117e-15;0.005115959986541547;0.1746418043591793;0.03139199999999559;0.011899999999974974;0.06045557138908997;0.004493999998191023;0.0024848690171003097;-7.807781173490396e-9
2566.0;315.9218470371063;-0.31410435200000003;0.002520000000242662;0.018505999999644092;0.0036951796439517073;9.926210998178447e-16;0.004492800009741421;0.1758354462340988;0.031391999999994105;0.011899999999949928;0.06045557138908396;0.004493999994171871;0.002484869017089854;-1.0942470449815496e-8
2567.0;274.73587953189;-0.30528484800000005;0.0025200000001968327;0.007619541363153505;0.0036951796439381214;8.606400500924345e-16;0.003907440012982261;0.17680826476667172;0.03139199999999318;0.011899999999915893;0.060455571389078255;0.004493999945770908;0.002484869017058756;-1.3105083367766599e-8
2568.0;270.56092098502194;-0.2960049840000001;0.0025200000001912664;3.526124128649486e-12;0.0036130641007053052;8.490709320587432e-16;0.0030974399887557283;0.17817498548968677;0.03139199999999307;0.011899999999909712;0.06045557138907744;0.004493999674438334;0.0024848690170478902;-1.3373434766280243e-8
2569.0;168.3294497258665;-0.21304589600000007;0.002520000000141124;8.616590423163133e-14;0.0026529490708623177;0.0;0.0037637999978535138;0.1652836484300807;0.03139199999999286;6.701892702181363e-14;0.007400519799497668;1.6631207867618943e-12;8.070994176924507e-15;-1.2955112646172256e-8
2570.0;168.32941848051968;-0.21005632800000004;0.002520000000141124;8.616590718258201e-14;0.0014780712917573208;0.0;0.004057559989730745;0.15489299198399653;0.03139199999999286;6.701893216267005e-14;0.01568577714258708;1.6631208464915724e-12;8.070994527178951e-15;-1.2955112289654436e-8
2571.0;168.32939031602794;-0.207430856;0.002520000000141124;8.616590682205081e-14;0.0008211504818651691;0.0;0.003971160009063795;0.14682993948989703;0.03139199999999286;6.701893153458147e-14;0.021869117454681522;1.6631208391939782e-12;8.070994484385279e-15;-1.2955112333211954e-8
2572.0;168.3293608925177;-0.20490286400000005;0.0025200000001411246;8.616590518102141e-14;0.00030319421984384307;0.0;0.004261679986204616;0.13895190005421823;0.03139199999999286;6.70189286757548e-14;0.02744901894991078;1.663120805978334e-12;8.07099428961171e-15;-1.2955112531471859e-8
2573.0;168.3293897675571;-0.20538847200000004;0.002520000000141124;8.616591098887783e-14;0.00025266184985213913;0.0;0.004601879991623733;0.14487236493458414;0.03139199999999286;6.701893879362126e-14;0.02172255423545466;1.6631209235339339e-12;8.070994978955275e-15;-1.2955111829798484e-8
2574.0;168.3292839170792;-0.20700238400000007;0.0025200000001411238;8.616584312382513e-14;0.0066386896655590295;0.0;0.004665599987743809;0.1432609480754527;0.03139199999999286;6.701882056604048e-14;0.01850044858301261;1.6631195498917525e-12;8.070986923922169e-15;-1.2955120028893946e-8
2575.0;146.3890538712716;-0.211980128;0.002520000000061153;7.14415841119959e-14;0.0329850015063985;0.0;0.004481999988306561;0.14130337461341289;0.03139199999999171;4.585823318118315e-14;6.193059182858814e-14;1.3675419219743861e-12;6.399611208021261e-15;-1.5546660799535433e-8
2576.0;48.864710315891095;-0.22390851200000003;0.0;4.0594909391873635e-14;0.1007741691317058;0.0;0.004280039991750624;0.13716740434693428;0.03139199999997081;0.0;0.0;7.638398994109594e-13;0.0;-0.04974968399281928
2577.0;48.86335962711682;-0.23921964800000006;0.0;4.05947049208371e-14;0.1879235496843447;0.0;0.004026240000886322;0.13807457269664997;0.03139199999997081;0.0;0.0;7.638359656619462e-13;0.0;-0.12221756725497128
2578.0;48.86223442259749;-0.25210976;0.0;4.059453424182455e-14;0.2607154226462664;0.0;0.0036903599868756505;0.13949500720564217;0.03139199999997081;0.0;0.0;7.638326820267465e-13;0.0;-0.18318427578700103
2579.0;48.8616920698864;-0.260677752;0.0;4.0594446965387025e-14;0.2957848838845513;0.0;0.004019760005301313;0.1457675968873544;0.03139199999997081;0.0;0.0;7.638310029454356e-13;0.0;-0.21628076274794084
2580.0;30.270195357232804;-0.26510647200000004;0.0;3.7505189823423474e-14;0.3100665932736513;0.0;0.004052159996238284;0.15348449496504968;0.03139199999994396;0.0;0.0;0.0;0.0;-0.23532141533052264
2581.0;9.99517522905284;-0.26558354400000006;0.0;0.0;0.3195603614890524;0.0;0.0040402799777651014;0.167718678860342;0.009611132667443562;0.0;0.0;0.0;0.0;-0.23532144851924452
2582.0;-0.0009646391183985217;-0.2641038640000001;0.0;0.0;0.31877527877004025;0.0;0.003388499020773821;0.17727160027543984;0.0;0.0;0.0;0.0;0.0;-0.2353214545104464
2583.0;-0.0009644389306878143;-0.26160380000000005;0.0;0.0;0.30192498412388247;0.0;0.003933597878701722;0.1910767321906082;0.0;0.0;0.0;0.0;0.0;-0.23532145451044628
2584.0;9.996188011449368;-0.25800934400000003;0.0;0.0;0.2664508455781124;0.0;0.004264919971555525;0.20903660632200913;0.013575560084018829;0.0;0.0;0.0;0.0;-0.23532144851868783
2585.0;48.86339568886228;-0.25286252800000003;0.0;4.0594669990867855e-14;0.2070500506654174;0.0;0.004513320002244004;0.21273092990407078;0.03139199999997081;0.0;0.0;7.638352936560738e-13;0.0;-0.20286415277459316
2586.0;48.86451865660154;-0.24983883200000007;0.0;4.059483500200371e-14;0.13847131360955933;0.0;0.004316759994971222;0.22284107993011096;0.03139199999997081;0.0;0.0;7.638384682493265e-13;0.0;-0.1472446983913147
2587.0;48.865625074489934;-0.24279947200000007;0.0;4.0595002929903204e-14;0.06660165728397571;0.0;0.0036892799932598534;0.22093722025405163;0.03139199999997081;0.0;0.0;7.638416989577883e-13;0.0;-0.0799023094479597
2588.0;48.86638054995681;-0.24165263200000003;0.0;4.059512135747994e-14;0.017446299501684182;0.0;0.004222799991215526;0.2154643713501017;0.03139199999997082;0.0;0.0;7.63843977346549e-13;0.0;-0.026965755458979394
2589.0;48.86658825975345;-0.240199432;0.0;4.059515529851478e-14;0.005564877333368884;0.0;0.003716280003103385;0.21495707229599023;0.03139199999997082;0.0;0.0;7.638446303267503e-13;0.0;-0.015526070457978165
2590.0;48.866607939466626;-0.23865598400000004;0.0;4.05951595766816e-14;0.004232085809640873;0.0;0.003653640000599453;0.2135127660865076;0.03139199999997081;0.0;0.0;7.638447126330824e-13;0.0;-0.014229494001267598
2591.0;48.86660105508775;-0.23571561600000002;0.0;4.0595154827545685e-14;0.004238402444288776;0.0;0.0038815199921803166;0.21672963160632874;0.03139199999997081;0.0;0.0;7.638446212659172e-13;0.0;-0.020622639263738887
2592.0;48.86658840509741;-0.23040110400000008;0.0;4.0595152520997783e-14;0.004232085809640873;0.0;0.004094279988415267;0.21595376362233376;0.03139199999997081;0.0;0.0;7.638445768910895e-13;0.0;-0.025367734479784364
2593.0;168.33103750247923;-0.232711424;0.0025200000001672548;7.976223683104528e-14;0.003966791397846048;0.0;0.0007603199942028378;0.14407262525010056;0.0313919999999934;6.210574599254257e-14;0.05007588898099701;1.539581607684837e-12;7.471679236522158e-15;-1.1992486773754809e-8
2594.0;168.32933213073312;-0.22740478400000003;0.0025200000001672465;7.975992173803185e-14;0.0034930501639770023;0.0;0.0007581600069705329;0.1432251388848034;0.0313919999999934;6.210170463667619e-14;0.045990866599501704;1.5395347456637511e-12;7.471404424045621e-15;-1.199276649101652e-8
2595.0;168.32934105868983;-0.22479240800000005;0.0025200000001672465;7.975992720005568e-14;0.0029308767522288363;0.0;0.0010778399981310235;0.14328482086922195;0.0313919999999934;6.210171417114767e-14;0.04356112512708543;1.5395348562259526e-12;7.471405072408203e-15;-1.1992765831041365e-8
2596.0;168.3293488936717;-0.22613362400000003;0.0025200000001672465;7.975993097887925e-14;0.0025834675041263304;0.0;0.00181548000950449;0.14381002342538207;0.0313919999999934;6.210172076743484e-14;0.043986639619953714;1.5395349327165846e-12;7.471405520967893e-15;-1.1992765374447342e-8
2597.0;168.32930429788644;-0.23128590400000004;0.0025200000001672465;7.975990455415757e-14;0.0052679990411430245;0.0;0.002028240005739452;0.14311174311440814;0.0313919999999934;6.210167464063856e-14;0.0469408876358015;1.5395343978293405e-12;7.471402384253773e-15;-1.1992768567340545e-8
2598.0;168.3289700876473;-0.24420724800000004;0.002520000000167246;7.9759713592987e-14;0.02436923277643257;0.0;0.0023306399973777726;0.13458316786201335;0.031391999999993404;6.210134130134028e-14;0.0489952988868646;1.5395305324068934e-12;7.471379716454761e-15;-1.1992791641251777e-8
2599.0;168.32803401285054;-0.25644874400000006;0.0025200000001672435;7.97591611709348e-14;0.08039699358478734;0.0;0.0027529199920552833;0.1188867720683511;0.0313919999999934;6.210037701193521e-14;0.020503952720629267;1.539519350323774e-12;7.47131414206713e-15;-1.1992858391758316e-8
2600.0;48.87170327679912;-0.2785763440000001;0.0;3.7578632944143185e-14;0.17697066007985113;0.0;0.002948399984570009;0.11056708594791785;0.03139199999997299;0.0;0.0;7.07103736430658e-13;0.0;-0.043206324729377445
2601.0;48.869984064205326;-0.295116288;0.0;3.7578393720253415e-14;0.28688487083858233;0.0;0.003138479996257908;0.10828126157157983;0.03139199999997298;0.0;0.0;7.070991338882318e-13;0.0;-0.13445378517265077
2602.0;48.86847882047224;-0.3095067360000001;0.0;3.757817711708162e-14;0.3825994870440279;0.0;0.0032875199963726285;0.1141539808644109;0.03139199999997299;0.0;0.0;7.070949665576824e-13;0.0;-0.22177634787893719
2603.0;-0.0009641420063832332;-0.3201537840000001;0.0;0.0;0.431763851955047;0.0;0.00325416685696483;0.12046732478397175;0.0;0.0;0.0;0.0;0.0;-0.23532145587089176
2604.0;-0.0009641774913542846;-0.322462328;0.0;0.0;0.434723011938236;0.0;0.0035110703535882943;0.1195597971103341;0.0;0.0;0.0;0.0;0.0;-0.23532145587089182
2605.0;-0.0009642445053113001;-0.320657456;0.0;0.0;0.4266580864497931;0.0;0.0035380545872470896;0.125792873876247;0.0;0.0;0.0;0.0;0.0;-0.2353214558708918
2606.0;-0.0009642644446818081;-0.3194386800000001;0.0;0.0;0.4116863605975812;0.0;0.003558560815233819;0.13952532334112724;0.0;0.0;0.0;0.0;0.0;-0.23532145587089176
2607.0;-0.0009638490612005068;-0.3156236400000001;0.0;0.0;0.3848699221704741;0.0;0.004164111634625732;0.16192116980615862;0.0;0.0;0.0;0.0;0.0;-0.23532145587089157
2608.0;9.99486901865154;-0.3093384960000001;0.0;0.0;0.34279261629449903;0.0;0.005524199985648424;0.17847339541141097;0.017898203854725032;0.0;0.0;0.0;0.0;-0.23532145036379887
2609.0;48.87070111316248;-0.30093489600000006;0.0;3.7578455486498204e-14;0.2635641845625813;0.0;0.005486399994875423;0.18610076941956824;0.03139199999997299;0.0;0.0;7.07100322238337e-13;0.0;-0.18551404271474653
2610.0;48.87194088343093;-0.293182064;0.0;3.757862533143037e-14;0.18595278796188705;0.0;0.005288759993986502;0.1932208465598546;0.03139199999997299;0.0;0.0;7.071035899660263e-13;0.0;-0.12260165602530594
2611.0;48.873249263760805;-0.28239661600000004;0.0;3.757880570777366e-14;0.10316813971809538;0.0;0.005092200003657727;0.19818639859624682;0.03139199999997299;0.0;0.0;7.071070603133643e-13;0.0;-0.05539594329663342
2612.0;168.32890669501012;-0.26965633600000005;0.0025200000001672452;7.975958860059149e-14;0.040760669143305325;0.0;0.0053989199909026475;0.17433742514536066;0.0313919999999934;6.210112311735121e-14;0.015222072600864498;1.5395280023198935e-12;7.471364879406586e-15;-1.1992806744240015e-8
2613.0;168.32935594913195;-0.261960432;0.0025200000001672465;7.97598774871786e-14;0.010453883246344825;0.0;0.005095439988704187;0.17079827581640242;0.0313919999999934;6.210162739276698e-14;0.04166824460058481;1.5395338499412987e-12;7.471399171300097e-15;-1.1992771837841669e-8
2614.0;168.32950998791634;-0.25909062400000005;0.0025200000001672465;7.975994913085858e-14;0.004004689791350426;0.0;0.004608359987346453;0.1823587024369209;0.0313919999999934;6.210175245342185e-14;0.03416871583719557;1.539535300147938e-12;7.471407675678069e-15;-1.1992763181149911e-8
2615.0;168.32950944179893;-0.25157998400000003;0.002520000000167247;7.975994982623717e-14;0.0038909924892627304;0.0;0.0040467600028752755;0.18187527726985375;0.0313919999999934;6.210175366727062e-14;0.027816923713283898;1.5395353142236568e-12;7.471407758221646e-15;-1.199276309712743e-8
2616.0;168.32946344273162;-0.23591876000000003;0.0025200000001672465;7.975994305118932e-14;0.003714128840696007;0.0;0.004097520007825709;0.1716099529910485;0.0313919999999934;6.210174184078506e-14;0.022550417615595647;1.5395351770833151e-12;7.471406953998527e-15;-1.1992763915753853e-8
2617.0;262.72321717269045;-0.23218542400000003;0.002520000000270488;8.6885095718903e-13;0.0033477689814793124;6.468864112465639e-16;0.0013931999982499256;0.1203012383789064;0.03139199999999494;0.011899999999924984;0.06045557138908232;2.7154024734047263e-11;0.0024848690170335896;-1.5259382430002483e-8
2618.0;260.1312315473213;-0.23029709600000003;0.002520000000267753;7.147035194761042e-13;0.0026087333355466914;6.409027953560067e-16;0.0014947199911933553;0.11941197571779295;0.03139199999999488;0.011899999999920747;0.06045557138908186;1.987135979147657e-11;0.0024848690170096686;-1.5628384032560578e-8
2619.0;271.33611602436946;-0.228221488;0.00252000000027912;3.0679260022514567e-12;0.0020591939002890755;6.675600383748607e-16;0.001518480003300615;0.11196961476837029;0.031391999999995104;0.011899999999936304;0.06045557138908368;0.004493999878360847;0.0024848690170665585;-1.4156693872915667e-8
2620.0;274.73552137556345;-0.226469104;0.0025200000002823437;0.0008540732203051212;0.0020844597316900942;6.760643938799968e-16;0.0014202000081523127;0.10888404961427012;0.03139199999999516;0.011899999999939884;0.06045557138908417;0.004493999961399143;0.0024848690170726335;-1.3767219096139065e-8
2621.0;274.73554255387506;-0.22885208000000007;0.0025200000002823437;0.009655413481362413;0.00247608542232792;6.760643216401288e-16;0.001439639994906776;0.10205044818574656;0.03139199999999516;0.011899999999939884;0.06045557138908417;0.004493999961398922;0.0024848690170726335;-1.3767222268518305e-8
2622.0;335.6861215798151;-0.23829289600000003;0.0025200000003271937;0.01850599999982884;0.010264387035711676;8.722165899639842e-16;0.0014234399892351858;0.09301457606579727;0.031391999999996076;0.011899999999970108;0.06045557138908944;0.004493999997103345;0.0024848690170976226;-9.31550292334901e-9
2623.0;274.7347560521594;-0.25377400000000006;0.0025200000002823433;0.007970599511771688;0.04792363241285591;6.760627900149573e-16;0.00108324000052561;0.0835848017554023;0.03139199999999516;0.011899999999939884;0.06045557138908416;0.004493999961394229;0.0024848690170726326;-1.3767289529655168e-8
2624.0;168.32717001267537;-0.27165979200000007;0.0025200000000932484;9.790319144992802e-14;0.12462544635365265;0.0;0.0009676800050224763;0.08082152041042785;0.031391999999991885;7.600236558597199e-14;0.03136206729298396;1.8895567821352596e-12;9.169469800505592e-15;-2.4872135651214896e-7
2625.0;162.84164381378727;-0.28711081600000005;0.0025200000000738534;9.310796071619978e-14;0.21846404823475313;0.0;0.0009017999877111908;0.07746738523316618;0.03139199999999159;6.815525371391097e-14;2.8148932749053405e-13;1.7927362562124517e-12;8.607759001527468e-15;-0.0431762426028724
2626.0;162.84051181881057;-0.2973977840000001;0.00252000000007385;9.310715886387212e-14;0.2919254745686712;0.0;0.0008002800116983268;0.08082748751559188;0.0313919999999916;6.81540165834851e-14;2.814398604702983e-13;1.7927201044096006e-12;8.607666285524789e-15;-0.1095902679176814
2627.0;162.83982082125482;-0.30633818400000007;0.0025200000000738477;9.31066712948471e-14;0.33706982521767437;0.0;0.000605879991657725;0.08284474296204641;0.03139199999999159;6.815326435370785e-14;2.8140978996371423e-13;1.7927102832577918e-12;8.607609909440499e-15;-0.14760524871879394
2628.0;162.8395437366791;-0.31150770400000005;0.002520000000073847;9.310646364412263e-14;0.35651846961544953;0.0;0.0004946400053236652;0.08843098982294538;0.0313919999999916;6.815294398928678e-14;2.813969850939839e-13;1.7927061005298957e-12;8.60758589947955e-15;-0.16735586659294677
2629.0;162.83955052643262;-0.3123542160000001;0.002520000000073847;9.310644345594937e-14;0.3588871743704117;0.0;0.0003725999981082726;0.09830241191131134;0.0313919999999916;6.815291284297696e-14;2.8139574024080677e-13;1.7927056938775668e-12;8.607583565188787e-15;-0.17863008315683193
2630.0;162.8396463454109;-0.311485672;0.002520000000073847;9.310648527860504e-14;0.3555078229228069;0.0;0.0003348000012715169;0.10820367389860967;0.0313919999999916;6.815297736698739e-14;2.8139831914165874e-13;1.7927065363151122e-12;8.607588401001354e-15;-0.18598698585329146
2631.0;162.84011206275503;-0.30711118400000004;0.002520000000073848;9.31067889982264e-14;0.3284161580941803;0.0;0.00041363999273744936;0.11744843296402709;0.03139199999999159;6.815344594768564e-14;2.814170486845285e-13;1.7927126541685652e-12;8.607623519098047e-15;-0.17260386876759157
2632.0;162.84081657452228;-0.3008344720000001;0.0025200000000738508;9.310728364757658e-14;0.282962296590579;0.0;0.0004384799984045898;0.11677999473853931;0.03139199999999159;6.815420910331032e-14;2.814475574074379e-13;1.7927226179414077e-12;8.607680713898888e-15;-0.1327954114769397
2633.0;162.84191364597237;-0.292915784;0.0025200000000738542;9.310804958110318e-14;0.21248227937897984;0.0;0.00042119999888242277;0.11719776972274606;0.03139199999999159;6.815539081976958e-14;2.8149481066754715e-13;1.7927380462290225e-12;8.607769276761806e-15;-0.07065416454888951
2634.0;162.8431138690731;-0.28477604;0.0025200000000738577;9.310893339366378e-14;0.14184434983714078;0.0;0.00043091999225966277;0.11691129401098328;0.03139199999999159;6.815675443208232e-14;2.815493550741575e-13;1.7927558489822194e-12;8.6078714701185e-15;-0.007895396832748798
2635.0;186.65517073869623;-0.274847088;0.0025200000001469568;1.1835206101367294e-13;0.07106745504025534;0.0;0.00041148000578368076;0.11410623527693074;0.03139199999999273;1.239170402642454e-13;0.06045557138901471;2.307658174656493e-12;1.1739460585651022e-14;-5.8653531651167566e-8
2636.0;342.80675302851137;-0.266322608;0.0025200000003312347;0.01850599999984675;0.023093290964574808;9.021599915624357e-16;0.0003272400132143641;0.11211882082269728;0.03139199999999616;0.011899999999971775;0.06045557138908983;0.004493999997388279;0.002484869017098351;-8.98419864052401e-9
2637.0;418.7666616510759;-0.263443984;0.0025200000003644573;0.01850599999992751;0.006266013171731183;1.3654660412547436e-15;0.0003520800021251393;0.12115469294265228;0.03139199999999688;0.011899999999982263;0.0604555713890925;0.004493999998726007;0.002484869017102227;-6.564419544408395e-9
2638.0;332.80299165525463;-0.25912722400000004;0.002520000000325533;0.0185059999998206;0.004339466477385989;8.608189233230417e-16;0.00036719999725234864;0.12474755605758424;0.03139199999999604;0.011899999999969392;0.06045557138908929;0.00449399999697232;0.0024848690170972973;-9.454386924319685e-9
2639.0;274.7356212914681;-0.25111379200000006;0.0025200000002823437;0.00921739354822005;0.004194186002045855;6.760643282923088e-16;0.0003142800048442406;0.12415073512011879;0.03139199999999516;0.011899999999939884;0.06045557138908417;0.004493999961398942;0.0024848690170726335;-1.3767221976388516e-8
2640.0;273.90370713692295;-0.242203928;0.0025200000002815657;1.3525157240853249e-11;0.004187870074589247;6.739694397561508e-16;0.00028079999941210703;0.12481320624044155;0.031391999999995146;0.011899999999939048;0.06045557138908405;0.004493999953674786;0.002484869017071326;-1.3860158631144395e-8
2641.0;48.85761381780493;-0.273314512;0.0;3.9277156011969473e-14;0.001313841619429663;0.0;0.012561479991710325;0.33180271612414564;0.031391999999971755;0.0;0.0;7.390520898196501e-13;0.0;-0.10385518442899513
2642.0;48.85759385016704;-0.2705936160000001;0.0;3.927715637532108e-14;0.0006632374441854155;0.0;0.01241027998741916;0.32535107939590086;0.031391999999971755;0.0;0.0;7.3905209681005e-13;0.0;-0.09932070596887801
2643.0;48.85760458882125;-0.26817169600000007;0.0;3.927715727693987e-14;0.0003284607581871966;0.0;0.011746079999430982;0.32661037364023976;0.03139199999997175;0.0;0.0;7.390521141564411e-13;0.0;-0.10200345715250043
2644.0;48.85759451931904;-0.26779312000000005;0.0;3.9277156949467626e-14;0.0003221441235392937;0.0;0.01101815998143473;0.32439019835348526;0.03139199999997175;0.0;0.0;7.390521078561165e-13;0.0;-0.09942689098351183
2645.0;48.85759684492385;-0.27481894400000006;0.0;3.927715725236881e-14;0.0003284607581871966;0.0;0.009977040001750783;0.32465279908492684;0.03139199999997175;0.0;0.0;7.390521136836039e-13;0.0;-0.09162891687058387
2646.0;48.85759528592013;-0.29122081600000005;0.0;3.927715703807935e-14;0.0007832520881125319;0.0;0.008034119998288555;0.32514219354371265;0.03139199999997175;0.0;0.0;7.390521095609358e-13;0.0;-0.07422825906496035
2647.0;48.85744779272587;-0.30579129600000005;0.0;3.9277141279737765e-14;0.007428257681234322;0.0;0.007943399992325047;0.3145724900510959;0.031391999999971755;0.0;0.0;7.390518063867302e-13;0.0;-0.055636929308357265
2648.0;48.856706092350834;-0.317287912;0.0;3.927703898111507e-14;0.051650393815474094;0.0;0.008956439985493352;0.30274349559397085;0.031391999999971755;0.0;0.0;7.390498382676269e-13;0.0;-0.07753040958507058
2649.0;48.85502334744389;-0.32895866400000007;0.0;3.9276807648510974e-14;0.1519318725169251;0.0;0.00909899999002325;0.27501518440960676;0.03139199999997175;0.0;0.0;7.390453876696972e-13;0.0;-0.1385185094152374
2650.0;48.85320366327161;-0.33906684000000004;0.0;3.9276542569844733e-14;0.26076595360188687;0.0;0.00937439998876196;0.26374720060601603;0.03139199999997175;0.0;0.0;7.390402878342482e-13;0.0;-0.22621961668956833
2651.0;-0.0009633613466009269;-0.34686335200000007;0.0;0.0;0.3260147307094971;0.0;0.008589753319466181;0.2475904688462258;0.0;0.0;0.0;0.0;0.0;-0.23532145509879374
2652.0;-0.0009617913556198208;-0.35103093600000007;0.0;0.0;0.3332641564823866;0.0;0.008046510666711986;0.24505161456482874;0.0;0.0;0.0;0.0;0.0;-0.23532145509879449
2653.0;-0.0009617059128864702;-0.34757200000000005;0.0;0.0;0.330227419663471;0.0;0.010096451883059842;0.2425794658996779;0.0;0.0;0.0;0.0;0.0;-0.23532145509879449
2654.0;-0.0009616319204930892;-0.34776518400000006;0.0;0.0;0.3223660113415619;0.0;0.011197991563104772;0.24953251061985565;0.0;0.0;0.0;0.0;0.0;-0.2353214550987945
2655.0;2.632923751942707;-0.343571408;0.0;0.0;0.3085885219758015;0.0;0.01204523988480598;0.25845339765384523;0.0;0.0;0.0;0.0;0.0;-0.23532145383102457
2656.0;48.8534535840439;-0.33533384000000005;0.0;3.927659242514228e-14;0.24408395699155117;0.0;0.012048479991068896;0.2465885929142686;0.031391999999971755;0.0;0.0;7.390412469978348e-13;0.0;-0.1987836855010822
2657.0;48.85483683808212;-0.32481048;0.0;3.927680236201301e-14;0.15112335530424936;0.0;0.011913480009627938;0.2320261570111126;0.031391999999971755;0.0;0.0;7.390452859630846e-13;0.0;-0.10166973932915191
2658.0;48.856210940530204;-0.312467704;0.0;3.927750328530813e-14;0.06198426241799029;0.0;0.012792599998027869;0.2119669983169624;0.031391999999971755;0.0;0.0;7.390587709993337e-13;0.0;-0.005480687304375527
2659.0;168.3295274286226;-0.31092828000000006;0.002520000000152519;8.337142873267179e-14;0.013334227628675976;0.0;0.0129999600136283;0.21626411103464968;0.0313919999999931;6.487500478111117e-14;0.034371409517264674;1.6092089655560026e-12;7.8094378833944e-15;-1.2534623126549808e-8
2660.0;168.329777783127;-0.31041068000000005;0.0025200000001525196;8.337154684723902e-14;0.0033477689814538168;0.0;0.013302360005266634;0.2366574899348207;0.0313919999999931;6.487521072781611e-14;0.023135057157849574;1.6092113563445465e-12;7.809451903238212e-15;-1.2534608857696014e-8
2661.0;121.02789013371043;-0.30451655200000005;0.0025199999999260016;5.771536523491601e-14;0.0022360575487876144;0.0;0.013337999997225382;0.25469939318250684;0.031391999999990136;3.251205007750921e-14;2.7782497966052375e-14;1.0975471439866448e-12;4.995428348637816e-15;-1.9688442473910294e-8
2662.0;48.857339603517865;-0.2948551360000001;0.0;3.927715515368679e-14;0.001882330251442693;0.0;0.01293407999199754;0.26374123350085105;0.031391999999971755;0.0;0.0;7.390520733071605e-13;0.0;-0.015170166234735286
2663.0;48.85735714571521;-0.28567466399999997;0.0;3.927714988833928e-14;0.0012506766873336722;0.0;0.013171679993899654;0.27289050139119875;0.031391999999971755;0.0;0.0;7.390519720072106e-13;0.0;-0.03311010392809034
2664.0;48.85739204157732;-0.27679309600000007;0.0;3.927715045313562e-14;0.0006569208095375123;0.0;0.012839039994625498;0.28032092485046156;0.031391999999971755;0.0;0.0;7.390519828733653e-13;0.0;-0.04849854837602919
2665.0;9.885404038150968;-0.25813772800000007;0.0;0.0;0.00010738207922683617;0.0;0.006460559958229478;0.3291050849615106;0.0;0.0;0.0;0.0;0.0;-0.07716620155642794
2666.0;9.885261171892878;-0.19690686400000001;0.0;0.0;0.00012633056878744658;0.0;0.00569375996672531;0.2978555301367905;0.0;0.0;0.0;0.0;0.0;-0.10638869497917565
2667.0;9.885221766660283;-0.19674271200000001;0.0;0.0;0.0001073820792268225;0.0;0.006407639949102599;0.2950862795001085;0.0;0.0;0.0;0.0;0.0;-0.10447782939397095
2668.0;9.88533495857279;-0.24694216800000007;0.0;0.0;0.0001073820792268322;0.0;0.005634359962013895;0.3154498174080702;0.0;0.0;0.0;0.0;0.0;-0.07387547373770871
2669.0;9.885308845871446;-0.24541372;0.0;0.0;0.00010738207922683142;0.0;0.005703479960102529;0.3101500462589341;0.0;0.0;0.0;0.0;0.0;-0.07017121599912798
2670.0;9.885312590997987;-0.24676859200000004;0.0;0.0;0.0001326472034353331;0.0;0.005509079957006205;0.31097962693562886;0.0;0.0;0.0;0.0;0.0;-0.06947729249999975
2671.0;9.884920954083274;-0.25094367200000006;0.0;0.0;0.0006821873458874746;0.0;0.006295319952207418;0.3158556559953932;0.0;0.0;0.0;0.0;0.0;-0.07150142715074115
2672.0;9.884901027394811;-0.25731272800000005;0.0;0.0;0.00905792608083149;0.0;0.007005959953736764;0.31815341786189194;0.0;0.0;0.0;0.0;0.0;-0.07651241616467483
2673.0;9.884109011084538;-0.26784534400000004;0.0;0.0;0.060013500693263444;0.0;0.007977959952271794;0.3116779072466027;0.0;0.0;0.0;0.0;0.0;-0.1114205991530394
2674.0;9.88307274635681;-0.281505536;0.0;0.0;0.1355720193210496;0.0;0.008661599960897054;0.3071540029881846;0.0;0.0;0.0;0.0;0.0;-0.16947556326472496
2675.0;9.881877788760534;-0.29055928;0.0;0.0;0.20340540338913599;0.0;0.008712359948897982;0.3002607184819654;0.0;0.0;0.0;0.0;0.0;-0.22140734648184587
2676.0;-0.0009667564323840941;-0.29569752800000004;0.0;0.0;0.23105363020249706;0.0;0.008807878328555743;0.2911675362404701;0.0;0.0;0.0;0.0;0.0;-0.23532134343564734
2677.0;-0.0009659185954622962;-0.3007000720000001;0.0;0.0;0.23857638631650507;0.0;0.00907137450809628;0.28838372612547614;0.0;0.0;0.0;0.0;0.0;-0.23532134343565295
2678.0;-0.0009650372247795218;-0.29916871200000006;0.0;0.0;0.2112727898334502;0.0;0.010520982685045038;0.3127061585727155;0.0;0.0;0.0;0.0;0.0;-0.2353213434356827
2679.0;9.882006710820598;-0.2942386;0.0;0.0;0.16982664671201056;0.0;0.011482559959135372;0.34640096231069717;0.0;0.0;0.0;0.0;0.0;-0.23307442830801908
2680.0;9.88376040044576;-0.28626522400000004;0.0;0.0;0.09965614176939315;0.0;0.011114279967208382;0.3510919761254874;0.0;0.0;0.0;0.0;0.0;-0.1752144303040414
2681.0;9.885286783227688;-0.28939657600000007;0.0;0.0;0.030035174140461893;0.0;0.01168127995365301;0.38945563989205184;0.0;0.0;0.0;0.0;0.0;-0.14143535782308794
2682.0;9.885825383455986;-0.303653872;0.0;0.0;0.005078502120782778;0.0;0.01209167995077926;0.4268763250249727;0.0;0.0;0.0;0.0;0.0;-0.1400558718474587
2683.0;9.88598992806471;-0.30488790400000004;0.0;0.0;0.0002147620394749806;0.0;0.012322799957096562;0.4601013590003311;0.0;0.0;0.0;0.0;0.0;-0.16742647443023306
2684.0;9.885988540482744;-0.30249568;0.0;0.0;0.0001389645452747672;0.0;0.012040919962772956;0.4601550727863077;0.0;0.0;0.0;0.0;0.0;-0.1695148072043745
2685.0;9.885980844745081;-0.29718813600000005;0.0;0.0;0.0001263305687874728;0.0;0.012130559958176275;0.45813781733985315;0.0;0.0;0.0;0.0;0.0;-0.17288144525604224
2686.0;9.885971622502968;-0.290661032;0.0;0.0;0.00011369800668322042;0.0;0.01182059996039312;0.4563473534341891;0.0;0.0;0.0;0.0;0.0;-0.17729494377683477
2687.0;9.88592244095693;-0.28556638400000006;0.0;0.0;0.0001136980066832199;0.0;0.012046319964741613;0.44435721652585713;0.0;0.0;0.0;0.0;0.0;-0.1706210153824491
2688.0;9.885887800669703;-0.27890631200000005;0.0;0.0;0.00012001464133110279;0.0;0.012148919951314539;0.43702825353338265;0.0;0.0;0.0;0.0;0.0;-0.17005856217251103
2689.0;-0.0014619146357764275;-0.34036175;0.0;0.0;0.0;0.0;0.00948056940855702;0.5058241400470648;0.0;0.0;0.0;0.0;0.0;-0.1749584799207877
2690.0;-0.0014515376591779222;-0.3373424;0.0;0.0;0.0;0.0;0.009293117503809914;0.5067893988374341;0.0;0.0;0.0;0.0;0.0;-0.17875698541740612
2691.0;-0.0014515906508307185;-0.33504432500000003;0.0;0.0;0.0;0.0;0.009358156665597481;0.5058302055361883;0.0;0.0;0.0;0.0;0.0;-0.18016089901533605
2692.0;-0.0014620578259727963;-0.33187735000000007;0.0;0.0;0.0;0.0;0.008898467109106696;0.5018126794957861;0.0;0.0;0.0;0.0;0.0;-0.17884929745483838
2693.0;-0.0014622455929064612;-0.3332566;0.0;0.0;0.0;0.0;0.008480758546292136;0.5084585833596249;0.0;0.0;0.0;0.0;0.0;-0.1836982170098561
2694.0;-0.0014623526566189763;-0.338933;0.0;0.0;0.0;0.0;0.009400564345093277;0.5158843236965642;0.0;0.0;0.0;0.0;0.0;-0.18636734845476166
2695.0;-0.0014173171089283242;-0.353762625;0.0;0.0;0.0;0.0;0.008944472580847204;0.5276626835477304;0.0;0.0;0.0;0.0;0.0;-0.18285504358824003
2696.0;-0.0012191958067746217;-0.3728743;0.0;0.0;0.0031275482215182117;0.0;0.008996427645703171;0.5324012879038388;0.0;0.0;0.0;0.0;0.0;-0.1716526822960921
2697.0;-0.0012165818087178648;-0.38150150000000005;0.0;0.0;0.014136860731227054;0.0;0.0072857284275671145;0.5209379684538707;0.0;0.0;0.0;0.0;0.0;-0.16086149281988024
2698.0;-0.001218483691649812;-0.38778432500000004;0.0;0.0;0.05196013554185693;0.0;0.007280790582409975;0.5130095326156198;0.0;0.0;0.0;0.0;0.0;-0.18446845506566611
2699.0;-0.0012214333935214809;-0.394908625;0.0;0.0;0.09636015746399565;0.0;0.007421732810199236;0.5007818934363384;0.0;0.0;0.0;0.0;0.0;-0.20965730374382147
2700.0;-0.0012214145686511705;-0.39996292499999997;0.0;0.0;0.1145238435907027;0.0;0.007521091971108782;0.4874520580943356;0.0;0.0;0.0;0.0;0.0;-0.20953621483527615
2701.0;-0.001221402348801033;-0.40042055;0.0;0.0;0.12144865237825872;0.0;0.007587345026468583;0.48083967487790324;0.0;0.0;0.0;0.0;0.0;-0.2094572691941169
2702.0;-0.0012213746234585124;-0.397187875;0.0;0.0;0.10820200878072922;0.0;0.0077384921537721205;0.4905226342889436;0.0;0.0;0.0;0.0;0.0;-0.20927740879033865
2703.0;-0.0012214304797002272;-0.3935609750000001;0.0;0.0;0.09661770187074908;0.0;0.007434195927689788;0.4991449167160862;0.0;0.0;0.0;0.0;0.0;-0.20963798468336822
2704.0;-0.0012176921935362793;-0.38730645;0.0;0.0;0.05269794294601894;0.0;0.007552759626777424;0.5024244789490999;0.0;0.0;0.0;0.0;0.0;-0.17537110021283522
2705.0;-0.0012152092105327777;-0.384471475;0.0;0.0;0.015254289193559029;0.0;0.007397879465145652;0.5028823295992648;0.0;0.0;0.0;0.0;0.0;-0.1410655406948666
2706.0;-0.0012147591591956;-0.386435825;0.0;0.0;0.0038737886965329645;0.0;0.0070961480377202514;0.5097649562068686;0.0;0.0;0.0;0.0;0.0;-0.13430161208527308
2707.0;-0.0016443006169584952;-0.38719760000000003;0.0;0.0;0.0;0.0;0.006479569329241748;0.5142984422643679;0.0;0.0;0.0;0.0;0.0;-0.133570361714421
2708.0;-0.0014239261932531084;-0.38187597500000003;0.0;0.0;0.0;0.0;0.005141129558993486;0.5089445627635228;0.0;0.0;0.0;0.0;0.0;-0.13222146609706456
2709.0;-0.0014387115532823532;-0.372762875;0.0;0.0;0.0;0.0;0.005143038480261752;0.49930006250107306;0.0;0.0;0.0;0.0;0.0;-0.13169403038122335
2710.0;-0.0014390491801136184;-0.36137610000000003;0.0;0.0;0.0;0.0;0.0051448487092065264;0.49717043921692256;0.0;0.0;0.0;0.0;0.0;-0.14095295387182535
2711.0;-0.0014391705497545642;-0.352334425;0.0;0.0;0.0;0.0;0.005153777561242137;0.4901350976111889;0.0;0.0;0.0;0.0;0.0;-0.14296820268405383
2712.0;-0.0014393618297819692;-0.34399050000000003;0.0;0.0;0.0;0.0;0.005153606960408619;0.486530107187748;0.0;0.0;0.0;0.0;0.0;-0.1477069449381511
2713.0;49.40589964515358;-0.30342337500000005;0.0;3.849093733103009e-14;0.00012207593252189743;0.0;0.00792809999345094;0.29101123551702124;0.02746799999996973;0.0;0.0;7.257053566043371e-13;0.0;-0.02332951095306693
2714.0;49.40589020541142;-0.29888385;0.0;3.8490935912862453e-14;0.00012207593252189737;0.0;0.009442304990167445;0.29847909453498517;0.02746799999996973;0.0;0.0;7.25705329211424e-13;0.0;-0.036851181665626814
2715.0;49.4059108610277;-0.29945362500000006;0.0;3.849093861683429e-14;0.0001292561130818048;0.0;0.010431764987178313;0.30911988839377313;0.02746799999996973;0.0;0.0;7.25705381440435e-13;0.0;-0.047919336304485735
2716.0;49.40593636468796;-0.30076792500000005;0.0;3.8490941992349554e-14;0.00012207593252189767;0.0;0.011108654996887315;0.3195314593019681;0.027467999999969732;0.0;0.0;7.257054466407755e-13;0.0;-0.05768686180945039
2717.0;49.40595137725251;-0.303537675;0.0;3.849094398830002e-14;0.00011489414403890032;0.0;0.01169963999476226;0.32489408095923555;0.02746799999996973;0.0;0.0;7.257054851940094e-13;0.0;-0.060863839021263286
2718.0;49.40599364236886;-0.311493275;0.0;3.849094961351714e-14;0.0001148941440389006;0.0;0.012059820009164815;0.3394316727130856;0.02746799999996973;0.0;0.0;7.257055938487324e-13;0.0;-0.06780684916443994
2719.0;49.40605261463618;-0.3296246;0.0;3.8490957476826905e-14;0.00017234121624897642;0.0;0.012084659992240305;0.3582460932003424;0.02746799999996973;0.0;0.0;7.257057457338787e-13;0.0;-0.06857336835240817
2720.0;49.40609438961936;-0.35136940000000005;0.0;3.849096302121297e-14;0.003188312105297125;0.0;0.012140550002874157;0.3705517728573766;0.02746799999996973;0.0;0.0;7.257058528274017e-13;0.0;-0.06220695121761102
2721.0;49.406109634414285;-0.36260370000000003;0.0;3.849096486254205e-14;0.017162311013465086;0.0;0.012135374984749434;0.3771690929799851;0.02746799999996973;0.0;0.0;7.257058883939966e-13;0.0;-0.07155941709045018
2722.0;49.40609273395641;-0.368664125;0.0;3.849096216886676e-14;0.05006511900891035;0.0;0.01216849500007208;0.37525688547241937;0.02746799999996973;0.0;0.0;7.257058363638191e-13;0.0;-0.09652314340621528
2723.0;49.40607607884646;-0.37278667500000007;0.0;3.8490959372117004e-14;0.09414138134327282;0.0;0.012158144996298624;0.3737850306323017;0.02746799999996973;0.0;0.0;7.257057823426179e-13;0.0;-0.1349953221248052
2724.0;49.4060774822224;-0.37745587500000005;0.0;3.8490959087223965e-14;0.130555640120131;0.0;0.011945969983894847;0.3775370561375157;0.02746799999996973;0.0;0.0;7.257057768397989e-13;0.0;-0.1702810790810108
2725.0;49.40608155679012;-0.37717330000000004;0.0;3.849095933049948e-14;0.15354882856131913;0.0;0.011861099998418936;0.38206120326524834;0.02746799999996973;0.0;0.0;7.257057815389085e-13;0.0;-0.19799673927941247
2726.0;49.40609404494275;-0.373414225;0.0;3.849096105236236e-14;0.1490033296761633;0.0;0.011485394994594207;0.38630183669119766;0.027467999999969732;0.0;0.0;7.25705814797773e-13;0.0;-0.20107539573291464
2727.0;49.40610669722489;-0.368992825;0.0;3.849096304450287e-14;0.12537822344066435;0.0;0.010828169998549969;0.3877133708072099;0.02746799999996973;0.0;0.0;7.257058532772845e-13;0.0;-0.18262570084871346
2728.0;49.40608499222101;-0.36206385;0.0;3.849096064740656e-14;0.08711129638404089;0.0;0.010811609999007644;0.3767830310637281;0.02746799999996973;0.0;0.0;7.257058069757463e-13;0.0;-0.140339557866445
2729.0;49.40607973647388;-0.35727897500000005;0.0;3.849096049754954e-14;0.04507440471115531;0.0;0.011269079990423847;0.3711248324438541;0.02746799999996973;0.0;0.0;7.257058040812346e-13;0.0;-0.09788575847652016
2730.0;49.406065268987916;-0.35537645;0.0;3.849095900590177e-14;0.014131978155374035;0.0;0.011311514999399799;0.3609485166691622;0.02746799999996973;0.0;0.0;7.257057752689829e-13;0.0;-0.058710932937269464
2731.0;49.406088665524216;-0.356104825;0.0;3.8490962304876576e-14;0.0016587841091894664;0.0;0.011371544985562225;0.3663232037972481;0.02746799999996973;0.0;0.0;7.257058389909448e-13;0.0;-0.050944225184963415
2732.0;49.40609257331473;-0.353010875;0.0;3.84909628315289e-14;0.0004021295050892773;0.0;0.011086919995458288;0.36839827913839507;0.02746799999996973;0.0;0.0;7.257058491636119e-13;0.0;-0.054572040232669754
2733.0;49.40611232345721;-0.34557780000000005;0.0;3.849096543727183e-14;0.00022260810789914527;0.0;0.0103851899864358;0.3774043481134883;0.02746799999996973;0.0;0.0;7.257058994952775e-13;0.0;-0.07013037339413863
2734.0;49.40614195438279;-0.33518970000000003;0.0;3.849096936664429e-14;0.00017952139680888447;0.0;0.00931499999571561;0.3891671302035945;0.02746799999996973;0.0;0.0;7.257059753936481e-13;0.0;-0.09116860182215573
2735.0;49.40612866768618;-0.325330825;0.0;3.84909675920026e-14;0.00012207593252189895;0.0;0.007757324996140999;0.38534271739845843;0.02746799999996973;0.0;0.0;7.25705941115387e-13;0.0;-0.09558769595075543
2736.0;49.406127450642884;-0.315926925;0.0;3.849096742389228e-14;0.00012925611308180625;0.0;0.006521534993759576;0.38564432764897316;0.02746799999996973;0.0;0.0;7.257059378681861e-13;0.0;-0.10406458867085151
2737.0;177.84582675977626;-0.2906073;0.0016800000005625967;1.3201272260218427e-13;0.003920762075189423;0.0;0.006861015004177438;0.1958895354643828;0.02746799999998815;1.0828647769166563e-13;0.054812132089341804;2.5539663798273612e-12;1.3431003787225478e-14;-2.515719468246554e-8
2738.0;177.84581511963478;-0.28472192500000004;0.0016800000005625967;1.3201271175363137e-13;0.0030590567959998477;0.0;0.0072004949947950874;0.19217370305663076;0.02746799999998815;1.0828645664697592e-13;0.05316505667133764;2.5539661592017482e-12;1.343100226797419e-14;-2.5157196900890344e-8
2739.0;177.84580510517833;-0.282856725;0.0016800000005625967;1.320127024229549e-13;0.0023266068263117817;0.0;0.007098029999656704;0.1889766383791677;0.02746799999998815;1.082864385466873e-13;0.05533204450593294;2.553965969445275e-12;1.3431000961287316e-14;-2.5157198808926204e-8
2740.0;177.84579404826414;-0.282392675;0.0016800000005625967;1.3201269210234195e-13;0.001543889964973548;0.0;0.007267770003084529;0.18545986911245457;0.02746799999998815;1.0828641852611182e-13;0.05899796862881658;2.5539657595564663e-12;1.3430999515965294e-14;-2.5157200919393608e-8
2741.0;177.8458033477857;-0.28413207500000004;0.0016800000005625967;1.320127009045308e-13;0.0006606409282580708;0.0;0.007139429998512512;0.1883854844539547;0.02746799999998815;1.0828643560116177e-13;0.058823181942429525;2.553965938565382e-12;1.3431000748642122e-14;-2.515719911942979e-8
2742.0;177.8458306851054;-0.291636675;0.0016800000005625967;1.3201272853836192e-13;0.0005672905413638242;0.0;0.006932429987995461;0.19004433806929072;0.02746799999998815;1.082864892070408e-13;0.0649689324693397;2.553966500551063e-12;1.3431004618540378e-14;-2.515719346857486e-8
2743.0;227.40663620783823;-0.30731097500000004;0.0016800000007223604;2.2217829496081651e-13;0.008380091558011012;7.646010878514754e-16;0.006666435002108963;0.18884996253805975;0.027467999999990864;0.0027165607588166617;0.07097425467853288;4.453921576086787e-12;3.0427038597836905e-14;-1.7636525099372203e-8
2744.0;177.84579315221046;-0.325447875;0.0016800000005625967;1.3201268629706078e-13;0.057676855674968705;0.0;0.0064790999883458334;0.18653963206340046;0.02746799999998815;1.0828640726468109e-13;0.04562794323875105;2.5539656414950455e-12;1.3430998702984077e-14;-2.5157202106519217e-8
2745.0;76.3992064794537;-0.342863275;0.0016799999983654443;7.211212243772061e-14;0.17357631220111697;0.0;0.006116849998317692;0.17927083508142183;0.027467999999969978;0.0;2.3540174758505285e-14;1.3633993686243415e-12;0.0;-0.044829957054243814
2746.0;76.39908975125338;-0.3540669;0.0016799999983654326;7.211208622625513e-14;0.2966279296196353;0.0;0.0058622399931759555;0.16346648160140767;0.027467999999969978;0.0;2.3540148706103027e-14;1.3633986652300669e-12;0.0;-0.14061974380729372
2747.0;76.39901539046062;-0.35821325000000004;0.0016799999983654248;7.21120624711167e-14;0.393038469109645;0.0;0.005616944997925527;0.16520375469957582;0.027467999999969978;0.0;2.354013161544439e-14;1.3633982037952204e-12;0.0;-0.2343770358715238
2748.0;4.458331707916092;-0.3619452;0.0;0.0;0.4556342300346533;0.0;0.005851889873671459;0.17104895209309198;0.0;0.0;0.0;0.0;0.0;-0.2699585827810726
2749.0;0.00028936010498666347;-0.36537655;0.0;0.0;0.4624266148095861;0.0;0.0038552704236857723;0.16904762361207384;0.0;0.0;0.0;0.0;0.0;-0.2699585843846896
2750.0;0.00028936338996313345;-0.36426565;0.0;0.0;0.4586688337217348;0.0;0.004131824785580654;0.1714179498947256;0.0;0.0;0.0;0.0;0.0;-0.2699585843846896
2751.0;0.0002893668912187352;-0.35779755;0.0;0.0;0.4280288298706954;0.0;0.004377729388577687;0.19534394890606874;0.0;0.0;0.0;0.0;0.0;-0.2699585843846896
2752.0;76.39894645492512;-0.348929525;0.001679999998365418;7.211204223098454e-14;0.3716250755562147;0.0;0.006014384986941289;0.20061274573309873;0.027467999999969975;0.0;2.354011705367116e-14;1.3633978106383432e-12;0.0;-0.2580534344369644
2753.0;76.39918484939469;-0.338389225;0.0016799999983654413;7.21121137458796e-14;0.2625259148962615;0.0;0.005646959982887755;0.19410400600787395;0.027467999999969975;0.0;2.3540168505142336e-14;1.3633991997882999e-12;0.0;-0.15261878372093768
2754.0;76.39929360272353;-0.33051342499999997;0.0016799999983654528;7.211214831290679e-14;0.13721949969250735;0.0;0.0054710099836910745;0.1799826337698394;0.027467999999969978;0.0;2.3540193374473158e-14;1.3633998712399612e-12;0.0;-0.02088925525088685
2755.0;267.69412764293634;-0.325630775;0.0016800000007986691;4.999315949719802e-13;0.03978927487205363;8.590405044095571e-16;0.00583739999899816;0.16935993756485024;0.0274679999999923;0.007933333333198721;0.0709742546785545;1.127786076963445e-11;0.0037273035247017794;-1.4256412289806315e-8
2756.0;450.0903643328659;-0.327644525;0.0016800000009517305;0.01801899999989243;0.007985142233168877;1.7391064000123542e-15;0.005902605004116202;0.17166423585660137;0.027467999999995513;0.00793333333330829;0.0709742546785723;0.0029959999981181784;0.003727303525651299;-7.72108287044275e-9
2757.0;419.6359609039311;-0.323759;0.001680000000936687;0.018018999999865105;0.0040428380081945535;1.5161085131370264e-15;0.004902794987005418;0.17651412196648897;0.027467999999995173;0.007933333333304352;0.07097425467857119;0.0029959999976578934;0.003727303525650009;-8.354674916429013e-9
2758.0;315.09097619535225;-0.31647220000000004;0.0016800000008587335;0.018018999998939227;0.0042008172557570014;1.001780861794116e-15;0.004305600009165776;0.17772056075854598;0.027467999999993505;0.007933333333270332;0.07097425467856368;0.002995999986007669;0.003727303525633293;-1.1662571828153707e-8
2759.0;299.9665215893654;-0.307533675;0.001680000000842014;0.005989454278014983;0.004200817255751954;9.517045868498662e-16;0.003744630012403014;0.17870380878292527;0.027467999999993165;0.007933333333257412;0.07097425467856151;0.002995999950776014;0.0037273035256222054;-1.2379767767749478e-8
2760.0;291.8039739156009;-0.29815127500000005;0.0016800000008321515;1.9772341959912393e-12;0.004107465260931685;9.266017676495607e-16;0.0029683799891509206;0.18008518198438508;0.027467999999992963;0.007933333333248;0.07097425467856013;1.3486448397210413e-10;0.0037273035256107515;-1.2804473530641009e-8
2761.0;177.84573580403156;-0.21470697500000002;0.0016800000007766772;8.258990570202283e-14;0.003015970888937391;0.0;0.0036069749978384115;0.16705563816811417;0.027467999999992606;6.857590168169186e-14;0.011906284702169399;1.5981677008047419e-12;8.405126627546896e-15;-1.3334389027627823e-8
2762.0;177.84570281236748;-0.211700425;0.001680000000776677;8.25898864057603e-14;0.0016803262590627684;0.0;0.0038884949900579234;0.15655358451626414;0.027467999999992606;6.857586336116058e-14;0.02045657534918944;1.5981673082388852e-12;8.405123923940991e-15;-1.3334391706224947e-8
2763.0;177.84567718857284;-0.2090611;0.001680000000776677;8.258987140277194e-14;0.0009335143203317973;0.0;0.0038056950085843025;0.1484040888294321;0.027467999999992603;6.857583356666422e-14;0.026796866264286026;1.5981670030158566e-12;8.405121821869875e-15;-1.3334393788855528e-8
2764.0;177.84565214180972;-0.206518275;0.001680000000776677;8.258985672983349e-14;0.00034468243314969115;0.0;0.004084109986681379;0.1404415897078228;0.027467999999992603;6.857580442765033e-14;0.032527451178223615;1.5981667045076735e-12;8.40511976604171e-15;-1.3334395825671884e-8
2765.0;177.84567100334615;-0.20700707499999998;0.0016800000007766772;8.25898678071099e-14;0.00028723536093961657;0.0;0.004410134991879138;0.14642552730985264;0.027467999999992603;6.857582642603404e-14;0.026763374296134984;1.5981669298655867e-12;8.405121318081339e-15;-1.333439428798519e-8
2766.0;177.84566531079633;-0.208631025;0.001680000000776677;8.258986406238896e-14;0.0075471086090118395;0.0;0.004471199988161709;0.14479683460906836;0.027467999999992603;6.857581898938307e-14;0.022695034943710585;1.5981668536820455e-12;8.405120793406493e-15;-1.333439480780694e-8
2767.0;97.18406775631951;-0.21365117499999997;0.0016800000001649512;4.973889774362125e-14;0.03749857296808701;0.0;0.004295249987361654;0.14281827419446486;0.02746799999998572;2.659870307751897e-14;1.8523632119885257e-14;9.431952655856336e-13;0.0;-3.230433279117659e-8
2768.0;49.410942517159796;-0.225662075;0.0;4.0255571311988524e-14;0.11456381270007156;0.0;0.004101704991322367;0.13863796259757255;0.027467999999968344;0.0;0.0;7.589644037548207e-13;0.0;-0.05918747668322824
2769.0;49.41091224768623;-0.24106580000000005;0.0;4.0255565725855286e-14;0.21363846046530896;0.0;0.003858480000074242;0.1395548566099393;0.027467999999968344;0.0;0.0;7.589642958575884e-13;0.0;-0.1435337568885774
2770.0;49.410886463022244;-0.254030875;0.0;4.025556098584138e-14;0.2963909611502485;0.0;0.0035365949866430872;0.1409905194575929;0.027467999999968344;0.0;0.0;7.589642043032737e-13;0.0;-0.21443637946657704
2771.0;49.41082760057338;-0.2626592;0.0;4.0255552030440757e-14;0.3362592252442326;0.0;0.0038522700043053587;0.1473303569563304;0.027467999999968344;0.0;0.0;7.589640313277101e-13;0.0;-0.2523321003034435
2772.0;39.46983523415718;-0.267108325;0.0;3.8722717687395843e-14;0.3524952021180961;0.0;0.003883319997641276;0.1551299871393369;0.027467999999957683;0.0;0.0;7.293844991483501e-13;0.0;-0.2699584798658687
2773.0;9.999789999615624;-0.267580525;0.0;0.0;0.36328806990363605;0.0;0.003871934974334264;0.16951677432007928;0.0008713113327669206;0.0;0.0;0.0;0.0;-0.26995857862454414
2774.0;0.00028931736508616636;-0.266106025;0.0;0.0;0.3555656234489087;0.0;0.0017634945982654337;0.17872987256418435;0.0;0.0;0.0;0.0;0.0;-0.26995858505598835
2775.0;0.00028933331108604453;-0.263593375;0.0;0.0;0.3401302491554001;0.0;0.00228629630216544;0.19112979346042572;0.0;0.0;0.0;0.0;0.0;-0.26995858505598835
2776.0;10.000293983142699;-0.25998252499999996;0.0;0.0;0.3029112026385785;0.0;0.004087214968385823;0.21127766721816035;0.011671556066401493;0.0;0.0;0.0;0.0;-0.2699585786241284
2777.0;49.41111386078178;-0.25480255;0.0;4.0255593498827246e-14;0.23538217609088;0.0;0.00432526500138175;0.21501159728001418;0.027467999999968344;0.0;0.0;7.589648322980709e-13;0.0;-0.22746881768873622
2778.0;49.41118243494808;-0.25177257500000005;0.0;4.025560414457024e-14;0.15741932454897953;0.0;0.004136894994409332;0.22523013723008067;0.027467999999968344;0.0;0.0;7.589650379228669e-13;0.0;-0.1625655753391626
2779.0;49.411201040514484;-0.24469982500000004;0.0;4.025560785760064e-14;0.07571523393682587;0.0;0.0035355599927609817;0.22330586646169204;0.027467999999968344;0.0;0.0;7.589651096408736e-13;0.0;-0.08540713338472185
2780.0;49.411246433205;-0.24358182499999997;0.0;4.0255615148176285e-14;0.019833600273196923;0.0;0.004046849990808709;0.21777434368293525;0.027467999999968344;0.0;0.0;7.589652504597909e-13;0.0;-0.02562251641126768
2781.0;49.411336999198646;-0.24213982499999998;0.0;4.025562853705133e-14;0.006326358927231011;0.0;0.00356143500219463;0.21726160592556099;0.027467999999968344;0.0;0.0;7.58965509068607e-13;0.0;-0.012559800943790654
2782.0;49.411357448399265;-0.24056602500000002;0.0;4.0255631605682185e-14;0.004811192096204712;0.0;0.0035014049997942123;0.21580181545126392;0.027467999999968348;0.0;0.0;7.589655683398202e-13;0.0;-0.011098748275923177
2783.0;49.41129083687289;-0.23756597500000004;0.0;4.025562176303544e-14;0.004818373080726165;0.0;0.003719789991728836;0.21905316866992222;0.027467999999968348;0.0;0.0;7.589653782271423e-13;0.0;-0.017575115573679082
2784.0;49.41126152181128;-0.23218315000000006;0.0;4.025561751894014e-14;0.0048111920962047115;0.0;0.003923684988123435;0.21826898268158276;0.027467999999968344;0.0;0.0;7.589652962516824e-13;0.0;-0.02237012827630776
2785.0;177.84566811437975;-0.234483775;0.0016800000008032724;7.644982597518177e-14;0.0045095955703691095;0.0;0.0007286399943120629;0.14561721369487166;0.027467999999993158;6.357582744255735e-14;0.05450748762670749;1.479414229972045e-12;7.780637820062915e-15;-1.234367395337837e-8
2786.0;177.84566545882157;-0.22914052499999998;0.0016800000008032724;7.644982455905502e-14;0.00397102896691408;0.0;0.0007265700065477728;0.14476064151160828;0.027467999999993158;6.357582462189731e-14;0.0505615087433124;1.4794142011601035e-12;7.780637621633272e-15;-1.234367414997401e-8
2787.0;177.8456656981144;-0.22651130000000003;0.0016800000008032724;7.644982472192074e-14;0.0033319293841202607;0.0;0.0010329299980807425;0.14482096334071165;0.027467999999993158;6.357582494630074e-14;0.048204710397426624;1.4794142044735822e-12;7.780637644451824e-15;-1.234367412736407e-8
2788.0;177.84566740141304;-0.2278659;0.0016800000008032724;7.644982566788417e-14;0.0029369816671327353;0.0;0.0017398350089899337;0.14535179654181907;0.027467999999993158;6.357582683048247e-14;0.04871649549739571;1.4794142237198003e-12;7.780637777004286e-15;-1.234367399603942e-8
2789.0;177.84566494206018;-0.23306165;0.0016800000008032724;7.644982417465676e-14;0.005988856674826601;0.0;0.0019437300053845477;0.14464603003631188;0.027467999999993158;6.357582385624472e-14;0.05136222485469224;1.4794141933393176e-12;7.780637567771212e-15;-1.2343674203338976e-8
2790.0;177.8456361029981;-0.24610292500000003;0.0016800000008032722;7.644980738705854e-14;0.027703847558350196;0.0;0.002233529997375218;0.13602602076748024;0.027467999999993158;6.357579041836026e-14;0.051018814260106765;1.4794138517883777e-12;7.780635215466652e-15;-1.2343676533904084e-8
2791.0;177.84558119506758;-0.258476525;0.0016800000008032722;7.644977427758417e-14;0.09139828384651083;0.0;0.0026382149922800145;0.12016134545836271;0.027467999999993158;6.357572447030025e-14;0.015157679356532327;1.4794131781614381e-12;7.780630576119173e-15;-1.2343681130385441e-8
2792.0;49.41472491703667;-0.28078402500000005;0.0;3.7263815293748765e-14;0.2011868093727185;0.0;0.002825549984484741;0.1117524648013252;0.027467999999970707;0.0;0.0;7.025782258621155e-13;0.0;-0.06243125785933331
2793.0;49.414680862282374;-0.2973928;0.0;3.7263808027190034e-14;0.3261413603547292;0.0;0.00300770999568828;0.10944213432667502;0.027467999999970703;0.0;0.0;7.025780855006291e-13;0.0;-0.1686508434380873
2794.0;49.41207633425497;-0.31182322500000004;0.0;3.72632517088837e-14;0.4349532856536321;0.0;0.003150539995799825;0.11537781446542218;0.0274679999999707;0.0;0.0;7.025673396144554e-13;0.0;-0.26920021953007695
2795.0;0.0002893315052141649;-0.32250902500000006;0.0;0.0;0.480642093370022;0.0;0.0016463731626952967;0.11017352357486193;0.0;0.0;0.0;0.0;0.0;-0.26995858653482707
2796.0;0.00028933916342380395;-0.324820425;0.0;0.0;0.49018491657503854;0.0;0.0018927397957681747;0.10269573264334728;0.0;0.0;0.0;0.0;0.0;-0.26995858653482707
2797.0;0.0002893398303830217;-0.32300134999999996;0.0;0.0;0.4819488257047652;0.0;0.0019186115735198071;0.10908687663420998;0.0;0.0;0.0;0.0;0.0;-0.26995858653482707
2798.0;0.0002893404724704803;-0.32177762500000007;0.0;0.0;0.46659856812466316;0.0;0.0019382799935547532;0.12319374073522252;0.0;0.0;0.0;0.0;0.0;-0.26995858653482707
2799.0;0.0002893526304667902;-0.31794312500000005;0.0;0.0;0.43361849259615415;0.0;0.002518740303366349;0.15175885436137493;0.0;0.0;0.0;0.0;0.0;-0.2699585865348271
2800.0;10.00020776391986;-0.311618725;0.0;0.0;0.3896993587394894;0.0;0.005294024982237849;0.18038679112949468;0.006203676603661462;0.0;0.0;0.0;0.0;-0.2699585806071917
2801.0;49.41491234074707;-0.30317085;0.0;3.7263838205052705e-14;0.29962953934364517;0.0;0.005257799994393981;0.18809593746421738;0.027467999999970703;0.0;0.0;7.025786684186324e-13;0.0;-0.21726888092936888
2802.0;49.41496569841298;-0.295390025;0.0;3.726384621449273e-14;0.2113980254531073;0.0;0.005068394993539411;0.19529234825121614;0.027467999999970703;0.0;0.0;7.025788231297379e-13;0.0;-0.14382419594443713
2803.0;49.41500935242751;-0.28456722500000003;0.0;3.726385304555258e-14;0.11728536724357753;0.0;0.004880025002804985;0.2003111354825943;0.027467999999970703;0.0;0.0;7.025789550790043e-13;0.0;-0.06536346157377779
2804.0;177.8457612859449;-0.27177035;0.0016800000008032724;7.644987446414657e-14;0.046338240300055664;0.0;0.0051739649912099185;0.17620647953305743;0.027467999999993158;6.357592402399119e-14;0.01492815315467325;1.4794152165013511e-12;7.780644614408144e-15;-1.234366722183173e-8
2805.0;177.84575267151138;-0.2640102;0.0016800000008032727;7.644987155051192e-14;0.011884362158899937;0.0;0.004883129989099099;0.17262938733224312;0.027467999999993158;6.357591822053724e-14;0.045490701294370266;1.4794151572222797e-12;7.780644206146044e-15;-1.2343667626320594e-8
2806.0;177.84579005786227;-0.2610906500000001;0.0016800000008032729;7.644989224520406e-14;0.004552679869574735;0.0;0.004416344987791582;0.18431375214951268;0.027467999999993158;6.357595944075016e-14;0.03868468986905274;1.4794155782650697e-12;7.780647105918154e-15;-1.2343664753356197e-8
2807.0;177.84578852792404;-0.2535014;0.0016800000008032727;7.644989142037816e-14;0.004423424560073225;0.0;0.0038781450026660435;0.18382514422877758;0.027467999999993158;6.357595779784668e-14;0.03225153522419296;1.479415561483643e-12;7.780646990343897e-15;-1.2343664867863119e-8
2808.0;177.8457558472296;-0.2377235;0.0016800000008032727;7.644987366971149e-14;0.004222359405357191;0.0;0.003926790007410871;0.17344976641804455;0.027467999999993158;6.357592244161406e-14;0.027002065630948736;1.4794152003384488e-12;7.780644503090959e-15;-1.234366733211993e-8
2809.0;266.9963715293071;-0.23391752500000002;0.0016800000008950415;3.48250168968457e-13;0.0038058679308624827;6.617922587453669e-16;0.0013351499981736356;0.12159097612311037;0.027467999999994528;0.007933333333234763;0.07097425467856204;7.8240307949872e-12;0.0037273035242516035;-1.4804314871309779e-8
2810.0;264.9738407325191;-0.23201347500000002;0.0016800000008927462;3.277253739972923e-13;0.0029657048012750684;6.572085706446285e-16;0.001432439991413923;0.12069217976447226;0.027467999999994483;0.007933333333229486;0.0709742546785616;7.2684752720659555e-12;5.602490864903966e-13;-1.504632439493549e-8
2811.0;293.97226036327584;-0.22993642499999997;0.0016800000009214618;1.908199350812775e-12;0.0023409679914940234;7.278362469292141e-16;0.0014552100031083092;0.11317002999531947;0.02746799999999505;0.007933333333274128;0.07097425467856645;6.356616207479036e-7;0.0037273035256269486;-1.2267277915998789e-8
2812.0;297.93564822708623;-0.22817415;0.0016800000009248826;5.720676171010502e-12;0.0023696911256193055;7.386874833252268e-16;0.0013610250077588332;0.1100513848006888;0.027467999999995118;0.00793333333327743;0.07097425467856694;0.0029959999471568404;0.0037273035256308535;-1.1968479313914146e-8
2813.0;299.9662827332528;-0.23056750000000004;0.0016800000009265816;0.00833805461764658;0.002814905734257505;7.443284450482447e-16;0.0013796549950742948;0.1031445210033819;0.027467999999995156;0.007933333333278975;0.07097425467856716;0.0029959999649489693;0.0037273035256324837;-1.1822333434015505e-8
2814.0;353.3621097856507;-0.2401106;0.0016800000009631838;0.018018999999785696;0.011668935839141732;9.288748981144453e-16;0.0013641299896107503;0.0940117761871743;0.027467999999995916;0.007933333333301878;0.07097425467857141;0.0029959999964689005;0.0037273035256480407;-8.988252404994633e-9
2815.0;299.63523909682687;-0.25574712499999996;0.0016800000009262975;6.760708232992641e-11;0.0544813625848712;7.433735701113637e-16;0.0010381050004528841;0.08448090619388135;0.02746799999999515;0.00793333333327872;0.07097425467856713;0.0029959999628433845;0.0037273035256322235;-1.1846655783737174e-8
2816.0;177.8454566328416;-0.27376482500000004;0.00168000000072794;9.384126098564743e-14;0.14167882917557656;0.0;0.0009273600046512949;0.08168799998139425;0.027467999999991593;7.769951054561706e-14;0.0203510382029531;1.8157722006413062e-12;9.549407965285779e-15;-5.8621009103132725e-8
2817.0;151.41931151609242;-0.289298225;0.0016800000006219702;7.71443549926367e-14;0.24835803181816318;0.0;0.0008642249877453258;0.0782979054507952;0.027467999999990007;5.125270328656806e-14;6.422677990460162e-14;1.4791889761137588e-12;7.357196848191127e-15;-0.06782835534876268
2818.0;151.41929208959698;-0.29963227500000006;0.00168000000062197;7.714434252323632e-14;0.331871705606915;0.0;0.0007669350107316929;0.0816940310593016;0.02746799999999001;5.125268744466346e-14;6.422672155700605e-14;1.4791887270205182e-12;7.357195313839753e-15;-0.14430836788968188
2819.0;151.4192814130817;-0.308622025;0.00168000000062197;7.714433542338922e-14;0.3831934776123836;0.0;0.0005806349915236096;0.08373291330298661;0.02746799999999001;5.125267842456907e-14;6.4226688335002e-14;1.4791885851913032e-12;7.357194440208587e-15;-0.188493942806848
2820.0;151.419285828687;-0.31381702499999997;0.0016800000006219702;7.714433637062249e-14;0.4053034178208179;0.0;0.0004740300046187082;0.08937904976703544;0.02746799999999001;5.125267962798762e-14;6.422669276733137e-14;1.4791886041136801e-12;7.357194556764313e-15;-0.21094904982006757
2821.0;151.41930713808824;-0.31465572500000005;0.0016800000006219702;7.714434577314332e-14;0.4079962492301699;0.0;0.0003570749977024023;0.09935630240068845;0.027467999999990007;5.125269157354195e-14;6.422673676416908e-14;1.4791887919417886e-12;7.357195713738767e-15;-0.22266401692327675
2822.0;151.4193304672258;-0.31377295000000005;0.0016800000006219704;7.714435637804467e-14;0.4041544771805779;0.0;0.0003208500007333682;0.10936371484389533;0.027467999999990007;5.1252705046679154e-14;6.422678638728292e-14;1.479189003789361e-12;7.35719701866465e-15;-0.2296766359746714
2823.0;151.41937963555387;-0.309374025;0.0016800000006219704;7.71443800296062e-14;0.3733556679033411;0.0;0.00039640499255587966;0.1187075860619674;0.02746799999999001;5.125273509510058e-14;6.422689705940447e-14;1.479189476261692e-12;7.357199928976043e-15;-0.21269634559265813
2824.0;151.41940160540736;-0.30305770000000004;0.0016800000006219706;7.714439229508313e-14;0.32168203248009053;0.0;0.0004202099979871985;0.11803198157600966;0.02746799999999001;5.125275067793609e-14;6.422695445304653e-14;1.4791897212814816e-12;7.357201438234926e-15;-0.1666864247988643
2825.0;151.4194278164217;-0.29510565;0.0016800000006219706;7.714440765405562e-14;0.24155773514777154;0.0;0.00040364999844489025;0.11845423548473104;0.02746799999999001;5.125277019094579e-14;6.422702632213867e-14;1.4791900280980736e-12;7.357203328147947e-15;-0.09491855379467042
2826.0;151.41951156420384;-0.28695675;0.0016800000006219713;7.714444947790116e-14;0.161253917222224;0.0;0.0004129649920981901;0.11816468849503932;0.02746799999999001;5.125282332666312e-14;6.422722202874243e-14;1.4791908635866814e-12;7.357208474549063e-15;-0.02248275715446853
2827.0;177.8455673447372;-0.2770088;0.0016800000007279403;9.384133867894997e-14;0.08079211844118807;0.0;0.000394335005174648;0.11532955700219723;0.027467999999991593;7.769966400359561e-14;0.0513723489038547;1.8157737810846378e-12;9.549418849480144e-15;-5.862079336576703e-8
2828.0;329.21608768541404;-0.26843805;0.0016800000009483981;0.018018999999609885;0.026253309588051527;8.360701093446918e-16;0.0003136050124745355;0.11332083567307766;0.027467999999995604;0.00793333333329449;0.07097425467856985;0.0029959999940456458;0.0037273035256442967;-1.0066491603556584e-8
2829.0;439.17275122786873;-0.26552289999999995;0.0016800000010009574;0.018018999999917466;0.0071234361500367525;1.4730241656820488e-15;0.0003374100019644765;0.12245358048929192;0.027467999999996738;0.00793333333331458;0.07097425467857457;0.0029959999985667766;0.0037273035256528858;-6.552924085551392e-9
2830.0;353.57236685364313;-0.26112515000000003;0.0016800000009633228;0.01801899999978668;0.004933266421520133;9.299216960886009e-16;0.0003518999972895052;0.12608496233629632;0.02746799999999592;0.007933333333301939;0.07097425467857141;0.0029959999964835715;0.003727303525648068;-8.978484830748934e-9
2831.0;299.9663538661292;-0.25300445000000005;0.0016800000009265816;0.007561666931783847;0.0047681061894000445;7.443286185626058e-16;0.00030118500458302546;0.12548174294026215;0.027467999999995156;0.007933333333278975;0.07097425467856716;0.0029959999649493297;0.0037273035256324837;-1.1822329029406751e-8
2832.0;294.3843700068719;-0.24401392500000002;0.0016800000009218508;2.0613153186860977e-12;0.004760926008838729;7.2903794095409895e-16;0.0002690999993559669;0.12615131634830704;0.02746799999999506;0.007933333333274516;0.07097425467856651;0.0029959995568635653;0.003727303525627442;-1.2232975815172031e-8
2833.0;49.40995125146003;-0.27523695;0.0;3.8949968781432593e-14;0.0014936238770761976;0.0;0.012038084991419336;0.33535994040862477;0.02746799999996937;0.0;0.0;7.343572404716485e-13;0.0;-0.10123673578953057
2834.0;49.4099319712379;-0.2725096;0.0;3.894996619204466e-14;0.0007539929228666801;0.0;0.011893184987304996;0.32883913631757933;0.02746799999996937;0.0;0.0;7.343571904561728e-13;0.0;-0.09655835597311968
2835.0;49.40993530397967;-0.27007760000000003;0.0;3.89499666448489e-14;0.00037340637096051514;0.0;0.01125665999880766;0.33011193133165156;0.02746799999996937;0.0;0.0;7.343571992022636e-13;0.0;-0.0992461004980272
2836.0;49.40992890636904;-0.26969250000000006;0.0;3.8949965783289e-14;0.0003662253864390626;0.0;0.010559069981551757;0.32786795376401734;0.02746799999996937;0.0;0.0;7.343571825608372e-13;0.0;-0.09668232403462436
2837.0;49.40993196175067;-0.276774275;0.0;3.894996620144374e-14;0.00037340637096051514;0.0;0.00956133000100773;0.3281333698120721;0.02746799999996937;0.0;0.0;7.343571906376355e-13;0.0;-0.08887544906970953
2838.0;49.40993969924266;-0.29327172500000004;0.0;3.894996725719116e-14;0.0008904300208511869;0.0;0.007699364997664422;0.32862801102071526;0.02746799999996937;0.0;0.0;7.343572110300158e-13;0.0;-0.07152781344877836
2839.0;49.40991545762151;-0.308019725;0.0;3.8949963921822023e-14;0.008444718810533687;0.0;0.0076124249919482185;0.3179449907765573;0.02746799999996937;0.0;0.0;7.343571466055707e-13;0.0;-0.05356376189344721
2840.0;49.40986005355532;-0.319615825;0.0;3.894995575811968e-14;0.058718083155101235;0.0;0.008583254985414453;0.3059891788333204;0.027467999999969375;0.0;0.0;7.343569889190966e-13;0.0;-0.08125614327311917
2841.0;49.409745243477694;-0.3313316500000001;0.0;3.894993876966238e-14;0.17272178710251357;0.0;0.008719874989757613;0.277963595152019;0.02746799999996937;0.0;0.0;7.343566607773748e-13;0.0;-0.15565538328229542
2842.0;49.409565813759684;-0.341462625;0.0;3.894991306141158e-14;0.29644840661454835;0.0;0.00898379998855263;0.26657480840235376;0.02746799999996937;0.0;0.0;7.343561642082386e-13;0.0;-0.25812612373180754
2843.0;0.00028936968808604586;-0.34928457500000004;0.0;0.0;0.35967776184138855;0.0;0.006761606031967259;0.25279816622548357;0.0;0.0;0.0;0.0;0.0;-0.26995858569770126
2844.0;0.0002893656306919198;-0.35347447500000007;0.0;0.0;0.3830809395661428;0.0;0.006539044341921365;0.23380745059941188;0.0;0.0;0.0;0.0;0.0;-0.26995858569770126
2845.0;0.00028937209236377573;-0.34999399999999997;0.0;0.0;0.3793753123936287;0.0;0.008446187809407747;0.23212545843391277;0.0;0.0;0.0;0.0;0.0;-0.26995858569770126
2846.0;0.00028937349624910615;-0.35018465000000004;0.0;0.0;0.3709426657912075;0.0;0.009420032186593992;0.2397749105220438;0.0;0.0;0.0;0.0;0.0;-0.26995858569770126
2847.0;0.00010611192434993365;-0.345954425;0.0;0.0;0.35074645492070045;0.0;0.009902962323031674;0.2552587235596983;0.0;0.0;0.0;0.0;0.0;-0.2699585856978142
2848.0;49.409615008615084;-0.33767362500000003;0.0;3.894991980029653e-14;0.27748369421258684;0.0;0.011546459990798293;0.24923224496521035;0.02746799999996937;0.0;0.0;7.343562943735865e-13;0.0;-0.22817047778777974
2849.0;49.40961617490923;-0.327122125;0.0;3.8949921378553506e-14;0.1718026347511139;0.0;0.011417085008582135;0.2345136866190524;0.02746799999996937;0.0;0.0;7.343563248585008e-13;0.0;-0.11819050384189475
2850.0;49.40976325516627;-0.314766525;0.0;3.894994342195717e-14;0.07046600821611919;0.0;0.012259574997476399;0.21423947565749854;0.02746799999996937;0.0;0.0;7.343567506390712e-13;0.0;-0.009776877375700392
2851.0;177.84589724014958;-0.3132695;0.0016800000007882792;7.991158095082327e-14;0.01515884447090801;0.0;0.012458295013081391;0.21858265729798732;0.027467999999992845;6.639680102118069e-14;0.03794423680356567;1.5463673002001685e-12;8.132728701999015e-15;-1.2901988131743526e-8
2852.0;177.8459630703756;-0.312726875;0.0016800000007882792;7.991161895696937e-14;0.003805867930839123;0.0;0.012748095005072072;0.23919467160751784;0.027467999999992845;6.639687659593636e-14;0.0278517482657032;1.5463680734237897e-12;8.132734027239164e-15;-1.290198285598848e-8
2853.0;87.57093733313242;-0.3067367;0.0016799999999546611;4.593620375153381e-14;0.002542033146068417;0.0;0.012782249996109602;0.25743000032536045;0.027467999999984456;0.0;1.6004911925182066e-14;8.698933049781595e-13;0.0;-3.829107527065346e-8
2854.0;49.409901973568864;-0.2969506;0.0;3.8949963014466284e-14;0.0021399028364683785;0.0;0.01239515999169944;0.26656877732444123;0.02746799999996937;0.0;0.0;7.343571290793713e-13;0.0;-0.011732991795760608
2855.0;49.40981419033898;-0.28766614999999995;0.0;3.894995046536818e-14;0.0014218156397847624;0.0;0.01262285999352539;0.2758161336159478;0.027467999999969375;0.0;0.0;7.343568866865005e-13;0.0;-0.02977368212834316
2856.0;49.40981402700799;-0.27873347500000006;0.0;3.894995035489837e-14;0.0007468119383452268;0.0;0.012304079994216654;0.2833262179142841;0.027467999999969375;0.0;0.0;7.343568845527881e-13;0.0;-0.045222823185982315
2857.0;7.81868660131187;-0.259964175;0.0;0.0;0.00012207592929593336;0.0;0.006191369940532635;0.3326333882073987;0.0;0.0;0.0;0.0;0.0;-0.07807587911473236
2858.0;7.818574519971814;-0.19835865000000003;0.0;0.0;0.00014361727493703325;0.0;0.005456519948664881;0.3010488099790116;0.0;0.0;0.0;0.0;0.0;-0.10738145291984975
2859.0;7.818566386240834;-0.19818495;0.0;0.0;0.0001220759292958852;0.0;0.0061406549317848105;0.2982498704786286;0.0;0.0;0.0;0.0;0.0;-0.10541864551745408
2860.0;7.818644953811308;-0.248721925;0.0;0.0;0.00012207592929591672;0.0;0.005399594944149578;0.3188317238736074;0.0;0.0;0.0;0.0;0.0;-0.07472387643327004
2861.0;7.818630339151945;-0.2471815;0.0;0.0;0.0001220759292959109;0.0;0.005465834942318551;0.3134751343992504;0.0;0.0;0.0;0.0;0.0;-0.0709736549469961
2862.0;7.81863342080998;-0.24854707499999998;0.0;0.0;0.0001507982594584841;0.0;0.005279534939349064;0.31431360892878507;0.0;0.0;0.0;0.0;0.0;-0.07028903343447054
2863.0;7.81864759532729;-0.25275582500000005;0.0;0.0;0.0007755358732091238;0.0;0.006033014934760562;0.31924191341650815;0.0;0.0;0.0;0.0;0.0;-0.07238710038272794
2864.0;7.818650675089358;-0.259189925;0.0;0.0;0.01029738628311551;0.0;0.00671404493623446;0.32156430936197683;0.0;0.0;0.0;0.0;0.0;-0.07847856220255432
2865.0;7.818609027813969;-0.26978965;0.0;0.0;0.06822557320066581;0.0;0.007645544934844986;0.3150193754342922;0.0;0.0;0.0;0.0;0.0;-0.12019413009525957
2866.0;7.8185642472525325;-0.28353135;0.0;0.0;0.15412329928019328;0.0;0.008300699943123465;0.31044697084327677;0.0;0.0;0.0;0.0;0.0;-0.18843402347132815
2867.0;7.818434194785495;-0.29263274999999994;0.0;0.0;0.23123880590402385;0.0;0.008349344931629251;0.3034797841118685;0.0;0.0;0.0;0.0;0.0;-0.24952942620230142
2868.0;0.00028727310792107767;-0.29779855000000005;0.0;0.0;0.2616091963284637;0.0;0.006964923892020332;0.29917747775586956;0.0;0.0;0.0;0.0;0.0;-0.2699584250635186
2869.0;0.0002872736596922695;-0.30282670000000006;0.0;0.0;0.27088150942755773;0.0;0.007218421682489795;0.2946798167457914;0.0;0.0;0.0;0.0;0.0;-0.26995842506351864
2870.0;0.0002872776490491747;-0.30129170000000005;0.0;0.0;0.23958210344792857;0.0;0.008637649387457303;0.32302499455586237;0.0;0.0;0.0;0.0;0.0;-0.2699584250635187
2871.0;7.818512762294738;-0.296335625;0.0;0.0;0.19306523003825624;0.0;0.011004119941475148;0.35011469295647746;0.0;0.0;0.0;0.0;0.0;-0.25694373777820395
2872.0;7.818706932667349;-0.288313025;0.0;0.0;0.11329279773164244;0.0;0.010651184949201392;0.35485599866898243;0.0;0.0;0.0;0.0;0.0;-0.18958324121711365
2873.0;7.818851425132905;-0.29147247500000006;0.0;0.0;0.03414509982293337;0.0;0.011194559936214165;0.39363095550145777;0.0;0.0;0.0;0.0;0.0;-0.14659541997615966
2874.0;7.818974268337979;-0.305843325;0.0;0.0;0.005773429547562658;0.0;0.011587859933463871;0.4314528241191066;0.0;0.0;0.0;0.0;0.0;-0.14206981965585377
2875.0;7.819071771351872;-0.30708715000000003;0.0;0.0;0.00024414945031426297;0.0;0.011809349939521435;0.46503406041580403;0.0;0.0;0.0;0.0;0.0;-0.16910125684071456
2876.0;7.819071173285885;-0.304664;0.0;0.0;0.00015798004794163436;0.0;0.011539214944957766;0.465088350061997;0.0;0.0;0.0;0.0;0.0;-0.17122238398253387
2877.0;7.8190634672269095;-0.29931160000000007;0.0;0.0;0.0001436172749372287;0.0;0.011625119940553688;0.4630494678183119;0.0;0.0;0.0;0.0;0.0;-0.17460730410220046
2878.0;7.819055985721576;-0.29272095;0.0;0.0;0.00012925610985593558;0.0;0.011328074942674226;0.4612398085252197;0.0;0.0;0.0;0.0;0.0;-0.17907675635043382
2879.0;7.81902042365942;-0.287583525;0.0;0.0;0.00012925610985592138;0.0;0.011544389946844131;0.44912112653840597;0.0;0.0;0.0;0.0;0.0;-0.17231111366479565
2880.0;7.818997291020705;-0.28088195;0.0;0.0;0.0001364370943773255;0.0;0.011642714933977678;0.4417135904545432;0.0;0.0;0.0;0.0;0.0;-0.17171021280424442
2881.0;0.0008904785162641456;-0.34277402;0.0;0.0;0.0001366581785485779;0.0;0.006130876455592119;0.49791530864794986;0.0;0.0;0.0;0.0;0.0;-0.1614138764887238
2882.0;0.0008901660235909486;-0.339734216;0.0;0.0;0.00012855697910251648;0.0;0.005951491801415215;0.49822492915961025;0.0;0.0;0.0;0.0;0.0;-0.1645758900808716
2883.0;0.0008901427131293457;-0.337420538;0.0;0.0;0.00012855701641028126;0.0;0.006013939650600045;0.4968006115006284;0.0;0.0;0.0;0.0;0.0;-0.16552769610224274
2884.0;0.0008903944849599754;-0.33423440400000004;0.0;0.0;0.00013665832039420344;0.0;0.005573954565358607;0.49325746052350056;0.0;0.0;0.0;0.0;0.0;-0.16473871452569291
2885.0;0.0008903267504391504;-0.33562422399999997;0.0;0.0;0.0001366584348717325;0.0;0.005174849582144626;0.4977153706435382;0.0;0.0;0.0;0.0;0.0;-0.1674076932521943
2886.0;0.0008901247317984328;-0.34133595999999994;0.0;0.0;0.00013665875504292863;0.0;0.006054466640584417;0.5106715026106886;0.0;0.0;0.0;0.0;0.0;-0.1755316875800128
2887.0;0.000892586833533903;-0.35627853;0.0;0.0;0.00017718191073577157;0.0;0.0056086772449114464;0.5168300929675798;0.0;0.0;0.0;0.0;0.0;-0.1663422469895918
2888.0;0.0007277579235404517;-0.37557067199999994;0.0;0.0;0.0005453582362335785;0.0;0.006711943731206336;0.5271127296318433;0.0;0.0;0.0;0.0;0.0;-0.15880783284338998
2889.0;0.0007280023002914519;-0.38431928;0.0;0.0;0.014063255036421378;0.0;0.0048291746983405714;0.5189014951857863;0.0;0.0;0.0;0.0;0.0;-0.15348313514025297
2890.0;0.0007266247519669933;-0.39064017799999995;0.0;0.0;0.055894815584719;0.0;0.004824633018623566;0.510996521732419;0.0;0.0;0.0;0.0;0.0;-0.18108418202526952
2891.0;0.0007235441306113775;-0.39776921;0.0;0.0;0.11726137212953334;0.0;0.00495848892177326;0.5042526976511739;0.0;0.0;0.0;0.0;0.0;-0.2287115136831056
2892.0;0.0007209039075822811;-0.402835242;0.0;0.0;0.15517666287370493;0.0;0.005050125937688345;0.49479334972403194;0.0;0.0;0.0;0.0;0.0;-0.2521928689844738
2893.0;0.0007208160257011528;-0.40327841200000003;0.0;0.0;0.16499987799143098;0.0;0.005113360590676621;0.4859474036030448;0.0;0.0;0.0;0.0;0.0;-0.25279019623081117
2894.0;0.0007210427810076975;-0.40000807;0.0;0.0;0.14572025707999708;0.0;0.005258214136080382;0.500267165216349;0.0;0.0;0.0;0.0;0.0;-0.2512455490030539
2895.0;0.0007240036550147632;-0.39636305400000005;0.0;0.0;0.1081228643377491;0.0;0.004970939571863948;0.5064629723224461;0.0;0.0;0.0;0.0;0.0;-0.22320192072827225
2896.0;0.0007269424863126864;-0.39007994799999995;0.0;0.0;0.05669945792133813;0.0;0.005084376142895027;0.5031939126485314;0.0;0.0;0.0;0.0;0.0;-0.17490621158463293
2897.0;0.0007289491595953015;-0.387252414;0.0;0.0;0.015295989559030838;0.0;0.004936205260117663;0.5019694893555644;0.0;0.0;0.0;0.0;0.0;-0.1349578294758562
2898.0;0.0007295006999079934;-0.38927613799999994;0.0;0.0;0.001711365795525775;0.0;0.004819528419861801;0.5077011791992423;0.0;0.0;0.0;0.0;0.0;-0.12496453521280602
2899.0;0.00093418168444657;-0.3900552239999999;0.0;0.0;0.0004844812033480267;0.0;0.0031574903512236706;0.5102061006242495;0.0;0.0;0.0;0.0;0.0;-0.1237998668436267
2900.0;0.0008933221636506872;-0.384688134;0.0;0.0;0.00016907524355495266;0.0;0.0010842042919663626;0.5015248891710392;0.0;0.0;0.0;0.0;0.0;-0.11809497840760447
2901.0;0.0008922384714651822;-0.37547106999999996;0.0;0.0;0.00015286462508053768;0.0;0.0007940330840078956;0.4919243964224723;0.0;0.0;0.0;0.0;0.0;-0.11740523752761386
2902.0;0.0008919403444951165;-0.36395946399999995;0.0;0.0;0.00015286523384974054;0.0;0.0006748078920052267;0.48972407191490436;0.0;0.0;0.0;0.0;0.0;-0.12659726374749605
2903.0;0.000891896660336436;-0.35482664199999997;0.0;0.0;0.00015286497423205932;0.0;0.0014224505182990354;0.48413011786962207;0.0;0.0;0.0;0.0;0.0;-0.13088377661757608
2904.0;0.0008917470572589372;-0.34641516;0.0;0.0;0.0001528651630812518;0.0;0.001867217852990843;0.481341961631683;0.0;0.0;0.0;0.0;0.0;-0.13695185685461134
2905.0;50.04944074565821;-0.30569743;0.0037799989145892257;3.8206921066710484e-14;0.00013809414786035299;0.0;0.007583399992993114;0.29563847895680695;0.023543999999967258;0.0;0.0;7.217770256961687e-13;0.0;-0.025052069297604618
2906.0;50.049382398398606;-0.301129604;0.0037799989125322127;3.8206911385681016e-14;0.00013809414786035242;0.0;0.009031769989874747;0.3032250811620872;0.023543999999967258;0.0;0.0;7.217768379613248e-13;0.0;-0.03865565165579558
2907.0;50.04932576899464;-0.30172621;0.003779998910047078;3.820689974346367e-14;0.00014621647709672057;0.0;0.009978209987030185;0.3140350696689436;0.023543999999967258;0.0;0.0;7.217766121948877e-13;0.0;-0.04982571010343593
2908.0;50.04927461032569;-0.303061762;0.0037799989076770855;3.8206888695002866e-14;0.00013809414786035106;0.0;0.010625669996327048;0.32461219045048717;0.023543999999967258;0.0;0.0;7.217763979427014e-13;0.0;-0.059708845795353016
2909.0;50.04924985935097;-0.305857342;0.003779998906479447;3.820688313189619e-14;0.00012996999971697575;0.0;0.01119095999430311;0.3300600808288732;0.023543999999967258;0.0;0.0;7.217762900627365e-13;0.0;-0.06291953172723487
2910.0;50.04918440962025;-0.313850126;0.0037799989032485993;3.8206868191099855e-14;0.00012996999971697483;0.0;0.011535480008084773;0.34482882852401836;0.023543999999967258;0.0;0.0;7.217760003302158e-13;0.0;-0.07004335354972066
2911.0;50.04910443291923;-0.33211626399999994;0.003779998899127576;3.8206849273793073e-14;0.0001949549997824471;0.0;0.01155923999189645;0.363942408951332;0.023543999999967258;0.0;0.0;7.217756334850233e-13;0.0;-0.07098401937919396
2912.0;50.04910213190082;-0.35404037600000005;0.0037799988977770035;3.820684310797021e-14;0.003606667048492988;0.0;0.011612700002068778;0.3764437558834253;0.023543999999967258;0.0;0.0;7.217755139172031e-13;0.0;-0.06503000477036051
2913.0;50.049290988850316;-0.365395888;0.003779998902372983;3.8206864158759966e-14;0.019414266722875478;0.0;0.011607749984732027;0.3831662951432672;0.023543999999967258;0.0;0.0;7.217759221348679e-13;0.0;-0.076203631567025
2914.0;50.0498137172127;-0.37151112999999997;0.003779998916832473;3.820693167093612e-14;0.05663442255465083;0.0;0.011639429999389035;0.3812236824534783;0.023543999999967258;0.0;0.0;7.21777231333786e-13;0.0;-0.10540285533480388
2915.0;50.05051395840244;-0.375631902;0.003779998935440433;3.8207021532252476e-14;0.10649415953498027;0.0;0.011629529995779587;0.3797284242879146;0.02354399999996726;0.0;0.0;7.217789739284025e-13;0.0;-0.1496440378172145
2916.0;50.05107193847802;-0.38030351;0.0037799989493249447;3.820709087858491e-14;0.1476865217905323;0.0;0.011426579983912041;0.3835401091233744;0.02354399999996726;0.0;0.0;7.217803186956732e-13;0.0;-0.1897807935693997
2917.0;50.051412708177544;-0.379991472;0.0037799989574372654;3.820713234208708e-14;0.1736967655657404;0.0;0.011345399997803438;0.3881361927523911;0.023543999999967258;0.0;0.0;7.217811227579318e-13;0.0;-0.22062296529465958
2918.0;50.051321555051054;-0.376193554;0.003779998954804483;3.820711880749415e-14;0.16855482823133172;0.0;0.010986029994139434;0.3924442546512168;0.02354399999996726;0.0;0.0;7.21780860294454e-13;0.0;-0.22322780988263266
2919.0;50.05094378831057;-0.37174465799999995;0.003779998945177453;3.820706995229351e-14;0.14182974945540341;0.0;0.010357379997913438;0.39387823295900315;0.02354399999996726;0.0;0.0;7.21779912892135e-13;0.0;-0.20175320736591
2920.0;50.050388477130994;-0.364775244;0.003779998931914974;3.8207004241819724e-14;0.09854162072037655;0.0;0.010341539998350902;0.38277409462392104;0.023543999999967258;0.0;0.0;7.217786386314649e-13;0.0;-0.15430524911398955
2921.0;50.04975200358822;-0.359981654;0.0037799989155885136;3.820692578478916e-14;0.050988850787644625;0.0;0.010779119990146992;0.37702592744184243;0.023543999999967258;0.0;0.0;7.217771171893755e-13;0.0;-0.10622679681343945
2922.0;50.04931786889526;-0.358116628;0.0037799989047010616;3.8206874896058687e-14;0.015986308196785197;0.0;0.010819709998733263;0.36668780248364585;0.023543999999967258;0.0;0.0;7.217761303530819e-13;0.0;-0.06278419365844444
2923.0;50.04910237989479;-0.358870378;0.0037799988981525247;3.820684482068119e-14;0.0018764417627948535;0.0;0.010877129985498174;0.3721479501806688;0.023543999999967258;0.0;0.0;7.217755471300557e-13;0.0;-0.053437358968799455
2924.0;50.049071351605946;-0.35574118999999993;0.0037799988970991195;3.820684001940947e-14;0.0004548950000443374;0.0;0.01060487999495976;0.3742560203948225;0.023543999999967258;0.0;0.0;7.217754540236399e-13;0.0;-0.056981002358107984
2925.0;50.049022561269716;-0.348217192;0.003779998894885582;3.820682996324794e-14;0.0002518176706115505;0.0;0.009933659986319173;0.3834052909666144;0.023543999999967258;0.0;0.0;7.217752590141562e-13;0.0;-0.07278180755981445
2926.0;50.048965147082534;-0.337723448;0.0037799988921230787;3.820681747510069e-14;0.00020307732901881417;0.0;0.008909999995179678;0.39535510795303125;0.023543999999967258;0.0;0.0;7.217750168434868e-13;0.0;-0.0941555241286209
2927.0;50.04897955455263;-0.32778109799999994;0.0037799988929355455;3.820682114081337e-14;0.000138094147860347;0.0;0.007420049995563559;0.3914698848185889;0.023543999999967258;0.0;0.0;7.217750879292172e-13;0.0;-0.09865675474536224
2928.0;50.0489765579353;-0.318297202;0.003779998892838871;3.8206820704322923e-14;0.00014621647709671582;0.0;0.006237989993267416;0.39177629084288396;0.023543999999967258;0.0;0.0;7.21775079464678e-13;0.0;-0.10727312312208687
2929.0;188.31287959337755;-0.292702232;0.0037800000005547355;1.2721066015938643e-13;0.004435225572194458;0.0;0.006562710003843005;0.19900429000741893;0.023543999999987755;1.0802621428996324e-13;0.05536191900323354;2.467043275458561e-12;1.3956170779277286e-14;-2.1903668640806506e-8
2930.0;188.31288189846813;-0.286766282;0.0037800000005547355;1.272106736695109e-13;0.0034604514806658776;0.0;0.0068874299948736015;0.1952293737601663;0.023543999999987755;1.0802624244595052e-13;0.05385198497650557;2.467043551547461e-12;1.3956172979233596e-14;-2.190366651468526e-8
2931.0;188.31288402516861;-0.28488775399999994;0.0037800000005547355;1.2721068541394724e-13;0.0026318929571944824;0.0;0.00678941999952233;0.19198147394388435;0.023543999999987755;1.0802626692212145e-13;0.056148823296290375;2.4670437915539158e-12;1.3956174891667094e-14;-2.1903664666435813e-8
2932.0;188.31288673224122;-0.284428702;0.0037800000005547355;1.2721069864180762e-13;0.0017464717628939835;0.0;0.006951780002803628;0.18840878605433953;0.023543999999987755;1.0802629448985407e-13;0.05998650391783459;2.467044061875299e-12;1.395617704565995e-14;-2.1903662584736698e-8
2933.0;188.31285993532074;-0.286179918;0.0037800000005547355;1.272106670077359e-13;0.0007473270458422846;0.0;0.0068290199984284965;0.19138092033649928;0.023543999999987755;1.0802622856237017e-13;0.05988695486241109;2.4670434154096622e-12;1.3956171894445999e-14;-2.190366756306527e-8
2934.0;188.31285126008052;-0.29373598199999995;0.0037800000005547355;1.2721065454957677e-13;0.0006417276712344591;0.0;0.006631019988365649;0.1930661506637018;0.023543999999987755;1.0802620259878633e-13;0.06606100916331238;2.4670431608179454e-12;1.3956169865790393e-14;-2.1903669523636495e-8
2935.0;195.24302737986488;-0.309565654;0.0037800000005825526;1.3388440901822389e-13;0.009479686770691725;0.0;0.006376590001332148;0.19185278388516047;0.023543999999988217;1.2309560476839779e-13;0.07624172296025442;2.603811164204792e-12;1.5071231040535856e-14;-2.0950394912307644e-8
2936.0;188.31377999368667;-0.32789146999999996;0.003780000000554739;1.2721144605846323e-13;0.06524493460882921;0.0;0.0061973999886941016;0.18950571784765818;0.023543999999987755;1.0802785216895548e-13;0.03959765649589545;2.4670593358831832e-12;1.3956298753488454e-14;-2.1903544963425117e-8
2937.0;50.05862231462105;-0.345413046;0.0037799984701060536;6.386927101918946e-14;0.19635215905333583;0.0;0.005850899993289937;0.18212134287739712;0.02354399999994524;0.0;0.0;1.2063212514243686e-12;0.0;-0.06614479684511701
2938.0;50.060619466359825;-0.35664029599999997;0.0037799985272720642;6.386966089994514e-14;0.33555001646122834;0.0;0.005607359988368427;0.16606569122729473;0.023543999999945244;0.0;0.0;1.2063288092321776e-12;0.0;-0.17785205138763893
2939.0;50.062233702967;-0.36078862;0.00377999856959791;6.386997143699847e-14;0.44461108213502853;0.0;0.005372729992908221;0.16783058795151412;0.023543999999945244;0.0;0.0;1.2063348289704295e-12;0.0;-0.284326178360103
2940.0;-0.0016045722438173405;-0.364522208;0.0;0.0;0.5066558150018545;0.0;0.003924332784505802;0.1715952588624243;0.0;0.0;0.0;0.0;0.0;-0.31765239453963157
2941.0;-0.0016044383686098585;-0.36795917199999995;0.0;0.0;0.5289795751031952;0.0;0.003696993488723105;0.1529358000023552;0.0;0.0;0.0;0.0;0.0;-0.3176523945396314
2942.0;-0.0016044393418074919;-0.366841356;0.0;0.0;0.5164132507052256;0.0;0.003958917521636623;0.16412238418382508;0.0;0.0;0.0;0.0;0.0;-0.3176523945396314
2943.0;-0.0016044349349946124;-0.360323052;0.0;0.0;0.4886950159309344;0.0;0.00420268569725522;0.18507854621803038;0.0;0.0;0.0;0.0;0.0;-0.3176523945396314
2944.0;50.06154428583561;-0.351391586;0.003779998548964269;6.386981758835964e-14;0.42038792631634764;0.0;0.005752889982407247;0.20380260199402297;0.02354399999994524;0.0;0.0;1.2063318466255317e-12;0.0;-0.3058473349468761
2945.0;50.05995145800728;-0.340799234;0.0037799985052418923;6.386950682215143e-14;0.29697329977622144;0.0;0.005401439978524204;0.19719036962137054;0.02354399999994524;0.0;0.0;1.2063258224459403e-12;0.0;-0.18603198477407984
2946.0;50.0581137312314;-0.33293424199999994;0.0037799984554815476;6.386917628728866e-14;0.15522478088839578;0.0;0.005233139979289655;0.1828444595680409;0.023543999999945237;0.0;0.0;1.2063194150544574e-12;0.0;-0.037590786170088916
2947.0;245.5069514294569;-0.32809220599999994;0.0037800000007249053;2.1578597176881435e-13;0.0450102316913476;8.364939607903183e-16;0.005583599998629913;0.17205285647798688;0.023543999999990746;0.003966666665175872;0.07624172296058662;4.347362161734908e-12;3.571495784241264e-14;-1.5963595945709298e-8
2948.0;436.64948303912513;-0.33018442600000003;0.003780000000928191;0.017531999999836997;0.009032914099567814;1.6842611417939565e-15;0.0056459700038081;0.1743937944174678;0.023543999999994923;0.003966666666635619;0.07624172296062195;0.0014979999972217343;0.005590955288475248;-8.4363609050135e-9
2949.0;416.4953109104887;-0.32624484;0.0037800000009167675;0.01753199999980005;0.004573319720569515;1.5339588016637278e-15;0.0046896299874442495;0.17932079646291688;0.02354399999999467;0.00396666666663212;0.07624172296062101;0.0014979999966326226;0.0055909552884739755;-8.875167912646418e-9
2950.0;327.70311252514966;-0.318840048;0.0037800000008466313;0.014893702228231382;0.004752028243363672;1.0783005254841138e-15;0.004118400008654505;0.18054641831495552;0.02354399999999316;0.00396666666659801;0.07624172296061368;0.00149799995510548;0.005590955288454951;-1.1524489115787657e-8
2951.0;327.7031069678912;-0.309782502;0.0037800000008466313;0.005373587191156082;0.004752028243363672;1.0783004917829662e-15;0.0035818200118269013;0.18154530053972154;0.02354399999999316;0.00396666666659801;0.07624172296061368;0.0014979999551054245;0.005590955288454951;-1.1524489466439296e-8
2952.0;290.69272279765954;-0.300297566;0.0037800000008021417;4.796302961342144e-13;0.0046464270498353995;9.55000317588251e-16;0.0028393199893887886;0.1829486383573319;0.023543999999992248;0.003966666666550051;0.07624172296060688;1.0925531612753859e-11;0.005590955288330526;-1.3168499885916059e-8
2953.0;188.31298965364977;-0.21636805400000003;0.003780000000772409;7.958602132137332e-14;0.0034117120485954795;0.0;0.0034501499978266494;0.16971191741595884;0.023543999999992363;6.920514601755297e-14;0.012463229624769302;1.5439339729678262e-12;8.7333316346396e-15;-1.370444386642446e-8
2954.0;188.3130137622362;-0.213344522;0.003780000000772409;7.958605446021906e-14;0.0019008105697098743;0.0;0.0037194299903886056;0.1590428751638971;0.023543999999992366;6.920521824743581e-14;0.021353113923243967;1.5439346505592356e-12;8.733337032934984e-15;-1.3704438650982426e-8
2955.0;188.31303710327632;-0.21069134399999995;0.003780000000772409;7.958608261183133e-14;0.0010560055688587353;0.0;0.003640230008108267;0.1507637978807136;0.023543999999992366;6.920527960714435e-14;0.02790510079271034;1.5439352261766463e-12;8.73334161881299e-15;-1.3704434220444999e-8
2956.0;188.3130621616997;-0.208133686;0.003780000000772409;7.958611130216113e-14;0.0003899100002777726;0.0;0.00390653998716176;0.1426746905140331;0.023543999999992366;6.920534214110685e-14;0.03383834461622212;1.5439358128092076e-12;8.73334629244969e-15;-1.3704429705129722e-8
2957.0;188.3130353321559;-0.20862567799999998;0.003780000000772409;7.95860855356038e-14;0.0003249250002123004;0.0;0.004218389992138348;0.14875377611254464;0.023543999999992366;6.920528597984718e-14;0.028002968444701563;1.543935285959264e-12;8.73334209509454e-15;-1.3704433760298231e-8
2958.0;188.31315851769835;-0.21025966599999998;0.0037800000007724094;7.95861534819795e-14;0.008537403815077916;0.0;0.004276799988583452;0.1470991862755149;0.023543999999992366;6.920543407714607e-14;0.023019708475490314;1.5439366752620423e-12;8.733353163519153e-15;-1.370442306683598e-8
2959.0;50.056364684054074;-0.21532222199999995;0.00377999901805582;3.995834386356953e-14;0.04241895492712675;0.0;0.004108499983806042;0.1450891656298384;0.02354399999996576;0.0;0.0;7.548497719138566e-13;0.0;-0.003752107660220415
2960.0;50.056512764534794;-0.22741563799999995;0.0037799990273854637;3.995840487129697e-14;0.1295963238751495;0.0;0.003923369990861275;0.14084238471135826;0.023543999999965762;0.0;0.0;7.548509549410546e-13;0.0;-0.07438057165058491
2961.0;50.05684111753545;-0.24291195200000004;0.0037799990271541726;3.995840334345601e-14;0.2416710692680309;0.0;0.003690719999229046;0.14177385785774427;0.02354399999996576;0.0;0.0;7.5485092531403e-13;0.0;-0.1716856978822685
2962.0;50.057923474677146;-0.25595198999999996;0.0037799990416091133;3.995850042724495e-14;0.33528195413198897;0.0;0.0033828299863772095;0.14323234855766875;0.023543999999965762;0.0;0.0;7.548528079078278e-13;0.0;-0.25344717273263795
2963.0;50.05852362053816;-0.264640648;0.0037799990505312368;3.995856199320702e-14;0.38038153963015914;0.0;0.0036847800032762867;0.14967299306278614;0.023543999999965762;0.0;0.0;7.548540017602351e-13;0.0;-0.29661875001275684
2964.0;50.001216024986206;-0.269110178;0.0029113787013628272;3.995029858372767e-14;0.39874792311371066;0.0;0.00371447999856424;0.157596641782534;0.023543999999965714;0.0;0.0;7.546937632583296e-13;0.0;-0.31762969310723554
2965.0;3.020218839502447;-0.269577506;0.0;0.0;0.41095697897113165;0.0;0.003703589883172079;0.17221218702521351;0.0;0.0;0.0;0.0;0.0;-0.317652405700618
2966.0;-0.0016043381093207648;-0.268108186;0.0;0.0;0.40292325210066143;0.0;0.0017000982490560975;0.18113803728053243;0.0;0.0;0.0;0.0;0.0;-0.3176524074415785
2967.0;-0.0016043776207570427;-0.26558295;0.0;0.0;0.3837711839824333;0.0;0.002241218160834151;0.19722375550661864;0.0;0.0;0.0;0.0;0.0;-0.3176524074415785
2968.0;9.998587223803606;-0.26195570599999995;0.0;0.0;0.3426577502735059;0.0;0.003909509964886976;0.21463710177009934;0.018406070089770677;0.0;0.0;0.0;0.0;-0.31765240057399935
2969.0;50.05669734795994;-0.25674257199999995;0.003779999015820029;3.99583294346114e-14;0.2662678904286319;0.0;0.004137210000486497;0.21843040343443507;0.023543999999965762;0.0;0.0;7.548494921156717e-13;0.0;-0.25958552662323736
2970.0;50.05603975227182;-0.253706318;0.0037799990083140565;3.99582815201623e-14;0.17807512937672423;0.0;0.0039570299938143875;0.22881142395630558;0.023543999999965762;0.0;0.0;7.548485629860826e-13;0.0;-0.18459997824490532
2971.0;50.05607007983513;-0.246600178;0.00377999901152302;3.99583019055422e-14;0.08565022190077802;0.0;0.0033818399922288453;0.2268565561930154;0.023543999999965762;0.0;0.0;7.548489582876324e-13;0.0;-0.096745018044268
2972.0;50.05612958363202;-0.24551101799999997;0.0037799990074153496;3.99582758377433e-14;0.02243606968062778;0.0;0.003870899990368968;0.22123707906966228;0.02354399999996576;0.0;0.0;7.548484527959057e-13;0.0;-0.029513094064818696
2973.0;50.05612954314826;-0.24408021799999996;0.0037799990047937167;3.9958259325290876e-14;0.007156473245458937;0.0;0.003406590001252655;0.22071618849159047;0.02354399999996576;0.0;0.0;7.548481325958415e-13;0.0;-0.014689301785700166
2974.0;50.056142703872375;-0.242476066;0.0037799990048374677;3.995825960008488e-14;0.005442493527687044;0.0;0.0033491699989557154;0.21923318652209578;0.02354399999996576;0.0;0.0;7.548481379244356e-13;0.0;-0.013040098203835625
2975.0;50.05609259975639;-0.239416334;0.0037799990037417817;3.995825272671361e-14;0.005450616766376917;0.0;0.003558059991244232;0.22253623809812076;0.02354399999996576;0.0;0.0;7.54848004639893e-13;0.0;-0.01961960459939455
2976.0;50.056084230318525;-0.233965196;0.0037799990036915944;3.995825241227714e-14;0.005442493527687043;0.0;0.0037530899877986;0.22173958310849456;0.02354399999996576;0.0;0.0;7.548479985426413e-13;0.0;-0.02446049898545891
2977.0;188.31310633719264;-0.23625612599999996;0.0037800000007994507;7.366945467270341e-14;0.005101322959759813;0.0;0.0006969599944229078;0.14793260985335027;0.02354399999999294;6.425562341229898e-14;0.05519902886222675;1.4292310803205725e-12;8.084424425247033e-15;-1.2686259453071256e-8
2978.0;188.3131014307911;-0.230876266;0.0037800000007994507;7.36694538295503e-14;0.0044920882431009465;0.0;0.0006949800061265997;0.14706241768730968;0.02354399999999294;6.425562156378942e-14;0.05130087941101053;1.4292310630790266e-12;8.084424287886584e-15;-1.2686259585779364e-8
2979.0;188.31309094610123;-0.228230192;0.0037800000007994507;7.366944861765085e-14;0.0037691290942373766;0.0;0.000988019998032225;0.1471236986676551;0.02354399999999294;6.425561013736847e-14;0.0490235469555373;1.4292309565017678e-12;8.084423438817997e-15;-1.2686260406108106e-8
2980.0;188.31308232976042;-0.229598176;0.0037800000007994507;7.366944346651122e-14;0.0033223582419224457;0.0;0.0016641900084775488;0.1476629724172626;0.02354399999999294;6.425559884416237e-14;0.04962280412936601;1.4292308511669342e-12;8.08442259964165e-15;-1.2686261216873931e-8
2981.0;188.313134205469;-0.23483739599999998;0.0037800000007994507;7.366946998838543e-14;0.006774685574628843;0.0;0.0018592200050319325;0.1469459838246534;0.02354399999999294;6.425565698998989e-14;0.05193126148864318;1.4292313935089368e-12;8.084426920327491e-15;-1.2686257042454811e-8
2982.0;188.31351889650543;-0.247998602;0.0037800000007994516;7.366967277291459e-14;0.031339012871016834;0.0;0.002136419997375122;0.13818891152707208;0.02354399999999294;6.425610157133513e-14;0.04900606856411525;1.4292355402205618e-12;8.084459956050306e-15;-1.2686225125311754e-8
2983.0;188.31460648346348;-0.260504306;0.003780000000799454;7.36702307453277e-14;0.10339112600952477;0.0;0.002523509992507441;0.12207197889662426;0.02354399999999294;6.425732487972806e-14;0.005181552115827466;1.429246950124111e-12;8.084550856050653e-15;-1.2686137305354227e-8
2984.0;50.0577267113301;-0.282991706;0.00377999916170654;3.698841810781898e-14;0.22758557255014242;0.0;0.0027026999843687057;0.11352939227531783;0.023543999999968312;0.0;0.0;6.987683727184021e-13;0.0;-0.08807882606932475
2985.0;50.05988146446266;-0.299669312;0.0037799991927908233;3.6988671516099305e-14;0.3689360572894319;0.0;0.0028769399950880933;0.11118232623781703;0.023543999999968316;0.0;0.0;6.987732869501347e-13;0.0;-0.21061137301855945
2986.0;10.001073988979098;-0.31413971399999996;0.0;0.0;0.49202575882762645;0.0;0.003013559967214687;0.11721238705167131;0.01954147474156252;0.0;0.0;0.0;0.0;-0.31765240267965195
2987.0;-0.0016043276088661153;-0.324864266;0.0;0.0;0.5447962227007778;0.0;0.0015766928328427151;0.09614455243826908;0.0;0.0;0.0;0.0;0.0;-0.31765240904366976
2988.0;-0.0016043232855527845;-0.32717852199999997;0.0;0.0;0.5385196609022573;0.0;0.001812365228563119;0.10449969695314446;0.0;0.0;0.0;0.0;0.0;-0.3176524090436698
2989.0;-0.0016043228471759442;-0.3253452439999999;0.0;0.0;0.5302067192030303;0.0;0.001837120461813993;0.1109546053392177;0.0;0.0;0.0;0.0;0.0;-0.31765240904366976
2990.0;-0.0016043223502943925;-0.32411657000000005;0.0;0.0;0.5146660993594119;0.0;0.0018559327557572903;0.12524773883041418;0.0;0.0;0.0;0.0;0.0;-0.31765240904366976
2991.0;-0.0016043131391568473;-0.32026261;0.0;0.0;0.49841084279075504;0.0;0.00241126215814913;0.13709370461167508;0.0;0.0;0.0;0.0;0.0;-0.3176524090436698
2992.0;9.99754744192685;-0.313898954;0.0;0.0;0.44083382980068087;0.0;0.005063849978519939;0.18325504325861103;0.0024779366230134503;0.0;0.0;0.0;0.0;-0.3176524026819993
2993.0;50.059094862454835;-0.305406804;0.0037799991773663183;3.6988543111524e-14;0.33894548294230376;0.0;0.005029199993883133;0.1910867693856541;0.023543999999968316;0.0;0.0;6.98770796858248e-13;0.0;-0.2569511427425782
2994.0;50.05755778378245;-0.297597986;0.003779999154131377;3.698835948398689e-14;0.2391366551749632;0.0;0.004848029993062721;0.19839760717938004;0.023543999999968312;0.0;0.0;6.98767235853259e-13;0.0;-0.17205943766105394
2995.0;50.05593460745759;-0.28673783399999997;0.003779999128194998;3.698816732383741e-14;0.13267498768487496;0.0;0.004667850001922454;0.20349619596979712;0.023543999999968312;0.0;0.0;6.987635093804044e-13;0.0;-0.08135268810569676
2996.0;188.31364300105406;-0.273884364;0.0037800000007994516;7.366966071010256e-14;0.05241852078939246;0.0;0.0049490099915213415;0.17900826234058184;0.02354399999999294;6.425607512492338e-14;0.010167358612294588;1.4292352935495129e-12;8.084457990888891e-15;-1.268622702392078e-8
2997.0;188.31310734546435;-0.2660599679999999;0.0037800000007994503;7.366940644579976e-14;0.013443770865302868;0.0;0.004670819989497992;0.17537429234812368;0.02354399999999294;6.425551768107142e-14;0.04523707471807822;1.429230094135787e-12;8.084416568591871e-15;-1.2686267043770447e-8
2998.0;188.3129394699199;-0.263090676;0.00378000000079945;7.366930366421668e-14;0.005150060572992038;0.0;0.0042243299882404215;0.18724444518265929;0.02354399999999294;6.42552923464937e-14;0.03913639247350679;1.4292279923707666e-12;8.084399824444867e-15;-1.268628322119754e-8
2999.0;188.31293951784045;-0.25542281599999994;0.00378000000079945;7.36693045687936e-14;0.005003845004934852;0.0;0.003709530002460212;0.18674806811929356;0.02354399999999294;6.425529432965921e-14;0.032626065527704015;1.4292280108683863e-12;8.084399971809032e-15;-1.2686283078820106e-8
3000.0;188.31298122675935;-0.23952823999999998;0.0037800000007994503;7.366934358178653e-14;0.004776397049978948;0.0;0.0037560600069994625;0.1762077159259571;0.02354399999999294;6.42553798602121e-14;0.02745527297241224;1.4292288086390057e-12;8.08440632741411e-15;-1.2686276938314722e-8
3001.0;280.1712179508821;-0.235649626;0.003780000000887855;2.6526743810644443e-13;0.004305255572159543;7.034860602529465e-16;0.001277099998138431;0.12352434149851861;0.02354399999999429;0.003966666666560389;0.0762417229606122;5.743366399927107e-12;4.658176856527579e-13;-1.4943127358381272e-8
3002.0;279.79077634768555;-0.23372985399999996;0.003780000000887445;2.631688050617004e-13;0.0033548502872469566;7.026075847212255e-16;0.0013701599916828532;0.1226112537688041;0.023543999999994288;0.0039666666665594055;0.07624172296061212;5.6900002993721816e-12;3.903684172135033e-13;-1.498329529364682e-8
3003.0;313.58443958876524;-0.23165136199999994;0.003780000000919339;8.932338200985587e-13;0.0026481385252261134;7.903423995414546e-16;0.0013919400028955867;0.11496949755864729;0.02354399999999493;0.003966666666607897;0.07624172296061762;3.320678052832466e-11;0.0055909552884540695;-1.2123055963405217e-8
3004.0;320.54121458782095;-0.22987919599999998;0.003780000000924917;1.7592721124843838e-12;0.0026806305705338014;8.111007441455958e-16;0.0013018500073552679;0.11180126413938256;0.023543999999995045;0.003966666666612904;0.0762417229606184;0.0014481985128974736;0.00559095528845945;-1.1672148673517955e-8
3005.0;327.7034121977949;-0.23228292;0.003780000000930365;0.008482968597221155;0.003184264093679513;8.335868378285491e-16;0.001319669995243305;0.10478457729645076;0.02354399999999516;0.003966666666617239;0.07624172296061914;0.0014979999679930035;0.005590955288463269;-1.1244019510243953e-8
3006.0;360.62655533471633;-0.24192830399999998;0.0037800000009521897;0.017531999999617753;0.013200077342458968;9.544676708278467e-16;0.0013048199899486177;0.09550661666593506;0.02354399999999562;0.003966666666630613;0.07624172296062169;0.001497999994255485;0.00559095528847186;-9.638659143893858e-9
3007.0;282.1268534178421;-0.25772025;0.0037800000008899335;2.765755812343596e-13;0.06163014432132902;7.080239570540653e-16;0.0009929700001727233;0.08582420044256568;0.023543999999994333;0.00396666666656516;0.07624172296061263;6.03349978936105e-12;0.001467411016267614;-1.4740761198348432e-8
3008.0;188.315578711739;-0.275869858;0.0037800000007228627;9.042997768377299e-14;0.16026924208744753;0.0;0.0008870400042820965;0.08298688543972332;0.023543999999991315;7.820421791676298e-14;0.004390497386495;1.7541529550014073e-12;9.92272802110753e-15;-4.8994473231224983e-8
3009.0;153.11716311879283;-0.291485634;0.0037800000005817577;7.220020703394624e-14;0.2809463753861039;0.0;0.0008266499879526162;0.07954288648632886;0.023543999999989164;4.8009485827714665e-14;5.3057652273653775e-14;1.3854631975758174e-12;7.21751006138292e-15;-0.09701252412579764
3010.0;153.11846730660167;-0.301866766;0.0037800000005817637;7.220070130618689e-14;0.37541831081883925;0.0;0.0007335900099381664;0.08299301241518289;0.023543999999989164;4.801011488323536e-14;5.305945425438524e-14;1.3854730866728621e-12;7.217576884534588e-15;-0.18447594718509538
3011.0;153.11926690331282;-0.31090586600000003;0.003780000000581768;7.220100471792985e-14;0.4334742783177475;0.0;0.0005553899915624942;0.08506431404112932;0.023543999999989164;4.801050103634846e-14;5.306056045861306e-14;1.3854791571524407e-12;7.2176179044559e-15;-0.23539538091171605
3012.0;153.11958360640273;-0.316126346;0.0037800000005817694;7.22011191444582e-14;0.4584853782853575;0.0;0.0004534200040866859;0.09080022727227453;0.023543999999989164;4.8010646668151517e-14;5.3060977654097586e-14;1.385481446530296e-12;7.217633374445069e-15;-0.2608248837515249
3013.0;153.1195728571521;-0.316957234;0.003780000000581769;7.220110249184309e-14;0.4615315500497448;0.0;0.0003415499974693881;0.10093612387276338;0.023543999999989164;4.8010625474162173e-14;5.30609169388726e-14;1.3854811133547665e-12;7.217631123080777e-15;-0.2730666598812809
3014.0;153.11945955404263;-0.316060228;0.0037800000005817685;7.220104644785647e-14;0.4571856791935015;0.0;0.00030690000036804786;0.11110265984085703;0.02354399999998916;4.801055414639088e-14;5.306071260399028e-14;1.385479992060161e-12;7.217623546165335e-15;-0.27975102945854713
3015.0;153.11894689768775;-0.31163686599999996;0.0037800000005817655;7.220083506923416e-14;0.42234559864807913;0.0;0.0003791699925471841;0.12059510390258328;0.023543999999989164;4.8010285123538856e-14;5.305994193449097e-14;1.3854757629232966e-12;7.217594968689142e-15;-0.2588963751737575
3016.0;153.11814260084526;-0.305280928;0.0037800000005817616;7.220052696728746e-14;0.3638915979100881;0.0;0.00040193999774269047;0.11990875692271466;0.02354399999998916;4.800989300289925e-14;5.3058818651523404e-14;1.3854695986058678e-12;7.2175533147452e-15;-0.20612579579798154
3017.0;153.11687426531674;-0.297295516;0.0037800000005817555;7.22000412110344e-14;0.27325377657176203;0.0;0.0003860999981802199;0.12033772490770045;0.023543999999989164;4.800927478825903e-14;5.305704775078938e-14;1.3854598798937604e-12;7.217487643022484e-15;-0.12387242837253774
3018.0;153.11562985538683;-0.28913745999999996;0.003780000000581749;7.219956231698446e-14;0.18241287881345672;0.0;0.00039500999210957606;0.12004357395690672;0.023543999999989164;4.8008665314494504e-14;5.30553019596776e-14;1.3854502984814338e-12;7.217422899336637e-15;-0.040890949843628885
3019.0;188.31445906656026;-0.279170512;0.003780000000722859;9.042923424403052e-14;0.09139327071345783;0.0;0.0003771900047748264;0.11716336226784003;0.02354399999999132;7.820261440562592e-14;0.04290368574128205;1.7541377560432066e-12;9.92260692631518e-15;-4.899599261059421e-8
3020.0;327.7043034330815;-0.27055349199999995;0.003780000000930366;0.010942010862663746;0.029698142301485177;8.33590684670358e-16;0.0002999700117605292;0.11512270113207954;0.02354399999999516;0.0039666666666172395;0.07624172296061914;0.0014979999679982751;0.00559095528846327;-1.124395095929899e-8
3021.0;459.78339845299524;-0.26760181599999994;0.0037800000009967217;0.017531999999904305;0.008058139098611507;1.6306654102716523e-15;0.0003227400018003596;0.12440066176260192;0.023543999999996602;0.003966666666646805;0.07624172296062565;0.0014979999983668949;0.00559095528847849;-6.800834462184363e-9
3022.0;375.6159880304316;-0.263123076;0.00378000000096068;0.017531999999736606;0.005580585857421701;1.0213145889526294e-15;0.00033659999732542774;0.12808978463736806;0.0235439999999958;0.003966666666634576;0.07624172296062257;0.0014979999958278885;0.005590955288473768;-9.05655223951164e-9
3023.0;327.70334672097124;-0.25489510800000004;0.003780000000930365;0.007219159093682764;0.00539375409590557;8.335863975006797e-16;0.00028809000432267835;0.12747697371134378;0.02354399999999516;0.003966666666617239;0.07624172296061914;0.0014979999679924;0.005590955288463269;-1.1244027357005395e-8
3024.0;317.3764791276916;-0.24582392199999997;0.003780000000922421;1.2216610796950837e-12;0.005385631766666759;8.015485421123889e-16;0.00025739999930333264;0.1281571937157452;0.023543999999994996;0.003966666666610741;0.07624172296061806;7.277486203794151e-11;0.005590955288457271;-1.187231899028526e-8
3025.0;50.04953983004678;-0.27715938799999995;0.003779998912106311;3.8661806225671874e-14;0.00168961000128339;0.0;0.011514689991099723;0.3406923533701588;0.023543999999966866;0.0;0.0;7.303667299739384e-13;0.0;-0.10407865376988933
3026.0;50.04953615910869;-0.274425584;0.003779998912337985;3.866180734041165e-14;0.0008529282391221241;0.0;0.011376089987162127;0.33406786480143724;0.02354399999996687;0.0;0.0;7.303667515907527e-13;0.0;-0.09921165207748413
3027.0;50.04952117401214;-0.271983504;0.003779998911772906;3.8661804622308677e-14;0.0004224029547334345;0.0;0.010767239998155265;0.3353608979769969;0.02354399999996687;0.0;0.0;7.303666988816667e-13;0.0;-0.10190769909101093
3028.0;50.04952729661237;-0.27159188;0.003779998912097962;3.866180618548576e-14;0.00041427971604356264;0.0;0.010099979981639313;0.33308123989530825;0.023543999999966866;0.0;0.0;7.303667291946308e-13;0.0;-0.0993438729017394
3029.0;50.049530026964526;-0.278729606;0.0037799989121481865;3.866180642710772e-14;0.0004224029547334346;0.0;0.009145620000234627;0.33335087620882803;0.02354399999996687;0.0;0.0;7.30366733880092e-13;0.0;-0.09152964306932444
3030.0;50.04955256172772;-0.29532263400000003;0.0037799989128004426;3.8661809567216997e-14;0.0010072679553226843;0.0;0.007364609997009166;0.33385338249279606;0.023543999999966866;0.0;0.0;7.30366794772786e-13;0.0;-0.07424308889496017
3031.0;50.04981076859724;-0.310248154;0.003779998921898685;3.8661853805175026e-14;0.00955279409975203;0.0;0.007281449991540258;0.3230004961771302;0.023543999999966866;0.0;0.0;7.303676526297018e-13;0.0;-0.05692334676683995
3032.0;50.051334026725236;-0.321943738;0.0037799989771079433;3.8662140970914656e-14;0.06642278693900912;0.0;0.008210069985305225;0.31085458005360816;0.023543999999966873;0.0;0.0;7.303732213135001e-13;0.0;-0.0908424475971455
3033.0;50.05182635894938;-0.333704636;0.0037799990080363763;3.8662317380690227e-14;0.1953855072913165;0.0;0.00834074998946177;0.2823833737213282;0.023543999999966873;0.0;0.0;7.3037664223173e-13;0.0;-0.17963501959204992
3034.0;50.05242414647388;-0.34385840999999995;0.0037799990145692916;3.866235621796382e-14;0.3353469373131614;0.0;0.008593199988313139;0.27081349881305306;0.023543999999966873;0.0;0.0;7.303773953600322e-13;0.0;-0.29815261719021363
3035.0;-0.0016042873426985664;-0.351705798;0.0;0.0;0.41481971931969247;0.0;0.006223580875148944;0.24831569642712473;0.0;0.0;0.0;0.0;0.0;-0.31765240813719375
3036.0;-0.0016042993722205764;-0.355918014;0.0;0.0;0.43011215867373964;0.0;0.0053139920037092205;0.23814506424139778;0.0;0.0;0.0;0.0;0.0;-0.3176524081371937
3037.0;-0.0016042951162857718;-0.35241599999999995;0.0;0.0;0.4261612873055638;0.0;0.007217458711694873;0.2366904539740533;0.0;0.0;0.0;0.0;0.0;-0.3176524081371937
3038.0;-0.0016042929542893043;-0.35260411599999997;0.0;0.0;0.4174860971152476;0.0;0.008240478048790344;0.24453074043213704;0.0;0.0;0.0;0.0;0.0;-0.3176524081371937
3039.0;-0.0016043422238646622;-0.348337442;0.0;0.0;0.393326706535197;0.0;0.00936271798501095;0.26330121979049476;0.0;0.0;0.0;0.0;0.0;-0.31765240813719375
3040.0;50.05235453998117;-0.34001341;0.003779999015997195;3.8662364782696494e-14;0.31389376678122616;0.0;0.01104443999049904;0.253195178796439;0.023543999999966873;0.0;0.0;7.303775614463187e-13;0.0;-0.26536585834273074
3041.0;50.05208877925879;-0.32943376999999996;0.0037799990173373664;3.86623728462498e-14;0.19434574819972245;0.0;0.010920690007507769;0.23824258703768975;0.023543999999966873;0.0;0.0;7.303777178139567e-13;0.0;-0.141295236093628
3042.0;50.051997803578935;-0.317065346;0.0037799990019484367;3.866228169745227e-14;0.07971221808821796;0.0;0.011726549996897227;0.21764600464088135;0.023543999999966873;0.0;0.0;7.303759502665065e-13;0.0;-0.019291609239887725
3043.0;188.31296077012928;-0.31561071999999996;0.0037800000007842042;7.700493638709614e-14;0.017147914959576464;0.0;0.011916630012542886;0.22205824532893498;0.023543999999992616;6.704931694631895e-14;0.03714234922236999;1.4938955485124007e-12;8.450240892065103e-15;-1.325999765815681e-8
3044.0;188.3126899111573;-0.31504307;0.0037800000007842034;7.700475972732986e-14;0.004305255572136077;0.0;0.012193830004886077;0.24299800233824553;0.023543999999992616;6.704893092148994e-14;0.028197574123082932;1.4938919362070142e-12;8.4502121135921e-15;-1.3260025460936699e-8
3045.0;78.03032468932042;-0.30895684799999995;0.003779999999395782;4.298493509628696e-14;0.0028755864799916604;0.0;0.012226499995411465;0.2615232831090701;0.02354399999998051;0.0;1.4412795723660952e-14;8.144486198639258e-13;0.0;-5.5778422069759305e-8
3046.0;50.04993917578839;-0.299046064;0.003779998927514632;3.866188152476072e-14;0.00242069056992983;0.0;0.011856239991373009;0.27080737183758635;0.023543999999966866;0.0;0.0;7.303681901644409e-13;0.0;-0.013369323311692648
3047.0;50.04975321136345;-0.28965763599999994;0.003779998921979068;3.8661854199581446e-14;0.0016083794332916804;0.0;0.012074039993122917;0.2802017663307599;0.02354399999996687;0.0;0.0;7.303676602780205e-13;0.0;-0.031557673184937025
3048.0;50.049681408049146;-0.280673854;0.0037799989194676788;3.866184190446293e-14;0.0008448050004322543;0.0;0.0117691199937794;0.287831265222282;0.023543999999966866;0.0;0.0;7.303674218526181e-13;0.0;-0.0471035317598955
3049.0;0.0007793931596184729;-0.26179062200000003;0.0;0.0;0.00013516815622075125;0.0;0.0043978057530427985;0.3366820373601096;0.0;0.0;0.0;0.0;0.0;-0.07943700251925828
3050.0;0.0007804487876889441;-0.19981043599999998;0.0;0.0;0.0001594158879331385;0.0;0.003683411295271739;0.3045404966459492;0.0;0.0;0.0;0.0;0.0;-0.10858529986342655
3051.0;0.0007770950594852804;-0.19962718799999998;0.0;0.0;0.0001351684524412151;0.0;0.004335501414787608;0.301695098691075;0.0;0.0;0.0;0.0;0.0;-0.10655103240956153
3052.0;0.0007793995156909071;-0.250501682;0.0;0.0;0.0001351661203456762;0.0;0.003637247085562319;0.32264091892342056;0.0;0.0;0.0;0.0;0.0;-0.07592428541699686
3053.0;0.0007796425597000595;-0.24894927999999994;0.0;0.0;0.00013516485056185284;0.0;0.0036999035061652395;0.3171917056318494;0.0;0.0;0.0;0.0;0.0;-0.07209015947974352
3054.0;0.0007842944119449556;-0.250325558;0.0;0.0;0.000167499667215876;0.0;0.0035242775674029676;0.3180416067362503;0.0;0.0;0.0;0.0;0.0;-0.07142048225809244
3055.0;0.0007425160553100722;-0.25456797800000003;0.0;0.0;0.0006816000240792212;0.0;0.004331125773053149;0.32305913251140883;0.0;0.0;0.0;0.0;0.0;-0.0735239910994186
3056.0;0.0007457922306614334;-0.261067122;0.0;0.0;0.010254450997525257;0.0;0.005306252275242456;0.32571397849863354;0.0;0.0;0.0;0.0;0.0;-0.08022759879875856
3057.0;0.0007411639439409861;-0.271733956;0.0;0.0;0.07430864469574275;0.0;0.006162171770509908;0.31905311543212894;0.0;0.0;0.0;0.0;0.0;-0.12780970831470723
3058.0;0.0007358913698556767;-0.285557164;0.0;0.0;0.16924769402947826;0.0;0.006731253011988335;0.3143921095396329;0.0;0.0;0.0;0.0;0.0;-0.20483327616413785
3059.0;0.0007244709909528772;-0.2947062199999999;0.0;0.0;0.25445724112892043;0.0;0.006742276254883084;0.3072946861298068;0.0;0.0;0.0;0.0;0.0;-0.2738065735608826
3060.0;0.0006956292265500962;-0.299899572;0.0;0.0;0.2961108500675467;0.0;0.003130550779187219;0.3012014184620452;0.0;0.0;0.0;0.0;0.0;-0.300560000162308
3061.0;0.0006956381134981328;-0.304953328;0.0;0.0;0.30675899733755124;0.0;0.0034823517149956277;0.2952551922145188;0.0;0.0;0.0;0.0;0.0;-0.3005599667947071
3062.0;0.0006956507759879793;-0.303414688;0.0;0.0;0.2709166418132779;0.0;0.004487875718031941;0.3285534319826294;0.0;0.0;0.0;0.0;0.0;-0.3005600159810185
3063.0;0.0007239722592880453;-0.29843264999999997;0.0;0.0;0.2122822135859159;0.0;0.009302554593972442;0.35471112084572753;0.0;0.0;0.0;0.0;0.0;-0.2778816908214727
3064.0;0.0007373936959821656;-0.29036082599999996;0.0;0.0;0.12413501810361569;0.0;0.009015437135840293;0.35954675842806755;0.0;0.0;0.0;0.0;0.0;-0.20235576732644628
3065.0;0.000741741165417029;-0.293548374;0.0;0.0;0.036651602443087;0.0;0.009607118246275975;0.3989665174846572;0.0;0.0;0.0;0.0;0.0;-0.15169645264713746
3066.0;0.0007429231126233114;-0.30803277799999995;0.0;0.0;0.005302176792549269;0.0;0.010013557942258774;0.4374042959248695;0.0;0.0;0.0;0.0;0.0;-0.14470684775417095
3067.0;0.0007936143487222902;-0.30928639599999996;0.0;0.0;0.00027253078744586247;0.0;0.009835753359184424;0.47129262189268456;0.0;0.0;0.0;0.0;0.0;-0.17212762265177003
3068.0;0.0007838994177124143;-0.30683231999999994;0.0;0.0;0.00017562031624839756;0.0;0.00956655809619811;0.47137102553845384;0.0;0.0;0.0;0.0;0.0;-0.17429314100301355
3069.0;0.0007815962474372921;-0.30143506400000003;0.0;0.0;0.00015944254087404174;0.0;0.009645446673110767;0.4693018436813896;0.0;0.0;0.0;0.0;0.0;-0.17768388429287765
3070.0;0.0007791891276935957;-0.2947808679999999;0.0;0.0;0.0001432740127697059;0.0;0.00935799817047061;0.46746554894428394;0.0;0.0;0.0;0.0;0.0;-0.18219815258560937
3071.0;0.0007791067345640529;-0.289600666;0.0;0.0;0.0001432716249133709;0.0;0.009558599166810148;0.45514520890115434;0.0;0.0;0.0;0.0;0.0;-0.1752586327635036
3072.0;0.0007800426332768632;-0.282857588;0.0;0.0;0.0001513534356472163;0.0;0.009649350035949803;0.4476120036016605;0.0;0.0;0.0;0.0;0.0;-0.17456733415719178
3073.0;0.00011122203442361552;-0.34518629;0.0;0.0;0.00013383604045594732;0.0;0.003325380747461455;0.5325889033213369;0.0;0.0;0.0;0.0;0.0;-0.1908687321546739
3074.0;0.00011053026384515085;-0.342126032;0.0;0.0;0.00012522163641862834;0.0;0.0031564553183274723;0.5338684431245846;0.0;0.0;0.0;0.0;0.0;-0.1950310231238949
3075.0;0.00011049361770697418;-0.33979675100000006;0.0;0.0;0.00012522175282875857;0.0;0.003215903593288695;0.5328517671753703;0.0;0.0;0.0;0.0;0.0;-0.19640307334417076
3076.0;0.00011109431313780067;-0.336591458;0.0;0.0;0.00013383622748105187;0.0;0.002794068364690987;0.5288222813301701;0.0;0.0;0.0;0.0;0.0;-0.1951656187161346
3077.0;0.00011095469106657793;-0.337991848;0.0;0.0;0.00013383644885479583;0.0;0.002413728745865656;0.5353316179751196;0.0;0.0;0.0;0.0;0.0;-0.19989421366476695
3078.0;0.00011090110825304318;-0.34373892;0.0;0.0;0.0001338368935172564;0.0;0.003252916652182732;0.542833374181253;0.0;0.0;0.0;0.0;0.0;-0.20248808155023967
3079.0;0.00011286982408714854;-0.358794435;0.0;0.0;0.0001771791854530505;0.0;0.0028264857270878505;0.5548456972572238;0.0;0.0;0.0;0.0;0.0;-0.199061687227491
3080.0;0.00011950487591922001;-0.378267044;0.0;0.0;0.0017644478636599846;0.0;0.003709922907933344;0.5605929939932925;0.0;0.0;0.0;0.0;0.0;-0.18781027433513228
3081.0;0.00011967077405080995;-0.38713706000000003;0.0;0.0;0.019696470438644968;0.0;0.002614941681525773;0.5470678498976373;0.0;0.0;0.0;0.0;0.0;-0.18225217005172548
3082.0;0.00011858166430796756;-0.39349603099999997;0.0;0.0;0.06627291427876741;0.0;0.002646972196676874;0.5397558110488953;0.0;0.0;0.0;0.0;0.0;-0.21518953679054859
3083.0;0.00011574972064264496;-0.40062979499999996;0.0;0.0;0.1344969236669848;0.0;0.0027369371814277513;0.5410835152724434;0.0;0.0;0.0;0.0;0.0;-0.2776971972958117
3084.0;0.00011105581039856908;-0.405707559;0.0;0.0;0.17969812582148775;0.0;0.0028121685400679997;0.5416458431938665;0.0;0.0;0.0;0.0;0.0;-0.31845777376184436
3085.0;0.00010785924425340754;-0.4061362740000001;0.0;0.0;0.1920391732200972;0.0;0.002862701004328826;0.5409846280640515;0.0;0.0;0.0;0.0;0.0;-0.3297591369948973
3086.0;0.00011246401375237093;-0.402828265;0.0;0.0;0.16680983112322312;0.0;0.0030251229113175074;0.5436409715607359;0.0;0.0;0.0;0.0;0.0;-0.3106569820638881
3087.0;0.00011638082509059323;-0.399165133;0.0;0.0;0.12430803717200099;0.0;0.002749874358272881;0.5394695345643403;0.0;0.0;0.0;0.0;0.0;-0.26737198588826866
3088.0;0.00011890195812643972;-0.39285344600000005;0.0;0.0;0.06693987699212592;0.0;0.0029048989149524553;0.5288690843768474;0.0;0.0;0.0;0.0;0.0;-0.20587031329271474
3089.0;0.0001203516070733556;-0.390033353;0.0;0.0;0.020968304987265204;0.0;0.002719210252249578;0.5286924188870971;0.0;0.0;0.0;0.0;0.0;-0.1623566102627884
3090.0;0.00012082377669240025;-0.39211645100000003;0.0;0.0;0.0017710049500767517;0.0;0.0022577257528379633;0.5373011435157068;0.0;0.0;0.0;0.0;0.0;-0.1492234953230396
3091.0;0.00011875731586093199;-0.39291284800000004;0.0;0.0;0.0005110241045274301;0.0;0.002147584145315271;0.5396464648034855;0.0;0.0;0.0;0.0;0.0;-0.14939925989593422
3092.0;0.00011407686641437518;-0.38750029300000005;0.0;0.0;0.00016847569449077656;0.0;0.0022616236430033202;0.5334917201698871;0.0;0.0;0.0;0.0;0.0;-0.14842842641035583
3093.0;0.00011351511466474558;-0.378179265;0.0;0.0;0.00015111266234012135;0.0;0.0022674257674750197;0.5236336303024468;0.0;0.0;0.0;0.0;0.0;-0.14787985329743167
3094.0;0.0001132145227338358;-0.36654282800000004;0.0;0.0;0.00015111347992389476;0.0;0.0022669399757863497;0.5214636642639153;0.0;0.0;0.0;0.0;0.0;-0.15734581287690305
3095.0;0.00011314272206466814;-0.357318859;0.0;0.0;0.0001511135376630169;0.0;0.0022665369690719117;0.5143312826705505;0.0;0.0;0.0;0.0;0.0;-0.1594369910076457
3096.0;0.00011299592871003166;-0.34883982;0.0;0.0;0.00015111386471947544;0.0;0.002265848262458257;0.5106238208647244;0.0;0.0;0.0;0.0;0.0;-0.1642078669177122
3097.0;90.51324375528952;-0.30797148500000004;0.005459999999858972;4.358737423777035e-14;0.00015296852626515268;0.0;0.007238699995932809;0.29274381117049225;0.019619999999982138;0.0;1.5813395091143965e-14;5.925723969706513e-13;0.0;-0.017650193180523733
3098.0;90.51317031667591;-0.30337535800000004;0.005459999999858969;4.3587363527594915e-14;0.0001529685262651525;0.0;0.008621234992979307;0.3002561311203334;0.01961999999998214;0.0;1.5813385574330952e-14;5.925722979661275e-13;0.0;-0.03114023278192324
3099.0;90.51309283612291;-0.30399879500000004;0.0054599999998589666;4.35873483685473e-14;0.0001619657267309157;0.0;0.009524654990279153;0.31096027641756413;0.01961999999998214;0.0;1.581337210436444e-14;5.925721578362517e-13;0.0;-0.04213431568220366
3100.0;90.51302102536567;-0.30535559900000003;0.005459999999858963;4.3587333568647936e-14;0.000152968526265152;0.0;0.010142684999163766;0.3214338340536514;0.01961999999998214;0.0;1.5813358953541563e-14;5.925720210262653e-13;0.0;-0.05186136971707537
3101.0;90.51298533242446;-0.308177009;0.005459999999858961;4.358732595545287e-14;0.00014396931097451638;0.0;0.010682279997240852;0.3268283828208996;0.01961999999998214;0.0;1.581335218865086e-14;5.925719506501523e-13;0.0;-0.054965864552942785
3102.0;90.51288930770048;-0.31620697700000006;0.005459999999858958;4.3587305298350596e-14;0.00014396931097451603;0.0;0.011011140010401578;0.3414525261386013;0.019619999999982138;0.0;1.581333383329446e-14;5.925717596962317e-13;0.0;-0.061891032899779944
3103.0;90.51276702613265;-0.334607928;0.005459999999858953;4.3587278509639553e-14;0.00021595396658767504;0.0;0.011033819994949477;0.36037896088129345;0.01961999999998214;0.0;1.5813310029589764e-14;5.925715120618276e-13;0.0;-0.06251413879566856
3104.0;90.51265536831785;-0.35671135200000004;0.005459999999858948;4.35872575268438e-14;0.003995147882572297;0.0;0.01108485000466028;0.3727579041047152;0.01961999999998214;0.0;1.581329138488918e-14;5.925713180969695e-13;0.0;-0.0566206559481779
3105.0;90.51245164013375;-0.36818807600000003;0.005459999999858943;4.3587231827418956e-14;0.02150541359750143;0.0;0.011080124988111457;0.3794146213582113;0.019619999999982138;0.0;1.5813268549165938e-14;5.925710805317316e-13;0.0;-0.0693007582622882
3106.0;90.51208779212844;-0.37435813500000004;0.005459999999858936;4.358719617374705e-14;0.06273462182584777;0.0;0.011110365002102662;0.3774910292586864;0.019619999999982138;0.0;1.5813236868467354e-14;5.925707509491645e-13;0.0;-0.10245122500505237
3107.0;90.51159615903333;-0.3784771290000001;0.005459999999858927;4.358714687819471e-14;0.11796484405983486;0.0;0.011100914998657018;0.3760104115271399;0.01961999999998214;0.0;1.5813193066158707e-14;5.925702952605349e-13;0.0;-0.15205225930695815
3108.0;90.51115851043225;-0.383151145;0.005459999999858917;4.3587099099299026e-14;0.1635941124736372;0.0;0.010907189987325585;0.3797847752353098;0.01961999999998214;0.0;1.5813150611634996e-14;5.925698535917896e-13;0.0;-0.1965723642937115
3109.0;90.51086764162721;-0.38280964400000006;0.00545999999985891;4.358706586686313e-14;0.1924059681124198;0.0;0.010829700000584207;0.38433585749890464;0.01961999999998214;0.0;1.581312108262751e-14;5.925695463904551e-13;0.0;-0.2301896371212251
3110.0;90.510891333087;-0.378972883;0.00545999999985891;4.3587065140369946e-14;0.18671018311851453;0.0;0.010486664997081029;0.3886017381226672;0.01961999999998214;0.0;1.5813120437094932e-14;5.925695396747825e-13;0.0;-0.2322561342330227
3111.0;90.51115040391109;-0.374496491;0.005459999999858915;4.358709067608815e-14;0.15710649626798714;0.0;0.009886590000673514;0.39002167600233156;0.019619999999982138;0.0;1.5813143127101452e-14;5.925697757275207e-13;0.0;-0.2079595534685378
3112.0;90.51165578355821;-0.36748663800000003;0.005459999999858927;4.3587150811423175e-14;0.1091557224588073;0.0;0.009871470001090926;0.37902626096892245;0.01961999999998214;0.0;1.5813196561082118e-14;5.925703316193622e-13;0.0;-0.15602360353731504
3113.0;90.51217067825189;-0.362684333;0.005459999999858939;4.358720785793089e-14;0.05648095499538115;0.0;0.010289159993266999;0.3733343754807263;0.01961999999998214;0.0;1.5813247250646492e-14;5.92570858957756e-13;0.0;-0.10289505061477623
3114.0;90.51259428549899;-0.36085680600000003;0.005459999999858948;4.3587258414423945e-14;0.01770822326576041;0.0;0.010327905001463696;0.3630974736021281;0.01961999999998214;0.0;1.5813292173566614e-14;5.92571326301774e-13;0.0;-0.055764545948475686
3115.0;90.51270482356617;-0.361635931;0.00545999999985895;4.358726533856302e-14;0.002078556804651605;0.0;0.010382714988831148;0.3685041596736445;0.019619999999982138;0.0;1.5813298326152065e-14;5.925713903083894e-13;0.0;-0.04482402431146689
3116.0;90.51270393023295;-0.35847150499999997;0.005459999999858949;4.3587263847809074e-14;0.00050389258904031;0.0;0.010122839997858327;0.37059158926293156;0.019619999999982138;0.0;1.5813297001511373e-14;5.92571376527974e-13;0.0;-0.048242088206277
3117.0;90.51264236495282;-0.3508565840000001;0.005459999999858947;4.358725123980828e-14;0.00027894142173507004;0.0;0.009482129989599788;0.3796512771157005;0.019619999999982138;0.0;1.5813285798417324e-14;5.925712599796733e-13;0.0;-0.06405209169332247
3118.0;90.51256260721144;-0.34025719600000004;0.005459999999858944;4.358723456282608e-14;0.00022495116705343766;0.0;0.008504999998041218;0.39148409055641703;0.019619999999982138;0.0;1.581327097976286e-14;5.925711058177123e-13;0.0;-0.08545470375091489
3119.0;90.51258725143157;-0.330231371;0.005459999999858945;4.3587240057952485e-14;0.0001529685262651504;0.0;0.007082774998383869;0.3876369085805199;0.01961999999998214;0.0;1.5813275862562458e-14;5.925711566145635e-13;0.0;-0.09013849697035439
3120.0;90.5125840813691;-0.32066747900000003;0.005459999999858945;4.358723961557403e-14;0.00016196572673091384;0.0;0.005954444996173225;0.3879403145093903;0.01961999999998214;0.0;1.5813275469478395e-14;5.925711525252928e-13;0.0;-0.09888641088663504
3121.0;199.82722497785232;-0.294797164;0.005460000000575166;1.2314078735946277e-13;0.004912951989848139;7.813830440485363e-16;0.006264405003509725;0.19705579091601633;0.01961999999998737;0.0;0.061473587474499575;9.78653741448044e-13;1.4470132012699615e-14;-2.2468329473353406e-8
3122.0;199.8272586810592;-0.28881063900000004;0.005460000000575166;1.231408173564439e-13;0.0038331831630631914;7.813831161192725e-16;0.006574364994953201;0.1933178357859216;0.01961999999998737;0.0;0.05999503656126251;9.78653817123076e-13;1.4470137616552612e-14;-2.2468324188960068e-8
3123.0;199.82728757816287;-0.286918783;0.005460000000575166;1.2314084311573029e-13;0.002915379055848524;7.813831780085785e-16;0.006480809999389061;0.1901017369415722;0.019619999999987366;0.0;0.06233082324962465;9.786538821070053e-13;1.4470142428746912e-14;-2.2468319651100474e-8
3124.0;199.82731910602425;-0.286464729;0.005460000000575167;1.2314087132306577e-13;0.001934587493486462;7.813832457793286e-16;0.006635790002523798;0.18656403010246794;0.019619999999987366;0.0;0.06624050103661534;9.78653953266665e-13;1.447014769827354e-14;-2.2468314681986864e-8
3125.0;199.82731017545382;-0.288227761;0.005460000000575166;1.2314085639619903e-13;0.0008278230356544811;7.813832099162225e-16;0.006518609998345579;0.18950706349967647;0.019619999999987366;0.0;0.06628358656346188;9.786539156103016e-13;1.447014490972491e-14;-2.2468317311560832e-8
3126.0;199.82729992322206;-0.295835289;0.005460000000575166;1.2314084583669568e-13;0.0007108493554751975;7.813831845459509e-16;0.006329609988736976;0.19117579332952173;0.019619999999987366;0.0;0.07252813103977034;9.786538889715704e-13;1.4470142937060707e-14;-2.2468319171764493e-8
3127.0;269.25528557956875;-0.311820333;0.005460000000762214;2.1930875957901028e-13;0.01050076151150154;9.363826850373202e-16;0.006086745001858697;0.18997430691832046;0.019619999999990777;0.0;0.08302986155574375;1.125045461448627e-12;4.7772536012651466e-14;-1.5823717317189224e-8
3128.0;199.8266793400642;-0.330335065;0.005460000000575165;1.2314055161930837e-13;0.07227258819094629;7.813824776588261e-16;0.005915699989043564;0.18765022157153263;0.019619999999987366;0.0;0.03943143957897098;9.786531467351689e-13;1.447008797321283e-14;-2.246837100250207e-8
3129.0;50.71082831323328;-0.34796281700000004;0.005459999876755528;6.343155874442145e-14;0.21750161628245346;0.0;0.005584949992103527;0.18033814880097218;0.01961999999994074;0.0;0.0;7.364641866384836e-13;0.0;-0.080633984868914
3130.0;50.70952488780953;-0.35921369200000003;0.005459999876625352;6.343140539437381e-14;0.37169273450206564;0.0;0.0053524799874012634;0.16443970191590726;0.01961999999994074;0.0;0.0;7.364632138464761e-13;0.0;-0.20738471721255086
3131.0;50.70838205701667;-0.36336399;0.005459999876501472;6.34312597579324e-14;0.49250097094775347;0.0;0.005128514991730475;0.16618731810982537;0.01961999999994074;0.0;0.0;7.364622899842697e-13;0.0;-0.3255200459204275
3132.0;0.0007575868316433395;-0.367099216;0.0;0.0;0.5585177397245507;0.0;0.003534111807842329;0.16245273396504598;0.0;0.0;0.0;0.0;0.0;-0.3574262679825141
3133.0;0.0007575870667376567;-0.37054179400000004;0.0;0.0;0.5899451935155364;0.0;0.0035273917340418286;0.13447457741368127;0.0;0.0;0.0;0.0;0.0;-0.35742626798251415
3134.0;0.0007575853180228429;-0.369417062;0.0;0.0;0.5848670558936249;0.0;0.0035382110518990596;0.1384171649194077;0.0;0.0;0.0;0.0;0.0;-0.3574262679825141
3135.0;0.0007575851992299891;-0.362848554;0.0;0.0;0.5413134730443202;0.0;0.0035411615280682694;0.17539929015411965;0.0;0.0;0.0;0.0;0.0;-0.3574262679825141
3136.0;50.708321875263046;-0.35385364700000005;0.005459999876474135;6.343122765918954e-14;0.4656686938420389;0.0;0.005491394981712983;0.2018071214704687;0.01961999999994074;0.0;0.0;7.364620863617678e-13;0.0;-0.34418962150765753
3137.0;50.709711050146865;-0.34320924300000005;0.005459999876621285;6.34314006082567e-14;0.32896084772113365;0.0;0.005155919978001375;0.19525963106277472;0.01961999999994074;0.0;0.0;7.364631834852253e-13;0.0;-0.2113006040152297
3138.0;50.71124898013568;-0.335355059;0.00545999987680003;6.343161124414594e-14;0.17194433151685187;0.0;0.004995269978729949;0.18105418528136197;0.019619999999940744;0.0;0.0;7.364645196752535e-13;0.0;-0.047828336497004346
3139.0;279.1065531756433;-0.330553637;0.005460000000779564;2.466373467283762e-13;0.0498583676864983;9.633781684201757e-16;0.005329799998749216;0.17036824538489145;0.019619999999991117;0.0;0.08302986155574892;1.1472558705294415e-12;7.093651798001189e-14;-1.5190546381598148e-8
3140.0;561.2508882980436;-0.33272432700000004;0.005460000000992597;0.01704499999990378;0.010005866122748765;3.691959871898438e-15;0.005389335003861687;0.17268626263533807;0.01961999999999571;0.0;0.08302986155577735;1.753061556719484e-12;0.00838643293271699;-7.112183936410835e-9
3141.0;550.1022822514718;-0.32873068;0.005460000000988748;0.017044999999898197;0.005065920516486463;3.4444945902258754e-15;0.004476464988266267;0.17756502321318657;0.01961999999999562;0.0;0.0830298615557771;1.7344635090792102e-12;0.008386432932716745;-7.263938290324039e-9
3142.0;441.70677371325127;-0.32120789600000005;0.005460000000939821;0.017044999999766303;0.0052638780675525595;1.7976474866675565e-15;0.00393120000858199;0.17877864470551058;0.0196199999999945;0.0;0.08302986155577341;1.5238294457764906e-12;0.008386432932712365;-9.172444962555615e-9
3143.0;358.2215022061475;-0.312031329;0.00546000000087864;0.00731863827012642;0.005263878067532461;1.2503120851079328e-15;0.0034190100112510675;0.17976774663303652;0.019619999999993157;0.0;0.08302986155576711;1.3323510545814128e-12;0.008386432932697977;-1.1509065963650035e-8
3144.0;347.55741410750494;-0.3024438570000001;0.005460000000868381;1.8323575768972323e-12;0.005146902372525051;1.202550546412463e-15;0.002710259989988051;0.18115734403097067;0.019619999999992938;0.0;0.08302986155576579;1.3071602307902493e-12;0.008386432932692563;-1.189585457818917e-8
3145.0;199.82742092922368;-0.21802913300000004;0.005460000000796206;7.704057318033571e-14;0.003779193915865349;5.121147761511069e-16;0.0032933249978157448;0.16805022702288858;0.019619999999992133;0.0;0.017820151721679344;8.243266051972663e-13;9.054616171231207e-15;-1.4059347142213563e-8
3146.0;199.82750378679566;-0.21498861900000002;0.005460000000796207;7.704062239132741e-14;0.0021055504210062957;5.12114906907137e-16;0.003550364990720088;0.15748564794161315;0.01961999999999213;0.0;0.026761901535219085;8.243268574626411e-13;9.05462536722749e-15;-1.4059338470362093e-8
3147.0;199.82756481833664;-0.212321588;0.005460000000796207;7.704065957025816e-14;0.0011697498980352305;5.12115005693424e-16;0.0034747650076330477;0.14928763310468807;0.01961999999999213;0.0;0.03330525326854799;8.243270480491901e-13;9.054632314809543e-15;-1.4059331918788078e-8
3148.0;199.82762286168875;-0.20974909700000002;0.005460000000796207;7.704069540576521e-14;0.00043190793355967947;5.121151009098692e-16;0.0037289699876429014;0.14127772814290865;0.01961999999999213;0.0;0.03922731182766966;8.24327231749047e-13;9.054639011348743e-15;-1.405932560396076e-8
3149.0;199.8275848773727;-0.21024428100000003;0.005460000000796207;7.704067021549508e-14;0.00035992327794652057;5.121150339783157e-16;0.004026644992398253;0.1472972919453584;0.01961999999999213;0.0;0.03347626287044937;8.243271026187087e-13;9.054634304072288e-15;-1.4059330042914524e-8
3150.0;199.82751355049942;-0.21188830700000003;0.005460000000796207;7.704065185038669e-14;0.009456983501426703;5.121149851812229e-16;0.004082399989005872;0.14565890259724262;0.01961999999999213;0.0;0.027609339871946425;8.243270084755255e-13;9.054630872203324e-15;-1.405933327916264e-8
3151.0;50.73599816872032;-0.216993269;0.005459999925502454;3.9688146454137175e-14;0.046987979669516795;0.0;0.003921749983620131;0.14366856254940627;0.019619999999962976;0.0;0.0;5.545476629401103e-13;0.0;-0.0031770684288268424
3152.0;50.73631993224138;-0.22916920100000002;0.005459999925723395;3.9688423043323754e-14;0.14355538560415132;0.0;0.0037450349903520087;0.13946336288910266;0.01961999999996298;0.0;0.0;5.545503977962912e-13;0.0;-0.08302899530636179
3153.0;50.73518717313165;-0.24475810400000003;0.005459999925649571;3.9688330445004884e-14;0.26770191083167894;0.0;0.003522959998335608;0.14038571575682868;0.01961999999996298;0.0;0.0;5.545494822049604e-13;0.0;-0.19224229332379955
3154.0;50.734235176291335;-0.257873105;0.0054599999255871955;3.968825234774457e-14;0.3713957986794287;0.0;0.0032290649860628505;0.14182992602187655;0.01961999999996298;0.0;0.0;5.545487099955661e-13;0.0;-0.2839342162716804
3155.0;50.7337175876409;-0.266622096;0.005459999925551991;3.968820832665609e-14;0.4213531446378987;0.0;0.0035172900021984777;0.14820750862030949;0.019619999999962976;0.0;0.0;5.545482747240287e-13;0.0;-0.3317893983177892
3156.0;50.733104684491984;-0.271112031;0.0054599999255402374;3.9688193638284344e-14;0.4416978055379631;0.0;0.0035456399977093476;0.15605357498075034;0.01961999999996298;0.0;0.0;5.545481294880704e-13;0.0;-0.3554745530379908
3157.0;8.974732421633075;-0.27157448700000003;0.0;0.0;0.45522192157576113;0.0;0.003535244961749659;0.17052601588928637;0.0;0.0;0.0;0.0;0.0;-0.3574262756011159
3158.0;0.0007577527040079472;-0.27011034700000003;0.0;0.0;0.4445667608683453;0.0;0.0016403700247389311;0.18130858857807222;0.0;0.0;0.0;0.0;0.0;-0.3574262820075554
3159.0;0.000757805480876737;-0.267572525;0.0;0.0;0.4275060111735879;0.0;0.002175425176111276;0.19529645979401086;0.0;0.0;0.0;0.0;0.0;-0.35742628200755544
3160.0;50.732041259221035;-0.263928887;0.00545999992554735;3.968820252577376e-14;0.37956605558040346;0.0;0.0037318049944234525;0.2125355380415731;0.01961999999996298;0.0;0.0;5.545482173658775e-13;0.0;-0.3571068230894
3161.0;50.734445459642146;-0.258682594;0.005459999925565622;3.96882253665755e-14;0.29494810147014094;0.0;0.0039491549995429535;0.21629169857228195;0.01961999999996298;0.0;0.0;5.545484432113103e-13;0.0;-0.2818977589852307
3162.0;50.7352674501389;-0.25564006100000003;0.005459999925614018;3.9688285915213254e-14;0.1972559336545056;0.0;0.0037771649931713763;0.2265710760137248;0.01961999999996298;0.0;0.0;5.545490419039582e-13;0.0;-0.19739245894162027
3163.0;50.7362088187337;-0.24850053100000002;0.005459999925676014;3.9688363591901905e-14;0.09487576703096169;0.0;0.003228119991648825;0.22463534883308453;0.01961999999996298;0.0;0.0;5.54549809954185e-13;0.0;-0.09970361870298586
3164.0;50.736907042870264;-0.24744021099999997;0.0054599999257222255;3.968842157550266e-14;0.02485270058700154;0.0;0.0036949499898813716;0.21907089336815191;0.01961999999996298;0.0;0.0;5.545503832828904e-13;0.0;-0.025669874056268433
3165.0;50.693825185337204;-0.246020611;0.00545999992444553;3.96868454065041e-14;0.007927310324855764;0.0;0.0032517450002609977;0.2185551029555994;0.01961999999996297;0.0;0.0;5.545347982721566e-13;0.0;-0.006087566823650377
3166.0;75.91908329405919;-0.24438610700000002;0.0054599999990357535;4.3239756368936886e-14;0.006028714655435299;0.0;0.0031969350007929336;0.21708662141678176;0.019619999999977187;0.0;1.459887348514181e-14;5.885752989870749e-13;0.0;-6.943912010535068e-8
3167.0;50.73710419518942;-0.24126669300000003;0.005459999925732244;3.968843415459939e-14;0.006037712863157349;0.0;0.003396329990711909;0.22035733201663044;0.01961999999996298;0.0;0.0;5.545505076620066e-13;0.0;-0.014026131554109398
3168.0;50.73708860448697;-0.23574724200000002;0.005459999925732881;3.9688434955033556e-14;0.006028714655279149;0.0;0.003582494987426003;0.21956847726851358;0.01961999999996298;0.0;0.0;5.545505155765741e-13;0.0;-0.018932024911698726
3169.0;199.82754244762683;-0.23802847700000002;0.005460000000823667;7.131339503488873e-14;0.005650795969228781;4.767573118044152e-16;0.0006652799945350717;0.14648416592343674;0.019619999999992723;0.0;0.06014607723214993;7.957427640432322e-13;8.381796334809396e-15;-1.3013514576935055e-8
3170.0;199.8275540487736;-0.232612007;0.005460000000823667;7.131340013479002e-14;0.004975939445075753;4.76757325520447e-16;0.0006633900057067462;0.14562249401916946;0.019619999999992723;0.0;0.05626792344894812;7.957427929691179e-13;8.381797287874942e-15;-1.3013513678366377e-8
3171.0;199.8275608639638;-0.22994908400000003;0.005460000000823667;7.131340195750996e-14;0.004175109018040369;4.767573304226432e-16;0.0009431099979849654;0.14568317498262823;0.019619999999992723;0.0;0.054065137080641604;7.957428033072212e-13;8.381797628502103e-15;-1.3013513357215448e-8
3172.0;199.82756188924856;-0.23133045200000002;0.005460000000823667;7.131340114540843e-14;0.0036802156440388922;4.767573282384704e-16;0.0015885450079662787;0.14621716857264172;0.019619999999992723;0.0;0.054761710250981276;7.957427987011693e-13;8.381797476738694e-15;-1.301351350030208e-8
3173.0;199.82753204145897;-0.236613142;0.005460000000823667;7.131339408203483e-14;0.007504399592002075;4.767573092416901e-16;0.00177471000468039;0.14550720018859783;0.019619999999992723;0.0;0.05674548463948687;7.957427586388477e-13;8.381796156740998e-15;-1.3013514744821705e-8
3174.0;199.82734289554674;-0.24989427900000005;0.005460000000823667;7.131335795666802e-14;0.03471459639153882;4.7675721208341e-16;0.002039309997376031;0.1368358705019649;0.019619999999992727;0.0;0.051234151380571864;7.957425537416605e-13;8.381789405675732e-15;-1.3013521109879216e-8
3175.0;133.5233394893734;-0.262532087;0.005460000000552179;5.027305819382102e-14;0.11452757700624618;0.0;0.0024088049917795782;0.12087674265342822;0.019619999999988764;0.0;2.5241303068402294e-14;6.51509741030945e-13;5.032694550900432e-15;-2.2086012972078473e-8
3176.0;50.71574894889661;-0.285199387;0.005459999929593678;3.673606366086989e-14;0.2520992389942395;0.0;0.0025798499842054454;0.11241779856198998;0.019619999999965724;0.0;0.0;5.256801533968038e-13;0.0;-0.10704541610050064
3177.0;50.71434517857517;-0.30194582400000003;0.005459999929506163;3.673595919165256e-14;0.40867484804955173;0.0;0.0027461699944399754;0.11009371321521375;0.019619999999965724;0.0;0.0;5.256790606410668e-13;0.0;-0.24466022819318586
3178.0;9.99927712474959;-0.3164562030000001;0.0;0.0;0.5450227708906199;0.0;0.0028765799636607005;0.11606473224647601;0.009953350010460618;0.0;0.0;0.0;0.0;-0.35742627693937795
3179.0;0.0007577680080961126;-0.3272195070000001;0.0;0.0;0.6112382499485356;0.0;0.001523079675992359;0.07186355020580047;0.0;0.0;0.0;0.0;0.0;-0.3574262837380115
3180.0;0.0007577677839414506;-0.32953661900000003;0.0;0.0;0.6080869036884403;0.0;0.0017479293796810935;0.07710715806442424;0.0;0.0;0.0;0.0;0.0;-0.3574262837380115
3181.0;0.000757767829968242;-0.327689138;0.0;0.0;0.6001662090998594;0.0;0.0017715470569305716;0.08315675391029075;0.0;0.0;0.0;0.0;0.0;-0.3574262837380115
3182.0;0.0007577682110825383;-0.32645551500000003;0.0;0.0;0.5856602322621987;0.0;0.0017895068708646887;0.09641114787196783;0.0;0.0;0.0;0.0;0.0;-0.3574262837380115
3183.0;0.0007577708965286347;-0.32258209500000007;0.0;0.0;0.5527617546114696;0.0;0.0023196857901147095;0.12490602542771465;0.0;0.0;0.0;0.0;0.0;-0.35742628373801155
3184.0;6.216858031273453;-0.31617918300000003;0.0;0.0;0.4883168637189321;0.0;0.00483367495118862;0.18146074884744937;0.0;0.0;0.0;0.0;0.0;-0.3574262798958786
3185.0;50.714130417737;-0.307642758;0.005459999929456381;3.673589987919423e-14;0.3754539330100225;0.0;0.004800599993324113;0.1892157926518634;0.019619999999965724;0.0;0.0;5.2567844022769e-13;0.0;-0.2869426741900397
3186.0;50.715088374796146;-0.2998059470000001;0.005459999929513424;3.673596784950162e-14;0.26489451027021294;0.0;0.0046276649925383745;0.19645504826614021;0.01961999999996572;0.0;0.0;5.256791512028682e-13;0.0;-0.19132746025129002
3187.0;50.71612516867362;-0.288908443;0.005459999929576488;3.6736043120792265e-14;0.14696565803422668;0.0;0.004455675000992809;0.20150371554167348;0.019619999999965724;0.0;0.0;5.256799385461522e-13;0.0;-0.0892159930301131
3188.0;199.826873424724;-0.27599837800000004;0.005460000000823665;7.131314009129132e-14;0.05806461741901203;4.767566261389362e-16;0.004724054991833173;0.17725554918796063;0.019619999999992723;0.0;0.010885662523383063;7.95741318042186e-13;8.381748691324148e-15;-1.3013559496630958e-8
3189.0;199.82728492204922;-0.268109736;0.005460000000823666;7.131326517520095e-14;0.014891824496522843;4.767569625498178e-16;0.004458509989897366;0.17365716027382103;0.019619999999992723;0.0;0.05001904813179322;7.957420274997979e-13;8.381772066795561e-15;-1.3013537457436755e-8
3190.0;199.82729213962932;-0.26509070200000007;0.005460000000823666;7.131324291172362e-14;0.005704783201673105;4.767569026726245e-16;0.004032314988689839;0.18541108957361768;0.019619999999992723;0.0;0.0448542103884867;7.95741901224577e-13;8.381767906230561e-15;-1.3013541380144897e-8
3191.0;199.82729675109653;-0.257344232;0.005460000000823666;7.131324524733108e-14;0.0055428184821028235;4.767569089543302e-16;0.0035409150022550667;0.18491957265802525;0.019619999999992723;0.0;0.0382526425792313;7.957419144718745e-13;8.381768342707274e-15;-1.3013540968622746e-8
3192.0;199.8273660003513;-0.24133298;0.005460000000823666;7.131328664551708e-14;0.00529087168375055;4.767570202937292e-16;0.00358533000658873;0.17448242360001315;0.019619999999992723;0.0;0.03288763532178828;7.957421492760869e-13;8.38177607913852e-15;-1.301353367448386e-8
3193.0;307.6493267743983;-0.23738172700000004;0.005460000000921642;2.7459543178659227e-13;0.004768982678724448;7.869059997983332e-16;0.0012190499981713863;0.12231488482214853;0.019619999999994326;0.0;0.08302986155576632;1.1765880087931472e-12;0.008386432932598793;-1.1967898659955612e-8
3194.0;305.8550000191881;-0.235446233;0.005460000000919931;2.6517420397882495e-13;0.0037162074681611475;7.82157636908808e-16;0.0013078799920037093;0.12141073735503655;0.01961999999999429;0.0;0.08302986155576599;1.1707867560880924e-12;0.008386432932564487;-1.2071591064816754e-8
3195.0;356.9773827514217;-0.23336629899999997;0.0054600000009608065;1.1862876725298668e-11;0.002933374464307259;9.437653840225035e-16;0.0013286700027701106;0.11384380342650892;0.01961999999999515;0.0;0.08302986155577229;1.3395468866377362e-12;0.00838643293270469;-9.704807688529064e-9
3196.0;358.22266922120343;-0.23158424200000002;0.005460000000961627;0.00037009260878951926;0.0029693662884078815;9.484847857052155e-16;0.0012426750070018372;0.11070659094623242;0.019619999999995162;0.0;0.08302986155577238;1.3436524571013832e-12;0.008386432932705065;-9.65948161271724e-9
3197.0;358.222003633321;-0.23399834000000003;0.005460000000961627;0.009202236337491345;0.0035272471175567537;9.484835997646987e-16;0.00125968499541277;0.10375860617971067;0.019619999999995162;0.0;0.08302986155577238;1.3436514307011443e-12;0.008386432932705065;-9.659492892175325e-9
3198.0;449.28515525339793;-0.24374600800000001;0.005460000001008168;0.01704499999984754;0.014621882289876743;1.4897275795908812e-15;0.0012455099905115678;0.094571488303682;0.019619999999996186;0.0;0.08302986155577712;1.6263646939222487e-12;0.00838643293271566;-7.206864020595041e-9
3199.0;294.9765507651974;-0.259693375;0.005460000000908969;2.1932704091486647e-13;0.06826844210034282;7.544046853915982e-16;0.0009478350000324199;0.08498387495723801;0.01961999999999407;0.0;0.08302986155576376;1.1358058737065079e-12;2.3082140467791116e-13;-1.2746859890351186e-8
3200.0;121.39349489114527;-0.27797489100000006;0.005460000000284628;5.854644378208612e-14;0.17753214103898418;0.0;0.0008467200023872948;0.08217434079118405;0.019619999999984677;0.0;2.618721600585742e-14;7.0999491222804e-13;5.756009840946221e-15;-0.008097900941040997
3201.0;121.39217432331044;-0.293673043;0.005460000000284618;5.85462620753977e-14;0.3112076334162585;0.0;0.0007890749872993565;0.07876406286376661;0.019619999999984677;0.0;2.6186970584486144e-14;7.099936383425997e-13;5.755986078727481e-15;-0.12254747459763395
3202.0;121.391202809541;-0.30410125700000007;0.0054600000002846105;5.854610691739658e-14;0.4158553171953232;0.0;0.0007002450082840678;0.08218040777595341;0.019619999999984674;0.0;2.618676102342269e-14;7.099925505779672e-13;5.75596578838449e-15;-0.22005730524973216
3203.0;121.39060364265687;-0.31318970700000004;0.005460000000284606;5.85460116642379e-14;0.4801646012222092;0.0;0.0005301449907408704;0.08423142878716525;0.019619999999984674;0.0;2.618663237275267e-14;7.099918827861664e-13;5.755953331942731e-15;-0.2771360105110679
3204.0;121.39030944195414;-0.31843566700000003;0.0054600000002846035;5.854596032716827e-14;0.5078696934105723;0.0;0.00043281000269422125;0.08991118030582264;0.019619999999984677;0.0;2.6186563036312675e-14;7.099915228765732e-13;5.7559466184980276e-15;-0.30516793678761855
3205.0;121.39020727534785;-0.319258743;0.005460000000284602;5.854593402241039e-14;0.5112439740165126;0.0;0.0003260249963760635;0.09994783389343047;0.019619999999984674;0.0;2.6186527508897894e-14;7.099913384613085e-13;5.755943178578593e-15;-0.3176487735363638
3206.0;121.39018039957845;-0.31834750599999995;0.005460000000284602;5.854591922632462e-14;0.5064300013057215;0.0;0.0002929499991424788;0.11001482685119111;0.019619999999984677;0.0;2.618650752521303e-14;7.099912347299646e-13;5.755941243668239e-15;-0.32378277415070683
3207.0;121.39048273374725;-0.31389970700000003;0.0054600000002846035;5.854595361964954e-14;0.46783723071142763;0.0;0.00036193499167815307;0.119414328099329;0.019619999999984674;0.0;2.618655397707867e-14;7.099914758519758e-13;5.755945741344074e-15;-0.29912275019876916
3208.0;121.39108110010967;-0.30750415600000003;0.005460000000284608;5.854604657241974e-14;0.4030870405429845;0.0;0.00038366999663785927;0.11873470130859104;0.019619999999984677;0.0;2.6186679520289927e-14;7.099921275171666e-13;5.755957896952199e-15;-0.240133985847975
3209.0;121.39198936685243;-0.299485382;0.005460000000284615;5.854618749309317e-14;0.3026864504376836;0.0;0.000368549997055307;0.11915946916437883;0.019619999999984674;0.0;2.6186869851101313e-14;7.099931154694302e-13;5.755976325436032e-15;-0.14819804616899554
3210.0;121.39291216223498;-0.29131817000000004;0.005460000000284622;5.854633034022259e-14;0.20206091017249003;0.0;0.00037705499126077104;0.11886819831662378;0.019619999999984674;0.0;2.6187062785721162e-14;7.099941169251071e-13;5.7559950058771405e-15;-0.05549380789317755
3211.0;199.8268786330182;-0.281332224;0.0054600000007458864;8.753566868204434e-14;0.10123741034147611;5.758028781796694e-16;0.00036004500437668914;0.11601618747620064;0.019619999999991047;0.0;0.038675055122564195;8.699054823865133e-13;1.0287552474177738e-14;-2.5989504145148403e-8
3212.0;382.82464855355255;-0.272668934;0.005460000000976757;0.0170449999994397;0.03289698459290558;1.0535071140372897e-15;0.0002863350112479356;0.11399550694673359;0.019619999999995492;0.0;0.08302986155577413;1.4249285716576273e-12;0.008386432932710219;-8.837629661122247e-9
3213.0;569.6293384708612;-0.269680732;0.005460000001044641;0.017044999999934304;0.008926096288571722;3.913825549096786e-15;0.0003080700017859239;0.12318262482277131;0.019619999999997025;0.0;0.0830298615557798;1.8955401509686805e-12;0.008386432932718705;-5.419764551751652e-9
3214.0;488.6740972259157;-0.265121002;0.005460000001022317;0.01704499999989353;0.006181681167385615;1.9473215523524826e-15;0.0003212999975769416;0.1268356266040219;0.01961999999999651;0.0;0.08302986155577824;1.7284898747986122e-12;0.008386432932717083;-6.50137899276036e-9
3215.0;375.17870583091855;-0.256785766;0.005460000000972323;0.01704499999918828;0.00597472540840759;1.0186916027017166e-15;0.0002749950041228957;0.1262288158578539;0.019619999999995395;0.0;0.08302986155577365;1.4000024976516095e-12;0.008386432932708984;-9.075856816703791e-9
3216.0;355.1122351542205;-0.24763391900000004;0.005460000000959559;4.493564896116363e-12;0.005965728207937735;9.36750441825656e-16;0.00024569999930049163;0.1269023756638216;0.019619999999995117;0.0;0.08302986155577212;1.3333658687865897e-12;0.008386432932704095;-9.773847774796336e-9
3217.0;50.71960624451258;-0.279081826;0.005459999926847931;3.839983834336781e-14;0.0018716010454874472;0.0;0.010991294990731426;0.3373565522124752;0.019619999999964173;0.0;0.0;5.421488635452863e-13;0.0;-0.09618903831217067
3218.0;50.719657331143495;-0.27634156800000004;0.0054599999268543425;3.839984610991764e-14;0.0009447987303945829;0.0;0.010858994986970611;0.33079692561208945;0.019619999999964173;0.0;0.0;5.421489422486265e-13;0.0;-0.09130991126712916
3219.0;50.71965303994624;-0.27388940800000006;0.005459999926853478;3.839984506232288e-14;0.00046790076473706934;0.0;0.010277819997454357;0.33207729838737515;0.019619999999964173;0.0;0.0;5.421489316326939e-13;0.0;-0.09398471179369272
3220.0;50.7196679484631;-0.27349126;0.005459999926855502;3.8399847514331783e-14;0.0004589025568588701;0.0;0.009640889981678495;0.32981996098882704;0.01961999999996417;0.0;0.0;5.421489564804757e-13;0.0;-0.09147926859254928
3221.0;50.71966733185236;-0.280684937;0.005459999926855262;3.839984722288269e-14;0.00046790076473706945;0.0;0.008729909999413353;0.3300869572280455;0.01961999999996417;0.0;0.0;5.421489535270273e-13;0.0;-0.08365074451771964
3222.0;50.719661768370656;-0.297373543;0.005459999926854445;3.839984623368696e-14;0.0011157626652554987;0.0;0.007029854996306111;0.33058454335156023;0.019619999999964173;0.0;0.0;5.421489435028391e-13;0.0;-0.06640767311732569
3223.0;50.719650937012986;-0.31247658300000003;0.005459999926858492;3.8399851136556494e-14;0.010581743367267235;0.0;0.006950474991084425;0.319837920268332;0.019619999999964173;0.0;0.0;5.421489931868222e-13;0.0;-0.04994001359842246
3224.0;50.71915162487146;-0.324271651;0.005459999926832118;3.839981919535963e-14;0.07357730919218484;0.0;0.007836884985147277;0.30781092774454755;0.019619999999964173;0.0;0.0;5.421486695061888e-13;0.0;-0.08997491795416253
3225.0;50.71803880146902;-0.336077622;0.0054599999267730985;3.839974779868637e-14;0.21643084465643075;0.0;0.007961624989116704;0.27961848987332677;0.01961999999996417;0.0;0.0;5.4214794599757e-13;0.0;-0.19289907053849403
3226.0;50.71668812710689;-0.346254195;0.005459999926691708;3.8399649525339003e-14;0.371467781320232;0.0;0.008202599988024148;0.26816189840605453;0.01961999999996417;0.0;0.0;5.421469501286709e-13;0.0;-0.32648468205387726
3227.0;0.0007577593065104177;-0.35412702100000004;0.0;0.0;0.4593969490161196;0.0;0.004460785743859966;0.24767465808820888;0.0;0.0;0.0;0.0;0.0;-0.35742628276011634
3228.0;0.0007577584587033688;-0.35836155300000005;0.0;0.0;0.5022207646866024;0.0;0.004299185016299901;0.20924697528056435;0.0;0.0;0.0;0.0;0.0;-0.35742628276011634
3229.0;0.000757758233119393;-0.354838;0.0;0.0;0.4953687028868682;0.0;0.005927379397650271;0.21094728916732408;0.0;0.0;0.0;0.0;0.0;-0.3574262827601164
3230.0;0.0007577594770079057;-0.355023582;0.0;0.0;0.48015756437212853;0.0;0.006577299274401475;0.22569408978201674;0.0;0.0;0.0;0.0;0.0;-0.3574262827601164
3231.0;0.0007578383704483519;-0.350720459;0.0;0.0;0.43842178438940893;0.0;0.008976071414058939;0.26072797039116224;0.0;0.0;0.0;0.0;0.0;-0.35742628276011634
3232.0;50.71703203644912;-0.34235319500000005;0.005459999926721458;3.839968542241365e-14;0.34770384978224866;0.0;0.010542419990149801;0.2507160836180619;0.01961999999996417;0.0;0.0;5.421473138977855e-13;0.0;-0.291522934366093
3233.0;50.71833218969223;-0.331745415;0.005459999926812922;3.8399795960582834e-14;0.21527909117403266;0.0;0.010424295006383564;0.2359098962984075;0.019619999999964173;0.0;0.0;5.421484340533633e-13;0.0;-0.15482729741404572
3234.0;50.71965097622927;-0.31936416700000003;0.005459999926906022;3.839990875702375e-14;0.08829816975395721;0.0;0.011193524996268397;0.21551498001686048;0.019619999999964173;0.0;0.0;5.421495770912384e-13;0.0;-0.020647471910679387
3235.0;199.8269513651653;-0.31795194;0.005460000000808184;7.454196915122817e-14;0.018994948859055467;4.967428365524733e-16;0.011374965012003399;0.21988401939015978;0.01961999999999239;0.0;0.04260894355407447;8.122105835957141e-13;8.76106486526345e-15;-1.360298242137997e-8
3236.0;199.82694627905866;-0.317359265;0.005460000000808184;7.454192277422914e-14;0.004768982678697042;4.967427126710694e-16;0.011639565004699048;0.24061875017865234;0.01961999999999239;0.0;0.03523458874260103;8.122103352210867e-13;8.761056198699917e-15;-1.3602990593219349e-8
3237.0;137.40668648774988;-0.311176996;0.005460000000551994;5.3442038470708755e-14;0.003185321262567401;0.0;0.011670749997361311;0.25896264544897507;0.019619999999988605;0.0;2.7967447791968353e-14;6.758118320132439e-13;5.382246655291366e-15;-2.2190810528048994e-8
3238.0;50.72020240350058;-0.30114152800000005;0.005459999926909391;3.839991284531425e-14;0.002681427665576163;0.0;0.011317319990997754;0.26815583142128513;0.019619999999964173;0.0;0.0;5.42149618520476e-13;0.0;-0.00606693319746292
3239.0;50.72002446920296;-0.291649122;0.005459999926901573;3.8399903360744215e-14;0.0017816209815303306;0.0;0.011525219992671608;0.277458243127889;0.019619999999964173;0.0;0.0;5.421495224073621e-13;0.0;-0.024160723727191875
3240.0;50.71996672619974;-0.28261423300000005;0.0054599999268952915;3.839989574228476e-14;0.0009358005225163871;0.0;0.011234159993293394;0.28501303975215136;0.01961999999996417;0.0;0.0;5.421494452047344e-13;0.0;-0.039613589905750805
3241.0;2.8106403521744734;-0.26361706900000004;0.0;0.0;0.00015296851440380974;0.0;0.005652989792136385;0.33461376710348956;0.0;0.0;0.0;0.0;0.0;-0.07584138671215966
3242.0;2.8108376019353676;-0.201262222;0.0;0.0;0.00017996112321506992;0.0;0.004982039799580394;0.3028411457187434;0.0;0.0;0.0;0.0;0.0;-0.1057740728119624
3243.0;2.8108562474527012;-0.201069426;0.0;0.0;0.0001529685144050977;0.0;0.005606684784172142;0.3000255423447982;0.0;0.0;0.0;0.0;0.0;-0.10374850956116832
3244.0;2.8107304323500344;-0.25228143900000005;0.0;0.0;0.00015296851440432718;0.0;0.004930064795445703;0.32072993265156136;0.0;0.0;0.0;0.0;0.0;-0.07256814106272436
3245.0;2.8107662463547762;-0.25071706;0.0;0.0;0.00015296851440452808;0.0;0.004990544793777479;0.3153414519806591;0.0;0.0;0.0;0.0;0.0;-0.06880377004427113
3246.0;2.810760745948856;-0.25210404100000006;0.0;0.0;0.00018895933109274148;0.0;0.00482044479106576;0.31618491848431224;0.0;0.0;0.0;0.0;0.0;-0.06812628710453898
3247.0;2.810721150191739;-0.25638013100000007;0.0;0.0;0.0009717933423683867;0.0;0.005508404786873991;0.3211425643146573;0.0;0.0;0.0;0.0;0.0;-0.07027908328209849
3248.0;2.8105963345048774;-0.26294431900000004;0.0;0.0;0.012903247743570788;0.0;0.006130214788218116;0.32347878696570187;0.0;0.0;0.0;0.0;0.0;-0.07860032280339532
3249.0;2.809975983595565;-0.273678262;0.0;0.0;0.08549076918079289;0.0;0.00698071478693406;0.3168948868683556;0.0;0.0;0.0;0.0;0.0;-0.13469297897374458
3250.0;2.8090279070990354;-0.287582978;0.0;0.0;0.19312581465668188;0.0;0.0075788997944598235;0.31229525983399303;0.0;0.0;0.0;0.0;0.0;-0.22438229071456584
3251.0;2.808184022488094;-0.29677969;0.0;0.0;0.28975620804646096;0.0;0.007623314783929927;0.30528659299243527;0.0;0.0;0.0;0.0;0.0;-0.3048147872887215
3252.0;2.8073033652174466;-0.30200059400000007;0.0;0.0;0.34145918215540194;0.0;0.008009819782502436;0.3080536515956134;0.0;0.0;0.0;0.0;0.0;-0.3543920718906473
3253.0;0.0007508187502855533;-0.30707995600000004;0.0;0.0;0.34509495333444307;0.0;0.004920352984079092;0.31447006767173413;0.0;0.0;0.0;0.0;0.0;-0.3574257007326535
3254.0;2.8054858869077695;-0.30553767600000004;0.0;0.0;0.3128002930283087;0.0;0.009535994790339312;0.34122193958621644;0.0;0.0;0.0;0.0;0.0;-0.35679210684388557
3255.0;2.808314517184918;-0.300529675;0.0;0.0;0.2419224089248726;0.0;0.010047239792959971;0.3521991492190122;0.0;0.0;0.0;0.0;0.0;-0.3025919365945339
3256.0;2.809202533738149;-0.29240862700000003;0.0;0.0;0.14196272697595683;0.0;0.009724994800045402;0.3569686829510593;0.0;0.0;0.0;0.0;0.0;-0.21523833010739138
3257.0;2.8098507394081307;-0.29562427300000005;0.0;0.0;0.04278587500866896;0.0;0.010221119788215143;0.3959744918537369;0.0;0.0;0.0;0.0;0.0;-0.152389549513847
3258.0;2.8099276562555273;-0.31022223099999996;0.0;0.0;0.007234456365883666;0.0;0.010580219785702222;0.43402153819903644;0.0;0.0;0.0;0.0;0.0;-0.1406650241888269
3259.0;2.8097705285474213;-0.311485642;0.0;0.0;0.00030593401867792764;0.0;0.010782449791218285;0.4678027050321499;0.0;0.0;0.0;0.0;0.0;-0.16646406403914138
3260.0;2.8097709362099015;-0.30900064;0.0;0.0;0.0001979585463776576;0.0;0.010535804796175979;0.4678573178992626;0.0;0.0;0.0;0.0;0.0;-0.16864908729366782
3261.0;2.8097839241312874;-0.30355852800000005;0.0;0.0;0.00017996112320899736;0.0;0.01061423979215813;0.4658062968880508;0.0;0.0;0.0;0.0;0.0;-0.17210026909718185
3262.0;2.809795321635751;-0.29684078599999997;0.0;0.0;0.00016196571486497115;0.0;0.01034302479408905;0.46398586353798216;0.0;0.0;0.0;0.0;0.0;-0.17670804780482513
3263.0;2.809874215627689;-0.291617807;0.0;0.0;0.00016196571486542575;0.0;0.010540529797909202;0.4517950313012827;0.0;0.0;0.0;0.0;0.0;-0.16993582411936548
3264.0;2.8099220124416027;-0.284833226;0.0;0.0;0.00017096392274400978;0.0;0.01063030478616871;0.4443433934264769;0.0;0.0;0.0;0.0;0.0;-0.16936636176648615
3265.0;0.0010202616389935037;-0.34759856;0.0;0.0;0.00015929905325633782;0.0;0.0030862084128941486;0.5396576586765977;0.0;0.0;0.0;0.0;0.0;-0.1953043332888788
3266.0;0.001019291672525078;-0.34451784799999996;0.0;0.0;0.0001498643945581393;0.0;0.002925962883087936;0.5409184212797005;0.0;0.0;0.0;0.0;0.0;-0.19947613114006396
3267.0;0.001019268069632415;-0.342172964;0.0;0.0;0.0001498644010996819;0.0;0.0029823896269258964;0.5397574638081066;0.0;0.0;0.0;0.0;0.0;-0.2007164827684854
3268.0;0.0010201827615608592;-0.338948512;0.0;0.0;0.00015929911055402775;0.0;0.002581997335491136;0.535637309701846;0.0;0.0;0.0;0.0;0.0;-0.19942981507526258
3269.0;0.0010201068975038462;-0.34035947199999994;0.0;0.0;0.00015929916134665737;0.0;0.0022307855434650836;0.5414061080803558;0.0;0.0;0.0;0.0;0.0;-0.20343643584997326
3270.0;0.0010200384467568312;-0.34614187999999996;0.0;0.0;0.00015929914295848628;0.0;0.0030172096930551873;0.5499760274994812;0.0;0.0;0.0;0.0;0.0;-0.20701036731239306
3271.0;0.0010227104316099587;-0.36131033999999995;0.0;0.0;0.00020644089219904867;0.0;0.0026111803369589168;0.5607816906734666;0.0;0.0;0.0;0.0;0.0;-0.20228873409151474
3272.0;0.0008014125623668066;-0.38096341599999994;0.0;0.0;0.001836322639203246;0.0;0.0035753447316857834;0.5663062601397106;0.0;0.0;0.0;0.0;0.0;-0.19075736861066533
3273.0;0.0008015149747728365;-0.38995484;0.0;0.0;0.0213252010576589;0.0;0.002548440822481794;0.5516327112614502;0.0;0.0;0.0;0.0;0.0;-0.18555437935324604
3274.0;0.0008007257716820448;-0.396351884;0.0;0.0;0.07010815362604582;0.0;0.002669050007070834;0.5462607777078496;0.0;0.0;0.0;0.0;0.0;-0.22268888591876282
3275.0;0.0007988487121161469;-0.4034903799999999;0.0;0.0;0.14160492942604447;0.0;0.002790796666738127;0.5517908589930676;0.0;0.0;0.0;0.0;0.0;-0.29269880956764893
3276.0;0.0007960745045205753;-0.408579876;0.0;0.0;0.18897206432367578;0.0;0.002872010974027972;0.555406259080265;0.0;0.0;0.0;0.0;0.0;-0.3386727921878058
3277.0;0.0007951614822945922;-0.408994136;0.0;0.0;0.20191295753566701;0.0;0.002927710128002535;0.55069520152323;0.0;0.0;0.0;0.0;0.0;-0.3465439783811229
3278.0;0.0007973307804436106;-0.40564846;0.0;0.0;0.17546492564595617;0.0;0.0030633174827593515;0.5504995903776391;0.0;0.0;0.0;0.0;0.0;-0.3233818297028781
3279.0;0.000799288146669382;-0.40196721199999996;0.0;0.0;0.13092741988641296;0.0;0.002802361543364938;0.5482214034222718;0.0;0.0;0.0;0.0;0.0;-0.2799866203779135
3280.0;0.00080091499639084;-0.395626944;0.0;0.0;0.07080499767107352;0.0;0.0029051155164202865;0.5359315874367049;0.0;0.0;0.0;0.0;0.0;-0.21401756386281048
3281.0;0.0008019542101385464;-0.392814292;0.0;0.0;0.02265463179816755;0.0;0.0026618851334442796;0.5340278246338135;0.0;0.0;0.0;0.0;0.0;-0.16653295906512094
3282.0;0.0008023357158403085;-0.39495676399999996;0.0;0.0;0.0018444875547921357;0.0;0.002257866055520913;0.541903598075883;0.0;0.0;0.0;0.0;0.0;-0.1510521356970197
3283.0;0.0010308454373191068;-0.39577047199999993;0.0;0.0;0.0005641533935477617;0.0;0.0020957323973370507;0.5435186655139126;0.0;0.0;0.0;0.0;0.0;-0.15040838330885503
3284.0;0.001023542438433888;-0.390312452;0.0;0.0;0.00019701499705927243;0.0;0.0022126301207107332;0.5355032957550611;0.0;0.0;0.0;0.0;0.0;-0.14760031664654075
3285.0;0.0010225924380097506;-0.38088745999999996;0.0;0.0;0.0001781632475128167;0.0;0.002218456977437053;0.5257057315377848;0.0;0.0;0.0;0.0;0.0;-0.14721469361758638
3286.0;0.0010223594608591042;-0.36912619199999996;0.0;0.0;0.00017816333415250542;0.0;0.002218193155906991;0.5234874194179524;0.0;0.0;0.0;0.0;0.0;-0.15675736900812035
3287.0;0.0010222850029169203;-0.35981107599999995;0.0;0.0;0.00017816337960580632;0.0;0.002217856490085748;0.5173344725186051;0.0;0.0;0.0;0.0;0.0;-0.15991919578257094
3288.0;0.0010221633130499163;-0.35126448;0.0;0.0;0.00017816343431129836;0.0;0.002217856781720241;0.5141899225754569;0.0;0.0;0.0;0.0;0.0;-0.16532123324638268
3289.0;91.4781271605186;-0.31024554;0.007559999999926357;4.2740253937523524e-14;0.00016072603716805903;0.0;0.0068939999956385;0.3025237082474362;0.01569599999998061;0.0;1.5713347906616407e-14;6.112208463522987e-13;0.0;-0.02262373865655738
3290.0;91.478123785372;-0.305621112;0.007559999999926357;4.274025583721085e-14;0.00016072603716805908;0.0;0.008210699992846498;0.310286997519651;0.01569599999998061;0.0;1.571334964004992e-14;6.112208661345298e-13;0.0;-0.036326645449552594
3291.0;91.47812183373787;-0.30627138;0.007559999999926358;4.274025654439615e-14;0.00017017951372210157;0.0;0.009071099990288553;0.3213487436791682;0.015695999999980614;0.0;1.571335028534531e-14;6.112208734988154e-13;0.0;-0.047607215578453675
3292.0;91.47812030628909;-0.307649436;0.007559999999926358;4.274025691030321e-14;0.00016072603716805908;0.0;0.009659699998759418;0.33217219877440535;0.015695999999980614;0.0;1.5713350619229664e-14;6.112208773091195e-13;0.0;-0.05763123591059045
3293.0;91.47811966417363;-0.31049667599999997;0.007559999999926358;4.274025698302321e-14;0.00015127044361109326;0.0;0.01017359999693621;0.3377469670021755;0.015695999999980614;0.0;1.5713350685584857e-14;6.112208780664034e-13;0.0;-0.06086301679726791
3294.0;91.47811813358338;-0.318563828;0.007559999999926358;4.274025710610025e-14;0.00015127044361109326;0.0;0.010486800009475203;0.35285966929543255;0.015695999999980614;0.0;1.5713350797891034e-14;6.112208793479129e-13;0.0;-0.0682213076289221
3295.0;91.47811676820366;-0.33709959199999995;0.007559999999926358;4.2740257051175137e-14;0.00022690566555366455;0.0;0.010508399994759266;0.3724183926698707;0.015695999999980614;0.0;1.5713350747772946e-14;6.112208787760209e-13;0.0;-0.06934108274106573
3296.0;91.47812974843023;-0.35938232800000003;0.007559999999926358;4.2740258639752885e-14;0.004197754288287886;0.0;0.010557000004008424;0.3852108879002926;0.01569599999998061;0.0;1.5713352197324524e-14;6.112208953183924e-13;0.0;-0.06387024862282181
3297.0;91.47819267302074;-0.370980264;0.007559999999926361;4.274026734749935e-14;0.022596020173440617;0.0;0.01055249998824758;0.3920899907589676;0.01569599999998061;0.0;1.5713360143006413e-14;6.112209859957923e-13;0.0;-0.0775453457059174
3298.0;91.47834269217034;-0.37720514;0.007559999999926365;4.274028768043083e-14;0.06591609010091817;0.0;0.010581300001573013;0.3901021358739164;0.01569599999998061;0.0;1.571337869650337e-14;6.112211977305579e-13;0.0;-0.1126824386472935
3299.0;91.47854393232791;-0.38132235600000003;0.007559999999926372;4.274031464493391e-14;0.1239472091084735;0.0;0.010572299998291327;0.3885720541111171;0.015695999999980614;0.0;1.571340330125105e-14;6.112214785224969e-13;0.0;-0.16505869883293448
3300.0;91.47870985027642;-0.38599878;0.007559999999926377;4.2740336830740274e-14;0.1718904799925004;0.0;0.010387799987496584;0.39247251062531174;0.01569599999998061;0.0;1.571342354553865e-14;6.112217095518706e-13;0.0;-0.21204262626065282
3301.0;91.47881435115839;-0.385627816;0.007559999999926381;4.274035087924945e-14;0.20216347466413523;0.0;0.01031400000012269;0.39717563407450407;0.01569599999998061;0.0;1.571343636465352e-14;6.112218558444488e-13;0.0;-0.2473165344507242
3302.0;91.47879316626063;-0.381752212;0.00755999999992638;4.2740348131216513e-14;0.19617883865411814;0.0;0.009987299996781156;0.40158402795337567;0.01569599999998061;0.0;1.5713433857101536e-14;6.112218272281355e-13;0.0;-0.2492889196594434
3303.0;91.47868518604366;-0.37724832399999997;0.0075599999999263765;4.274033372276099e-14;0.16507385654111503;0.0;0.009415800000193507;0.4030514026900764;0.01569599999998061;0.0;1.5713420709541187e-14;6.112216771873952e-13;0.0;-0.223582882539115
3304.0;91.47851146689707;-0.370198032;0.00755999999992637;4.274031041897075e-14;0.11469134948481483;0.0;0.009401400000590787;0.39168865614275716;0.01569599999998061;0.0;1.571339944511391e-14;6.112214345158679e-13;0.0;-0.16887251226350367
3305.0;91.4783201957017;-0.365387012;0.007559999999926364;4.2740284704031425e-14;0.05934528032697003;0.0;0.009799199993145703;0.38580661785841563;0.01569599999998061;0.0;1.571337598058149e-14;6.112211667361003e-13;0.0;-0.11285203289229896
3306.0;91.47818067484633;-0.363596984;0.00755999999992636;4.2740265273720395e-14;0.018606262480595385;0.0;0.009836100000952645;0.3752277246449393;0.01569599999998061;0.0;1.5713358250713884e-14;6.112209644006915e-13;0.0;-0.0633606759271554
3307.0;91.47812372671831;-0.364401484;0.007559999999926358;4.274025730741614e-14;0.0021839669010049936;0.0;0.009888299988922468;0.3808150356563832;0.015695999999980614;0.0;1.571335098158849e-14;6.112208814444022e-13;0.0;-0.05177308881520463
3308.0;91.47811759434093;-0.36120181999999995;0.007559999999926358;4.274025668168309e-14;0.0005294465533239466;0.0;0.009640799997515862;0.38297220146471095;0.015695999999980614;0.0;1.5713350410618238e-14;6.112208749283903e-13;0.0;-0.055227705334371775
3309.0;91.47811530802048;-0.35349597600000005;0.007559999999926358;4.2740257012833215e-14;0.00029308741094219274;0.0;0.009030599989640925;0.39233455264072864;0.015695999999980614;0.0;1.57133507127869e-14;6.112208783768029e-13;0.0;-0.07144879730955886
3310.0;91.47811353475014;-0.342790944;0.007559999999926358;4.274025732268829e-14;0.0002363591421077069;0.0;0.00809999999766565;0.4045626731491444;0.015695999999980614;0.0;1.5713350995523586e-14;6.112208816034277e-13;0.0;-0.0933940836479406
3311.0;91.47811350027636;-0.33268164399999994;0.007559999999926358;4.2740257378283064e-14;0.0001607260371680591;0.0;0.00674549999797053;0.40058696567646523;0.015695999999980614;0.0;1.5713351046253477e-14;6.112208821822473e-13;0.0;-0.0980975764708878
3312.0;91.47811334897156;-0.323037756;0.007559999999926358;4.274025749185884e-14;0.0001701795137221016;0.0;0.005670899995848138;0.4009005076992296;0.015695999999980614;0.0;1.5713351149889857e-14;6.112208833649088e-13;0.0;-0.10698977641524171
3313.0;212.49461357824472;-0.296892096;0.007560000000731249;1.1966000240122082e-13;0.005162103103507155;8.237395674929341e-16;0.005966100003164304;0.20363897143098433;0.015695999999987;0.0;0.05888873852681404;1.061079610140107e-12;1.49712062099217e-14;-2.3016627104794096e-8
3314.0;212.49460994811926;-0.290854996;0.007560000000731249;1.1966000007887894e-13;0.004027575832870057;8.237395609018435e-16;0.006261299995019908;0.1997761398216759;0.015695999999987;0.0;0.057553751446895306;1.0610796025583763e-12;1.4971205718101435e-14;-2.3016627558166837e-8
3315.0;212.49460686569853;-0.288949812;0.007560000000731249;1.1965999810586092e-13;0.003063227017727648;8.237395553021175e-16;0.006172199999243125;0.19645259851573774;0.015695999999987;0.0;0.06002551765120027;1.0610795961171208e-12;1.4971205300262134e-14;-2.301662794334334e-8
3316.0;212.4946035801503;-0.28850075599999997;0.007560000000731249;1.1965999600027267e-13;0.0020326964571967102;8.237395493260607e-16;0.006319800002230926;0.19279670503201576;0.015695999999987;0.0;0.06411524088715206;1.0610795892430431e-12;1.4971204854350392e-14;-2.3016628354400763e-8
3317.0;212.49459929078978;-0.29027560399999996;0.007560000000731249;1.1965999342047406e-13;0.0008698045228916403;8.237395420043208e-16;0.006208199998249902;0.19583805840259497;0.015695999999987;0.0;0.06412332402338917;1.0610795808206902e-12;1.4971204308010522e-14;-2.301662885803337e-8
3318.0;212.4944309434791;-0.29793459599999994;0.007560000000731247;1.1965976926950132e-13;0.0007468987426744727;8.237389058295263e-16;0.006028199989095997;0.1975625366560187;0.015695999999987;0.0;0.07034628977845235;1.0610788490369565e-12;1.4971156838095877e-14;-2.301667261741393e-8
3319.0;311.540872238186;-0.314075012;0.007560000000958082;2.673709464195734e-13;0.011033287868425305;1.0656887806456783e-15;0.005796900001865974;0.19632091134865057;0.015695999999991314;0.0;0.0785298615557557;1.3029101270982892e-12;2.3089169234093095e-13;-1.4795826186295908e-8
3320.0;212.494860395775;-0.33277865999999995;0.00756000000073125;1.196601544193445e-13;0.0759377564791349;8.237399989428493e-16;0.005633999989381757;0.193919183658547;0.015695999999987005;0.0;0.034049259415482834;1.0610801064311037e-12;1.4971238403862228e-14;-2.301659742759081e-8
3321.0;51.48308319086857;-0.350512588;0.00755999993577057;6.304883424980497e-14;0.22853180139938314;0.0;0.005318999990846353;0.1863628313630603;0.015695999999936056;0.0;0.0;7.794926060822274e-13;0.0;-0.09290739029917527
3322.0;51.483645105736926;-0.361787088;0.007559999935794122;6.304893309899728e-14;0.39054243198134886;0.0;0.005097599986364839;0.1699332539526478;0.015695999999936056;0.0;0.0;7.794933348872836e-13;0.0;-0.22699640273416122
3323.0;51.48408038176823;-0.36593936;0.007559999935813364;6.304901390389883e-14;0.5174772307690758;0.0;0.004884299990484822;0.17173925398203685;0.015695999999936056;0.0;0.0;7.794939306526427e-13;0.0;-0.3513724956031711
3324.0;-0.0009508073122899097;-0.369676224;0.0;0.0;0.5889645788467589;0.0;0.002504127637744291;0.16904991388846358;0.0;0.0;0.0;0.0;0.0;-0.3908430236173474
3325.0;-0.0009508082161631992;-0.37312441599999996;0.0;0.0;0.6222661943770298;0.0;0.002341205474315712;0.13935941283973588;0.0;0.0;0.0;0.0;0.0;-0.3908430236173474
3326.0;-0.0009508083191932075;-0.371992768;0.0;0.0;0.6170861670120592;0.0;0.002578797512896665;0.14317019978166579;0.0;0.0;0.0;0.0;0.0;-0.3908430236173474
3327.0;-0.0009508076777417592;-0.36537405599999995;0.0;0.0;0.5709297686269742;0.0;0.002801145589895289;0.18248553772940554;0.0;0.0;0.0;0.0;0.0;-0.39084302361734746
3328.0;51.483972705315416;-0.356315708;0.007559999935810647;6.30490024917427e-14;0.48928420523011235;0.0;0.005229899980949835;0.20854903300561678;0.01569599999993606;0.0;0.0;7.79493846512141e-13;0.0;-0.3699538501783922
3329.0;51.48348638621808;-0.345619252;0.007559999935787706;6.304890616479857e-14;0.34564347798663425;0.0;0.004910399977409573;0.20178280601031223;0.015695999999936056;0.0;0.0;7.794931363041728e-13;0.0;-0.22992564226817097
3330.0;51.48291872372697;-0.337775876;0.007559999935763369;6.304880404287183e-14;0.18066416467879734;0.0;0.004757399978100632;0.18710278897453586;0.015695999999936056;0.0;0.0;7.794923833694309e-13;0.0;-0.05795432752447043
3331.0;297.71980201610256;-0.33301506799999997;0.007560000000937343;2.281167347078916e-13;0.052386840966888316;1.0239126153959025e-15;0.005075999998701406;0.17605985641633345;0.01569599999999089;0.0;0.07852986155575051;1.2664052010726643e-12;7.667450891323712e-14;-1.5566592957926824e-8
3332.0;577.1324699197692;-0.335264228;0.007560000001145525;0.016557999999884068;0.01051329479144323;3.910442234366601e-15;0.005132700003620183;0.1784553132889573;0.01569599999999544;0.0;0.07852986155577907;1.9801197120933196e-12;0.012579649399067886;-7.602676140631548e-9
3333.0;567.2158826373674;-0.33121651999999996;0.007560000001141995;0.016557999999877535;0.005322829141072569;3.639573411425412e-15;0.004263299988754345;0.1834970620308379;0.015695999999995356;0.0;0.07852986155577882;1.9601903789646086e-12;0.012579649399067642;-7.742447581506645e-9
3334.0;454.44320688844164;-0.323575744;0.00756000000108956;0.016557999999657454;0.005530825736770954;1.823955576079383e-15;0.0037440000080569873;0.1847512278244668;0.01569599999999415;0.0;0.07852986155577465;1.6951081092256307e-12;0.012579649399062361;-9.797319294801492e-9
3335.0;391.79616448335014;-0.314280156;0.0075600000010454475;0.0056374103351508765;0.005530825736756209;1.3940056314045581e-15;0.0032562000106679187;0.18577337337129782;0.015695999999993167;0.0;0.07852986155577006;1.5242895109283188e-12;0.01257964939905241;-1.149741528262026e-8
3336.0;353.6257900688209;-0.30459014800000006;0.0075600000010097;5.629128957493455e-13;0.005407917839524588;1.2166063926659654e-15;0.0025811999902597034;0.1872093940205905;0.015695999999992397;0.0;0.07852986155576527;1.4179425844572777e-12;0.012579649399029048;-1.2857520865495237e-8
3337.0;212.4946114954584;-0.219690212;0.007560000000955439;7.486290377989834e-14;0.003970848622610843;5.357422203876304e-16;0.003136499997798753;0.17366439839501804;0.015695999999991914;0.0;0.01568170670055283;8.726059092024371e-13;9.367894223995277e-15;-1.4400828528541674e-8
3338.0;212.4946062689218;-0.21663271599999998;0.007560000000955439;7.486290161550434e-14;0.002212329447820712;5.357422137126302e-16;0.0033812999910448603;0.16274688103756513;0.015695999999991914;0.0;0.02505527476292653;8.726058955818744e-13;9.367893765517498e-15;-1.4400828951102604e-8
3339.0;212.49460353880346;-0.21395183199999995;0.007560000000955439;7.486290044749543e-14;0.0012290715625672948;5.357422101105777e-16;0.0033093000071513;0.1542749893899917;0.015695999999991914;0.0;0.031901395251522316;8.726058882317542e-13;9.367893518100022e-15;-1.440082917913637e-8
3340.0;212.4946015159534;-0.21136450799999998;0.007560000000955439;7.486289955503298e-14;0.00045381133153204334;5.357422073581221e-16;0.0035513999881168997;0.14599749193561914;0.015695999999991914;0.0;0.038124581813803404;8.726058826154047e-13;9.367893329053709e-15;-1.440082935337447e-8
3341.0;212.49460074796633;-0.21186288399999997;0.007560000000955439;7.48628993428353e-14;0.0003781761095894728;5.357422067036073e-16;0.0038348999926502967;0.1522181555126489;0.015695999999991914;0.0;0.03219455936321492;8.72605881280025e-13;9.367893284104843e-15;-1.4400829394802773e-8
3342.0;212.49463411209064;-0.213516948;0.007560000000955439;7.486291219370327e-14;0.009936576621018416;5.357422463363831e-16;0.003887999989420299;0.1505250313466305;0.015695999999991914;0.0;0.025929931629480218;8.726059621502681e-13;9.367896006267382e-15;-1.4400826885890577e-8
3343.0;51.476929418929664;-0.21866431599999997;0.007559999960137731;3.944537285512547e-14;0.04937088662387243;0.0;0.003734999983380454;0.14846819861790778;0.015695999999960034;0.0;0.0;5.75212645761669e-13;0.0;-0.006082088559316547
3344.0;51.47725443910456;-0.23092276399999997;0.007559999960150324;3.944542525362495e-14;0.15083552680406698;0.0;0.0035666999897888537;0.14412251291384687;0.015695999999960034;0.0;0.0;5.752132181999144e-13;0.0;-0.0907647246459374
3345.0;51.47770634231634;-0.24660425600000002;0.007559999960162185;3.944547463347297e-14;0.2812779094063185;0.0;0.003355199997389123;0.14507567946838976;0.015695999999960034;0.0;0.0;5.752137576597095e-13;0.0;-0.20627039179495593
3346.0;51.47808361193764;-0.25979421999999996;0.007559999960172101;3.944551593931726e-14;0.3902304376173291;0.0;0.0030752999856965136;0.1465681374750147;0.015695999999960034;0.0;0.0;5.752142089132034e-13;0.0;-0.303248040749538
3347.0;51.47826260940609;-0.26860354399999997;0.007559999960177162;3.944553702723967e-14;0.4427212763529657;0.0;0.003349800001068199;0.1531587804321381;0.015695999999960034;0.0;0.0;5.75214439292103e-13;0.0;-0.3537947414638382
3348.0;51.47832521176024;-0.273113884;0.0075599999601803575;3.944555034358818e-14;0.4640976784405437;0.0;0.003376799996793301;0.16126696581452243;0.015695999999960034;0.0;0.0;5.752145847689777e-13;0.0;-0.3787916973328533
3349.0;9.99837489624427;-0.273571468;0.0;0.0;0.47830764457007735;0.0;0.0033668999619890015;0.1762228976702517;0.006497137173580248;0.0;0.0;0.0;0.0;-0.3908430309997576
3350.0;-0.0009506166901228988;-0.27211250800000003;0.0;0.0;0.4741332902037061;0.0;0.0006253444753073031;0.18819627794405053;0.0;0.0;0.0;0.0;0.0;-0.39084303879831084
3351.0;9.99792383042095;-0.26956209999999997;0.0;0.0;0.4526294883083268;0.0;0.0035621999654224666;0.20393997066949907;0.0002356899698441708;0.0;0.0;0.0;0.0;-0.39084303100029644
3352.0;51.47809186324727;-0.265902068;0.007559999960174498;3.944552592409892e-14;0.3988150337200586;0.0;0.0035540999936666327;0.21963586128641868;0.015695999999960034;0.0;0.0;5.752143179937176e-13;0.0;-0.3792636809138444
3353.0;51.477798206613755;-0.260622616;0.007559999960164819;3.9445485600697205e-14;0.30990583932382937;0.0;0.003761099998545533;0.22351750649688198;0.015695999999960034;0.0;0.0;5.752138774732023e-13;0.0;-0.29972631875044714
3354.0;51.47744175983677;-0.257573804;0.007559999960155466;3.9445446654844846e-14;0.20725939708071725;0.0;0.0035972999924746446;0.23414029428401392;0.015695999999960034;0.0;0.0;5.752134520016873e-13;0.0;-0.21058502556171219
3355.0;51.47706913666156;-0.250400884;0.007559999960145689;3.944540596257228e-14;0.09968721299328556;0.0;0.0030743999910161786;0.23213989891271228;0.015695999999960034;0.0;0.0;5.752130074508379e-13;0.0;-0.1076599052479617
3356.0;51.4768181799618;-0.24936940399999996;0.007559999960138518;3.944537612753437e-14;0.026113058522785625;0.0;0.003518999989339802;0.22638954779547293;0.015695999999960034;0.0;0.0;5.75212681511898e-13;0.0;-0.029811547139767084
3357.0;51.47676433444348;-0.24796100399999993;0.007559999960135832;3.944536495749498e-14;0.008329328948228963;0.0;0.0030968999992203525;0.22585652601216022;0.015695999999960034;0.0;0.0;5.752125594823884e-13;0.0;-0.012484459794678283
3358.0;51.476210405695404;-0.246296148;0.00755999996012913;3.944533708677515e-14;0.006334449572555613;0.0;0.0030446999971304885;0.2243389858843229;0.015695999999960034;0.0;0.0;5.752122550027884e-13;0.0;-0.010550649696442984
3359.0;51.47675342976087;-0.243117052;0.007559999960136174;3.944536637993827e-14;0.0063439041076111214;0.0;0.0032345999901262656;0.22771896339887876;0.015695999999960034;0.0;0.0;5.75212575022217e-13;0.0;-0.017341174964191974
3360.0;51.47675128034473;-0.237529288;0.007559999960136476;3.9445367633158095e-14;0.006334449572555616;0.0;0.0034118999869996343;0.22690375482891886;0.015695999999960034;0.0;0.0;5.752125887132969e-13;0.0;-0.022280525303486107
3361.0;212.49462122729287;-0.23980082799999997;0.00756000000098329;6.929757985036207e-14;0.005937365451628309;4.982854752900307e-16;0.0006335999946473559;0.15137786482147875;0.015695999999992525;0.0;0.05861471215053847;8.387960828295466e-13;8.67175316487946e-15;-1.333095590709206e-8
3362.0;212.49461770138404;-0.23434774799999997;0.00756000000098329;6.929757856202584e-14;0.005228284848978662;4.982854712767103e-16;0.0006318000052870173;0.15048740644174632;0.015695999999992525;0.0;0.05476298631498542;8.387960739492457e-13;8.671752891961557e-15;-1.333095615864107e-8
3363.0;212.49461477132155;-0.231667976;0.00756000000098329;6.929757751630476e-14;0.00438684181405342;4.982854680189798e-16;0.0008981999979371543;0.15055011461655687;0.015695999999992525;0.0;0.05259557517949067;8.387960667414007e-13;8.671752670440327e-15;-1.3330956362819073e-8
3364.0;212.49461291894374;-0.233062728;0.00756000000098329;6.9297576861601e-14;0.003866850854012391;4.982854659794021e-16;0.001512900007452898;0.1511019477036009;0.015695999999992525;0.0;0.053343811636616084;8.387960622284066e-13;8.671752531748634e-15;-1.333095649065104e-8
3365.0;212.49462694616682;-0.23838888799999997;0.00756000000098329;6.929758186247003e-14;0.007884971093522673;4.982854815581049e-16;0.001690200004326288;0.15036826090960642;0.015695999999992525;0.0;0.055208105153734574;8.387960966987805e-13;8.671753591118198e-15;-1.33309555142255e-8
3366.0;212.4947270578525;-0.25178995600000004;0.00756000000098329;6.929761750702437e-14;0.03647508181230996;4.982855925972067e-16;0.001942199997373748;0.14140724205237593;0.01569599999999253;0.0;0.048727057932947626;8.387963423916884e-13;8.671761141963719e-15;-1.3330948554594844e-8
3367.0;51.48374388486471;-0.26455986800000003;0.007559999963362867;3.651390395015865e-14;0.12033562752514373;0.0;0.00229409998673048;0.1249149564670681;0.015695999999963017;0.0;0.0;5.437409774921441e-13;0.0;-0.006197038527275591
3368.0;51.484665911174254;-0.287407068;0.007559999963383933;3.651399237823152e-14;0.2648839774319326;0.0;0.00245699998400125;0.11617341851909789;0.015695999999963017;0.0;0.0;5.437419920424003e-13;0.0;-0.11933481324818009
3369.0;51.48523653880836;-0.30422233600000004;0.007559999963397609;3.651404984315166e-14;0.42940002381455716;0.0;0.0026153999937511326;0.11377169082900916;0.01569599999996302;0.0;0.0;5.437426513465008e-13;0.0;-0.26479644753198983
3370.0;23.002272165605998;-0.318772692;0.0;3.3695617297262275e-14;0.5726625749477395;0.0;0.0027395999836866804;0.11994218786605212;0.015695999999881857;0.0;0.0;0.0;0.0;-0.3908430158942491
3371.0;-0.0009506851751027753;-0.32957474800000003;0.0;0.0;0.6428649765774991;0.0;0.00041486034241739806;0.07713731802356245;0.0;0.0;0.0;0.0;0.0;-0.39084304068552794
3372.0;-0.0009506528881536963;-0.331894716;0.0;0.0;0.6540809563656959;0.0;0.0006290186932277521;0.06802714237655733;0.0;0.0;0.0;0.0;0.0;-0.390843040685528
3373.0;-0.0009506514043316565;-0.33003303199999995;0.0;0.0;0.6462036748160965;0.0;0.0006515160782384745;0.07402024219548448;0.0;0.0;0.0;0.0;0.0;-0.39084304068552794
3374.0;-0.0009506501246440382;-0.32879446;0.0;0.0;0.6265672916497906;0.0;0.0006686260783007152;0.09240094309126672;0.0;0.0;0.0;0.0;0.0;-0.390843040685528
3375.0;-0.0009506376642153774;-0.32490158;0.0;0.0;0.582127295305196;0.0;0.0011735361460208339;0.13244314535796595;0.0;0.0;0.0;0.0;0.0;-0.390843040685528
3376.0;9.998450253766608;-0.31845941199999994;0.0;0.0;0.5130809344182393;0.0;0.004603499970095831;0.1875229348940949;0.004071590350467466;0.0;0.0;0.0;0.0;-0.3908430334624238
3377.0;51.485107777724096;-0.309878712;0.007559999963394751;3.651403783057429e-14;0.394494372592816;0.0;0.004571999992719396;0.19553705686601602;0.015695999999963017;0.0;0.0;5.437425135244588e-13;0.0;-0.3079533171063088
3378.0;51.484704711160276;-0.30201390800000005;0.0075599999633850475;3.651399706240629e-14;0.2783281368090977;0.0;0.004407299991968326;0.2030181593515837;0.01569599999996302;0.0;0.0;5.437420457847383e-13;0.0;-0.20696536897492265
3379.0;51.48427474848121;-0.291079052;0.007559999963374725;3.6513953714122205e-14;0.1544187447820707;0.0;0.004243500000017423;0.2082354909829339;0.01569599999996302;0.0;0.0;5.437415484427052e-13;0.0;-0.09904119122041144
3380.0;204.84168867252498;-0.278112392;0.0075600000009660015;6.643962466374386e-14;0.06100925520986211;4.89168724996321e-16;0.004499099992060299;0.18317724919058204;0.015695999999992223;0.0;2.386623733840072e-13;8.186530184760302e-13;8.083148056965972e-15;-1.3940250703134588e-8
3381.0;212.4946515664252;-0.27015950399999994;0.00756000000098329;6.929759102011066e-14;0.01564703534844093;4.982855100858396e-16;0.004246199990287702;0.17945864638333872;0.01569599999999253;0.0;0.04757064063338032;8.387961598211399e-13;8.671755531047374e-15;-1.3330953726186735e-8
3382.0;212.4946170249116;-0.267090728;0.00756000000098329;6.929757883503341e-14;0.0059940905449584105;4.98285472127216e-16;0.003840299989131247;0.19160524741321264;0.015695999999992525;0.0;0.04241464115086177;8.38796075831185e-13;8.67175294979473e-15;-1.3330956105336339e-8
3383.0;212.4946164746107;-0.25926564799999996;0.00756000000098329;6.929757863215687e-14;0.0058239120894637226;4.982854714951175e-16;0.003372300002043099;0.19109731004853592;0.015695999999992525;0.0;0.03573567153648582;8.387960744327328e-13;8.671752906816881e-15;-1.3330956144947757e-8
3384.0;212.49461643020013;-0.24313771999999997;0.00756000000098329;6.929757848135716e-14;0.005559188283413995;4.982854710253855e-16;0.0034146000061710665;0.18031147985818496;0.015695999999992525;0.0;0.030615783926559982;8.38796073393277e-13;8.671752874871876e-15;-1.3330956174391881e-8
3385.0;330.2964367918787;-0.23911382799999997;0.007560000001083418;2.4832012639141914e-13;0.0050108326597290385;8.380019799974341e-16;0.0011609999981660167;0.12640114365630248;0.015695999999994232;0.0;0.07852986155576862;1.3015429371202665e-12;0.012579649398979717;-1.1228700593030469e-8
3386.0;329.9609557399942;-0.237162612;0.007560000001083122;2.4697071295478426e-13;0.003904667935756901;8.370785061219062e-16;0.0012455999923003498;0.12546679070291444;0.015695999999994225;0.0;0.07852986155576856;1.3002841940859048e-12;0.012579649398977008;-1.1243651581628073e-8
3387.0;378.07979480178346;-0.23508123599999994;0.00756000000111931;1.1127930499960886e-12;0.0030821350294556;9.935552883326758e-16;0.0012654000025441603;0.11764706292466108;0.015695999999994995;0.0;0.07852986155577414;1.4862049649195929e-12;0.012579649399055126;-9.452476351639288e-9
3388.0;388.623210811001;-0.23328928799999996;0.007560000001125867;4.817812475501873e-12;0.003119952111178289;1.0358386509214378e-15;0.001183500006605966;0.11440504339468877;0.015695999999995137;0.0;0.07852986155577496;1.5275460049185827e-12;0.01257964939905796;-9.13570008332824e-9
3389.0;391.7960239318664;-0.23571376;0.007560000001127766;0.009507097141542808;0.0037061248166084665;1.0493027336940749e-15;0.00119969999557986;0.1072249424456351;0.01569599999999518;0.0;0.07852986155577518;1.5399935122106736e-12;0.012579649399058656;-9.04433952755136e-9
3390.0;485.04729708286834;-0.245563712;0.007560000001171153;0.016557999999836273;0.015363403530834454;1.6830536561514266e-15;0.0011861999909122446;0.09773090410251893;0.01569599999999615;0.0;0.0785298615557795;1.8772072063573106e-12;0.012579649399067253;-7.003437879414982e-9
3391.0;317.0786261953875;-0.2616665;0.00756000000107114;2.0414405966420908e-13;0.0717305476556207;8.029042384383344e-16;0.000902699999931471;0.08782299065693065;0.015695999999993975;0.0;0.07852986155576619;1.2523432180523422e-12;9.006940737512341e-13;-1.1854299610085647e-8
3392.0;103.59413105779242;-0.28007992400000004;0.00756000000003915;5.2921701898973954e-14;0.1865353494441791;0.0;0.00080640000097689;0.08491959641960024;0.01569599999997994;0.0;2.074792126504073e-14;7.05012342692843e-13;0.0;-0.01573529277009093
3393.0;103.59460702982653;-0.295860452;0.007560000000039162;5.29217946736281e-14;0.3269899428310136;0.0;0.0007514999866066254;0.08139538895426851;0.015695999999979938;0.0;2.07480175324221e-14;7.050131583467971e-13;0.0;-0.13682897509068748
3394.0;103.59498779059122;-0.306335748;0.007560000000039171;5.2921860542317547e-14;0.4369446369388871;0.0;0.0006669000065908046;0.08492586608836956;0.015695999999979938;0.0;2.0748085881236515e-14;7.050137374487061e-13;0.0;-0.23975684471003567
3395.0;103.59522145662127;-0.315473548;0.007560000000039176;5.292190132125061e-14;0.5045152452707573;0.0;0.0005048999898805784;0.0870454069918111;0.015695999999979938;0.0;2.074812819574355e-14;7.050140959673951e-13;0.0;-0.3001486276503428
3396.0;103.59532104359538;-0.32074498799999995;0.007560000000039179;5.292191945470642e-14;0.5336253490665887;0.0;0.0004122000012633812;0.09291490593861394;0.015695999999979938;0.0;2.0748147012067652e-14;7.050142553920859e-13;0.0;-0.32976427949767645
3397.0;103.59533160843637;-0.321560252;0.0075600000000391795;5.29219222730489e-14;0.5371707499628339;0.0;0.00031049999524469297;0.10328686102650392;0.015695999999979938;0.0;2.074814993654411e-14;7.050142801702812e-13;0.0;-0.3427641244496355
3398.0;103.59531253179978;-0.320634784;0.007560000000039179;5.2921919765953323e-14;0.5321126456862386;0.0;0.0002789999978789754;0.11369016905308736;0.015695999999979938;0.0;2.074814733503604e-14;7.050142581285028e-13;0.0;-0.3490026302149339
3399.0;103.59517268410615;-0.316162548;0.007560000000039175;5.292189408470141e-14;0.4915627153654698;0.0;0.0003446999907709386;0.12340368600804369;0.015695999999979938;0.0;2.0748120686686502e-14;7.050140323452119e-13;0.0;-0.32270367557492513
3400.0;103.59493780505588;-0.309727384;0.00756000000003917;5.29218525774754e-14;0.42352884116688866;0.0;0.00036539999549473;0.12270135445016622;0.015695999999979938;0.0;2.0748077616483538e-14;7.050136674237313e-13;0.0;-0.26042209886582846
3401.0;103.59457217770216;-0.30167524799999995;0.007560000000039162;5.292178935705881e-14;0.31803662409512523;0.0;0.00035099999589206695;0.12314031282255142;0.015695999999979938;0.0;2.0748012015684793e-14;7.050131116047852e-13;0.0;-0.16340400560738438
3402.0;103.59420680335778;-0.2934988799999999;0.0075600000000391535;5.292172514007133e-14;0.21230804893948169;0.0;0.0003590999903735379;0.12283931128603758;0.01569599999997994;0.0;2.0747945381054373e-14;7.050125470234115e-13;0.0;-0.0655568052807465
3403.0;212.49497213083578;-0.283493936;0.007560000000904401;8.506148907901922e-14;0.10637147507126593;6.03413029669907e-16;0.00034290000397983007;0.11989202132642078;0.015695999999990797;0.0;0.033646667209886585;9.27229084868563e-13;1.0643595726533026e-14;-2.1621949776253336e-8
3404.0;397.36221044024654;-0.27478437599999994;0.007560000001131058;0.016557999997334077;0.034565293252175416;1.0741062232352364e-15;0.0002727000105842092;0.11780383451040001;0.015695999999995252;0.0;0.07852986155577557;1.5620629006633124e-12;0.012579649399059754;-8.886472497627812e-9
3405.0;601.3098365792627;-0.27175964799999996;0.007560000001204685;0.016557999999927065;0.009378766462327746;4.632746882590252e-15;0.0002934000016311822;0.12729787285352562;0.01569599999999693;0.0;0.07852986155578197;2.174419902898143e-12;0.012579649399070032;-5.477412834686158e-9
3406.0;518.8285733065478;-0.267118928;0.007560000001182619;0.01655799999987987;0.0064951734934466905;2.132146917061245e-15;0.0003059999976162893;0.13107291301809748;0.015695999999996414;0.0;0.07852986155578041;1.978342683075373e-12;0.012579649399068393;-6.477176889149132e-9
3407.0;403.1765543889591;-0.258676424;0.007560000001134338;0.016557999998675743;0.006277722362658028;1.1008831809382002e-15;0.00026190000384103965;0.13044583012127692;0.01569599999999532;0.0;0.07852986155577595;1.5846881659804343e-12;0.012579649399060732;-8.729682092048696e-9
3408.0;372.0399838309991;-0.249443916;0.007560000001115364;7.731575616284498e-13;0.006268268886097792;9.708437403402301e-16;0.0002339999992077799;0.13114189201038365;0.015695999999994912;0.0;0.07852986155577363;1.4625252492507064e-12;0.012579649399053004;-9.644223373556767e-9
3409.0;51.49234748747531;-0.28100426399999995;0.007559999961885968;3.816803889955618e-14;0.0019665157700141933;0.0;0.01046789999029887;0.3486268583059785;0.015695999999961345;0.0;0.0;5.616893004308434e-13;0.0;-0.10323032962236064
3410.0;51.49234474822379;-0.278257552;0.00755999996188588;3.81680385284025e-14;0.0009927124198162811;0.0;0.010341899986715137;0.3418480896757119;0.01569599999996135;0.0;0.0;5.616892962885297e-13;0.0;-0.09809862675973523
3411.0;51.492342846837396;-0.275795312;0.007559999961885843;3.8168038370108485e-14;0.0004916294713847997;0.0;0.009788399996690893;0.34317123675906014;0.01569599999996135;0.0;0.0;5.616892945218787e-13;0.0;-0.10082936376619112
3412.0;51.492343051686774;-0.27539064;0.007559999961885839;3.8168038351255795e-14;0.0004821749363292957;0.0;0.009181799981656653;0.3408384869125513;0.01569599999996135;0.0;0.0;5.616892943114646e-13;0.0;-0.09828530248590447
3413.0;51.492343225627636;-0.282640268;0.007559999961885818;3.816803826340178e-14;0.0004916294713847997;0.0;0.008314199998533257;0.34111440288171735;0.01569599999996135;0.0;0.0;5.616892933309454e-13;0.0;-0.09045351911124781
3414.0;51.492346018017415;-0.299424452;0.0075599999618858145;3.8168038248906735e-14;0.0011723464688679342;0.0;0.006695099995548347;0.3416286122125868;0.01569599999996135;0.0;0.0;5.616892931692316e-13;0.0;-0.07324539824898482
3415.0;51.49238219517755;-0.314705012;0.007559999961886581;3.816804150446829e-14;0.011118376566563769;0.0;0.006619499990574116;0.33052296918199064;0.015695999999961345;0.0;0.0;5.616893295034502e-13;0.0;-0.05673048267293014
3416.0;51.49261195697325;-0.32659956399999995;0.007559999961892384;3.816806615515171e-14;0.07730864395035975;0.0;0.007463699984933128;0.31809418251418126;0.01569599999996135;0.0;0.0;5.616896046218607e-13;0.0;-0.09944315430051048
3417.0;51.49313484650453;-0.33845060800000004;0.007559999961905301;3.8168121052931766e-14;0.2274067276056213;0.0;0.007582499988715582;0.28895990016936995;0.01569599999996135;0.0;0.0;5.616902173179526e-13;0.0;-0.2086791154758445
3418.0;51.49369840869868;-0.34864997999999997;0.007559999961919564;3.816818171677825e-14;0.3903060707222854;0.0;0.0078119999876788936;0.2771205703447792;0.01569599999996135;0.0;0.0;5.616908943667315e-13;0.0;-0.3497725725810065
3419.0;-0.0009506452198904572;-0.356548244;0.0;0.0;0.4839714129778908;0.0;0.004862368481518315;0.25855685556539953;0.0;0.0;0.0;0.0;0.0;-0.3908430396269252
3420.0;-0.000950645547646409;-0.36080509200000005;0.0;0.0;0.5306713563989827;0.0;0.004748121023104098;0.216228007646652;0.0;0.0;0.0;0.0;0.0;-0.3908430396269252
3421.0;-0.0009506442275609102;-0.35725999999999997;0.0;0.0;0.5295559049154587;0.0;0.005818898701203122;0.21272758952624518;0.0;0.0;0.0;0.0;0.0;-0.3908430396269252
3422.0;-0.0009506449496320339;-0.357443048;0.0;0.0;0.5058461205209611;0.0;0.006970940908390195;0.23546837933684397;0.0;0.0;0.0;0.0;0.0;-0.3908430396269252
3423.0;10.003183316195488;-0.35310347599999997;0.0;0.0;0.46188534899057215;0.0;0.010037699955919977;0.2715583437514861;0.0;0.0;0.0;0.0;0.0;-0.3908430320990245
3424.0;51.49361519374992;-0.34469298;0.007559999961917214;3.8168171719344524e-14;0.36533699612168596;0.0;0.010040399989738552;0.25909193103056394;0.01569599999996135;0.0;0.0;5.616907827889591e-13;0.0;-0.31296086966210585
3425.0;51.49313467281813;-0.33405705999999996;0.0075599999619052035;3.8168120638637063e-14;0.22619656511304165;0.0;0.009927900005197287;0.24379110306416368;0.01569599999996135;0.0;0.0;5.616902126943231e-13;0.0;-0.16904016839831398
3426.0;51.49267819195058;-0.3216629879999999;0.0075599999618932295;3.8168069748572116e-14;0.09277604524986327;0.0;0.010660499995575189;0.22271483956188817;0.01569599999996135;0.0;0.0;5.616896447268856e-13;0.0;-0.027669176896741036
3427.0;212.49466270049484;-0.32029315999999997;0.007560000000967588;7.243520891997776e-14;0.01995824194066082;5.19448863940602e-16;0.010833300011438254;0.22722983848673775;0.01569599999999218;0.0;0.03903565152663361;8.582349567744684e-13;9.064226725481369e-15;-1.3934805039330778e-8
3428.0;212.4946090009828;-0.31967545999999997;0.007560000000967588;7.243518915207445e-14;0.005010832659699824;5.1944880270742625e-16;0.011085300004485722;0.24865726891666376;0.01569599999999218;0.0;0.031686809076422115;8.58234827365577e-13;9.064222538020074e-15;-1.3934808899248186e-8
3429.0;104.81492372031002;-0.31339714399999996;0.007560000000253732;4.524627333338041e-14;0.0033468588353419053;0.0;0.011114999996228933;0.26761399151546866;0.015695999999983144;0.0;1.7856664650498773e-14;6.365551930047782e-13;0.0;-3.75960526785438e-8
3430.0;51.49237056186963;-0.303236992;0.007559999961884302;3.816803182367308e-14;0.002817411222992015;0.0;0.01077839999055733;0.2771143006760099;0.01569599999996135;0.0;0.0;5.616892214591865e-13;0.0;-0.010654765019860242
3431.0;51.49235644942833;-0.2936406079999999;0.007559999961885478;3.8168036819683635e-14;0.0018719725364620763;0.0;0.010976399992154632;0.2867274845512694;0.01569599999996135;0.0;0.0;5.616892772180874e-13;0.0;-0.02911190548019745
3432.0;51.49235067948286;-0.28455461200000004;0.0075599999618856575;3.816803758170237e-14;0.0009832578847607772;0.0;0.010699199992742431;0.29453466954585167;0.01569599999996135;0.0;0.0;5.616892857227449e-13;0.0;-0.044837996083703056
3433.0;0.0008624966154218923;-0.265443516;0.0;0.0;0.00015803017878398323;0.0;0.004585102653255172;0.34361831016258815;0.0;0.0;0.0;0.0;0.0;-0.08292243527567633
3434.0;0.0008642942042922541;-0.202714008;0.0;0.0;0.0001862790629742266;0.0;0.003940287393773941;0.31088010568552377;0.0;0.0;0.0;0.0;0.0;-0.11229712222588153
3435.0;0.000860958595589426;-0.20251166399999998;0.0;0.0;0.00015803079386211778;0.0;0.004536810773920993;0.30798123055604465;0.0;0.0;0.0;0.0;0.0;-0.11016880428266859
3436.0;0.000862789031815088;-0.254061196;0.0;0.0;0.00015803015378317977;0.0;0.0038952583045756784;0.3293165642153338;0.0;0.0;0.0;0.0;0.0;-0.0793131850796143
3437.0;0.0008631275457946913;-0.25248483999999993;0.0;0.0;0.00015803005259079067;0.0;0.003952209391436563;0.3237617024599517;0.0;0.0;0.0;0.0;0.0;-0.07539165454192637
3438.0;0.0008673631297525937;-0.253882524;0.0;0.0;0.0001956928708589426;0.0;0.003790144383306233;0.3246323674822555;0.0;0.0;0.0;0.0;0.0;-0.07474034512444526
3439.0;0.0008790240770335125;-0.258192284;0.0;0.0;0.0010133705675991432;0.0;0.004440989156857836;0.3297461573438176;0.0;0.0;0.0;0.0;0.0;-0.07701325075496572
3440.0;0.0006831315144358219;-0.264821516;0.0;0.0;0.012874983302418229;0.0;0.005241433403456551;0.3323526225624128;0.0;0.0;0.0;0.0;0.0;-0.0856568262449903
3441.0;0.0006805655686210652;-0.27562256799999996;0.0;0.0;0.08845723487378415;0.0;0.006189028067654496;0.32566556586687884;0.0;0.0;0.0;0.0;0.0;-0.1446983067949896
3442.0;0.000682616817295423;-0.28960879199999995;0.0;0.0;0.2002738965357898;0.0;0.006820713765265142;0.3216327475856867;0.0;0.0;0.0;0.0;0.0;-0.23912749684152754
3443.0;0.0007834189356655867;-0.29885315999999995;0.0;0.0;0.3006423079204529;0.0;0.0068562120141382535;0.3149038430584568;0.0;0.0;0.0;0.0;0.0;-0.3235595202809743
3444.0;0.000725261166036375;-0.304101616;0.0;0.0;0.35431104001760083;0.0;0.007117396291576804;0.31769716132033926;0.0;0.0;0.0;0.0;0.0;-0.37503177843082186
3445.0;0.0006430486014711589;-0.309206584;0.0;0.0;0.3639360577958153;0.0;0.0036440107525625427;0.3212299601750322;0.0;0.0;0.0;0.0;0.0;-0.3796089030960039
3446.0;0.000669801102201165;-0.30766066400000003;0.0;0.0;0.3245552441386241;0.0;0.008587708431194562;0.3517711174980716;0.0;0.0;0.0;0.0;0.0;-0.3772599302426315
3447.0;0.000699157836566984;-0.3026266999999999;0.0;0.0;0.2509142232117202;0.0;0.009140155859565072;0.36314633149650294;0.0;0.0;0.0;0.0;0.0;-0.3205830127053129
3448.0;0.0006784853722532935;-0.294456428;0.0;0.0;0.14713236731281518;0.0;0.008820174596924033;0.36718071503492217;0.0;0.0;0.0;0.0;0.0;-0.2286856627721028
3449.0;0.0006798578139619935;-0.29770017200000004;0.0;0.0;0.04403591519831269;0.0;0.009186617798839463;0.4070670757065174;0.0;0.0;0.0;0.0;0.0;-0.16259842189095508
3450.0;0.0006801507704411032;-0.31241168399999997;0.0;0.0;0.00697576102239979;0.0;0.009531119430725505;0.44601056835887093;0.0;0.0;0.0;0.0;0.0;-0.15011478361643166
3451.0;0.0008650093729627134;-0.313684888;0.0;0.0;0.0003178570055010048;0.0;0.009534526453553982;0.48044278088920456;0.0;0.0;0.0;0.0;0.0;-0.1766152785755468
3452.0;0.0008634146649995823;-0.31116895999999994;0.0;0.0;0.00020510480862261714;0.0;0.0092979250462338;0.48049404498887033;0.0;0.0;0.0;0.0;0.0;-0.17883249898562806
3453.0;0.000861986185723426;-0.305681992;0.0;0.0;0.00018627909676115803;0.0;0.009372633543822088;0.47838584398996364;0.0;0.0;0.0;0.0;0.0;-0.18226706495804634
3454.0;0.0008597700352432971;-0.29890070399999996;0.0;0.0;0.0001674463812201437;0.0;0.009114608046138901;0.4765167321149337;0.0;0.0;0.0;0.0;0.0;-0.18690232356751818
3455.0;0.0008599500971712867;-0.293634948;0.0;0.0;0.00016744634275529525;0.0;0.009304800956565908;0.4640026969397134;0.0;0.0;0.0;0.0;0.0;-0.17984424998206547
3456.0;0.0008611277978183367;-0.286808864;0.0;0.0;0.0001768635646110465;0.0;0.00938976002771788;0.45636556445493526;0.0;0.0;0.0;0.0;0.0;-0.1791276011775744
3457.0;0.00036451069868149874;-0.3500108300000001;0.0;0.0;0.00016077131977841334;0.0;0.0028880371358462912;0.5852821829375231;0.0;0.0;0.0;0.0;0.0;-0.23832775423491062
3458.0;0.00036345147442434095;-0.346909664;0.0;0.0;0.00015099973767738125;0.0;0.0027416205369152234;0.5861944699327982;0.0;0.0;0.0;0.0;0.0;-0.2421849704230941
3459.0;0.00036341769912260767;-0.34454917700000004;0.0;0.0;0.00015099961320412276;0.0;0.0027907798884363984;0.5856604010086465;0.0;0.0;0.0;0.0;0.0;-0.24406054567517316
3460.0;0.00036444509255108797;-0.34130556600000006;0.0;0.0;0.00016077109192921146;0.0;0.002723476008758226;0.5803185664689862;0.0;0.0;0.0;0.0;0.0;-0.24190483625768705
3461.0;0.0003643589367873801;-0.342727096;0.0;0.0;0.00016077077886225734;0.0;0.0027324285877729742;0.5864940664830617;0.0;0.0;0.0;0.0;0.0;-0.2466677532333317
3462.0;0.00036428624343135153;-0.34854483999999997;0.0;0.0;0.0001607705218842473;0.0;0.00282308975470557;0.5961853414954208;0.0;0.0;0.0;0.0;0.0;-0.2506319406176845
3463.0;0.0003659264692640141;-0.363826245;0.0;0.0;0.00020960644128247295;0.0;0.0027057109074082953;0.6067686749121588;0.0;0.0;0.0;0.0;0.0;-0.24586558327148378
3464.0;0.0002973940027810128;-0.383659788;0.0;0.0;0.002148786185239457;0.0;0.0033310223402488437;0.6132123681938255;0.0;0.0;0.0;0.0;0.0;-0.23504295317480312
3465.0;0.00029747652479948;-0.3927726200000001;0.0;0.0;0.022627754162466287;0.0;0.0023332797733337804;0.597612878407265;0.0;0.0;0.0;0.0;0.0;-0.2298118625696415
3466.0;0.00029677565345178237;-0.399207737;0.0;0.0;0.07363673303775667;0.0;0.0023269852697323443;0.5938455392756926;0.0;0.0;0.0;0.0;0.0;-0.27061203095860403
3467.0;0.0002946097253584465;-0.406350965;0.0;0.0;0.14844895587760998;0.0;0.0024449314736492743;0.6055062547967528;0.0;0.0;0.0;0.0;0.0;-0.3500595027143143
3468.0;0.0002920605485661822;-0.411452193;0.0;0.0;0.19799572273638014;0.0;0.002522235865878257;0.5929410609214962;0.0;0.0;0.0;0.0;0.0;-0.3820169343154756
3469.0;0.0002899794705144022;-0.41185199800000005;0.0;0.0;0.21049471477956888;0.0;0.0020784771611708436;0.592188125940953;0.0;0.0;0.0;0.0;0.0;-0.3929192491408035
3470.0;0.0002928869144368742;-0.408468655;0.0;0.0;0.18387415060650955;0.0;0.0027038640927123706;0.5969648950496863;0.0;0.0;0.0;0.0;0.0;-0.3750844333327235
3471.0;0.00029537089957714844;-0.40476929100000003;0.0;0.0;0.13727575402045925;0.0;0.0024559724837083063;0.5957388196203063;0.0;0.0;0.0;0.0;0.0;-0.3307116457155858
3472.0;0.000296933277850866;-0.398400442;0.0;0.0;0.07436575621565421;0.0;0.002550811911127975;0.5834833345563677;0.0;0.0;0.0;0.0;0.0;-0.2620099847267141
3473.0;0.00029781087253142344;-0.39559523100000005;0.0;0.0;0.024017973278566872;0.0;0.0024251054747562698;0.5795162570931263;0.0;0.0;0.0;0.0;0.0;-0.21037470369699013
3474.0;0.0002981066155299097;-0.397797077;0.0;0.0;0.0021573958846218965;0.0;0.002218007778576827;0.5867515509155027;0.0;0.0;0.0;0.0;0.0;-0.19334050239543674
3475.0;0.00037215473899008546;-0.39862809600000004;0.0;0.0;0.0005810543943538125;0.0;0.0025880604906075183;0.5878717471460164;0.0;0.0;0.0;0.0;0.0;-0.19242140242140343
3476.0;0.00036698485082261407;-0.39312461100000007;0.0;0.0;0.00019984725092672288;0.0;0.002716486308046036;0.578601387893933;0.0;0.0;0.0;0.0;0.0;-0.18840096148919827
3477.0;0.000366595963105529;-0.38359565500000004;0.0;0.0;0.00018031606237757947;0.0;0.002723348415984376;0.5683438714357274;0.0;0.0;0.0;0.0;0.0;-0.18765962872028644
3478.0;0.00036640217410668994;-0.371709556;0.0;0.0;0.00018031537221734265;0.0;0.0027231395927819996;0.5659916160899189;0.0;0.0;0.0;0.0;0.0;-0.19719325072334126
3479.0;0.00036633103214908213;-0.362303293;0.0;0.0;0.00018031515470293109;0.0;0.0027224050427893803;0.5599796099354195;0.0;0.0;0.0;0.0;0.0;-0.20058676793272265
3480.0;0.00036622144277649203;-0.35368914000000007;0.0;0.0;0.00018031478204868798;0.0;0.0027231349054294613;0.5569351237354224;0.0;0.0;0.0;0.0;0.0;-0.2061571571556436
3481.0;64.90491006414557;-0.31251959500000004;0.008624185624649321;3.8808604567022805e-14;0.0001684178098297856;0.0;0.0065492999931041525;0.31319311578588227;0.01177199999996844;0.0;0.0;5.864897268141655e-13;0.0;-0.027381216796917074
3482.0;64.90490295295315;-0.307866866;0.008624185624649318;3.8808603311872353e-14;0.00016841780982978553;0.0;0.007800164990474035;0.3212302007799736;0.01177199999996844;0.0;0.0;5.864897119324625e-13;0.0;-0.04132230795844022
3483.0;64.90488757811556;-0.30854396500000003;0.00862418562464931;3.880859987255351e-14;0.00017832369593177337;0.0;0.00861754498805855;0.33268207265408956;0.01177199999996844;0.0;0.0;5.864896711539059e-13;0.0;-0.052925738189502074
3484.0;64.904871526846;-0.3099432730000001;0.008624185624649299;3.880859621407099e-14;0.0001684178098297851;0.0;0.009176714996115833;0.34388724941357085;0.01177199999996844;0.0;0.0;5.864896277768647e-13;0.0;-0.06328234543765772
3485.0;64.90486288485575;-0.312816343;0.008624185624649294;3.8808594218274e-14;0.0001585097054126918;0.0;0.009664919994392484;0.349658628592923;0.01177199999996844;0.0;0.0;5.864896041135022e-13;0.0;-0.06665976201194185
3486.0;64.9048393321192;-0.32092067900000004;0.00862418562464928;3.8808588739839034e-14;0.00015850970541269149;0.0;0.009962460006309825;0.3653043257403969;0.01177199999996844;0.0;0.0;5.864895391580072e-13;0.0;-0.07450090090793289
3487.0;64.90480845964616;-0.339591256;0.008624185624649259;3.8808581442504984e-14;0.00023776455833146346;0.0;0.009982979992330044;0.3855528462610593;0.01177199999996844;0.0;0.0;5.864894526365695e-13;0.0;-0.07618163798243009
3488.0;64.90480853711496;-0.362053304;0.008624185624649252;3.880857853387461e-14;0.004398643781988135;0.0;0.010029150001117563;0.39879650727229926;0.01177199999996844;0.0;0.0;5.86489418150169e-13;0.0;-0.07117268488366575
3489.0;64.90489608040077;-0.3737724520000001;0.008624185624649271;3.880858577113184e-14;0.023677384813453328;0.0;0.010024874986144688;0.405918222362338;0.01177199999996844;0.0;0.0;5.864895039593008e-13;0.0;-0.0858521966447412
3490.0;64.9051305037345;-0.380052145;0.008624185624649335;3.880860939173104e-14;0.06907059821791708;0.0;0.010052234998804355;0.4038602598020278;0.01177199999996844;0.0;0.0;5.86489784018668e-13;0.0;-0.1229382632485567
3491.0;64.90544187186353;-0.3841675830000001;0.008624185624649418;3.8808640345126425e-14;0.12987887885134533;0.0;0.010043684995686626;0.4022762151085574;0.01177199999996844;0.0;0.0;5.864901510198874e-13;0.0;-0.17804302769975688
3492.0;64.90569062870019;-0.38884641500000006;0.008624185624649483;3.8808663910531916e-14;0.1801165430607985;0.0;0.009868409985428515;0.4063142329410934;0.01177199999996844;0.0;0.0;5.864904304247479e-13;0.0;-0.2274691624092292
3493.0;64.90584427881672;-0.3884459880000001;0.00862418562464952;3.8808678000064484e-14;0.21183829489135308;0.0;0.009798299997422074;0.4111832261697947;0.011771999999968441;0.0;0.0;5.864905974782153e-13;0.0;-0.2643934249518537
3494.0;64.90580553529352;-0.384531541;0.008624185624649507;3.880867326465904e-14;0.20556725562466824;0.0;0.009487934994242081;0.4157470953043291;0.01177199999996844;0.0;0.0;5.86490541332504e-13;0.0;-0.2662905014580715
3495.0;64.90563776140121;-0.380000157;0.008624185624649462;3.8808656478673984e-14;0.1729737004120072;0.0;0.008945009997474124;0.41726622142001496;0.01177199999996844;0.0;0.0;5.864903423084026e-13;0.0;-0.23920218767756143
3496.0;64.90538790120729;-0.37290942600000004;0.008624185624649403;3.880863441953773e-14;0.12018006691863425;0.0;0.008931329997851283;0.405502733475031;0.011771999999968441;0.0;0.0;5.864900807627851e-13;0.0;-0.18171621611526917
3497.0;64.90510258166263;-0.36808969100000005;0.00862418562464933;3.8808607621953077e-14;0.06218533300924359;0.0;0.009309239990785168;0.3994132474373344;0.01177199999996844;0.0;0.0;5.864897630351638e-13;0.0;-0.12282421719660555
3498.0;64.90490089963275;-0.36633716200000005;0.008624185624649281;3.880858972608995e-14;0.019496691599277576;0.0;0.009344294998202374;0.38846125776918844;0.01177199999996844;0.0;0.0;5.864895508516527e-13;0.0;-0.07096645800163397
3499.0;64.90480359124037;-0.36716703700000003;0.008624185624649252;3.8808578738191856e-14;0.0022884837389599536;0.0;0.009393884986774582;0.3942456220911668;0.01177199999996844;0.0;0.0;5.864894205727742e-13;0.0;-0.05876198393124726
3500.0;64.90479178748245;-0.363932135;0.008624185624649248;3.880857720417531e-14;0.0005547839700065461;0.0;0.009158759994934115;0.396478866833177;0.01177199999996844;0.0;0.0;5.864894023844167e-13;0.0;-0.06226143589185409
3501.0;64.90477703692689;-0.356135368;0.00862418562464924;3.8808574028416895e-14;0.0003071135251482465;0.0;0.00857906998744259;0.40617140945367347;0.01177199999996844;0.0;0.0;5.864893647309484e-13;0.0;-0.07892459062266997
3502.0;64.90475841774581;-0.34532469200000004;0.008624185624649228;3.880856979597523e-14;0.00024767044443345067;0.0;0.007694999995050319;0.41883079137260726;0.01177199999996844;0.0;0.0;5.864893145484856e-13;0.0;-0.10145283291896232
3503.0;64.90476461302919;-0.335131917;0.008624185624649233;3.8808571322543514e-14;0.00016841780982978358;0.0;0.006408224995317031;0.4147148686304356;0.01177199999996844;0.0;0.0;5.864893326484382e-13;0.0;-0.10616300371040746
3504.0;64.90476452362815;-0.32540803300000004;0.008624185624649233;3.8808571322280173e-14;0.0001783236959317716;0.0;0.005387354993282577;0.41503946865470553;0.01177199999996844;0.0;0.0;5.864893326453362e-13;0.0;-0.11520051965057329
3505.0;226.42700936305968;-0.29898702800000004;0.008624185628338794;1.1666061600572026e-13;0.005409142879634356;8.567544759574976e-16;0.005667795002824052;0.21082091161511346;0.011771999999986788;0.0;0.056677577738736475;1.1267798528233751e-12;1.5456359075295294e-14;-2.353864911470329e-8
3506.0;226.42700955516008;-0.29289935300000003;0.008624185628338794;1.1666062072087593e-13;0.004220321195010352;8.5675449120793335e-16;0.005948234995091878;0.20682184564278275;0.011771999999986788;0.0;0.05549804630190129;1.1267798716723397e-12;1.545636019503935e-14;-2.3538648104519958e-8
3507.0;226.42700978260265;-0.290980841;0.008624185628338794;1.166606248103551e-13;0.0032098220975854165;8.567545044348462e-16;0.005863589999102424;0.2033810896667301;0.011771999999986788;0.0;0.05811603209381382;1.126779888020117e-12;1.5456361166204318e-14;-2.3538647228382995e-8
3508.0;226.4270101829637;-0.29053678299999997;0.008624185628338794;1.1666062939477908e-13;0.0021299740333436987;8.56754519262301e-16;0.006003810001943335;0.19959626011475393;0.011771999999986788;0.0;0.06239708798247235;1.126779906346717e-12;1.545636225490325e-14;-2.3538646246206315e-8
3509.0;226.42699912557407;-0.292323447;0.008624185628338794;1.166606199412162e-13;0.0009114302537835209;8.567544886863048e-16;0.005897789998159472;0.2027448759500412;0.011771999999986788;0.0;0.062359327857227205;1.1267798685559368e-12;1.54563600098866e-14;-2.3538648271555388e-8
3510.0;226.44983809843822;-0.300033903;0.008624185628338934;1.1668425696476775e-13;0.0007826426428821907;8.568309300953165e-16;0.00572678998946086;0.20453017311046437;0.011771999999986791;0.0;0.07019217862898276;1.1268743440021527e-12;1.5461974195009826e-14;-2.3533586369297535e-8
3511.0;329.4667570852558;-0.3163296910000001;0.008624185628562507;2.3773042094446743e-13;0.011561301530741043;1.1036110118856501e-15;0.0055070550016592355;0.20324475815602613;0.011771999999991145;0.0;0.07402986155575499;1.3974978370919027e-12;1.7736114456026947e-13;-1.5320664864024978e-8
3512.0;226.4273999752652;-0.335222255;0.008624185628338795;1.1666083318719228e-13;0.07957186567529666;8.567551783951944e-16;0.005352299989725008;0.2007583263226654;0.011771999999986788;0.0;0.029123614733526735;1.1267807210071238e-12;1.545641065128603e-14;-2.3538602585506382e-8
3513.0;52.28513442788416;-0.35306235900000005;0.008624185582115376;6.269674263072978e-14;0.2394685153554536;0.0;0.005053049989504506;0.192935476559543;0.011771999999931154;0.0;0.0;8.127150689742665e-13;0.0;-0.10470132108359353
3514.0;52.28602507106191;-0.36436048400000004;0.008624185582132958;6.26968856319854e-14;0.40923239477925416;0.0;0.004842719985243439;0.17592646073720503;0.011771999999931155;0.0;0.0;8.127162489911475e-13;0.0;-0.24595817743890927
3515.0;52.28670841760389;-0.36851473;0.008624185582146195;6.269699336734072e-14;0.5422418386575795;0.0;0.004640084989153893;0.17779615478396446;0.011771999999931157;0.0;0.0;8.127171379995817e-13;0.0;-0.37648959895182804
3516.0;-0.0003312208633599001;-0.37225323200000004;0.0;0.0;0.6189198606139367;0.0;0.0015422006719588266;0.172167311810949;0.0;0.0;0.0;0.0;0.0;-0.4203785400004365
3517.0;-0.0003312203435757586;-0.375707038;0.0;0.0;0.6543991864908605;0.0;0.0013875995298295264;0.14029639354614218;0.0;0.0;0.0;0.0;0.0;-0.4203785400004365
3518.0;-0.00033122156387518513;-0.37456847400000004;0.0;0.0;0.6479469679344748;0.0;0.001613445553127;0.14538420146725906;0.0;0.0;0.0;0.0;0.0;-0.4203785400004365
3519.0;-0.0003312224892829946;-0.367899558;0.0;0.0;0.6000405308334128;0.0;0.0018243732432400616;0.18641079440945726;0.0;0.0;0.0;0.0;0.0;-0.4203785400004365
3520.0;52.28651243635223;-0.358777769;0.008624185582141482;6.26969549991682e-14;0.5126995958368699;0.0;0.0049684049801014445;0.21590414126400836;0.011771999999931157;0.0;0.0;8.127168213940309e-13;0.0;-0.3951221096382482
3521.0;52.28573609584858;-0.34802926100000003;0.008624185582126211;6.269683074802669e-14;0.36218473756791336;0.0;0.004664879976732714;0.20889928294381035;0.011771999999931155;0.0;0.0;8.127157961004563e-13;0.0;-0.2480378107947217
3522.0;52.28487561882237;-0.340196693;0.008624185582110339;6.269670168282165e-14;0.18931010488976166;0.0;0.004519529977386552;0.19370153099947462;0.011771999999931155;0.0;0.0;8.127147310801886e-13;0.0;-0.06763772873717053
3523.0;296.45906943430793;-0.335476499;0.008624185628511237;1.7843929005057162e-13;0.05489388765014363;1.0105879605200314e-15;0.004822199998472532;0.18226913624485838;0.01177199999999009;0.0;0.07402986155573901;1.303890085063475e-12;4.0733731384474104e-14;-1.7239748338429215e-8
3524.0;626.902200297166;-0.33780412900000006;0.008624185628759991;0.016070999999880733;0.011016423446478003;4.687818994104115e-15;0.004876065003446715;0.18474907610152258;0.011771999999995557;0.0;0.07402986155578019;2.239702586092599e-12;0.012579649399074511;-7.672710150233766e-9
3525.0;615.2597701856934;-0.33370236000000003;0.008624185628756177;0.016070999999873308;0.005577560690017625;4.304454877082777e-15;0.004050134989306198;0.18996863726129717;0.011771999999995465;0.0;0.07402986155577992;2.21459544734179e-12;0.012579649399074255;-7.824884025921534e-9
3526.0;500.9763087907045;-0.325943592;0.008624185628708205;0.01607099999967315;0.005795511258237776;2.0837648687666646e-15;0.0035568000076405446;0.19126703497992362;0.01177199999999434;0.0;0.07402986155577619;1.922434027761811e-12;0.01257964939906979;-9.72240633408117e-9
3527.0;428.72625101017974;-0.31652898300000004;0.00862418562866293;0.008604309997609385;0.005795511258222276;1.5220451029428965e-15;0.0030933900100866356;0.19232522956061696;0.011771999999993316;0.0;0.07402986155577164;1.7030408614817262e-12;0.012579649399061078;-1.1487089986835604e-8
3528.0;405.29572055136066;-0.3067364390000001;0.008624185628644303;1.008212645538051e-12;0.005666721428999592;1.397851256408535e-15;0.0024521399907701026;0.1938118957927968;0.011771999999992901;0.0;0.07402986155576938;1.6295708985095041e-12;0.012579649399054163;-1.2206213787934137e-8
3529.0;226.42705088562502;-0.22135129100000006;0.00862418562856593;7.29866591529673e-14;0.004160879223529305;5.554834317285144e-16;0.0029796749977848125;0.17978919519899567;0.011771999999991845;0.0;0.01401469623082832;9.077651466490113e-13;9.671494869206622e-15;-1.4728007405622532e-8
3530.0;226.4270590999973;-0.21827681300000004;0.00862418562856593;7.298667001586096e-14;0.002318203615878503;5.554834696393772e-16;0.003212234991372762;0.16848663878900075;0.011771999999991845;0.0;0.02385473317308563;9.077652264777306e-13;9.671497449527073e-15;-1.4728005078019e-8
3531.0;226.42706749495403;-0.215582076;0.00862418562856593;7.298667911071825e-14;0.0012878905279344877;5.55483501379606e-16;0.003143835006672661;0.15971596042770678;0.011771999999991845;0.0;0.031030785081522922;9.077652933134072e-13;9.671499609875648e-15;-1.4728003129256188e-8
3532.0;226.4270766798392;-0.21297991900000005;0.00862418562856593;7.298668832040179e-14;0.00047552911738525547;5.554835335206013e-16;0.003373829988594082;0.1511465321549165;0.011771999999991843;0.0;0.037581772330296255;9.077653609929113e-13;9.671501797501797e-15;-1.4728001155889967e-8
3533.0;226.4270662895316;-0.21348148700000003;0.00862418562856593;7.29866802508591e-14;0.000396274264466485;5.554835053584942e-16;0.0036431549929056123;0.15758658612368648;0.011771999999991845;0.0;0.03145225831553504;9.077653016921264e-13;9.671499880701366e-15;-1.4728002884957044e-8
3534.0;226.4271196534854;-0.21514558900000005;0.00862418562856593;7.298669908616473e-14;0.010412105608852633;5.554835710923927e-16;0.003693599989838014;0.15583374884676796;0.011771999999991843;0.0;0.024802366079478198;9.077654401078772e-13;9.671504354751663e-15;-1.4727998849102742e-8
3535.0;52.29128445997281;-0.220335363;0.008624185599720516;3.92265170852003e-14;0.05173360052825631;0.0;0.0035482499830944815;0.15370437573187146;0.01177199999995704;0.0;0.0;5.905060489417074e-13;0.0;-0.00895685378417127
3536.0;52.29187289590482;-0.232676327;0.008624185599728655;3.922658362077948e-14;0.15805397518179012;0.0;0.0033883649891796592;0.14920542636434636;0.01177199999995704;0.0;0.0;5.905068311442708e-13;0.0;-0.09827862900699426
3537.0;52.292565931003146;-0.24845040800000007;0.008624185599736775;3.922665003455631e-14;0.2947388632801574;0.0;0.003187439996396387;0.1501922092013333;0.011771999999957043;0.0;0.0;5.905076119142607e-13;0.0;-0.21998609574070943
3538.0;52.293143855332026;-0.261715335;0.008624185599743529;3.922670530220242e-14;0.40890546948180717;0.0;0.002921534985283718;0.15173730322382292;0.011771999999957044;0.0;0.0;5.905082616480883e-13;0.0;-0.3221760701902092
3539.0;52.293417130549976;-0.27058499199999997;0.008624185599746675;3.922673105735896e-14;0.46390833186164604;0.0;0.003182309999891473;0.15856038500717096;0.011771999999957044;0.0;0.0;5.905085644289695e-13;0.0;-0.37539780711624854
3540.0;52.29353183760751;-0.27511573699999997;0.00862418559974816;3.922674320930576e-14;0.4863077320335643;0.0;0.0032079599958307788;0.1669545299090368;0.011771999999957043;0.0;0.0;5.905087072888515e-13;0.0;-0.4016872391448875
3541.0;23.72622474901097;-0.27556844900000005;0.0;3.646234938334672e-14;0.5011977362772133;0.0;0.0031985549862090703;0.1824379276388306;0.01177199999986726;0.0;0.0;0.0;0.0;-0.4203785266024018
3542.0;-0.0002799912155949612;-0.27411466900000003;0.0;0.0;0.50030613583059;0.0;0.0;0.19417979253026094;0.0;0.0;0.0;0.0;0.0;-0.42037855645099376
3543.0;10.00042485125929;-0.271551675;0.0;0.0;0.4742907153733575;0.0;0.0033840899603669117;0.21113252649612077;0.0030842226247486987;0.0;0.0;0.0;0.0;-0.42037854816942744
3544.0;52.29309111162942;-0.267875249;0.008624185599741483;3.92266885577323e-14;0.41790089362435123;0.0;0.003376394992863379;0.22738197985578174;0.011771999999957044;0.0;0.0;5.905080647979208e-13;0.0;-0.40112033116321294
3545.0;52.29259443471936;-0.262562638;0.008624185599735108;3.922663639987695e-14;0.32473682344617577;0.0;0.0035730449975017995;0.23140052294743965;0.011771999999957043;0.0;0.0;5.905074516228914e-13;0.0;-0.317479942536964
3546.0;52.292030790606916;-0.25950754700000006;0.008624185599728206;3.9226579940830646e-14;0.2171780899134051;0.0;0.0034174349917316413;0.2423979552632675;0.011771999999957043;0.0;0.0;5.905067878822078e-13;0.0;-0.22381138800873845
3547.0;52.29146130606516;-0.252301237;0.008624185599721564;3.9226525648603343e-14;0.10445788616396999;0.0;0.0029206799903372226;0.2403270099387799;0.011771999999957043;0.0;0.0;5.905061496144477e-13;0.0;-0.11572068290127875
3548.0;52.291071020809895;-0.251298597;0.008624185599716925;3.922648774337974e-14;0.027362736028628272;0.0;0.0033430499887521542;0.23437385541180247;0.01177199999995704;0.0;0.0;5.905057039944673e-13;0.0;-0.03409163303164792
3549.0;52.29096266007346;-0.24990139699999997;0.008624185599715287;3.9226474373883256e-14;0.008727940815772777;0.0;0.0029420549981315357;0.23382203501377624;0.01177199999995704;0.0;0.0;5.90505546820535e-13;0.0;-0.01590185493829213
3550.0;52.29095052098854;-0.24820618900000002;0.008624185599715081;3.92264726879268e-14;0.006637593654106123;0.0;0.0028924649961453194;0.23225097427370764;0.01177199999995704;0.0;0.0;5.905055270001501e-13;0.0;-0.013886263402140999
3551.0;52.29095569139617;-0.24496741100000002;0.008624185599715329;3.922647471117948e-14;0.006647500649365666;0.0;0.0030728699894944783;0.23575015685084388;0.011771999999957043;0.0;0.0;5.905055507857286e-13;0.0;-0.0208134699136373
3552.0;52.29096109124475;-0.23931133400000004;0.008624185599715522;3.9226476278896766e-14;0.006637593654106124;0.0;0.0032413049865271763;0.2349061975012768;0.01177199999995704;0.0;0.0;5.905055692161398e-13;0.0;-0.025783370685172394
3553.0;226.4263221974943;-0.24157317900000003;0.008624185628594145;6.756057478794782e-14;0.006221506508584355;5.16448975338046e-16;0.0006019199947617503;0.15671666005654258;0.011771999999992473;0.0;0.05761597348131416;8.695688724541482e-13;8.952723789302261e-15;-1.3633280215411669e-8
3554.0;226.42709472894654;-0.23608348900000004;0.008624185628594147;6.756090074830955e-14;0.0054784918465368;5.164501234369683e-16;0.0006002100048694072;0.1557947969865647;0.011771999999992473;0.0;0.05380663106756508;8.695714739363475e-13;8.952801219742313e-15;-1.363321037154859e-8
3555.0;226.42709016996184;-0.23338686800000003;0.008624185628594147;6.756089931550994e-14;0.004596780360013232;5.16450118390278e-16;0.0008532899978915448;0.15585971675357382;0.011771999999992473;0.0;0.05167378405692892;8.695714625011959e-13;8.952800879384956e-15;-1.3633210678553117e-8
3556.0;226.42708652858354;-0.23479500400000003;0.008624185628594147;6.756089782400636e-14;0.004051904493998931;5.164501131368935e-16;0.001437255006941911;0.15643101189247818;0.011771999999992473;0.0;0.05247149470662315;8.695714505975499e-13;8.952800525083467e-15;-1.3633210998136244e-8
3557.0;226.42710899659303;-0.24016463400000004;0.008624185628594147;6.756090517907988e-14;0.008262317584795753;5.164501390429341e-16;0.0016056900039746343;0.1556714494292475;0.011771999999992473;0.0;0.05422160909640424;8.695715092980085e-13;8.952802272255326e-15;-1.3633209422172782e-8
3558.0;226.42727487080816;-0.2536856330000001;0.008624185628594147;6.756096193123489e-14;0.03822064866061833;5.164503389349864e-16;0.001845089997373991;0.14639439331760914;0.011771999999992473;0.0;0.04682087664988951;8.695719622346081e-13;8.952815753539936e-15;-1.3633197261977022e-8
3559.0;52.284307645799515;-0.26658764900000004;0.008624185601806753;3.63099567033338e-14;0.12609445990167767;0.0;0.0021793949863381647;0.12932045772816889;0.011771999999960248;0.0;0.0;5.569908289390726e-13;0.0;-0.011320448125535008
3560.0;52.28511972462811;-0.28961474900000006;0.008624185601816589;3.6310036599190514e-14;0.27756037640565934;0.0;0.0023341499837481613;0.12027062317951144;0.01177199999996025;0.0;0.0;5.569918100979086e-13;0.0;-0.13087008597360744
3561.0;52.2859986467748;-0.30649884800000005;0.008624185601826246;3.631011509599966e-14;0.44994957186188134;0.0;0.0024846299930132805;0.11778419134616579;0.011771999999960252;0.0;0.0;5.569927740746523e-13;0.0;-0.2840524342312946
3562.0;50.0011182167736;-0.32108918100000006;0.0028221485077774364;3.6091018933238765e-14;0.6000681558662209;0.0;0.0026026199927065533;0.12417230950132296;0.011771999999957962;0.0;0.0;5.542983144466096e-13;0.0;-0.42037781664081925
3563.0;-0.0002862390406048731;-0.33192998900000004;0.0;0.0;0.6789152554604535;0.0;0.0;0.0733861832712331;0.0;0.0;0.0;0.0;0.0;-0.4203785584931593
3564.0;-0.0003486924567414519;-0.33425281300000004;0.0;0.0;0.672267218812175;0.0;9.224726491151708e-6;0.08235694381335397;0.0;0.0;0.0;0.0;0.0;-0.4203785584931188
3565.0;-0.00037445261497537244;-0.332376926;0.0;0.0;0.6639734986525071;0.0;8.631551542043894e-6;0.08877404009833646;0.0;0.0;0.0;0.0;0.0;-0.42037855849314687
3566.0;-0.0002882918554453959;-0.331133405;0.0;0.0;0.6485195319641097;0.0;0.0;0.10298553308285333;0.0;0.0;0.0;0.0;0.0;-0.42037855849315947
3567.0;-0.0003311454258846832;-0.32722106500000003;0.0;0.0;0.6144007287149515;0.0;0.000277965762387482;0.13291852703535895;0.0;0.0;0.0;0.0;0.0;-0.4203785584931637
3568.0;10.00059432397647;-0.3207396410000001;0.0;0.0;0.5376351513004007;0.0;0.004373324965330391;0.19413649462723548;0.004935318876847336;0.0;0.0;0.0;0.0;-0.4203785508177526
3569.0;52.2856840843357;-0.312114666;0.008624185601820872;3.6310071401260996e-14;0.41337346112192025;0.0;0.004343399992066155;0.20243325868987572;0.01177199999996025;0.0;0.0;5.569922374834161e-13;0.0;-0.3283777835222978
3570.0;52.285053479943656;-0.30422186900000003;0.008624185601813784;3.631001380594399e-14;0.29164792512552384;0.0;0.004186934991349808;0.21017820473242627;0.01177199999996025;0.0;0.0;5.569915301861931e-13;0.0;-0.22212520016940646
3571.0;52.284385807046;-0.29324966100000005;0.008624185601806354;3.630995345957411e-14;0.16180867314563432;0.0;0.004031324998993632;0.21557954123982653;0.011771999999960248;0.0;0.0;5.569907891041222e-13;0.0;-0.10849449926497391
3572.0;117.27228414202598;-0.28022640600000004;0.008624185628023617;4.388255676575203e-14;0.0639289397736537;0.0;0.004274144990526086;0.18963754526029009;0.011771999999984508;0.0;1.8548196845006096e-14;6.454695187779347e-13;4.550791177102637e-15;-3.307240738138442e-8
3573.0;226.4271034079229;-0.27220927199999995;0.008624185628594147;6.756088335343636e-14;0.01639584644965049;5.164500621689564e-16;0.00403388999068128;0.18578779475210624;0.011771999999992473;0.0;0.04558299914491786;8.695713351085573e-13;8.952797087652036e-15;-1.3633214098730937e-8
3574.0;226.42703275621972;-0.26909075400000004;0.008624185628594147;6.756085341888878e-14;0.006280946261826493;5.164499567333167e-16;0.0036482849895757706;0.19836278216315278;0.011771999999992473;0.0;0.040388941623872986;8.69571096202046e-13;8.952789976811672e-15;-1.3633220512785391e-8
3575.0;226.42703267036893;-0.261187064;0.008624185628594147;6.756085374410405e-14;0.006102623674627423;5.164499578788689e-16;0.003203685001834101;0.19783693086115473;0.011771999999992473;0.0;0.033634118808370535;8.69571098797532e-13;8.952790054064202e-15;-1.3633220443101868e-8
3576.0;226.42704858865173;-0.24494246;0.008624185628594147;6.756086605631669e-14;0.0058252311348329505;5.164500012449637e-16;0.003243870005756387;0.1866707059618788;0.011771999999992473;0.0;0.028794641987768804;8.695711970609019e-13;8.952792978784209e-15;-1.3633217804971247e-8
3577.0;395.7581907121171;-0.24084592900000001;0.008624185628725509;5.094999179865955e-13;0.00525063317391759;1.0087042355327565e-15;0.0011029499983274105;0.13085905977405915;0.011771999999994908;0.0;0.07402986155577425;1.5785376342338956e-12;0.012579649399058633;-9.559547567316654e-9
3578.0;396.05148377590956;-0.23887899099999998;0.008624185628725694;5.140669706708205e-13;0.004091531365914716;1.0097648429065659e-15;0.0011833199927590461;0.12989175405639944;0.011771999999994913;0.0;0.07402986155577428;1.579822370834397e-12;0.012579649399058746;-9.55117307313453e-9
3579.0;428.72634845795994;-0.23679617299999997;0.008624185628744651;0.0038684066739328726;0.00322963497907408;1.1437080402832486e-15;0.0012021300024107992;0.12179624008277683;0.011771999999995333;0.0;0.07402986155577664;1.723747394704939e-12;0.012579649399066714;-8.70213478767706e-9
3580.0;428.72635281442706;-0.234994334;0.008624185628744651;0.005461598093102124;0.003269261850954689;1.1437080887389476e-15;0.0011243250062327591;0.11843988099306048;0.011771999999995333;0.0;0.07402986155577664;1.72374744059816e-12;0.012579649399066714;-8.70213454051506e-9
3581.0;458.9318571674748;-0.23742918000000002;0.0086241856287595;0.016070999999446167;0.0038834866837908037;1.302914584628096e-15;0.0011397149958357025;0.11100655221060374;0.011771999999995666;0.0;0.07402986155577823;1.8542655387588875e-12;0.012579649399070214;-8.042512390992309e-9
3582.0;565.9072626325643;-0.24738141600000002;0.008624185628798069;0.016070999999877572;0.016098641028554482;2.4968534278552786e-15;0.0011268899913943241;0.1011776780793915;0.011771999999996558;0.0;0.0740298615557816;2.242791162807083e-12;0.012579649399075105;-6.348299750987212e-9
3583.0;339.1807769648877;-0.26363962500000004;0.00862418562868242;1.8734799828058762e-13;0.07516331489773109;8.379874375302679e-16;0.0008575649998218185;0.0909203322966825;0.011771999999993983;0.0;0.07402986155576688;1.3398679062838165e-12;0.0019272088874694871;-1.1523215596775029e-8
3584.0;90.71261803412962;-0.28218495700000007;0.008624185627076054;4.9634815758156605e-14;0.19546226354132498;0.0;0.0007660799994063046;0.08791454113797685;0.011771999999974544;0.0;1.83134823410338e-14;7.01289445823075e-13;0.0;-0.02269786508512446
3585.0;90.71338693681446;-0.298047861;0.008624185627076087;4.9634925724119156e-14;0.34263851099243353;0.0;0.0007139249857536877;0.08426604190749518;0.011771999999974544;0.0;1.83135834045159e-14;7.01290557827098e-13;0.0;-0.15031908700969276
3586.0;90.71396658780162;-0.3085702390000001;0.008624185627076111;4.9635003129423096e-14;0.4578552431633887;0.0;0.0006335550047373116;0.08792103192545325;0.011771999999974544;0.0;1.8313654543742622e-14;7.012913405684662e-13;0.0;-0.2585976128706184
3587.0;90.71432370837148;-0.31775738900000006;0.008624185627076127;4.9635051069961504e-14;0.5286595389323689;0.0;0.00047965498886005806;0.09011532480725808;0.011771999999974546;0.0;1.831369860358641e-14;7.012918253544146e-13;0.0;-0.32226089624657367
3588.0;90.71447117501835;-0.323054309;0.008624185627076132;4.9635069814177107e-14;0.5591627480925209;0.0;0.00039158999967233793;0.09619182927000185;0.011771999999974544;0.0;1.8313715830526992e-14;7.012920149001636e-13;0.0;-0.35345864202719174
3589.0;90.71447536654307;-0.323861761;0.008624185627076132;4.963506781759737e-14;0.5628778191844436;0.0;0.00029497499395319816;0.10692958251779336;0.011771999999974544;0.0;1.8313713995563522e-14;7.012919947103392e-13;0.0;-0.36700901340813
3590.0;90.71443322669909;-0.32292206199999995;0.008624185627076128;4.963505940317044e-14;0.557577652143303;0.0;0.0002650499964553901;0.11769979445986486;0.011771999999974544;0.0;1.8313706262248694e-14;7.012919096217851e-13;0.0;-0.3733898146934662
3591.0;90.71419845646217;-0.31842538900000006;0.008624185627076118;4.9635023744087126e-14;0.5150871473110553;0.0;0.000327464989703559;0.12775588777561206;0.011771999999974546;0.0;1.8313673489671852e-14;7.012915490288373e-13;0.0;-0.34551314840532704
3592.0;90.71383548269709;-0.311950612;0.008624185627076102;4.963497426117434e-14;0.443797415429303;0.0;0.00034712999419142846;0.12702878638511045;0.011771999999974544;0.0;1.831362801238204e-14;7.012910486456746e-13;0.0;-0.27998535563368976
3593.0;90.71327320712997;-0.303865114;0.008624185627076078;4.9634898010219523e-14;0.33325671847139754;0.0;0.0003334499945686821;0.12748322594339848;0.011771999999974544;0.0;1.831355793417823e-14;7.012902775772725e-13;0.0;-0.1779623450320087
3594.0;90.71270891196262;-0.29567959;0.008624185627076056;4.963482112219831e-14;0.22246835217779146;0.0;0.00034114498932616915;0.1271716086833059;0.011771999999974544;0.0;1.8313487270803967e-14;7.012895000656504e-13;0.0;-0.07504717040682142
3595.0;226.4276799749334;-0.28565564800000004;0.008624185628514223;8.292967461095869e-14;0.11146203309784965;6.260873340717611e-16;0.0003257550035854336;0.12412037368780812;0.011771999999990693;0.0;0.029340213668274953;9.70168194317952e-13;1.0988567717735866e-14;-1.9827312328345595e-8
3596.0;455.2018568212489;-0.27689981799999996;0.0086241856287578;0.016070999999368358;0.03621946445633347;1.2811209250587082e-15;0.0002590650100460928;0.12195854068952514;0.01177199999999563;0.0;0.07402986155577806;1.838580692525688e-12;0.012579649399069885;-8.117820295810718e-9
3597.0;670.7650468537398;-0.27383856399999995;0.008624185628822988;0.016070999999930558;0.009827600652721128;6.569716417108416e-15;0.0002787300015233511;0.131787414820746;0.011771999999997151;0.0;0.07402986155578332;2.4951868904475646e-12;0.012579649399076836;-5.265609215635781e-9
3598.0;587.1152929768298;-0.269116854;0.008624185628803903;0.016070999999893892;0.006806009246541353;3.0011023223040325e-15;0.00029069999771848856;0.13569559311926235;0.011771999999996695;0.0;0.07402986155578203;2.3033088670007297e-12;0.012579649399075575;-6.094144127697478e-9
3599.0;472.03414625075163;-0.260567082;0.00862418562876529;0.016070999999613655;0.006578151683030985;1.3863572235259215e-15;0.00024880500366673185;0.13504639425994386;0.0117719999999958;0.0;0.0740298615557788;1.9089491699899365e-12;0.01257964939907124;-7.786577284353017e-9
3600.0;428.7263475081356;-0.251253913;0.008624185628744651;0.001994421671580239;0.00656824579692198;1.1437079183797272e-15;0.0002222999992449076;0.13576700486296744;0.011771999999995333;0.0;0.07402986155577664;1.7237472792485166e-12;0.012579649399066714;-8.702135409480424e-9
3601.0;52.30216121985651;-0.28292670200000003;0.008624185600798103;3.795562262685666e-14;0.002060626175354513;0.0;0.009944504989818663;0.36092223195346224;0.011771999999958455;0.0;0.0;5.760819774057809e-13;0.0;-0.11033914300562035
3602.0;52.30216671491512;-0.28017353600000006;0.00862418560079833;3.795562450160578e-14;0.001040220082670039;0.0;0.009824804986411985;0.35390438967986243;0.011771999999958455;0.0;0.0;5.76081999869318e-13;0.0;-0.1049332602464903
3603.0;52.302162056781725;-0.27770121600000003;0.00862418560079825;3.795562382119924e-14;0.0005151570980172675;0.0;0.009298979995879577;0.355274201520652;0.011771999999958455;0.0;0.0;5.760819917166259e-13;0.0;-0.10772464855035471
3604.0;52.3021656400251;-0.27729002;0.008624185600798345;3.7955624615349575e-14;0.0005052501027577272;0.0;0.008722709981586776;0.3528591802417918;0.011771999999958455;0.0;0.0;5.760820012323049e-13;0.0;-0.10513430032266335
3605.0;52.302164874348406;-0.28459559900000003;0.00862418560079832;3.795562441219636e-14;0.0005151570980172676;0.0;0.007898489997604858;0.35314482721663165;0.011771999999958455;0.0;0.0;5.760819987980157e-13;0.0;-0.09730015342612104
3606.0;52.30216661311652;-0.30147536100000005;0.008624185600798301;3.7955624254801014e-14;0.0012284507742862012;0.0;0.006360344994741774;0.35367717168455504;0.011771999999958455;0.0;0.0;5.760819969120439e-13;0.0;-0.08012817503019898
3607.0;52.30223565136684;-0.31693344100000004;0.008624185600799316;3.7955632624170023e-14;0.011650462269368186;0.0;0.006288524990014985;0.34217985478430835;0.011771999999958455;0.0;0.0;5.760820971958025e-13;0.0;-0.06352231843156099
3608.0;52.302609402481366;-0.328927477;0.008624185600803875;3.7955670229394447e-14;0.08100835891360657;0.0;0.007090514984670372;0.32931272961094554;0.011771999999958455;0.0;0.0;5.760825477901369e-13;0.0;-0.1088243296864864
3609.0;52.30345440597734;-0.34082359400000006;0.008624185600814103;3.7955754656342185e-14;0.23828959955727957;0.0;0.007203374988265787;0.299150939261956;0.011771999999958455;0.0;0.0;5.760835594120703e-13;0.0;-0.2241684172944759
3610.0;52.304344313266235;-0.351045765;0.008624185600824506;3.795584058964398e-14;0.4089847221164288;0.0;0.007421399987284886;0.28689405989847844;0.011771999999958458;0.0;0.0;5.760845890824643e-13;0.0;-0.3726134670012848
3611.0;-0.00033112408808719034;-0.35896946700000004;0.0;0.0;0.5093608443723324;0.0;0.0037813663815533184;0.26620339758503747;0.0;0.0;0.0;0.0;0.0;-0.42037855734941487
3612.0;-0.00033112416317762985;-0.36324863100000004;0.0;0.0;0.5566249806500508;0.0;0.003670579665855781;0.22332921207721737;0.0;0.0;0.0;0.0;0.0;-0.42037855734941487
3613.0;-0.0003311239433251044;-0.359682;0.0;0.0;0.5510496374095513;0.0;0.00432530964654866;0.22468319442891488;0.0;0.0;0.0;0.0;0.0;-0.42037855734941487
3614.0;-0.00033112514602542486;-0.359862514;0.0;0.0;0.5318512436417544;0.0;0.005980512209957172;0.24240689915093988;0.0;0.0;0.0;0.0;0.0;-0.42037855734941487
3615.0;8.432894067679314;-0.355486493;0.0;0.0;0.48398952841479664;0.0;0.009535814942542837;0.2811356646718683;0.0;0.0;0.0;0.0;0.0;-0.42037855086985865
3616.0;52.30423670162609;-0.347032765;0.008624185600823658;3.795583358604871e-14;0.3828207169854476;0.0;0.009538379989279304;0.26822958644973544;0.011771999999958456;0.0;0.0;5.760845051639572e-13;0.0;-0.3339106686081836
3617.0;52.303519696037945;-0.336368705;0.008624185600815952;3.7955769927525684e-14;0.2370215230197368;0.0;0.009431505003963156;0.25238912881200987;0.011771999999958456;0.0;0.0;5.760837423946581e-13;0.0;-0.18281456675753177
3618.0;52.30283560095007;-0.32396180900000004;0.008624185600808588;3.7955709130389626e-14;0.09721597467175883;0.0;0.010127474994834535;0.2305695475512787;0.011771999999958455;0.0;0.0;5.760830139103412e-13;0.0;-0.034279260559104865
3619.0;226.4270495568362;-0.32263438;0.008624185628578238;7.061977474749285e-14;0.020913371956857517;5.385000280862333e-16;0.010291635010878488;0.23524378147905023;0.011771999999992119;0.0;0.03576907482206939;8.914904834282383e-13;9.357973249938173e-15;-1.4251066223464226e-8
3620.0;226.4269359267968;-0.321991655;0.008624185628578238;7.061972305925919e-14;0.00525063317387714;5.384998469712415e-16;0.010531035004277852;0.2574269146242567;0.011771999999992119;0.0;0.02836451374207389;8.914900897201486e-13;9.357960971938014e-15;-1.4251077299855668e-8
3621.0;72.07704307208303;-0.315617292;0.008624185626004689;4.0055473387007445e-14;0.003507027518557626;0.0;0.010559249993862865;0.2770522030031204;0.011771999999971767;0.0;0.0;6.008948244692072e-13;0.0;-1.0191460735533018e-7
3622.0;52.30225534297104;-0.30533245600000003;0.008624185600800345;3.7955641105283944e-14;0.0029522424388225177;0.0;0.010239479990069501;0.286887569111002;0.011771999999958455;0.0;0.0;5.760821988184563e-13;0.0;-0.015078014829646226
3623.0;52.30225085610709;-0.29563209399999996;0.008624185600800444;3.7955641932790905e-14;0.001961558441074217;0.0;0.010427579991590287;0.2968397907995346;0.011771999999958455;0.0;0.0;5.760822087338703e-13;0.0;-0.03392706948834627
3624.0;52.3022378073816;-0.2864949910000001;0.008624185600800204;3.7955639949324483e-14;0.0010303130874105004;0.0;0.010164239992143996;0.3049223196305324;0.011771999999958455;0.0;0.0;5.760821849675237e-13;0.0;-0.049952635200467055
3625.0;0.0004291014943578639;-0.26726996300000005;0.0;0.0;0.00016004724241663093;0.0;0.0025023493685183314;0.3526839251375832;0.0;0.0;0.0;0.0;0.0;-0.08808864074965707
3626.0;0.000428875564726741;-0.204165794;0.0;0.0;0.0001893353926444789;0.0;0.0024971551696117405;0.31855559720152965;0.0;0.0;0.0;0.0;0.0;-0.11708863410546068
3627.0;0.0004276591658845406;-0.20395390200000002;0.0;0.0;0.00016004101783017503;0.0;0.002498801535348128;0.3158378458696988;0.0;0.0;0.0;0.0;0.0;-0.11455498352018166
3628.0;0.0004293757929223824;-0.25584095300000004;0.0;0.0;0.00016004834794940424;0.0;0.0025090957010902603;0.3375707024434836;0.0;0.0;0.0;0.0;0.0;-0.08441119243068962
3629.0;0.000429700870998297;-0.25425262;0.0;0.0;0.00016004975527194421;0.0;0.0025101246868972104;0.33186241751378986;0.0;0.0;0.0;0.0;0.0;-0.08029228996004763
3630.0;0.00043106270218151217;-0.25566100700000005;0.0;0.0;0.0001991108168375114;0.0;0.002493618978423503;0.3326973024791965;0.0;0.0;0.0;0.0;0.0;-0.07974154910256988
3631.0;0.0004431218463103188;-0.26000443700000003;0.0;0.0;0.0010516353379388386;0.0;0.0022128921481268907;0.33845332304375586;0.0;0.0;0.0;0.0;0.0;-0.08172656851113365
3632.0;0.00034398330186751445;-0.26669871300000003;0.0;0.0;0.011821590120153706;0.0;0.0032749476574104285;0.34184710369994326;0.0;0.0;0.0;0.0;0.0;-0.0902630401920261
3633.0;0.0003415605190272735;-0.277566874;0.0;0.0;0.09118723381964276;0.0;0.004105426389626753;0.33496316098391166;0.0;0.0;0.0;0.0;0.0;-0.15270685260570963
3634.0;0.00033941684947684617;-0.291634606;0.0;0.0;0.20850782469120538;0.0;0.00478292245442262;0.3303395497483311;0.0;0.0;0.0;0.0;0.0;-0.2520134139482058
3635.0;0.00033617496104434806;-0.30092663;0.0;0.0;0.31362768682716907;0.0;0.004583782019145118;0.3224595938976178;0.0;0.0;0.0;0.0;0.0;-0.33976187883774833
3636.0;0.00032624867682677834;-0.306202638;0.0;0.0;0.36931452909345186;0.0;0.004918950830958691;0.3253856770852983;0.0;0.0;0.0;0.0;0.0;-0.393433116923974
3637.0;0.00032012107492886686;-0.311333212;0.0;0.0;0.37840028924332886;0.0;0.003096055882893591;0.331742312077605;0.0;0.0;0.0;0.0;0.0;-0.40192151722552233
3638.0;0.00032498411028451156;-0.309783652;0.0;0.0;0.3385295327988237;0.0;0.0062965919530804885;0.36066383615228836;0.0;0.0;0.0;0.0;0.0;-0.39572279892457307
3639.0;0.00033640790741172285;-0.304723725;0.0;0.0;0.2615918526035467;0.0;0.0070131648547944216;0.37259590604621246;0.0;0.0;0.0;0.0;0.0;-0.33649466522700766
3640.0;0.0003396682865728485;-0.296504229;0.0;0.0;0.15278784912427268;0.0;0.006623047885178248;0.37783157539285767;0.0;0.0;0.0;0.0;0.0;-0.24075598810079102
3641.0;0.000341132723709817;-0.2997760710000001;0.0;0.0;0.0445251372741013;0.0;0.007006564134650244;0.41904199634157013;0.0;0.0;0.0;0.0;0.0;-0.17081549621878062
3642.0;0.0003414386460822349;-0.314601137;0.0;0.0;0.005601802646033178;0.0;0.0072882731573048224;0.45952661862688093;0.0;0.0;0.0;0.0;0.0;-0.1578334533738102
3643.0;0.00042275631152897437;-0.31588413400000004;0.0;0.0;0.000325879307123533;0.0;0.00663607521844901;0.49472515438708176;0.0;0.0;0.0;0.0;0.0;-0.18581595090350417
3644.0;0.00042672398252864693;-0.31333728;0.0;0.0;0.00020885785314027239;0.0;0.006410840758157532;0.49478349730962456;0.0;0.0;0.0;0.0;0.0;-0.1880782392578289
3645.0;0.00042673250948313383;-0.30780545600000003;0.0;0.0;0.0001893261104432674;0.0;0.006483804449044108;0.492599527647437;0.0;0.0;0.0;0.0;0.0;-0.19147941451742898
3646.0;0.00042593948045080296;-0.30096062199999996;0.0;0.0;0.00016979378893921653;0.0;0.006237935587767433;0.4906626113920165;0.0;0.0;0.0;0.0;0.0;-0.19612182579660595
3647.0;0.0004261065385684819;-0.295652089;0.0;0.0;0.00016979450880403956;0.0;0.006431881021222671;0.4776876940174604;0.0;0.0;0.0;0.0;0.0;-0.18864939750802578
3648.0;0.00042658004468565706;-0.288784502;0.0;0.0;0.0001795604974682093;0.0;0.006523853899592961;0.4697549013380298;0.0;0.0;0.0;0.0;0.0;-0.18768597964348777
3649.0;0.004030402649313347;-0.3524231;0.0;0.0;0.00017503126762440576;0.0;0.0037700100717606715;0.5461608541645655;0.0;0.0;0.0;0.0;0.0;-0.19768555492789933
3650.0;0.004030048764954695;-0.34930148;0.0;0.0;0.00016473325816655654;0.0;0.003762806062817319;0.5470643542064846;0.0;0.0;0.0;0.0;0.0;-0.20169316966723583
3651.0;0.004030009040949189;-0.34692539;0.0;0.0;0.00016473325712577946;0.0;0.0037614200413958925;0.5461669509322777;0.0;0.0;0.0;0.0;0.0;-0.20317046939253322
3652.0;0.004030304299635583;-0.34366262000000003;0.0;0.0;0.0001750312648541842;0.0;0.003757546356876847;0.5410350045009653;0.0;0.0;0.0;0.0;0.0;-0.20130771917483548
3653.0;0.004030189745704105;-0.34509471999999997;0.0;0.0;0.00017503126164081535;0.0;0.0037623110891835372;0.5467501596497569;0.0;0.0;0.0;0.0;0.0;-0.20559553627822322
3654.0;0.004030098035274399;-0.3509478;0.0;0.0;0.00017503125921515715;0.0;0.0037623649587616927;0.556067599182872;0.0;0.0;0.0;0.0;0.0;-0.2090599473560851
3655.0;0.004031132140133318;-0.36634215;0.0;0.0;0.00022651166703809028;0.0;0.003738984930264115;0.5676966651086828;0.0;0.0;0.0;0.0;0.0;-0.20532276865352633
3656.0;0.0030050502981502467;-0.38635615999999995;0.0;0.0;0.002896323019688415;0.0;0.0030493392776747568;0.5743484648229152;0.0;0.0;0.0;0.0;0.0;-0.19394195371685616
3657.0;0.0030052162558879994;-0.3955904;0.0;0.0;0.013744654754729054;0.0;0.0030287479832886246;0.5634763891826416;0.0;0.0;0.0;0.0;0.0;-0.18466339104883586
3658.0;0.003004474828900918;-0.4020635899999999;0.0;0.0;0.07060985950859465;0.0;0.0030206768626786845;0.5594298681791573;0.0;0.0;0.0;0.0;0.0;-0.2310007592938917
3659.0;0.003002998087542587;-0.40921155;0.0;0.0;0.15139274245038112;0.0;0.0032556686475064514;0.5734319085763933;0.0;0.0;0.0;0.0;0.0;-0.3188726065906313
3660.0;0.003002269376767507;-0.41432451000000003;0.0;0.0;0.20413058137440798;0.0;0.003418883597281971;0.5545244550943018;0.0;0.0;0.0;0.0;0.0;-0.34775319381906683
3661.0;0.0030006023413743092;-0.41470986;0.0;0.0;0.2185199588913815;0.0;0.003519989070068448;0.5800334100157079;0.0;0.0;0.0;0.0;0.0;-0.38736715984914144
3662.0;0.0030027135932754628;-0.41128885;0.0;0.0;0.1891589374394675;0.0;0.003661611880277274;0.5498428849124654;0.0;0.0;0.0;0.0;0.0;-0.33137840068960317
3663.0;0.0030034087863344567;-0.40757137;0.0;0.0;0.13949813385810217;0.0;0.0032768799671610833;0.5628990431803295;0.0;0.0;0.0;0.0;0.0;-0.29810655399812885
3664.0;0.0030046072388698;-0.40117394;0.0;0.0;0.07151508492469287;0.0;0.0034749342639312356;0.5486593460320865;0.0;0.0;0.0;0.0;0.0;-0.22247938013032922
3665.0;0.003005589882386377;-0.39837617;0.0;0.0;0.015331708942729453;0.0;0.0032164434338091;0.5449238076856742;0.0;0.0;0.0;0.0;0.0;-0.1650998167286471
3666.0;0.0030058758430753837;-0.40063739;0.0;0.0;0.002895619058341226;0.0;0.0028575422817040527;0.5465031944337602;0.0;0.0;0.0;0.0;0.0;-0.15162301318795765
3667.0;0.004038238106392079;-0.40148571999999993;0.0;0.0;0.0006177845003550791;0.0;0.0036162847486769503;0.5474427895540753;0.0;0.0;0.0;0.0;0.0;-0.15019410829556396
3668.0;0.004032929701937123;-0.39593677;0.0;0.0;0.0002162146611261104;0.0;0.0037516936735526234;0.5373378776085534;0.0;0.0;0.0;0.0;0.0;-0.14537182115473213
3669.0;0.0040326206585783175;-0.38630385;0.0;0.0;0.0001956233390343463;0.0;0.003759841931188733;0.5267627079158063;0.0;0.0;0.0;0.0;0.0;-0.1444171287979349
3670.0;0.004032242563949817;-0.37429292;0.0;0.0;0.0001956233272077913;0.0;0.003759564574582999;0.5243263115630205;0.0;0.0;0.0;0.0;0.0;-0.1539913761041649
3671.0;0.0040320983997822945;-0.36479551;0.0;0.0;0.00019562332386711782;0.0;0.0037563667535433732;0.51839384083922;0.0;0.0;0.0;0.0;0.0;-0.15755311320292242
3672.0;0.004031892797250154;-0.3561138;0.0;0.0;0.00019562331793480437;0.0;0.0037561134370831524;0.51540981654866;0.0;0.0;0.0;0.0;0.0;-0.1632505403242261
3673.0;53.27273100680639;-0.31479365;0.008624185607449207;3.732730575188345e-14;0.00017506965077103605;0.0;0.006204599990682271;0.34504130717545;0.007847999999956064;0.0;0.0;5.799497653300975e-13;0.0;-0.05317489467528356
3674.0;53.27278228807726;-0.31011262;0.008624185607449604;3.732731116704193e-14;0.0001750696507710367;0.0;0.007389629988214757;0.3538956726530665;0.007847999999956065;0.0;0.0;5.799498337585103e-13;0.0;-0.06789422930476964
3675.0;53.27285334805075;-0.31081654999999997;0.00862418560745014;3.732731848105005e-14;0.00018536678041232194;0.0;0.008163989985942215;0.3665120701467854;0.007847999999956065;0.0;0.0;5.799499261816749e-13;0.0;-0.0805899771380652
3676.0;53.272922041615715;-0.31223711000000004;0.008624185607450655;3.732732551628619e-14;0.0001750696507710384;0.0;0.008693729993586256;0.3788566864277731;0.007847999999956065;0.0;0.0;5.799500150821874e-13;0.0;-0.0920321661292433
3677.0;53.27295710228695;-0.31513600999999997;0.008624185607450917;3.732732908808075e-14;0.00016477021519992785;0.0;0.009156239991963055;0.38521494947979495;0.007847999999956064;0.0;0.0;5.799500602170908e-13;0.0;-0.09594308333788008
3678.0;53.27305249445755;-0.32327753000000004;0.008624185607451628;3.732733878502052e-14;0.000164770215199929;0.0;0.009438120003258941;0.402451636761027;0.007847999999956065;0.0;0.0;5.799501827521112e-13;0.0;-0.10531836479309481
3679.0;53.27317689303306;-0.34208291999999996;0.008624185607452551;3.73273513614693e-14;0.0002471553230846016;0.0;0.00945755999001537;0.4247592024023971;0.007847999999956065;0.0;0.0;5.799503416738762e-13;0.0;-0.10892012679148788
3680.0;53.273337575136566;-0.36472428;0.00862418560745368;3.732736676558412e-14;0.004572372910547351;0.0;0.009501299998341315;0.43934959368746973;0.007847999999956065;0.0;0.0;5.799505363273621e-13;0.0;-0.10523661513249796
3681.0;53.273755398316226;-0.37656464;0.008624185607456506;3.73274052895368e-14;0.02461254838580487;0.0;0.009497249984156478;0.4471955065129554;0.007847999999956065;0.0;0.0;5.799510231336991e-13;0.0;-0.12127713674399597
3682.0;53.27462459175657;-0.38289914999999997;0.008624185607462302;3.7327484363901386e-14;0.07179861517961399;0.0;0.009523169996150514;0.44492827247702893;0.007847999999956067;0.0;0.0;5.799520223526797e-13;0.0;-0.15988676607226637
3683.0;53.27579559025533;-0.38701281000000004;0.008624185607470107;3.7327590920585324e-14;0.13500858372754415;0.0;0.009515069993196902;0.44318314838549855;0.007847999999956067;0.0;0.0;5.799533688491715e-13;0.0;-0.21722893790405617
3684.0;53.276795396770396;-0.39169405;0.00862418560747679;3.7327682224448527e-14;0.1872304380789945;0.0;0.009349019983475468;0.44763178688076055;0.007847999999956069;0.0;0.0;5.79954522603068e-13;0.0;-0.269050801902098
3685.0;53.27744107259927;-0.39126416;0.008624185607481115;3.732774135696842e-14;0.22020507433918038;0.0;0.009282599994836542;0.45299590155500574;0.007847999999956069;0.0;0.0;5.799552698256108e-13;0.0;-0.3077518977676868
3686.0;53.277347189777;-0.38731087;0.008624185607480512;3.732773310491204e-14;0.21368635368665012;0.0;0.008988569991817907;0.45802386447177074;0.007847999999956069;0.0;0.0;5.799551655493617e-13;0.0;-0.30991999336923604
3687.0;53.27672356087507;-0.38275199;0.008624185607476364;3.7327676394905277e-14;0.1798054812397329;0.0;0.00847421999486925;0.4596974685016851;0.007847999999956069;0.0;0.0;5.799544489384986e-13;0.0;-0.2817576725559137
3688.0;53.2756271603188;-0.37562082;0.008624185607469;3.73275758083029e-14;0.12492670687076064;0.0;0.008461259995226107;0.44673776711330876;0.007847999999956067;0.0;0.0;5.799531778838771e-13;0.0;-0.2210396526383926
3689.0;53.27446412848733;-0.37079237000000004;0.008624185607461213;3.732746949500595e-14;0.06464140907625385;0.0;0.008819279988539;0.4400290493396075;0.007847999999956065;0.0;0.0;5.799518344628428e-13;0.0;-0.15923382532171804
3690.0;53.27356768879559;-0.36907734000000003;0.008624185607455169;3.732738705686657e-14;0.020266734233129722;0.0;0.008852489995566353;0.42796336640852783;0.007847999999956065;0.0;0.0;5.799507927373254e-13;0.0;-0.10454377629014748
3691.0;53.27326819785053;-0.36993259;0.008624185607453191;3.732736008739597e-14;0.00237886984547984;0.0;0.008899469984740936;0.4343359350450591;0.007847999999956065;0.0;0.0;5.799504519387062e-13;0.0;-0.09221991838410029
3692.0;53.27324838480266;-0.36666245;0.008624185607453072;3.7327358449953575e-14;0.000576695754623288;0.0;0.008676719992466473;0.4367962754746129;0.007847999999956065;0.0;0.0;5.799504312473002e-13;0.0;-0.09592523490584859
3693.0;53.27330339060194;-0.35877475999999997;0.00862418560745349;3.7327364156526814e-14;0.0003192433013279908;0.0;0.008127539985358052;0.4474744398628636;0.007847999999956065;0.0;0.0;5.799505033582176e-13;0.0;-0.11368330899615864
3694.0;53.27338000207889;-0.34785844;0.008624185607454066;3.7327372008462846e-14;0.00025745245272588887;0.0;0.007289999992548314;0.4614211374918393;0.007847999999956065;0.0;0.0;5.799506025788423e-13;0.0;-0.13764552089512402
3695.0;53.273353702972116;-0.33758218999999995;0.008624185607453873;3.7327369380998755e-14;0.0001750696507710436;0.0;0.006070949992776123;0.45688667204029637;0.007847999999956065;0.0;0.0;5.799505693770533e-13;0.0;-0.1420863116406067
3696.0;53.27335618555469;-0.32777831;0.008624185607453894;3.732736965897466e-14;0.00018536678041232804;0.0;0.005103809990829036;0.45724428020930824;0.007847999999956065;0.0;0.0;5.799505728896758e-13;0.0;-0.15129089500119744
3697.0;241.75470220476552;-0.30108196;0.008624185628368043;1.1406270440163116e-13;0.005622782748195358;8.860069245880301e-16;0.005369490002490762;0.23225900972017433;0.007847999999986654;0.0;0.04140318028893334;1.1695747712946688e-12;1.5925937581152145e-14;-2.4046212493702177e-8
3698.0;241.75465493157768;-0.29494371;0.008624185628368043;1.1406267901181017e-13;0.004387007282890213;8.860068326663729e-16;0.005635169995170968;0.227853284047975;0.007847999999986654;0.0;0.040640294069573354;1.169574654319543e-12;1.5925930884840743e-14;-2.4046218417987465e-8
3699.0;241.75461449748192;-0.29301186999999995;0.008624185628368043;1.1406265728822813e-13;0.003336597445601892;8.860067540178746e-16;0.0055549799989687955;0.22406264217300909;0.007847999999986652;0.0;0.043629302457918163;1.169574554235445e-12;1.5925925155467934e-14;-2.4046223486823128e-8
3700.0;241.754570634547;-0.29257280999999996;0.008624185628368043;1.140626337045544e-13;0.002214099630070184;8.860066686352053e-16;0.005687820001662897;0.21989293833781037;0.007847999999986654;0.0;0.04834917195413463;1.1695744455813425e-12;1.592591893551563e-14;-2.4046228989684938e-8
3701.0;241.75456607773444;-0.29437128999999995;0.008624185628368043;1.1406263246739592e-13;0.0009474281639815325;8.860066641562929e-16;0.005587379998076134;0.2233617327296502;0.007847999999986654;0.0;0.048046294960697344;1.1695744398816545e-12;1.592591860922842e-14;-2.4046229278354292e-8
3702.0;241.75457439327636;-0.30213321;0.008624185628368043;1.140626373039549e-13;0.0008135539489956989;8.860066816665312e-16;0.005425379989831426;0.22532857438382695;0.007847999999986654;0.0;0.05413744123748271;1.1695744621644526e-12;1.5925919884821705e-14;-2.404622814982285e-8
3703.0;252.2620677667823;-0.31858437000000006;0.008624185628400163;1.1962445542423686e-13;0.012017927468354776;9.056280982553119e-16;0.00521721000048566;0.22391244729229137;0.00784799999998726;0.0;0.06952986155542641;1.194372091404687e-12;1.745924830024944e-14;-2.2870479098155134e-8
3704.0;241.7560792796105;-0.33766585;0.008624185628368048;1.1406340067675164e-13;0.08271464139821003;8.86009445385202e-16;0.005070599990075054;0.22117317351282725;0.007847999999986654;0.0;0.01228001078572319;1.1695779791362395e-12;1.5926121217713517e-14;-2.4046050031865256e-8
3705.0;53.2865580207469;-0.35561212999999997;0.008624185593157124;6.23977063110695e-14;0.24892657983679997;0.0;0.004787099988125743;0.21255482856187993;0.007847999999926233;0.0;0.0;8.347698690773028e-13;0.0;-0.12709915236006386
3706.0;53.28975353632586;-0.36693388;0.008624185593192352;6.239819157161439e-14;0.42539546478425555;0.0;0.004587839984085655;0.19381618854298477;0.007847999999926239;0.0;0.0;8.347741826957775e-13;0.0;-0.27330701246615324
3707.0;53.2923592723409;-0.3710901;0.008624185593221262;6.239859048947901e-14;0.5636582585443664;0.0;0.004395869987787037;0.19587600929061932;0.007847999999926244;0.0;0.0;8.347777287691225e-13;0.0;-0.4092779005907431
3708.0;-0.004424265322439747;-0.37483024;0.0;0.0;0.6422605922081593;0.0;0.0011366639604647156;0.194539882337917;0.0;0.0;0.0;0.0;0.0;-0.4630947881748179
3709.0;-0.004424276639715072;-0.37828965999999997;0.0;0.0;0.6792083879042979;0.0;0.0009891986850849243;0.16119897283926346;0.0;0.0;0.0;0.0;0.0;-0.463094788174818
3710.0;-0.004424262171342795;-0.37714418;0.0;0.0;0.6744127096341835;0.0;0.0012034285249727795;0.16463494005975995;0.0;0.0;0.0;0.0;0.0;-0.4630947881748179
3711.0;-0.00442425351879971;-0.37042506;0.0;0.0;0.622499685266756;0.0;0.0014046441287336243;0.20962762806025428;0.0;0.0;0.0;0.0;0.0;-0.4630947881748179
3712.0;53.292030352919426;-0.36123983;0.008624185593218078;6.239854652514045e-14;0.5329492133274913;0.0;0.004706909979217337;0.23785914623124407;0.007847999999926242;0.0;0.0;8.347773379609212e-13;0.0;-0.430708555526181
3713.0;53.289041146427365;-0.35043927;0.008624185593184742;6.239808665795793e-14;0.37648961016043947;0.0;0.004419359976019307;0.2301419731851018;0.007847999999926239;0.0;0.0;8.347732500907891e-13;0.0;-0.27705019041535095
3714.0;53.28558615358941;-0.34261750999999996;0.008624185593146339;6.239755796511318e-14;0.19678710944026934;0.0;0.00428165997663505;0.21339878205893664;0.007847999999926232;0.0;0.0;8.347685503825582e-13;0.0;-0.08829384471611365
3715.0;241.75551738250928;-0.33793792999999994;0.008624185628368046;1.140631140156237e-13;0.05706198030418872;8.860084075581795e-16;0.0045683999975572485;0.2008038422870805;0.007847999999986654;0.0;0.05907473966513072;1.1695766584493337e-12;1.5926045613069488e-14;-2.4046116917979464e-8
3716.0;588.9155698485315;-0.34034403;0.008624185628763636;0.01558399999978271;0.011451528842918193;2.8975119078781224e-15;0.004619430003073011;0.20353596392939483;0.007847999999994974;0.0;0.06952986155577869;2.2106274474263535e-12;0.012579649399073266;-9.021431086603824e-9
3717.0;574.8464926483751;-0.3361882;0.00862418562875779;0.015583999999753819;0.005797852399657328;2.670894657077393e-15;0.0038369699896470197;0.2092862953213599;0.007847999999994837;0.0;0.06952986155577821;2.1711413066623844e-12;0.012579649399072705;-9.254083817367866e-9
3718.0;469.3527387166561;-0.32831144;0.00862418562870136;0.009975840312944453;0.006024411158079126;1.6483153006424436e-15;0.0033696000069434184;0.21071672537709182;0.00784799999999353;0.0;0.06952986155577286;1.8420312039512607e-12;0.01257964939906382;-1.148027829382507e-8
3719.0;446.5285239511353;-0.31877781;0.008624185628685197;1.137784111832876e-12;0.006024411158073605;1.518928796458677e-15;0.0029305800094116367;0.21188252635727334;0.007847999999993164;0.0;0.06952986155577098;1.7665637263089328e-12;0.012579649399058972;-1.2111605783110833e-8
3720.0;366.9652717557198;-0.30888273000000005;0.008624185628610762;2.5380809350099725e-13;0.005890534637133361;1.1906335319266353e-15;0.0023230799907732235;0.21352036970129612;0.007847999999991523;0.0;0.06952986155575906;1.5097816057368398e-12;0.012579649398684408;-1.4986069462267594e-8
3721.0;227.1431852283918;-0.22301237000000002;0.008624185628566195;6.705349510630236e-14;0.004325217587323077;5.562790995574212e-16;0.002822849997627544;0.19807171933465692;0.007847999999991263;0.0;1.6456677713977138e-13;8.918453116064153e-13;8.88675836956421e-15;-1.6197806237919354e-8
3722.0;241.75438561278622;-0.21992091;0.00862418562859792;7.136136828677683e-14;0.0024097635407717066;5.735920300634271e-16;0.0030431699917048242;0.18561982099601423;0.007847999999991848;0.0;0.01241597355748399;9.280508304599853e-13;9.965304334875058e-15;-1.5044315163853524e-8
3723.0;241.75431251123888;-0.21721231999999996;0.00862418562859792;7.136134316964433e-14;0.0013387571382709896;5.735919322726447e-16;0.002978370006198141;0.1759572640173818;0.007847999999991848;0.0;0.020504768837495784;9.280506252460913e-13;9.96529770891763e-15;-1.5044321024290376e-8
3724.0;241.75424485510638;-0.21459533;0.008624185628597918;7.136131982670114e-14;0.000494310647176802;5.735918413891032e-16;0.003196259989075514;0.16651642198108532;0.007847999999991848;0.0;0.027954224827223147;9.280504345279172e-13;9.96529155100064e-15;-1.504432647077363e-8
3725.0;241.7542823253307;-0.21510008999999997;0.008624185628597918;7.136133311773987e-14;0.00041192553929213157;5.73591893136561e-16;0.003451409993165332;0.17361135647250672;0.007847999999991848;0.0;0.021191990359930257;9.280505431194642e-13;9.965295057204383e-15;-1.5044323369646157e-8
3726.0;241.75446591675495;-0.21677422999999998;0.00862418562859792;7.136139110357821e-14;0.010823342827614303;5.735921188983032e-16;0.0034991999902601635;0.17168027550421575;0.00784799999999185;0.0;0.014337970706916435;9.280510168794052e-13;9.965310354000188e-15;-1.5044309840147087e-8
3727.0;53.26727619080489;-0.22200641;0.00862418560642942;3.903700755195471e-14;0.05377687427102228;0.0;0.0033614999827784727;0.16933436926938564;0.007847999999954024;0.0;0.0;6.003108688760095e-13;0.0;-0.02094242794770232
3728.0;53.26933646134746;-0.23442988999999995;0.008624185606444007;3.903720591834703e-14;0.16429648554514117;0.0;0.0032100299885405932;0.16437792772439205;0.007847999999954024;0.0;0.0;6.00313316812394e-13;0.0;-0.11392736729507986
3729.0;53.271996877060914;-0.25029656;0.008624185606462624;3.9037459457080763e-14;0.3063798891157652;0.0;0.0030196799953740323;0.16546505519562635;0.007847999999954027;0.0;0.0;6.003164455933859e-13;0.0;-0.24103827236923192
3730.0;53.274223508791344;-0.26363644999999997;0.008624185606478185;3.903767171845786e-14;0.42505562722343154;0.0;0.0027677699848414608;0.16716726777424926;0.007847999999954029;0.0;0.0;6.003190649861134e-13;0.0;-0.34782215602617245
3731.0;53.27533700302249;-0.27256643999999997;0.008624185606486017;3.9037778654813255e-14;0.48223088633056826;0.0;0.003014819998685595;0.1746841796692766;0.00784799999995403;0.0;0.0;6.003203846220862e-13;0.0;-0.40382931278196604
3732.0;53.27583226120167;-0.27711758999999997;0.00862418560648958;3.9037827342745697e-14;0.5055149747081816;0.0;0.003039119994839197;0.18393191400179057;0.00784799999995403;0.0;0.0;6.003209854494804e-13;0.0;-0.4318322015579036
3733.0;50.04760802295769;-0.27756543;0.008624183996149127;3.8737991389647945e-14;0.5209930755548902;0.0;0.0030302099960049567;0.20098979785358526;0.007847999999950294;0.0;0.0;5.966141912002655e-13;0.0;-0.46309419145472497
3734.0;-0.0021376367325172015;-0.27611683000000004;0.0;0.0;0.5206736486754203;0.0;0.0015758106207491294;0.2169699054981469;0.0;0.0;0.0;0.0;0.0;-0.46309480591075974
3735.0;11.421200256102498;-0.27354124999999996;0.0;0.0;0.49302333315535035;0.0;0.0032059799617282043;0.23260231230406725;0.007847999998585018;0.0;0.0;0.0;0.0;-0.4630947955688022
3736.0;53.274873834538674;-0.26984843;0.008624185606483207;3.903774026531175e-14;0.4344063352388942;0.0;0.0031986899920311376;0.25050415096360074;0.00784799999995403;0.0;0.0;6.003199108810669e-13;0.0;-0.4347188244249859
3737.0;53.27307397314554;-0.26450266;0.008624185606470547;3.903756748292794e-14;0.33756265072066577;0.0;0.0033849899964289534;0.2549313343574866;0.007847999999954029;0.0;0.0;6.003177786775577e-13;0.0;-0.3478368565475629
3738.0;53.27105169200314;-0.26144129000000005;0.008624185606456463;3.903737548992953e-14;0.2257557702622808;0.0;0.0032375699909591798;0.267047080938651;0.007847999999954027;0.0;0.0;6.003154094023271e-13;0.0;-0.2510604392883091
3739.0;53.26885029537159;-0.25420159;0.008624185606441048;3.903716563678983e-14;0.10858356181471605;0.0;0.0027669599896282234;0.2647655439385253;0.007847999999954025;0.0;0.0;6.003128197191355e-13;0.0;-0.13837805575438702
3740.0;53.26731130812077;-0.25322778999999995;0.008624185606430192;3.903701803869929e-14;0.02844345647889836;0.0;0.0031670999881344836;0.25820702104554394;0.007847999999954024;0.0;0.0;6.003109982876926e-13;0.0;-0.053055891033972846
3741.0;53.26693967110379;-0.25184178999999995;0.008624185606427536;3.903698193124491e-14;0.009072660149324402;0.0;0.0027872099970124254;0.2575990867651773;0.007847999999954022;0.0;0.0;6.003105527036946e-13;0.0;-0.03408418892547022
3742.0;53.266888265027625;-0.25011623;0.008624185606427158;3.903697680012886e-14;0.006899752496504373;0.0;0.002740229995129783;0.2558682669480012;0.007847999999954022;0.0;0.0;6.003104893832255e-13;0.0;-0.03185935641338528
3743.0;53.266913524513235;-0.24681777;0.008624185606427382;3.9036979830727986e-14;0.006910050779110573;0.0;0.002911139988832468;0.2597232767474061;0.007847999999954022;0.0;0.0;6.003105267823357e-13;0.0;-0.039193336853607284
3744.0;53.26691010797716;-0.24109338000000002;0.008624185606427368;3.903697964858427e-14;0.0068997524965043735;0.0;0.0030707099860245862;0.2587934962940686;0.007847999999954022;0.0;0.0;6.003105245345758e-13;0.0;-0.04413715778481893
3745.0;241.75439016529552;-0.24334552999999998;0.008624185628626477;6.605645375977438e-14;0.006467231545307625;5.331887577744898e-16;0.0005702399948786598;0.17265296878061823;0.007847999999992495;0.0;0.047221680164937975;8.868131292814781e-13;9.224772199619785e-15;-1.392712958658297e-8
3746.0;241.75436998578766;-0.23781923;0.008624185628626477;6.605644763432584e-14;0.005694870726526996;5.331887337148633e-16;0.0005686200044542931;0.17163736268115523;0.007847999999992495;0.0;0.04348485386265341;8.868130752629652e-13;9.224770583636832e-15;-1.3927131016036866e-8
3747.0;241.7543532826771;-0.23510576;0.008624185628626477;6.60564427322629e-14;0.004778335104224509;5.331887144602958e-16;0.0008083799978485756;0.1717088840529266;0.007847999999992495;0.0;0.041376631255204556;8.868130320329554e-13;9.224769290401336e-15;-1.392713215999761e-8
3748.0;241.75434617775863;-0.23652728;0.008624185628626477;6.605644075491349e-14;0.004211938784602925;5.331887066936636e-16;0.0013616100064338967;0.17233827343466931;0.007847999999992495;0.0;0.04218198218640778;8.868130145952643e-13;9.224768768749254e-15;-1.3927132621438275e-8
3749.0;241.75442321732802;-0.24194038;0.008624185628626477;6.60564632734169e-14;0.008588646632131752;5.331887951425153e-16;0.0015211800036260504;0.17150147207478977;0.007847999999992493;0.0;0.04389558919218691;8.868132131798227e-13;9.2247747094554e-15;-1.3927127366450789e-8
3750.0;241.75494792161922;-0.25558131;0.008624185628626477;6.605661582999639e-14;0.03973021395364247;5.331893943585326e-16;0.0017479799973774426;0.1612810444658755;0.007847999999992493;0.0;0.03638803739353681;8.868145585326339e-13;9.224814956186597e-15;-1.3927091765579479e-8
3751.0;53.284368628338264;-0.26861543000000004;0.008624185608214843;3.613674660238353e-14;0.13107469511431058;0.0;0.002064689985924012;0.14247088307510697;0.007847999999957497;0.0;0.0;5.654846491080994e-13;0.0;-0.023452889239995705
3752.0;53.287272808870476;-0.29182243;0.008624185608233562;3.613700392395153e-14;0.28852291957597836;0.0;0.0022112999834737047;0.13250078288770278;0.007847999999957498;0.0;0.0;5.654879546628614e-13;0.0;-0.14786741935301315
3753.0;53.29060449401926;-0.30877535999999994;0.008624185608254878;3.613729753568713e-14;0.46772081021326933;0.0;0.002353859992254564;0.12976150910824072;0.007847999999957504;0.0;0.0;5.654917263890096e-13;0.0;-0.30751287497861973
3754.0;53.29364178649856;-0.32340567;0.008624185608274885;3.6137573641991274e-14;0.623768487840898;0.0;0.002465639992352429;0.13679922650224507;0.007847999999957505;0.0;0.0;5.654952732292544e-13;0.0;-0.45606964007523837
3755.0;-0.005895193283505083;-0.33428523000000004;0.0;0.0;0.7063445841189122;0.0;0.0;0.09103816477609539;0.0;0.0;0.0;0.0;0.0;-0.46309480813068604
3756.0;-0.005882156328236212;-0.33661091;0.0;0.0;0.7025018301869705;0.0;0.0;0.09720851467722344;0.0;0.0;0.0;0.0;0.0;-0.4630948081306633
3757.0;-0.005880253615339612;-0.33472082;0.0;0.0;0.6938304974707511;0.0;0.0;0.10399007846253043;0.0;0.0;0.0;0.0;0.0;-0.4630948081306597
3758.0;-0.0058741254580364655;-0.33347235;0.0;0.0;0.678177240505682;0.0;0.0;0.11839598543231189;0.0;0.0;0.0;0.0;0.0;-0.4630948081306475
3759.0;-0.005355812673129028;-0.32954055;0.0;0.0;0.6375117606553962;0.0;0.0;0.1551967654279771;0.0;0.0;0.0;0.0;0.0;-0.463094808129803
3760.0;14.317030858035885;-0.32301987;0.0;0.0;0.5588696251563138;0.0;0.004143149975542561;0.21387797655969823;0.007847999999567834;0.0;0.0;0.0;0.0;-0.463094795171765
3761.0;53.2904101964702;-0.31435061999999997;0.008624185608254018;3.6137285661572443e-14;0.42970008695987116;0.0;0.004114799991393214;0.22301842752475654;0.007847999999957502;0.0;0.0;5.654915738547332e-13;0.0;-0.35892587167601736
3762.0;53.28809308878199;-0.30642983;0.008624185608239215;3.6137081733157505e-14;0.3031668710612724;0.0;0.0039665699907112184;0.23155094682940214;0.0078479999999575;0.0;0.0;5.654889541984453e-13;0.0;-0.24869911689008453
3763.0;53.285604998758636;-0.29542027;0.00862418560822329;3.61368626631647e-14;0.16819947931061882;0.0;0.0038191499979493763;0.23750153806232735;0.007847999999957498;0.0;0.0;5.654861400270174e-13;0.0;-0.13054618174431695
3764.0;53.283509925491494;-0.28234042;0.008624185608209463;3.6136672729357295e-14;0.06645388144973485;0.0;0.004049189985257079;0.2089215350150611;0.007847999999957495;0.0;0.0;5.654837001328964e-13;0.0;-0.013538163794758699
3765.0;241.75476333881528;-0.27425903999999995;0.008624185628626477;6.605656932798484e-14;0.017043417896434224;5.331892117067136e-16;0.003821579991079318;0.20468030849803776;0.007847999999992493;0.0;0.03228367287764381;8.868141484449205e-13;9.22480268823539e-15;-1.3927102617333728e-8
3766.0;241.75464337567422;-0.27109078;0.008624185628626477;6.60565365221528e-14;0.0065290189350149875;5.331890828512199e-16;0.003456269990024534;0.21853402965386595;0.007847999999992493;0.0;0.026142619144189548;8.868138591398455e-13;9.224794033557732e-15;-1.3927110272953732e-8
3767.0;241.75463673324373;-0.26310848;0.008624185628626477;6.605653446332934e-14;0.0063436533069981624;5.331890747644994e-16;0.0030350700016290887;0.21795470523236313;0.007847999999992493;0.0;0.019346148698415725;8.868138409835412e-13;9.224793490410262e-15;-1.3927110753404347e-8
3768.0;241.75456372224843;-0.24674719999999997;0.008624185628626477;6.605651076516298e-14;0.006055304852919359;5.331889816820428e-16;0.003073140005345715;0.2056530017744381;0.007847999999992493;0.0;0.015535621801925048;8.868136319961527e-13;9.22478723847741e-15;-1.3927116283656106e-8
3769.0;404.97666914398155;-0.24257803;0.008624185628746376;2.869659436617524e-13;0.00545801253254675;9.854033996062432e-16;0.0010448999982526394;0.14416594351666243;0.007847999999994743;0.0;0.06952986155577301;1.5711858130782492e-12;0.01257964939904986;-9.990462581193414e-9
3770.0;403.91903925277677;-0.24059536999999998;0.00862418562874567;2.8231378043734573e-13;0.004253130762095054;9.820784934531746e-16;0.0011210399929738198;0.14310027376711465;0.007847999999994727;0.0;0.0695298615557729;1.5664549429882853e-12;0.012579649399049047;-1.0020472821458999e-8
3771.0;461.8539915152357;-0.23851110999999994;0.008624185628778902;2.4539083499712856e-12;0.0033571928579810536;1.2032539433647521e-15;0.0011388600022088405;0.13418153774475133;0.007847999999995471;0.0;0.06952986155577734;1.832766374770451e-12;0.012579649399068037;-8.610804534311424e-9
3772.0;469.35261711081927;-0.23669938;0.008624185628782545;0.0035263115415753122;0.003398384835442181;1.239354308319058e-15;0.0010651500058499288;0.13048387496324357;0.007847999999995553;0.0;0.06952986155577774;1.867573352588092e-12;0.012579649399068998;-8.456675228623343e-9
3773.0;493.0088235031715;-0.23914459999999998;0.008624185628793211;0.015583999999222244;0.004036869133310837;1.3683802769759927e-15;0.001079729995981548;0.12229466086341148;0.007847999999995798;0.0;0.06952986155577888;1.9755762131698283e-12;0.012579649399071302;-8.005514782714016e-9
3774.0;604.5429256810388;-0.24919912;0.008624185628831198;0.015583999999863329;0.01673447403016978;2.6154842524348567e-15;0.0010675799917859107;0.11146630159444428;0.007847999999996686;0.0;0.06952986155578222;2.407289332803893e-12;0.012579649399076102;-6.4018453687838576e-9
3775.0;361.86554109379773;-0.26561274999999995;0.008624185628713732;1.7168329020427214e-13;0.0781319702045972;8.657972421961695e-16;0.0008124299997067925;0.10016589996161859;0.007847999999994033;0.0;0.069529861555767;1.3872197334862895e-12;1.2589382812117935e-11;-1.1382505468827984e-8
3776.0;78.23612298081508;-0.28428999000000005;0.008624185626017243;4.7185804108631066e-14;0.2031822541609107;0.0;0.0007257599973865515;0.09685445389774504;0.007847999999967024;0.0;1.672007632729858e-14;6.925002149484609e-13;0.0;-0.03289319748322942
3777.0;78.23897385027445;-0.30023527;0.008624185626017548;4.7186155047231655e-14;0.35617138451420005;0.0;0.0006763499844517982;0.09283494363311087;0.007847999999967025;0.0;1.6720373803532184e-14;6.925040951888147e-13;0.0;-0.16586465784592289
3778.0;78.24123341201069;-0.31080473000000003;0.00862418562601779;4.7186432173365485e-14;0.4759387244366144;0.0;0.0006002100024350515;0.096861604724767;0.007847999999967027;0.0;1.6720608716322603e-14;6.925071592909001e-13;0.0;-0.2790105607788407
3779.0;78.24262240485237;-0.32004123;0.008624185626017937;4.718660262347478e-14;0.5495395114017245;0.0;0.0004544099873909424;0.09927903233125816;0.007847999999967027;0.0;1.672075320446198e-14;6.925090439023982e-13;0.0;-0.3456448865560684
3780.0;78.24325331944893;-0.32536363;0.008624185626018004;4.7186680649488914e-14;0.5812474773487866;0.0;0.00037097999763284874;0.1059734484509155;0.007847999999967027;0.0;1.672081934649216e-14;6.925099066092807e-13;0.0;-0.37864007530826843
3781.0;78.24339232050365;-0.32616327;0.00862418562601802;4.718669879489038e-14;0.5851092791367599;0.0;0.0002794499922135023;0.11780310954499464;0.007847999999967029;0.0;1.6720834728247602e-14;6.925101072365616e-13;0.0;-0.39343897645132414
3782.0;78.2433560462046;-0.32520934;0.008624185626018018;4.718669541527435e-14;0.579599776344058;0.0;0.0002510999945837271;0.12966853001480422;0.007847999999967029;0.0;1.6720831863364904e-14;6.925100698692978e-13;0.0;-0.4007192752465862
3783.0;78.24258920568508;-0.32068823;0.008624185626017937;4.71866019314243e-14;0.5354310636941634;0.0;0.00031022998818783237;0.1407472140849742;0.007847999999967029;0.0;1.6720752617817655e-14;6.92509036250564e-13;0.0;-0.3722093684793784
3784.0;78.24119854431541;-0.31417384;0.008624185626017787;4.718643124495703e-14;0.46132566779913914;0.0;0.0003288599924396235;0.13994617472113552;0.007847999999967027;0.0;1.6720607929327297e-14;6.925071490256921e-13;0.0;-0.3038374810241165
3785.0;78.23905471672272;-0.30605498;0.00862418562601756;4.7186168636445564e-14;0.34641904808895524;0.0;0.000315899992796658;0.1404468256336899;0.007847999999967027;0.0;1.6720385322674608e-14;6.925042454410031e-13;0.0;-0.1975393716515228
3786.0;78.23689931138611;-0.29786029999999997;0.00862418562601733;4.718590426925603e-14;0.23125497707844106;0.0;0.00032318998782997357;0.14010352042887722;0.007847999999967024;0.0;1.67201612287172e-14;6.925013224011295e-13;0.0;-0.09023618345463355
3787.0;241.7562332967519;-0.28781735999999997;0.00862418562854559;8.108326837735914e-14;0.11586434500386716;6.467168442100246e-16;0.00030861000319387823;0.13674200940492345;0.007847999999990666;0.0;0.01846707731906538;9.959835800223648e-13;1.1322488125191648e-14;-1.875432955742682e-8
3788.0;469.3587922262289;-0.27901525999999993;0.008624185628782546;0.008269910389673342;0.03764999084432291;1.239374675294194e-15;0.00024543000937230137;0.13436034248433518;0.007847999999995553;0.0;0.06952986155577774;1.8675923797098366e-12;0.012579649399068998;-8.456592288991073e-9
3789.0;685.2600822678362;-0.27591747999999994;0.008624185628850383;0.015583999999914342;0.01021575222468163;5.605569233370019e-15;0.00026406000133838084;0.14518870175331125;0.007847999999997145;0.0;0.0695298615557836;2.6250916715556904e-12;0.012579649399077509;-5.59265954421203e-9
3790.0;597.8940088247105;-0.27111478;0.008624185628829379;0.015583999999856293;0.007074819842450271;2.4873131880708722e-15;0.00027539999771497727;0.14949429750502888;0.007847999999996642;0.0;0.06952986155578209;2.3860927621080428e-12;0.012579649399075944;-6.478555572221832e-9
3791.0;479.63904941791895;-0.26245774;0.008624185628787352;0.01558399999823446;0.006837962801387606;1.2927060377080486e-15;0.00023571000331498582;0.14877908247715702;0.007847999999995664;0.0;0.06952986155577827;1.915173458343831e-12;0.012579649399070119;-8.253268776508303e-9
3792.0;443.2365579390735;-0.25306391;0.008624185628769293;7.074096660961583e-13;0.006827665671740142;1.1222370523767231e-15;0.00021059999913357073;0.14957297101397232;0.007847999999995255;0.0;0.06952986155577619;1.7462855965362023e-12;0.012579649399064894;-9.0177413357193e-9
3793.0;50.00747370057498;-0.28484914;0.006846373115444646;3.7477614965317095e-14;0.0021420128043876272;0.0;0.009421109988656709;0.39762393368521126;0.007847999999951864;0.0;0.0;5.815887734457953e-13;0.0;-0.1390468193765622
3794.0;50.00742445877814;-0.28208952000000004;0.0068184167476326015;3.747761078299983e-14;0.0010813046844931088;0.0;0.009307709985427005;0.38989245636471476;0.007847999999951862;0.0;0.0;5.815887207352618e-13;0.0;-0.13287253317436395
3795.0;50.00742711464558;-0.27960712;0.006821568429358926;3.747761099087985e-14;0.0005355037771190093;0.0;0.00880955999438614;0.39140156254971015;0.007847999999951864;0.0;0.0;5.815887233551496e-13;0.0;-0.13582329138358556
3796.0;50.00741344720912;-0.27918940000000003;0.006813030386440524;3.747760983868834e-14;0.0005252054945128112;0.0;0.008263619980834446;0.38874096096904137;0.007847999999951862;0.0;0.0;5.815887088337871e-13;0.0;-0.13301551725293068
3797.0;50.007415152209326;-0.28655093;0.0068143615708537155;3.747760995957707e-14;0.0005355037771190092;0.0;0.007482779995993541;0.389055655004835;0.007847999999951862;0.0;0.0;5.815887103575572e-13;0.0;-0.12519949972746022
3798.0;50.00742500184219;-0.30352627;0.006819210467921261;3.7477610756511874e-14;0.001276969748081044;0.0;0.0060255899932514225;0.38964213287367017;0.007847999999951862;0.0;0.0;5.815887204012876e-13;0.0;-0.10809984321881794
3799.0;50.00746046341338;-0.31916187;0.00681160098621734;3.747761408992171e-14;0.01211060970546785;0.0;0.005957549988772018;0.3769756691095563;0.007847999999951864;0.0;0.0;5.815887624129637e-13;0.0;-0.09055548783350961
3800.0;50.00805422876163;-0.33125539;0.006978857767037039;3.747766693080731e-14;0.08420787046937132;0.0;0.006717329983724262;0.36280010309091243;0.007847999999951864;0.0;0.0;5.815894283761783e-13;0.0;-0.1373115535747598
3801.0;50.009396139915324;-0.34319658;0.007359023057812958;3.747778623592736e-14;0.2477011015014737;0.0;0.00682424998713277;0.3295712003972694;0.007847999999951866;0.0;0.0;5.815909319987294e-13;0.0;-0.2561237623938022
3802.0;50.01096909240149;-0.35344155;0.007844343219911806;3.7477925972520014e-14;0.42513801002536805;0.0;0.0070307999862079;0.3160679352732758;0.007847999999951867;0.0;0.0;5.815926931197101e-13;0.0;-0.410507168990104
3803.0;-0.004424117985266919;-0.36139069;0.0;0.0;0.5288077263561481;0.0;0.0032608137493713744;0.2924290535791731;0.0;0.0;0.0;0.0;0.0;-0.46309480501464795
3804.0;-0.004424118333801771;-0.36569217000000004;0.0;0.0;0.579026599821267;0.0;0.0031579726441852032;0.2466145012508625;0.0;0.0;0.0;0.0;0.0;-0.46309480501464795
3805.0;-0.004424116780542368;-0.362104;0.0;0.0;0.5770649529278025;0.0;0.004562742052834119;0.24358320847542464;0.0;0.0;0.0;0.0;0.0;-0.46309480501464795
3806.0;-0.0044241163616183035;-0.36228198;0.0;0.0;0.5528536074347009;0.0;0.005344856206116052;0.2671904197368497;0.0;0.0;0.0;0.0;0.0;-0.46309480501464795
3807.0;-0.0012740907295269357;-0.35786951;0.0;0.0;0.5031051221006949;0.0;0.008418895883989518;0.30945090166482864;0.0;0.0;0.0;0.0;0.0;-0.4630948050122638
3808.0;50.01061281654203;-0.34937255;0.007700355973993402;3.747789466528358e-14;0.39794062959971527;0.0;0.009036359988138206;0.2955054963437465;0.007847999999951867;0.0;0.0;5.815922985501118e-13;0.0;-0.36867661417194564
3809.0;50.009121305670156;-0.33868034999999996;0.007190832923379881;3.7477763123330956e-14;0.24638294092828392;0.0;0.008935110002046949;0.27805424363704534;0.007847999999951866;0.0;0.0;5.815906407067665e-13;0.0;-0.20974520076852077
3810.0;50.00765540624239;-0.32626062999999994;0.006685272965009651;3.747763374660921e-14;0.10105562330233911;0.0;0.009594449993412028;0.25401585817849903;0.007847999999951864;0.0;0.0;5.815890101498349e-13;0.0;-0.05294910702979856
3811.0;241.7525179362831;-0.3249756;0.008624185628610373;6.90468164035911e-14;0.021739367892890032;5.560090661713996e-16;0.009749970010326835;0.2591654087375459;0.007847999999992129;0.0;0.017959132170260173;9.104448076018915e-13;9.642154319453528e-15;-1.4403915749387089e-8
3812.0;145.33599563067568;-0.32430784999999995;0.008624185628233739;4.8490693217267135e-14;0.0054580125324244265;0.0;0.009976770002607055;0.2836043151881467;0.007847999999986135;0.0;2.412860280811058e-14;7.114869462898983e-13;5.354230858024625e-15;-2.7156684712619117e-8
3813.0;50.00701354381612;-0.31783743999999997;0.006587335349321491;3.747757409719918e-14;0.0036455413115240856;0.0;0.010003499990084567;0.3052252730401063;0.007847999999951862;0.0;0.0;5.815882583771783e-13;0.0;-0.015484060370788878
3814.0;50.0070660701233;-0.30742792;0.00659736446205954;3.7477579991489505e-14;0.0030688444033664807;0.0;0.009700559988899937;0.31606078444625385;0.007847999999951862;0.0;0.0;5.815883326640978e-13;0.0;-0.035859045472260716
3815.0;50.00711268082676;-0.29762357999999994;0.006624005850096043;3.747758426774993e-14;0.0020390322842554704;0.0;0.009878759990344325;0.32702503432158964;0.007847999999951862;0.0;0.0;5.815883865585336e-13;0.0;-0.05580287645266189
3816.0;50.007149172923825;-0.28843537;0.006647544977178789;3.747758745939038e-14;0.0010710064018869079;0.0;0.00962927999086381;0.3359294647594462;0.007847999999951862;0.0;0.0;5.815884267832928e-13;0.0;-0.07270181994892855
3817.0;0.00313458608202483;-0.26909641;0.0;0.0;0.00017490220468782664;0.0;0.002586529617665837;0.3566849779529733;0.0;0.0;0.0;0.0;0.0;-0.09036164508645834
3818.0;0.0031330410713490127;-0.20561758000000002;0.0;0.0;0.00020579186126468854;0.0;0.002583480721029559;0.32268349457471884;0.0;0.0;0.0;0.0;0.0;-0.1198667264006631
3819.0;0.0031326194891139335;-0.20539613999999998;0.0;0.0;0.00017490212395452785;0.0;0.0025839913358323805;0.3208322795103657;0.0;0.0;0.0;0.0;0.0;-0.11820660450735196
3820.0;0.003134982138015478;-0.25762071000000003;0.0;0.0;0.00017490221931243955;0.0;0.002596492101463038;0.3411052486109786;0.0;0.0;0.0;0.0;0.0;-0.08626759357381227
3821.0;0.0031353822859089883;-0.2560204;0.0;0.0;0.00017490223582708334;0.0;0.0025974754398956235;0.3356409219159682;0.0;0.0;0.0;0.0;0.0;-0.0824045752034185
3822.0;0.003136124834024578;-0.25743949;0.0;0.0;0.00021608909799743087;0.0;0.0025825651765325813;0.3362341988062592;0.0;0.0;0.0;0.0;0.0;-0.08160499844635512
3823.0;0.0031258226281717545;-0.26181659;0.0;0.0;0.0011112511074565117;0.0;0.002272596728656324;0.3427133788274072;0.0;0.0;0.0;0.0;0.0;-0.08429042181607027
3824.0;0.0023247375128480443;-0.26857591;0.0;0.0;0.010674292376603877;0.0;0.0019472528760375498;0.3488638389504346;0.0;0.0;0.0;0.0;0.0;-0.09291252339265987
3825.0;0.0023221806021325947;-0.27951117999999997;0.0;0.0;0.09206861834331459;0.0;0.0023529506582071202;0.34621574136201044;0.0;0.0;0.0;0.0;0.0;-0.16112899315936924
3826.0;0.0023201333630608954;-0.29366042;0.0;0.0;0.21237100900470587;0.0;0.0028429678933378877;0.3456965592473058;0.0;0.0;0.0;0.0;0.0;-0.26725282998593997
3827.0;0.0023174808067605137;-0.30300009999999994;0.0;0.0;0.3202158506070738;0.0;0.0029093491052518353;0.3411651939490812;0.0;0.0;0.0;0.0;0.0;-0.36129281357027343
3828.0;0.0023119390100376936;-0.30830366000000003;0.0;0.0;0.3779263259694529;0.0;0.0031824796420669094;0.3446440517228856;0.0;0.0;0.0;0.0;0.0;-0.4174513121984412
3829.0;0.0023079608141293186;-0.31345984;0.0;0.0;0.39144315796310053;0.0;0.003371865175682274;0.34975724421256704;0.0;0.0;0.0;0.0;0.0;-0.43111425160216216
3830.0;0.002311789028941894;-0.31190664;0.0;0.0;0.3459290212149626;0.0;0.004514202976308573;0.3796484177121735;0.0;0.0;0.0;0.0;0.0;-0.4181871067256807
3831.0;0.002317689934879551;-0.3068207499999999;0.0;0.0;0.26684645731790285;0.0;0.004963273230151341;0.3919753610803757;0.0;0.0;0.0;0.0;0.0;-0.3569668782173508
3832.0;0.002320376926284679;-0.29855202999999997;0.0;0.0;0.1551892886151562;0.0;0.0047112009173265095;0.3933640502887464;0.0;0.0;0.0;0.0;0.0;-0.2547152428567258
3833.0;0.0023218084232683694;-0.30185197;0.0;0.0;0.04428406495165;0.0;0.005097964647666938;0.4307435463126054;0.0;0.0;0.0;0.0;0.0;-0.17827644371904847
3834.0;0.0023221798464132955;-0.3167905899999999;0.0;0.0;0.00443263755654977;0.0;0.0053986177417107446;0.46857787930179;0.0;0.0;0.0;0.0;0.0;-0.16162141001891855
3835.0;0.0031286367208882187;-0.31808337999999997;0.0;0.0;0.000349939658512456;0.0;0.004339653095656446;0.5021544254391945;0.0;0.0;0.0;0.0;0.0;-0.18877179320256482
3836.0;0.0031305666103035226;-0.31550559999999994;0.0;0.0;0.00022638700889580454;0.0;0.004128926083621375;0.5018920069007711;0.0;0.0;0.0;0.0;0.0;-0.19075313151334913
3837.0;0.0031302637329111704;-0.30992892;0.0;0.0;0.00020579174145458873;0.0;0.0041960134237087115;0.4998700220084616;0.0;0.0;0.0;0.0;0.0;-0.1943543421847192
3838.0;0.003129835241652241;-0.30302053999999995;0.0;0.0;0.00018519833976964457;0.0;0.003963390671511349;0.4976418161928931;0.0;0.0;0.0;0.0;0.0;-0.19878132096467643
3839.0;0.0031300213730302987;-0.29766923;0.0;0.0;0.00018519834749491029;0.0;0.0041329678760971015;0.4852934165955977;0.0;0.0;0.0;0.0;0.0;-0.1919538155720802
3840.0;0.003130190368745133;-0.29076014;0.0;0.0;0.0001954956582032372;0.0;0.004209928788790712;0.47770577315530655;0.0;0.0;0.0;0.0;0.0;-0.19136251041811242
3841.0;0.00014292871014057106;-0.3548353700000001;0.0;0.0;0.00015832323873574798;0.0;0.006261211736228996;0.5417002377522587;0.0;0.0;0.0;0.0;0.0;-0.19329247090035734
3842.0;0.00014216282044372686;-0.351693296;0.0;0.0;0.00014812672783878043;0.0;0.0061172893839940585;0.5426648513257035;0.0;0.0;0.0;0.0;0.0;-0.19724499855524716
3843.0;0.00014213785712685303;-0.34930160300000007;0.0;0.0;0.0001481266899731258;0.0;0.006168076797970662;0.5417458536031202;0.0;0.0;0.0;0.0;0.0;-0.19876847958981916
3844.0;0.0001428710161562016;-0.3460196740000001;0.0;0.0;0.0001583229896050558;0.0;0.005807258462375328;0.5367329645364627;0.0;0.0;0.0;0.0;0.0;-0.19668693637232648
3845.0;0.00014280240203851072;-0.347462344;0.0;0.0;0.0001583227341771447;0.0;0.005480747189131613;0.5426245674318699;0.0;0.0;0.0;0.0;0.0;-0.20080935324968405
3846.0;0.0001427349693727864;-0.35335076;0.0;0.0;0.00015832277203066888;0.0;0.00619942229902894;0.5520665028935299;0.0;0.0;0.0;0.0;0.0;-0.2050815435658288
3847.0;0.00014224844507112634;-0.368858055;0.0;0.0;0.00020951547809937038;0.0;0.005833346223427795;0.563517174199841;0.0;0.0;0.0;0.0;0.0;-0.20071008078058675
3848.0;0.000115222121782718;-0.389052532;0.0;0.0;0.001217915799481028;0.0;0.006538338472182627;0.5702494444760671;0.0;0.0;0.0;0.0;0.0;-0.18896078679223693
3849.0;0.0001153397781253698;-0.39840818000000006;0.0;0.0;0.021464336153925026;0.0;0.004863829447758167;0.555005140359907;0.0;0.0;0.0;0.0;0.0;-0.18293275295659295
3850.0;0.00011460705183612863;-0.40491944300000005;0.0;0.0;0.0774385799021631;0.0;0.004860046727687816;0.5507524212762321;0.0;0.0;0.0;0.0;0.0;-0.2281391835750674
3851.0;0.00011322321442927956;-0.41207213500000006;0.0;0.0;0.15958116329060157;0.0;0.004970006597531537;0.5570885795181201;0.0;0.0;0.0;0.0;0.0;-0.3095751018823097
3852.0;0.00011182119518652326;-0.41719682700000005;0.0;0.0;0.2139435420157774;0.0;0.005045113476855766;0.5574840679008243;0.0;0.0;0.0;0.0;0.0;-0.3592832914852758
3853.0;0.00011220073170908684;-0.41756772200000003;0.0;0.0;0.22881905923811313;0.0;0.0050976596065259476;0.532337317395431;0.0;0.0;0.0;0.0;0.0;-0.3486937343580882
3854.0;0.00011242768909757594;-0.414109045;0.0;0.0;0.19855190350196475;0.0;0.005216326688099704;0.551809353623726;0.0;0.0;0.0;0.0;0.0;-0.34147597391930806
3855.0;0.00011348141304795278;-0.41037344900000006;0.0;0.0;0.14733677728737707;0.0;0.004980210976109907;0.5547479495471038;0.0;0.0;0.0;0.0;0.0;-0.2966989933083841
3856.0;0.00011474020278319927;-0.40394743800000005;0.0;0.0;0.07835027727640467;0.0;0.005072476853343806;0.5400580035203035;0.0;0.0;0.0;0.0;0.0;-0.21954090715336508
3857.0;0.00011571305438219563;-0.401157109;0.0;0.0;0.023037242790211725;0.0;0.004951194297652212;0.5364128433597877;0.0;0.0;0.0;0.0;0.0;-0.16325182307257255
3858.0;0.00011608919475309971;-0.403477703;0.0;0.0;0.0012205842511684361;0.0;0.004873356941574024;0.542828173575671;0.0;0.0;0.0;0.0;0.0;-0.14545208868997
3859.0;0.0001388114941545029;-0.40434334400000005;0.0;0.0;0.0006046837568061951;0.0;0.0038227144260928095;0.5439127755915757;0.0;0.0;0.0;0.0;0.0;-0.14400479060079463
3860.0;0.00014376791875160075;-0.39874892900000003;0.0;0.0;0.00019924565515823988;0.0;0.001382784639399418;0.5349243486299875;0.0;0.0;0.0;0.0;0.0;-0.13776562705109044
3861.0;0.00014421657030381553;-0.38901204500000003;0.0;0.0;0.00017875544527586453;0.0;0.0013799767859940684;0.5242890164074129;0.0;0.0;0.0;0.0;0.0;-0.1368438765449731
3862.0;0.00014397446994866427;-0.376876284;0.0;0.0;0.0001787548015177387;0.0;0.0013856586083738562;0.5218079520057285;0.0;0.0;0.0;0.0;0.0;-0.14650423873800897
3863.0;0.0001438850485735876;-0.367287727;0.0;0.0;0.00017875416641336854;0.0;0.001386865320756626;0.5159091184575111;0.0;0.0;0.0;0.0;0.0;-0.15019516233732444
3864.0;0.00014375239876400164;-0.35853846000000006;0.0;0.0;0.0001787532949559593;0.0;0.0013339946600761958;0.5129717184061576;0.0;0.0;0.0;0.0;0.0;-0.1559541489899352
3865.0;54.16682276957488;-0.31706770500000003;0.00862418561039825;3.7150463536647505e-14;0.00018115511176672352;0.0;0.0062045999899302765;0.3668253646342659;0.00392399999995277;0.0;0.0;5.850653939938119e-13;0.0;-0.06879776466473045
3866.0;54.16678146750057;-0.31235837400000005;0.00862418561039806;3.715046006816651e-14;0.00018115511176672303;0.0;0.007389629987474356;0.37623874725653894;0.003923999999952771;0.0;0.0;5.850653488179631e-13;0.0;-0.08410566740268509
3867.0;54.16672099499284;-0.313089135;0.008624185610397772;3.7150454878310946e-14;0.00019181017198477806;0.0;0.008163989985209376;0.38965167641823784;0.003923999999952771;0.0;0.0;5.850652812216941e-13;0.0;-0.09757317839573373
3868.0;54.16666138194734;-0.31453094700000006;0.008624185610397489;3.71504497403129e-14;0.0001811551117667216;0.0;0.008693729992858583;0.40277566555916944;0.00392399999995277;0.0;0.0;5.850652143009213e-13;0.0;-0.10977478161056017
3869.0;54.16663045861634;-0.317455677;0.00862418561039734;3.7150447062662617e-14;0.00017049766546419176;0.0;0.009156239991239903;0.40953535523688245;0.00392399999995277;0.0;0.0;5.85065179425229e-13;0.0;-0.11406178116359995
3870.0;54.16654659288854;-0.32563438100000003;0.008624185610396937;3.71504397891609e-14;0.00017049766546419073;0.0;0.009438120002538516;0.427860274501722;0.00392399999995277;0.0;0.0;5.85065084690198e-13;0.0;-0.12449039504278687
3871.0;54.16643785140001;-0.344574584;0.008624185610396415;3.715043031786776e-14;0.00025574649850429665;0.0;0.009457559989295084;0.451576220188009;0.003923999999952769;0.0;0.0;5.850649613294445e-13;0.0;-0.1293715354479961
3872.0;54.16638439789827;-0.367395256;0.00862418561039614;3.7150425357330656e-14;0.004731309636588814;0.0;0.009501299997621414;0.4670877705212621;0.00392399999995277;0.0;0.0;5.850648967199178e-13;0.0;-0.12658244129832705
3873.0;54.166431196265314;-0.3793568280000001;0.008624185610396294;3.7150428148544197e-14;0.025468086185771014;0.0;0.009497249983436462;0.47542903219992244;0.00392399999995277;0.0;0.0;5.850649330747125e-13;0.0;-0.1436961923980145
3874.0;54.166642580732926;-0.38574615500000003;0.008624185610397144;3.715044351463415e-14;0.07429435143210525;0.0;0.009523169995430627;0.4730186571675874;0.00392399999995277;0.0;0.0;5.850651332133365e-13;0.0;-0.18375117806523533
3875.0;54.16691914933037;-0.38985803700000005;0.008624185610398249;3.7150463506434006e-14;0.13970151291517702;0.0;0.009515069992476763;0.4711633553011295;0.00392399999995277;0.0;0.0;5.850653936003841e-13;0.0;-0.2431864657909804
3876.0;54.16711899357439;-0.39454168500000003;0.008624185610399026;3.715047753911568e-14;0.19373861084413357;0.0;0.009349019982753545;0.47589285697010136;0.003923999999952771;0.0;0.0;5.850655763716273e-13;0.0;-0.29710636134403257
3877.0;54.167233325441245;-0.39408233200000004;0.00862418561039946;3.7150485407870376e-14;0.22785945298757038;0.0;0.009282599994113865;0.4815956330737157;0.00392399999995277;0.0;0.0;5.850656788596154e-13;0.0;-0.33732484570624927
3878.0;54.1671813419996;-0.39009019899999997;0.008624185610399234;3.715048131934764e-14;0.22111414011718386;0.0;0.008988569991092354;0.48694103460087856;0.003923999999952771;0.0;0.0;5.850656256078989e-13;0.0;-0.3396228240351458
3879.0;54.167029068548715;-0.385503823;0.008624185610398622;3.715047022630673e-14;0.1860555608103059;0.0;0.008474219994138745;0.4887203010126376;0.00392399999995277;0.0;0.0;5.850654811245715e-13;0.0;-0.31041375761633083
3880.0;54.16685936427002;-0.37833221400000006;0.008624185610397999;3.715045897546213e-14;0.12926918771754525;0.0;0.008461259994495656;0.47494239358973;0.00392399999995277;0.0;0.0;5.850653345857003e-13;0.0;-0.247004730541287
3881.0;54.166636413377454;-0.3734950490000001;0.00862418561039714;3.715044345423987e-14;0.0668883592108762;0.0;0.008819279987812243;0.4678101233589226;0.00392399999995277;0.0;0.0;5.850651324265843e-13;0.0;-0.18268330759155194
3882.0;54.16650627348973;-0.37181751800000007;0.00862418561039667;3.715043493025513e-14;0.02097121054116591;0.0;0.008852489994840071;0.45498267792351504;0.00392399999995277;0.0;0.0;5.850650214043671e-13;0.0;-0.12564669975818593
3883.0;54.16639892451452;-0.37269814300000004;0.008624185610396216;3.7150426719878475e-14;0.0024615599042867955;0.0;0.00889946998401515;0.4617575763636134;0.003923999999952769;0.0;0.0;5.850649144667677e-13;0.0;-0.11307754332753585
3884.0;54.16637951875618;-0.369392765;0.008624185610396129;3.715042516397638e-14;0.0005967418306647292;0.0;0.008676719991738505;0.4643732494915169;0.003923999999952769;0.0;0.0;5.850648942015664e-13;0.0;-0.11691098919267635
3885.0;54.166327110065154;-0.36141415200000004;0.008624185610395881;3.715042067551828e-14;0.0003303402713263484;0.0;0.008127539984624677;0.4757255759054467;0.00392399999995277;0.0;0.0;5.850648357408868e-13;0.0;-0.13542661589665164
3886.0;54.16625955378573;-0.35039218800000005;0.00862418561039556;3.7150414856204925e-14;0.0002664015587223508;0.0;0.0072899999918066985;0.4905527932176958;0.003923999999952769;0.0;0.0;5.850647599460171e-13;0.0;-0.16037470093530334
3887.0;54.16628159360855;-0.340032463;0.008624185610395666;3.715041679364206e-14;0.00018115511176671696;0.0;0.006070949992022572;0.485732045938768;0.003923999999952769;0.0;0.0;5.850647851806093e-13;0.0;-0.16460922165659053
3888.0;54.16628021491436;-0.33014858700000005;0.00862418561039566;3.7150416693587535e-14;0.00019181017198477266;0.0;0.005103809990066008;0.486112231569491;0.003923999999952769;0.0;0.0;5.850647838773862e-13;0.0;-0.17391679062486945
3889.0;258.6110051850101;-0.30317689200000003;0.008624185628381286;1.1179916469349993e-13;0.005818231959989991;9.13665403174473e-16;0.005369490002439907;0.24692259784094509;0.003923999999986464;0.0;0.03253957588010756;1.1936790069617415e-12;1.6377663578090423e-14;-2.451605908619307e-8
3890.0;258.6110215765312;-0.296988067;0.008624185628381286;1.1179917288726996e-13;0.004539500657430619;9.136654360220858e-16;0.00563516999512272;0.2422387182805153;0.003923999999986464;0.0;0.032047893794951744;1.1936790485041994e-12;1.6377665956922924e-14;-2.451605702222145e-8
3891.0;258.61103573347054;-0.295042899;0.008624185628381286;1.1179917995787251e-13;0.003452578334429809;9.136654643672591e-16;0.005554979998919761;0.2382087556091901;0.003923999999986464;0.0;0.035299982499270716;1.1936790843521392e-12;1.6377668009675012e-14;-2.4516055241169726e-8
3892.0;258.6110514447779;-0.294608837;0.008624185628381286;1.1179918778909187e-13;0.0022910622386069475;9.136654957616513e-16;0.005687820001615167;0.23377579903861373;0.003923999999986464;0.0;0.04032775118499554;1.1936791240561883e-12;1.637767028325201e-14;-2.45160532685233e-8
3893.0;258.6110291048287;-0.296419133;0.008624185628381286;1.1179917769326849e-13;0.0009803609832244584;9.136654552887702e-16;0.0055873799980274185;0.23746359450300125;0.003923999999986464;0.0;0.03986135255981378;1.1936790728704587e-12;1.6377667352211828e-14;-2.451605581161261e-8
3894.0;258.6110188987701;-0.304232517;0.008624185628381286;1.1179917291944277e-13;0.0008418332699673599;9.136654361511308e-16;0.005425379989781122;0.2395546119897985;0.003923999999986464;0.0;0.04588419085831795;1.1936790486673608e-12;1.6377665966261018e-14;-2.4516057014116877e-8
3895.0;258.6110787294246;-0.32083904900000004;0.008624185628381286;1.1179919682008824e-13;0.012435673370379726;9.136655319655453e-16;0.005217210000279907;0.23804907822929247;0.0039239999999864635;0.0;0.05260991979716998;1.1936791698435303e-12;1.6377672905143134e-14;-2.4516050993660037e-8
3896.0;196.86392046185406;-0.340109445;0.00862418562812012;9.003119849824881e-14;0.08558982121373104;0.0;0.005070599988841073;0.23513686139584866;0.003923999999981761;0.0;6.849468483396329e-14;1.0677123077826356e-12;1.1072130597230188e-14;-3.4032524209485785e-8
3897.0;54.19342498394414;-0.35816190100000006;0.008624185598113916;6.210287866511204e-14;0.25757932457228944;0.0;0.004787099986818688;0.2259744003703805;0.00392399999992064;0.0;0.0;8.47940473806136e-13;0.0;-0.14271651094809948
3898.0;54.19426831220849;-0.369507276;0.00862418559811959;6.210298269639377e-14;0.4401823082416081;0.0;0.004587839982775902;0.20605270312795074;0.003923999999920642;0.0;0.0;8.479414436112978e-13;0.0;-0.29386204158270846
3899.0;54.19487515617394;-0.37366547000000006;0.008624185598123765;6.210305931298827e-14;0.5832511482729221;0.0;0.004395869986474771;0.20824256990946066;0.003923999999920643;0.0;0.0;8.479421578490831e-13;0.0;-0.4347763932063801
3900.0;-0.0006511994846893467;-0.37740724800000003;0.0;0.0;0.6615184436272052;0.0;0.0032110658997620833;0.17916892779236265;0.0;0.0;0.0;0.0;0.0;-0.4664896303808344
3901.0;-0.0006512008733031441;-0.380872282;0.0;0.0;0.6886479187167347;0.0;0.0030649824838425836;0.15565057011361275;0.0;0.0;0.0;0.0;0.0;-0.4664896303808344
3902.0;-0.0006512003515361499;-0.379719886;0.0;0.0;0.6756959699811147;0.0;0.0032792173886247067;0.16723588790242816;0.0;0.0;0.0;0.0;0.0;-0.4664896303808344
3903.0;-0.0006511985436299607;-0.372950562;0.0;0.0;0.6413656421022692;0.0;0.003478137792018378;0.19459797139150586;0.0;0.0;0.0;0.0;0.0;-0.4664896303808344
3904.0;54.19463413358143;-0.36370189100000005;0.00862418559812287;6.210304289982014e-14;0.5514746496346093;0.0;0.004706909977908157;0.2528762969342198;0.003923999999920643;0.0;0.0;8.479420048417628e-13;0.0;-0.45789816974383857
3905.0;54.19388449527468;-0.35284927900000007;0.008624185598116839;6.210293224713127e-14;0.3895764749477342;0.0;0.004419359974708006;0.2446719029740571;0.003923999999920641;0.0;0.0;8.479409733110396e-13;0.0;-0.29836331901451696
3906.0;54.19319721579268;-0.34503832700000003;0.008624185598112401;6.2102850879238e-14;0.20362747428333075;0.0;0.004281659975323303;0.22687163656458137;0.00392399999992064;0.0;0.0;8.479402147791801e-13;0.0;-0.10227735198589466
3907.0;258.611375958864;-0.340399361;0.008624185628381286;1.117993212039058e-13;0.05904546776462891;9.136660306028826e-16;0.004568399997498528;0.21348151985021813;0.003923999999986464;0.0;0.050775085107675144;1.1936798004674177e-12;1.6377709016569037e-14;-2.4516019662065832e-8
3908.0;597.452832613888;-0.34288393100000003;0.00862418562876561;0.015096999999657463;0.011849586599439332;2.537051927323174e-15;0.004619430002991807;0.2163861329989179;0.003923999999994671;0.0;0.06502986155577796;2.2028313682550075e-12;0.012579649399072393;-9.782669464772773e-9
3909.0;571.4888955583399;-0.33867404;0.008624185628753842;0.015096999999503397;0.0059993870724908025;2.244459059472246e-15;0.0038369699895209252;0.22249950947228234;0.003923999999994393;0.0;0.06502986155577692;2.1234922747607723e-12;0.012579649399070976;-1.0252085152443662e-8
3910.0;514.0378648320564;-0.330679288;0.008624185628723094;0.007183633755597703;0.006233821065079635;1.779360084949927e-15;0.0033696000069682232;0.22402024920942837;0.003923999999993676;0.0;0.06502986155577388;1.938518395663266e-12;0.01257964939906577;-1.1472061836890328e-8
3911.0;487.03464869426205;-0.32102663700000006;0.008624185628705863;1.058843986461172e-12;0.006233821065073626;1.6195318253221694e-15;0.00293058000942362;0.22525965261056552;0.003923999999993278;0.0;0.06502986155577192;1.8494255647639445e-12;0.012579649399061253;-1.2151696252613383e-8
3912.0;385.23293323454817;-0.31102902100000007;0.00862418562861585;2.2173497028940124e-13;0.006095290965701791;1.2062556840364127e-15;0.0023230799906801777;0.22700090059853215;0.003923999999991266;0.0;0.06502986155575703;1.5244265632044483e-12;9.776685584060608e-13;-1.5659006422245868e-8
3913.0;138.44425887786363;-0.22467344900000003;0.008624185628086319;4.757538288958834e-14;0.004475563137832548;0.0;0.002822849995696538;0.21057690530866732;0.003923999999983467;0.0;2.2035690916314404e-14;7.116343262692852e-13;5.304339561472287e-15;-3.413669650656375e-8
3914.0;258.61122005253384;-0.221565007;0.008624185628613718;6.994628840899192e-14;0.0024935274715065267;5.909343397889193e-16;0.0030431699916699056;0.1973388608964081;0.00392399999999179;0.0;0.006164145943551172;9.373988916502513e-13;1.0248028507507878e-14;-1.5339217176789844e-8
3915.0;258.6112629053343;-0.21884256400000002;0.008624185628613718;6.99463013200914e-14;0.0013852926419851317;5.909343953297757e-16;0.0029783700061625875;0.1870662618965906;0.003923999999991791;0.0;0.014887709181099272;9.373990048639802e-13;1.0248032256737932e-14;-1.533921392435159e-8
3916.0;258.6113056270916;-0.216210741;0.008624185628613718;6.994631414102739e-14;0.0005114929981057095;5.909344504831942e-16;0.0031962599890420994;0.17702937573136976;0.003923999999991791;0.0;0.02294903448470815;9.373991172870278e-13;1.0248035979787396e-14;-1.533921069462898e-8
3917.0;258.61127050079875;-0.21671869300000002;0.008624185628613718;6.994630377594783e-14;0.00042624416506560213;5.909344058945039e-16;0.0034514099931344197;0.18457224633192806;0.003923999999991791;0.0;0.015743990328576932;9.373990263986969e-13;1.0248032969888789e-14;-1.5339213305696686e-8
3918.0;258.61132383321535;-0.21840287100000003;0.008624185628613718;6.994631717644905e-14;0.011199564694857774;5.909344635409752e-16;0.0034991999902297187;0.18251924726891608;0.003923999999991791;0.0;0.00865953089863834;9.37399143903632e-13;1.0248036861237196e-14;-1.5339209929976537e-8
3919.0;54.18852592430083;-0.22367745699999997;0.008624185609650862;3.88543680985386e-14;0.05564617069585661;0.0;0.003361499981967038;0.18002523309700402;0.003923999999950601;0.0;0.0;6.059372649947914e-13;0.0;-0.027906401338522405
3920.0;54.18903857161754;-0.23618345300000002;0.008624185609653078;3.88544086159178e-14;0.1700074688852594;0.0;0.0032100299877273653;0.17475586841741164;0.003923999999950601;0.0;0.0;6.059377809863352e-13;0.0;-0.12434558283429367
3921.0;54.189636565752956;-0.25214271200000005;0.008624185609655532;3.885445351581823e-14;0.317029723996199;0.0;0.003019679994558529;0.1759116312862228;0.0039239999999506016;0.0;0.0;6.059383527894093e-13;0.0;-0.2563817660620404
3922.0;54.19013336522052;-0.265557565;0.008624185609657572;3.885449085445583e-14;0.4398306578496148;0.0;0.0027677699840231488;0.17772131243700998;0.0039239999999506016;0.0;0.0;6.059388282989407e-13;0.0;-0.367332064471543
3923.0;54.19034928406765;-0.27454788799999996;0.008624185609658473;3.8854507325938175e-14;0.49899334201423806;0.0;0.0030148199978695125;0.18571280183110436;0.003923999999950602;0.0;0.0;6.059390380640859e-13;0.0;-0.4257457238401451
3924.0;54.190480572852444;-0.279119443;0.00862418560965928;3.885452210736047e-14;0.5230867906187231;0.0;0.003039119994023287;0.19554438850788544;0.003923999999950602;0.0;0.0;6.059392263061983e-13;0.0;-0.4551206472101561
3925.0;-0.0006509414414447524;-0.27956241100000007;0.0;0.0;0.5329122308044187;0.0;0.001860909693253424;0.21128046895421262;0.0;0.0;0.0;0.0;0.0;-0.46648964959357225
3926.0;-0.0006509584359952722;-0.27811899100000004;0.0;0.0;0.5277721112836418;0.0;0.001433455626264798;0.21540462515379363;0.0;0.0;0.0;0.0;0.0;-0.46648964959357225
3927.0;-0.0006509553042574916;-0.27553082500000003;0.0;0.0;0.4999958318544364;0.0;0.001843159023849272;0.24018303505991054;0.0;0.0;0.0;0.0;0.0;-0.46648964959357225
3928.0;54.18971322342606;-0.271821611;0.008624185609655817;3.8854458727694245e-14;0.44950639861010355;0.0;0.0031986899912168115;0.26631963944216686;0.003923999999950602;0.0;0.0;6.059384191628987e-13;0.0;-0.4597701403964178
3929.0;54.18933480840485;-0.266442682;0.008624185609653928;3.8854424166972286e-14;0.3492964055123164;0.0;0.003384989995616722;0.27102633144973903;0.0039239999999506016;0.0;0.0;6.059379790300209e-13;0.0;-0.369832811206476
3930.0;54.188799403301005;-0.26337503300000004;0.008624185609651667;3.885438283901707e-14;0.23360309236796822;0.0;0.0032375699901458052;0.2839070012855744;0.003923999999950601;0.0;0.0;6.059374527158834e-13;0.0;-0.2699347726933531
3931.0;54.18831320719269;-0.25610194300000005;0.008624185609649677;3.885434645641204e-14;0.1123579512088374;0.0;0.002766959988810601;0.2814814202765965;0.003923999999950601;0.0;0.0;6.059369893807963e-13;0.0;-0.15306006479318882
3932.0;54.188000002561566;-0.255156983;0.008624185609648395;3.885432299409878e-14;0.029432157518629175;0.0;0.0031670999873210167;0.2745088274256868;0.0039239999999506;0.0;0.0;6.05936690586512e-13;0.0;-0.06450250526473444
3933.0;54.18791582458893;-0.253782183;0.00862418560964803;3.8854316306609293e-14;0.009388027887028125;0.0;0.002787209996195309;0.2738625114355964;0.0039239999999506;0.0;0.0;6.059366054208233e-13;0.0;-0.04480619004169303
3934.0;54.18791414224626;-0.252026271;0.008624185609648024;3.8854316238376586e-14;0.007139589468204453;0.0;0.0027402299943122183;0.27202241693865264;0.0039239999999506;0.0;0.0;6.059366045519735e-13;0.0;-0.042426471524391385
3935.0;54.18789820721096;-0.24866812900000002;0.008624185609647957;3.8854314977236345e-14;0.007150245721464748;0.0;0.0029111399880165614;0.2761208113799197;0.0039239999999506;0.0;0.0;6.059365884912279e-13;0.0;-0.05006452367839706
3936.0;54.187904188347915;-0.24287542600000006;0.008624185609647991;3.885431562036402e-14;0.007139589468204453;0.0;0.00307070998521024;0.2751323295757631;0.0039239999999506;0.0;0.0;6.059365966814534e-13;0.0;-0.0550175398677331
3937.0;258.6113006764761;-0.24511788099999998;0.008624185628642594;6.474679100581183e-14;0.006692033990044639;5.492455483296281e-16;0.0005702399948243035;0.18355335118161709;0.003923999999992453;0.0;0.04177714329347212;8.94274702390137e-13;9.486495360884552e-15;-1.4199511595224087e-8
3938.0;258.61130240190255;-0.239554971;0.008624185628642594;6.47467916403361e-14;0.005892825732902794;5.492455510826895e-16;0.0005686200043999211;0.1824736251603762;0.003923999999992453;0.0;0.038094863974480565;8.942747083708597e-13;9.486495545150343e-15;-1.4199511435369614e-8
3939.0;258.6112981905417;-0.23682465200000002;0.008624185628642594;6.474679068067653e-14;0.004944431123159084;5.492455469188166e-16;0.000808379997796553;0.18254966200794656;0.003923999999992453;0.0;0.03599719221528767;8.942746993256397e-13;9.486495266463178e-15;-1.4199511677135136e-8
3940.0;258.61129271930025;-0.23825955600000004;0.008624185628642594;6.474678930263644e-14;0.004358346738180861;5.492455409399325e-16;0.0013616100063872988;0.1832187876594365;0.003923999999992453;0.0;0.03679583661993588;8.942746863367327e-13;9.486494866279013e-15;-1.4199512024301615e-8
3941.0;258.6113152578564;-0.24371612600000003;0.008624185628642594;6.474679454971934e-14;0.008887189949524608;5.492455637057767e-16;0.0015211800035810168;0.1823291551499927;0.003923999999992453;0.0;0.03845340566860499;8.942747357936547e-13;9.486496390036174e-15;-1.4199510702414535e-8
3942.0;258.61149654096;-0.25747698700000005;0.008624185628642594;6.474683760732658e-14;0.041111245259558477;5.492457505216705e-16;0.0017479799973346302;0.1714634645605128;0.003923999999992453;0.0;0.030627672531542204;8.942751416373112e-13;9.486508894000429e-15;-1.4199499855015323e-8
3943.0;54.195683242199635;-0.27064321100000005;0.008624185611119255;3.596683523385883e-14;0.1356308814357924;0.0;0.002064689985160924;0.1514657304704009;0.00392399999995433;0.0;0.0;5.702908670047873e-13;0.0;-0.031071649744100475
3944.0;54.19641536006212;-0.29403011100000004;0.008624185611122133;3.59668880522284e-14;0.29855204211914876;0.0;0.002211299982711639;0.14086617163315987;0.003923999999954332;0.0;0.0;5.702915657416215e-13;0.0;-0.16016033536790436
3945.0;54.19718887133236;-0.31105187200000006;0.008624185611125075;3.5966942051897914e-14;0.48397889233900904;0.0;0.0023538599914934093;0.13795395479973213;0.003923999999954332;0.0;0.0;5.702922801055519e-13;0.0;-0.32580549033558176
3946.0;1.9938159587423732;-0.325722159;0.0;0.0;0.645450822845175;0.0;0.0024656397205053138;0.14543599591854636;0.0;0.0;0.0;0.0;0.0;-0.4664896505156671
3947.0;-0.0006509294070812413;-0.33664047100000005;0.0;0.0;0.7114408108895699;0.0;0.0013329859393516462;0.09035787663310385;0.0;0.0;0.0;0.0;0.0;-0.46648965195374237
3948.0;-0.0006509279552992177;-0.338969007;0.0;0.0;0.7034485509509404;0.0;0.0015257403044951652;0.10048591812647993;0.0;0.0;0.0;0.0;0.0;-0.46648965195374237
3949.0;-0.0006509278144621761;-0.337064714;0.0;0.0;0.6942053498593003;0.0;0.0015460016531286761;0.10780456486312423;0.0;0.0;0.0;0.0;0.0;-0.46648965195374237
3950.0;-0.000650927634533811;-0.33581129500000007;0.0;0.0;0.676991447613946;0.0;0.0015614123410613487;0.12374963741883672;0.0;0.0;0.0;0.0;0.0;-0.46648965195374237
3951.0;-0.0006509243799873703;-0.33186003500000005;0.0;0.0;0.6566387153436336;0.0;0.0020165464538530963;0.13969597550434826;0.0;0.0;0.0;0.0;0.0;-0.46648965195374237
3952.0;-0.0006509213372520388;-0.325300099;0.0;0.0;0.5662312374955284;0.0;0.002781653786731558;0.2227784098798371;0.0;0.0;0.0;0.0;0.0;-0.46648965195374237
3953.0;54.19657539747467;-0.316586574;0.0086241856111224;3.596689295711257e-14;0.44463656006664737;0.0;0.0041147999906491735;0.23709861484883082;0.003923999999954332;0.0;0.0;5.702916306286673e-13;0.0;-0.38183468909510526
3954.0;54.19599468193142;-0.308637791;0.008624185611120157;3.59668517786755e-14;0.31370502070072503;0.0;0.003966569989966051;0.24616983165703754;0.003923999999954331;0.0;0.0;5.702910858770876e-13;0.0;-0.26776839829574917
3955.0;54.19539320039312;-0.29759087900000003;0.008624185611117854;3.596680952262324e-14;0.174046131604931;0.0;0.003819149997203117;0.2524961113035998;0.003923999999954331;0.0;0.0;5.702905268693602e-13;0.0;-0.1453280737305284
3956.0;54.19507690705299;-0.28445443400000003;0.008624185611116665;3.596678771991055e-14;0.06876383353777854;0.0;0.0040491899845134125;0.22211172015668412;0.00392399999995433;0.0;0.0;5.702902384400626e-13;0.0;-0.023022868729598
3957.0;258.61118822906127;-0.27630880799999996;0.008624185628642594;6.474675801220656e-14;0.017635850992874787;5.492454051787125e-16;0.003821579991056845;0.21760272534577782;0.003923999999992452;0.0;0.024721907685110636;8.942743914054853e-13;9.486485779523885e-15;-1.4199519907247028e-8
3958.0;258.61107602655613;-0.273090806;0.008624185628642592;6.474672952039445e-14;0.006755969123521924;5.492452815597406e-16;0.0034562699899984774;0.23233109614905692;0.003923999999992452;0.0;0.018020873540710722;8.942741228528208e-13;9.486477505497943e-15;-1.4199527085155057e-8
3959.0;258.6110780863265;-0.26502989600000004;0.008624185628642592;6.474673012301896e-14;0.00656416014396336;5.492452841742654e-16;0.0030350700015989007;0.23171519629086615;0.003923999999992452;0.0;0.011188901548266794;8.942741285330701e-13;9.486477680499957e-15;-1.4199526933336859e-8
3960.0;258.6111371760147;-0.24855194;0.008624185628642592;6.474674635275171e-14;0.0062657886318018665;5.492453545911453e-16;0.003073140005315901;0.21863682925847663;0.003923999999992453;0.0;0.00805002751691862;8.942742815080269e-13;9.486482393615144e-15;-1.4199522844598204e-8
3961.0;431.350842562998;-0.24431013100000004;0.008624185628760796;2.4567068437880167e-13;0.005647734294033529;1.010964594231846e-15;0.0010448999982120165;0.1532678079365507;0.003923999999994725;0.0;0.06502986155577303;1.5903156117789024e-12;0.01257964939904827;-1.0498890656550462e-8
3962.0;431.5918845013937;-0.24231174900000002;0.008624185628760947;2.463820420682487e-13;0.00440097055821285;1.0116840956167953e-15;0.0011210399929388998;0.15213485751488198;0.003923999999994729;0.0;0.06502986155577306;1.5913553669684728e-12;0.012579649399048454;-1.0492102586778706e-8
3963.0;514.0382422748158;-0.24022604699999997;0.008624185628803797;0.0030906771014797218;0.0034738896480466857;1.3399334577523584e-15;0.0011388600022359376;0.14265304033692774;0.003923999999995704;0.0;0.06502986155577867;1.968312025715548e-12;0.01257964939907059;-8.582032938709021e-9
3964.0;514.0382470112451;-0.23840442600000003;0.008624185628803797;0.005231629974936379;0.003516513468045621;1.339933496220094e-15;0.0010651500058545137;0.13872192696031527;0.003923999999995704;0.0;0.06502986155577867;1.9683120594814743e-12;0.01257964939907059;-8.582032800189867e-9
3965.0;567.7191496076942;-0.24086002;0.008624185628824372;0.01509699999962225;0.004177191625853186;1.6941559391753152e-15;0.0010797299960491518;0.1300156898061904;0.003923999999996185;0.0;0.06502986155578071;2.206393113320865e-12;0.012579649399074121;-7.67584018164887e-9
3966.0;667.0146563819336;-0.251016824;0.008624185628852981;0.015096999999867142;0.017316168167300403;3.1848867701867717e-15;0.001067579991799503;0.1185036860123655;0.003923999999996866;0.0;0.06502986155578308;2.5648402311296607e-12;0.012579649399077079;-6.425522818727393e-9
3967.0;387.35988552315354;-0.267585875;0.008624185628729273;1.6024587025830173e-13;0.08084785532344689;8.93486684881364e-16;0.0008124299996668181;0.10648983763169273;0.0039239999999940295;0.0;0.06502986155576708;1.408424208505213e-12;0.0014657606864814134;-1.1927443577157555e-8
3968.0;93.08590904676828;-0.2863950230000001;0.008624185626864818;4.8225585283468135e-14;0.21024491569432363;0.0;0.0007257599979998295;0.10296932462475435;0.003923999999970424;0.0;1.816872623519329e-14;7.151036253896911e-13;0.0;-0.0402201652632699
3969.0;93.0865917759278;-0.302422679;0.00862418562686485;4.8225656836171165e-14;0.36855198314025395;0.0;0.0006763499850643209;0.0986960440412042;0.003923999999970424;0.0;1.816879479686676e-14;7.151044346619467e-13;0.0;-0.17818428721390986
3970.0;93.08708076818827;-0.3130392210000001;0.00862418562686487;4.8225706304087265e-14;0.4924824631366693;0.0;0.0006002100030465853;0.10297692691664004;0.003923999999970424;0.0;1.816884219712072e-14;7.151049941514034e-13;0.0;-0.2957096117510201
3971.0;93.08738319805202;-0.3223250710000001;0.008624185626864884;4.822573708964294e-14;0.5686416302569282;0.0;0.00045440998800080375;0.10554697793600147;0.003923999999970424;0.0;1.8168871695975697e-14;7.151053423405712e-13;0.0;-0.3650111618369972
3972.0;93.08748880439363;-0.32767295100000005;0.008624185626864888;4.8225747570487397e-14;0.6014517723380247;0.0;0.00037097999824171825;0.11266404358303757;0.003923999999970425;0.0;1.8168881738780562e-14;7.151054608804126e-13;0.0;-0.399508775888372
3973.0;93.08745134363629;-0.32846477900000004;0.008624185626864886;4.822574295165303e-14;0.6054478112376495;0.0;0.00027944999282123996;0.12524056602859174;0.003923999999970424;0.0;1.8168877312986238e-14;7.151054086406482e-13;0.0;-0.4151983237021451
3974.0;93.0873732347132;-0.32749661799999996;0.008624185626864882;4.8225734107267474e-14;0.5997467968702648;0.0;0.00025109999519108087;0.1378551055050597;0.003923999999970424;0.0;1.816886883824702e-14;7.1510530860949e-13;0.0;-0.4230515358809073
3975.0;93.08712422695092;-0.3229510710000001;0.00862418562686487;4.82257067377472e-14;0.5540427696866339;0.0;0.0003102299887960174;0.14963323826538305;0.003923999999970424;0.0;1.816884261265478e-14;7.151049990562743e-13;0.0;-0.39372869928581383
3976.0;93.08680927568145;-0.316397068;0.008624185626864856;4.8225674230915916e-14;0.47736145331487406;0.0;0.00032885999304815833;0.14878162557259578;0.003923999999970423;0.0;1.8168811464529042e-14;7.151046313991006e-13;0.0;-0.32276459306010014
3977.0;93.08631855607426;-0.308244846;0.008624185626864836;4.8225624086684346e-14;0.3584606532747826;0.0;0.0003158999934052237;0.1493138848984592;0.003923999999970424;0.0;1.8168763416327352e-14;7.151040642602912e-13;0.0;-0.21252909205292334
3978.0;93.08582929631815;-0.30004101000000005;0.008624185626864813;4.822557400513998e-14;0.23929345286839512;0.0;0.0003231899884388182;0.1489489052443791;0.003923999999970424;0.0;1.816871542834748e-14;7.15103497829962e-13;0.0;-0.10120186932901615
3979.0;258.61193768743095;-0.289979072;0.008624185628560805;7.94746262211376e-14;0.11989181608359616;6.66410846006609e-16;0.0003086100031233239;0.14537516644428303;0.003923999999990577;0.0;0.011873341819334741;1.0088309882541214e-12;1.1643595436429007e-14;-2.0038435010266155e-8
3980.0;514.0313709884899;-0.281130702;0.008624185628803793;0.009255474098512186;0.03895871312012523;1.3398962741759821e-15;0.00024543000936881544;0.14284313384872488;0.003923999999995704;0.0;0.06502986155577867;1.9682793859965845e-12;0.012579649399070589;-8.582166838655259e-9
3981.0;726.9025523552888;-0.277996396;0.008624185628866191;0.015096999999904449;0.010570854103876526;5.6103578163900994e-15;0.00026406000130703596;0.15435513764255754;0.003923999999997185;0.0;0.06502986155578402;2.725342157471471e-12;0.012579649399078026;-5.85144642511117e-9
3982.0;635.4622381686834;-0.27311270600000004;0.008624185628844953;0.015096999999832703;0.00732074219508431;2.5096472252363236e-15;0.0002753999976808982;0.15893256561638702;0.003923999999996672;0.0;0.06502986155578246;2.464185398065305e-12;0.012579649399076395;-6.775386459334662e-9
3983.0;516.5568636125955;-0.264348398;0.00862418562880489;0.015096999992269596;0.007075651949209928;1.3535525086005178e-15;0.00023571000328923033;0.1581721957478093;0.0039239999999957295;0.0;0.06502986155577878;1.980135693525916e-12;0.012579649399070827;-8.533752063899463e-9
3984.0;502.85278852652544;-0.254873907;0.0086241856287989;1.8151722743010057e-12;0.007064996888989775;1.2836820496270518e-15;0.0002105999991787367;0.15901620614871043;0.003923999999995592;0.0;0.06502986155577813;1.9166183710164357e-12;0.012579649399069442;-8.798685945434694e-9
3985.0;17.26028109653229;-0.286771578;0.0;0.0;0.0022164696570868806;0.0;0.009421109965340697;0.42272777614743795;0.0039239999997058034;0.0;0.0;0.0;0.0;-0.1512259178935397
3986.0;17.260314240210008;-0.2840055040000001;0.0;0.0;0.0011188910808257765;0.0;0.009307709962110004;0.41450817481776125;0.003923999999705805;0.0;0.0;0.0;0.0;-0.1445611197451043
3987.0;17.260304677082885;-0.28151302400000006;0.0;0.0;0.0005541180093258952;0.0;0.008809559971064437;0.41611255787297985;0.003923999999705804;0.0;0.0;0.0;0.0;-0.1475950696063964
3988.0;17.260317545716337;-0.28108878000000004;0.0;0.0;0.0005434617560656044;0.0;0.00826361995750766;0.41328398017900814;0.003923999999705805;0.0;0.0;0.0;0.0;-0.14463406098632478
3989.0;17.26031567965923;-0.28850626100000004;0.0;0.0;0.0005541180093258965;0.0;0.007482779972659473;0.4136185423083173;0.003923999999705805;0.0;0.0;0.0;0.0;-0.1367809910988889
3990.0;17.260314995682368;-0.30557717900000003;0.0;0.0;0.0013213575066868734;0.0;0.006025589969903964;0.4142420472441364;0.003923999999705805;0.0;0.0;0.0;0.0;-0.11964374421687894
3991.0;17.26042144833829;-0.32139029900000005;0.0;0.0;0.012531577261897646;0.0;0.005957549965424144;0.4007758908962671;0.003923999999705809;0.0;0.0;0.0;0.0;-0.10150692714504941
3992.0;17.260797431455927;-0.333583303;0.0;0.0;0.08713495526699853;0.0;0.006717329960383879;0.3857053556717931;0.003923999999705823;0.0;0.0;0.0;0.0;-0.14960999423032362
3993.0;17.261652898759156;-0.3455695660000001;0.0;0.0;0.2563112483290215;0.0;0.0068242499637946475;0.35037855828983744;0.003923999999705855;0.0;0.0;0.0;0.0;-0.27158807883060865
3994.0;17.26248532988602;-0.35583733500000003;0.0;0.0;0.43991590429525884;0.0;0.0070307999628728595;0.33602276943252424;0.003923999999705886;0.0;0.0;0.0;0.0;-0.43078418868081225
3995.0;-0.0006518007049319547;-0.36381191300000004;0.0;0.0;0.5449825058032108;0.0;0.005337904181161631;0.27998266517728226;0.0;0.0;0.0;0.0;0.0;-0.4664895842142783
3996.0;-0.0006518016909948802;-0.3681357090000001;0.0;0.0;0.5804889988975503;0.0;0.005235406227604777;0.2489024660064422;0.0;0.0;0.0;0.0;0.0;-0.4664895842142783
3997.0;-0.000651804126472392;-0.364526;0.0;0.0;0.5745166258755505;0.0;0.00570853695029744;0.2507919993938882;0.0;0.0;0.0;0.0;0.0;-0.46648958421427816
3998.0;-0.0006518046927896012;-0.36470144600000004;0.0;0.0;0.5635455647962448;0.0;0.0058191706257150755;0.26182787285957065;0.0;0.0;0.0;0.0;0.0;-0.46648958421427805
3999.0;-0.0006517995121661863;-0.36025252700000004;0.0;0.0;0.509515192994014;0.0;0.007672541430726245;0.3095559547017261;0.0;0.0;0.0;0.0;0.0;-0.4664895842142783
4000.0;17.262459395221924;-0.35171233500000004;0.0;0.0;0.4117731367178898;0.0;0.009036359964821914;0.3141621283984377;0.003923999999705886;0.0;0.0;0.0;0.0;-0.38690986921326187
4001.0;17.261898439231377;-0.340991995;0.0;0.0;0.2549472681934221;0.0;0.008935109978729061;0.295609097198016;0.003923999999705866;0.0;0.0;0.0;0.0;-0.22214141757983508
4002.0;17.261393191585455;-0.32855945100000006;0.0;0.0;0.10456833983413723;0.0;0.0095944499700998;0.2700530570147851;0.0039239999997058485;0.0;0.0;0.0;0.0;-0.059289999653179666
4003.0;125.14048307098348;-0.32731682;0.008624185627957739;4.444594612018523e-14;0.02249503328297364;0.0;0.009749970007928767;0.2755277225760889;0.003923999999982083;0.0;1.9180232718725676e-14;6.759236573171059e-13;4.8701260450670035e-15;-2.9146578466742663e-8
4004.0;49.99860114350936;-0.32662404500000003;0.005556854358280477;3.725510525292948e-14;0.005647734293450126;0.0;0.00997676999461178;0.3015095704984886;0.003923999999947148;0.0;0.0;5.861476516212212e-13;0.0;-8.687784762789302e-8
4005.0;17.260709153062663;-0.320057588;0.0;0.0;0.0037722611583294466;0.0;0.010003499966775012;0.3244955596620541;0.003923999999705821;0.0;0.0;0.0;0.0;-0.021844849425294674
4006.0;17.260671240620887;-0.309523384;0.0;0.0;0.003175518134006457;0.0;0.009700559965587451;0.3360151671406385;0.00392399999970582;0.0;0.0;0.0;0.0;-0.04299823568609933
4007.0;17.26061912942173;-0.299615066;0.0;0.0;0.002109909510568465;0.0;0.00987875996703341;0.34767164094484926;0.003923999999705818;0.0;0.0;0.0;0.0;-0.0636755561173241
4008.0;17.260574119420436;-0.29037574900000007;0.0;0.0;0.0011082348275655149;0.0;0.009629279967550445;0.3571382493604216;0.0039239999997058165;0.0;0.0;0.0;0.0;-0.08113039660287708
4009.0;0.00017874470883670368;-0.2709228570000001;0.0;0.0;0.0001570298392008626;0.0;0.0008869180349831703;0.358519945095374;0.0;0.0;0.0;0.0;0.0;-0.08865131210831277
4010.0;0.00017888253569779255;-0.20706936600000003;0.0;0.0;0.00018765785040651624;0.0;0.0008743812713376906;0.32185398677305754;0.0;0.0;0.0;0.0;0.0;-0.11585693292247877
4011.0;0.00017738075272084425;-0.20683837800000002;0.0;0.0;0.0001570298828558837;0.0;0.0008844577316898233;0.32033904869623686;0.0;0.0;0.0;0.0;0.0;-0.1145523449519791
4012.0;0.00017914654971024416;-0.259400467;0.0;0.0;0.0001570303415377665;0.0;0.0008863685760388763;0.3414214276661728;0.0;0.0;0.0;0.0;0.0;-0.08307466229161636
4013.0;0.00017947630965722057;-0.25778818;0.0;0.0;0.00015703026553418755;0.0;0.0008880503511476864;0.3356529421484462;0.0;0.0;0.0;0.0;0.0;-0.07892016711141024
4014.0;0.0001810266929252057;-0.25921797300000005;0.0;0.0;0.00019789391066111397;0.0;0.0008724995138746585;0.33615902955274213;0.0;0.0;0.0;0.0;0.0;-0.07802187704191126
4015.0;0.0001500504091201332;-0.26362874300000005;0.0;0.0;0.000723198764524012;0.0;0.0008285031473492372;0.34359255036107017;0.0;0.0;0.0;0.0;0.0;-0.0815254023427527
4016.0;0.00014937822171419969;-0.270453107;0.0;0.0;0.009433642010794099;0.0;0.0022611480813837562;0.34994375928533494;0.0;0.0;0.0;0.0;0.0;-0.09119529867085466
4017.0;0.00014663683144821367;-0.28145548600000003;0.0;0.0;0.09651037856949933;0.0;0.0028091138781241687;0.34532436863734706;0.0;0.0;0.0;0.0;0.0;-0.1631980510813826
4018.0;0.00014447515170595534;-0.295686234;0.0;0.0;0.220610168902743;0.0;0.003587536054651019;0.34502824584603253;0.0;0.0;0.0;0.0;0.0;-0.2735492512102434
4019.0;0.00014138982638338136;-0.30507356999999996;0.0;0.0;0.3320403363670494;0.0;0.003902850849313072;0.3405019607923188;0.0;0.0;0.0;0.0;0.0;-0.37138090956489994
4020.0;0.00013389360748472813;-0.31040468200000004;0.0;0.0;0.39168077240302135;0.0;0.004286425802034375;0.34210284092855453;0.0;0.0;0.0;0.0;0.0;-0.427674195129588
4021.0;0.00013230638217971702;-0.31558646800000006;0.0;0.0;0.4057020335158883;0.0;0.004472869406365927;0.3375288973349533;0.0;0.0;0.0;0.0;0.0;-0.43212606580249785
4022.0;0.00013414797087002756;-0.31402962800000006;0.0;0.0;0.3586099218489392;0.0;0.005590913570947543;0.37668482678496673;0.0;0.0;0.0;0.0;0.0;-0.4268648893779474
4023.0;0.00014150130341668938;-0.308917775;0.0;0.0;0.2768794353709914;0.0;0.005805324266846065;0.39568717282418964;0.0;0.0;0.0;0.0;0.0;-0.3694634968354875
4024.0;0.00014467815905062665;-0.30059983100000004;0.0;0.0;0.16161290588811203;0.0;0.005330062708879853;0.3970058517105541;0.0;0.0;0.0;0.0;0.0;-0.26335853771024575
4025.0;0.00014612864545506885;-0.3039278690000001;0.0;0.0;0.04689732865300156;0.0;0.00568921220696028;0.43781369290380806;0.0;0.0;0.0;0.0;0.0;-0.18648200873709547
4026.0;0.00014644117292800902;-0.318980043;0.0;0.0;0.005401960911947449;0.0;0.006026913581933294;0.47944750550683374;0.0;0.0;0.0;0.0;0.0;-0.17190600177250673
4027.0;0.00017194503990099585;-0.320282626;0.0;0.0;0.0003318343673653099;0.0;0.005207660218628936;0.5158175511692864;0.0;0.0;0.0;0.0;0.0;-0.2010844660012379
4028.0;0.00017635242577979717;-0.31767392;0.0;0.0;0.00020814476238329983;0.0;0.00499564134325129;0.5153520706124795;0.0;0.0;0.0;0.0;0.0;-0.20289207993450364
4029.0;0.00017658495889654558;-0.31205238400000007;0.0;0.0;0.00018766505720933083;0.0;0.005062610800099291;0.5132602386342133;0.0;0.0;0.0;0.0;0.0;-0.20646825838356048
4030.0;0.00017581166139143996;-0.305080458;0.0;0.0;0.00016722915760332752;0.0;0.004829866421492147;0.5106831126743249;0.0;0.0;0.0;0.0;0.0;-0.21060982250599775
4031.0;0.00017595196236971933;-0.299686371;0.0;0.0;0.00016722930947605366;0.0;0.0049994580057038255;0.4976951668914148;0.0;0.0;0.0;0.0;0.0;-0.2031855646769304
4032.0;0.0001765705575494096;-0.292735778;0.0;0.0;0.00017743738489117556;0.0;0.00507650416901394;0.4896901225056093;0.0;0.0;0.0;0.0;0.0;-0.20221840320046428
4033.0;0.0007449464987218165;-0.35724764;0.0;0.0;0.00016760464430021102;0.0;0.008242870721553568;0.5467919669500795;0.0;0.0;0.0;0.0;0.0;-0.19799112813237738
4034.0;0.0007451677129045866;-0.354085112;0.0;0.0;0.00015684247197741104;0.0;0.008098536419912108;0.5478131870936246;0.0;0.0;0.0;0.0;0.0;-0.20201972821079156
4035.0;0.0007451402467574821;-0.35167781600000003;0.0;0.0;0.00015684263327265803;0.0;0.008149508011951433;0.5468617443077735;0.0;0.0;0.0;0.0;0.0;-0.20352655188625246
4036.0;0.0007448811354848193;-0.34837672799999997;0.0;0.0;0.00016760492888259916;0.0;0.007787516761366899;0.5418266251459107;0.0;0.0;0.0;0.0;0.0;-0.20144134156511528
4037.0;0.0007448010122828486;-0.34982996799999994;0.0;0.0;0.0001676052990632413;0.0;0.007460921116266164;0.5479253687823805;0.0;0.0;0.0;0.0;0.0;-0.20576024615464558
4038.0;0.0007447250242573864;-0.35575371999999994;0.0;0.0;0.0001676057692500972;0.0;0.008180847294197345;0.5573993651798379;0.0;0.0;0.0;0.0;0.0;-0.21003041369005024
4039.0;0.0007258800669843543;-0.37137395999999995;0.0;0.0;0.00022096876616588653;0.0;0.007813617957317644;0.5691875305273962;0.0;0.0;0.0;0.0;0.0;-0.20588403761286808
4040.0;0.0006579619149158099;-0.39174890399999995;0.0;0.0;0.004776701555209543;0.0;0.007992183260518192;0.5743531898287539;0.0;0.0;0.0;0.0;0.0;-0.19540444903838086
4041.0;0.0006580476810727802;-0.40122596000000005;0.0;0.0;0.028715528458020896;0.0;0.006360602209982226;0.5564001663404013;0.0;0.0;0.0;0.0;0.0;-0.190281620268126
4042.0;0.0006573304724846771;-0.40777529599999995;0.0;0.0;0.08530300333153035;0.0;0.006356520828777082;0.5498232848061824;0.0;0.0;0.0;0.0;0.0;-0.23373875742192815
4043.0;0.0006560010409030319;-0.4149327199999999;0.0;0.0;0.16837867485422153;0.0;0.0064666933426216575;0.5529872522141054;0.0;0.0;0.0;0.0;0.0;-0.3129310728882776
4044.0;0.000654670098517844;-0.42006914399999995;0.0;0.0;0.22342370607887213;0.0;0.00654206729783004;0.5545604510425006;0.0;0.0;0.0;0.0;0.0;-0.36448818074452866
4045.0;0.0006538535113006321;-0.42042558399999996;0.0;0.0;0.23849500164838278;0.0;0.006592421949672491;0.5599765053028697;0.0;0.0;0.0;0.0;0.0;-0.3846694009151981
4046.0;0.0006549914636870711;-0.41692924;0.0;0.0;0.20795458657030408;0.0;0.006712760712076089;0.5567565588947011;0.0;0.0;0.0;0.0;0.0;-0.3545257839557241
4047.0;0.0006562408862112679;-0.413175528;0.0;0.0;0.15600312646240716;0.0;0.006476842864267189;0.5510793543722923;0.0;0.0;0.0;0.0;0.0;-0.30041498117233517
4048.0;0.0006574683292443271;-0.406720936;0.0;0.0;0.0863622566232561;0.0;0.006569015790458152;0.5387434089439909;0.0;0.0;0.0;0.0;0.0;-0.22498499730243304
4049.0;0.0006584315181421623;-0.403938048;0.0;0.0;0.03036893460516724;0.0;0.006447970523113105;0.5372879230542251;0.0;0.0;0.0;0.0;0.0;-0.17019808422166957
4050.0;0.000658823286688529;-0.40631801599999995;0.0;0.0;0.006937518738930496;0.0;0.006326772957529046;0.5456063858268594;0.0;0.0;0.0;0.0;0.0;-0.15258398631746845
4051.0;0.0006589003800580988;-0.40720096799999994;0.0;0.0;0.0002738228934205049;0.0;0.0059112597219839235;0.5497852092945107;0.0;0.0;0.0;0.0;0.0;-0.14880065152658373
4052.0;0.0007401157946917193;-0.401561088;0.0;0.0;0.00021073866233731162;0.0;0.004108014051816708;0.540509083884022;0.0;0.0;0.0;0.0;0.0;-0.14330327073904178
4053.0;0.0007448867029979033;-0.39172024;0.0;0.0;0.00018918029590281747;0.0;0.003875630089050216;0.5297927440393077;0.0;0.0;0.0;0.0;0.0;-0.14217379949564207
4054.0;0.0007446121069303042;-0.379459648;0.0;0.0;0.0001891816713453572;0.0;0.003774637285420819;0.5273871913719946;0.0;0.0;0.0;0.0;0.0;-0.15192783570317908
4055.0;0.0007445168775404206;-0.36977994399999997;0.0;0.0;0.0001891824226856897;0.0;0.004389994454214304;0.520878055021662;0.0;0.0;0.0;0.0;0.0;-0.15571375735243193
4056.0;0.000744371945229367;-0.36096312;0.0;0.0;0.00018918329068021608;0.0;0.0047517502789196486;0.5175555742477803;0.0;0.0;0.0;0.0;0.0;-0.16156985117548686
4057.0;55.31643649511798;-0.31934176000000003;0.008624185612994353;3.700267500369916e-14;0.0001887495239705562;0.0;0.00620459998917278;0.39379222562792615;1.7427020715943312e-14;0.0;0.0;5.918404558881066e-13;0.0;-0.08948508781115025
4058.0;55.31638794817524;-0.314604128;0.008624185612994164;3.700267042903737e-14;0.00018874952397055544;0.0;0.007389629986730427;0.40389762522919975;1.7427017784514984e-14;0.0;0.0;5.918403942067992e-13;0.0;-0.1055141016894902
4059.0;55.31631729132537;-0.31536172000000007;0.008624185612993886;3.7002663739516684e-14;0.00019985126724819603;0.0;0.008163989984474313;0.41829659470079367;1.742701349788895e-14;0.0;0.0;5.918403040105083e-13;0.0;-0.1199423539327981
4060.0;55.316247742039664;-0.316824784;0.008624185612993614;3.700265715164672e-14;0.00018874952397055324;0.0;0.00869372999212958;0.43238538296677675;1.742700927639814e-14;0.0;0.0;5.918402151847522e-13;0.0;-0.13308811013187705
4061.0;55.31621169531399;-0.31977534399999996;0.008624185612993471;3.700265373408701e-14;0.00017764529457864;0.0;0.009156239990516195;0.43964200559807903;1.7427007086431814e-14;0.0;0.0;5.918401691050018e-13;0.0;-0.13784630356250124
4062.0;55.316113925777245;-0.327991232;0.008624185612993088;3.700264445723302e-14;0.00017764529457863848;0.0;0.00943812000181803;0.45931406603192604;1.7427001141842604e-14;0.0;0.0;5.918400440229888e-13;0.0;-0.14958632886682238
4063.0;55.31598710691111;-0.34706624799999997;0.008624185612992588;3.700263239954603e-14;0.0002664679421997222;0.0;0.00945755998857481;0.48477346970207674;1.7426993415288654e-14;0.0;0.0;5.918398814463263e-13;0.0;-0.15608155924793232
4064.0;55.31592048756774;-0.370066232;0.008624185612992299;3.7002625383379074e-14;0.004929656320778192;0.0;0.009501299996901634;0.5014253387318028;1.742698891933342e-14;0.0;0.0;5.918397868456088e-13;0.0;-0.15444231152148377
4065.0;55.31595486748863;-0.382149016;0.008624185612992302;3.700262550315426e-14;0.02653576317925748;0.0;0.009497249982716628;0.5103798013117272;1.742698899608633e-14;0.0;0.0;5.918397884606789e-13;0.0;-0.1729180408653467
4066.0;55.31615389609403;-0.38859316;0.00862418561299278;3.700263699730951e-14;0.07740893056429905;0.0;0.009523169994711086;0.5077922295675333;1.7426996361531917e-14;0.0;0.0;5.918399434390671e-13;0.0;-0.21478771752168985
4067.0;55.316413083829126;-0.39270326400000005;0.008624185612993388;3.70026516881523e-14;0.14555810104705627;0.0;0.00951506999175712;0.5058005367304458;1.7427005775402242e-14;0.0;0.0;5.918401415190453e-13;0.0;-0.27683023026184306
4068.0;55.3165942433828;-0.39738932;0.008624185612993761;3.70026607052938e-14;0.20186055043720458;0.0;0.009349019982031994;0.5108777237733656;1.7427011553565782e-14;0.0;0.0;5.918402630993959e-13;0.0;-0.33336109447653106
4069.0;55.316695535131444;-0.396900504;0.008624185612993947;3.700266518323887e-14;0.23741181172913728;0.0;0.009282599993391545;0.5169997347099295;1.74270144230214e-14;0.0;0.0;5.918403234764462e-13;0.0;-0.3754591085125166
4070.0;55.3166415949173;-0.39286952799999997;0.008624185612993777;3.700266109192399e-14;0.23038372082379382;0.0;0.008988569990366665;0.522738098975866;1.7427011801317684e-14;0.0;0.0;5.918402683124949e-13;0.0;-0.3779065380179034
4071.0;55.31649717379682;-0.388255656;0.008624185612993428;3.700265267067121e-14;0.19385541040802917;0.0;0.008474219993407167;0.5246481666751653;1.7427006404998567e-14;0.0;0.0;5.918401547667564e-13;0.0;-0.3473862142404727
4072.0;55.31635356077172;-0.38104360800000003;0.00862418561299322;3.700264762736394e-14;0.13468843032133648;0.0;0.008461259993763941;0.5098573878696381;1.742700317325642e-14;0.0;0.0;5.918400867666164e-13;0.0;-0.2806231003108435
4073.0;55.3161538971098;-0.376197728;0.008624185612992826;3.700263812696398e-14;0.06969246320759932;0.0;0.00881927998708464;0.502200794736364;1.7426997085413503e-14;0.0;0.0;5.918399586704607e-13;0.0;-0.21317039113780403
4074.0;55.316046778307935;-0.374557696;0.008624185612992693;3.7002634904159666e-14;0.02185036882800945;0.0;0.008852489994112861;0.4884303503392972;1.7426995020243205e-14;0.0;0.0;5.918399152165952e-13;0.0;-0.1532273192701924
4075.0;55.315939699643714;-0.375463696;0.008624185612992387;3.7002627539026694e-14;0.0025647537940131928;0.0;0.008899469983288479;0.4957032997924777;1.7426990300671728e-14;0.0;0.0;5.918398159107709e-13;0.0;-0.14035540388064224
4076.0;55.315918863121034;-0.37212307999999994;0.008624185612992318;3.700262584858214e-14;0.0006217585326840713;0.0;0.00867671999100928;0.4985112619506541;1.7426989217436307e-14;0.0;0.0;5.91839793118016e-13;0.0;-0.1443384120576929
4077.0;55.31585795894149;-0.364053544;0.00862418561299208;3.700262012293568e-14;0.0003441888465431664;0.0;0.008127539983889154;0.5106981451806435;1.7426985548443176e-14;0.0;0.0;5.918397159178698e-13;0.0;-0.16376926493000457
4078.0;55.31577926572228;-0.352925936;0.008624185612991771;3.700261267836308e-14;0.0002775696854773614;0.0;0.007289999991061574;0.5266153730176034;1.7426980777959702e-14;0.0;0.0;5.9183961554095e-13;0.0;-0.18991151043184454
4079.0;55.315805042284374;-0.34248273599999995;0.008624185612991874;3.700261514430642e-14;0.00018874952397054633;0.0;0.006070949991263488;0.5214402325197498;1.7426982358138416e-14;0.0;0.0;5.918396487898883e-13;0.0;-0.1938711623508772
4080.0;55.31580344253948;-0.332518864;0.008624185612991869;3.700261499828562e-14;0.000199851267248188;0.0;0.005103809989295852;0.5218483671802944;1.7426982264567245e-14;0.0;0.0;5.918396468209917e-13;0.0;-0.2032871580350618
4081.0;277.1557224203548;-0.30527182399999997;0.00862418562840304;1.0981749485135786e-13;0.0060621447676249465;9.404506522341862e-16;0.005369490002402162;0.2650749068526465;2.1720854430521652e-14;0.0;0.02014108210690996;1.226293144712409e-12;1.6811489583568056e-14;-2.497133789287263e-8
4082.0;277.155742782565;-0.299032424;0.00862418562840304;1.0981750607808578e-13;0.004729806296365786;9.404507016659019e-16;0.005635169995088021;0.2600466957895599;2.1720854922656958e-14;0.0;0.019997132136001402;1.2262932080210907e-12;1.681149314292623e-14;-2.497133485803634e-8
4083.0;277.1557603517153;-0.297073928;0.00862418562840304;1.0981751575169001e-13;0.0035973178499612173;9.40450744259645e-16;0.005554979998884144;0.25572047377075036;2.172085534670819e-14;0.0;0.023578035325351698;1.2262932625713773e-12;1.6811496209872836e-14;-2.4971332243045545e-8
4084.0;277.15577980634305;-0.29664486399999995;0.008624185628403041;1.0981752642961267e-13;0.0023871084992132044;9.40450791275048e-16;0.005687820001581073;0.25096163209201394;2.172085581478498e-14;0.0;0.028985729111732115;1.2262933227851628e-12;1.681149959523551e-14;-2.4971329356566435e-8
4085.0;277.15575503122005;-0.29846697600000005;0.00862418562840304;1.0981751507639236e-13;0.0010214598258925752;9.404507412861568e-16;0.0055873799979921715;0.2549205327668068;2.1720855317107403e-14;0.0;0.02831469719977586;1.2262932587632446e-12;1.681149599577846e-14;-2.4971332425593434e-8
4086.0;277.1557432641015;-0.306331824;0.00862418562840304;1.0981750929469392e-13;0.0008771247327118715;9.404507158289465e-16;0.005425379989744018;0.2571652696616335;2.1720855063659748e-14;0.0;0.03424092256129979;1.2262932261599207e-12;1.6811494162733298e-14;-2.497133398851493e-8
4087.0;277.15579509938584;-0.323093728;0.008624185628403041;1.0981752592587422e-13;0.012957003566122493;9.40450789057049e-16;0.005217210000240417;0.2555490578413338;2.1720855792702328e-14;0.0;0.040746867959661384;1.2262933199448314e-12;1.6811499435525027e-14;-2.497132949273762e-8
4088.0;55.3261003927751;-0.34255304;0.008624185602273399;6.185291020497512e-14;0.08917793075211909;0.0;0.0050705999745008085;0.25242275181403034;1.65588886375404e-14;0.0;0.0;8.647703748844427e-13;0.0;-0.01288504059355346
4089.0;55.326932435587196;-0.360711672;0.008624185602277226;6.185300295676548e-14;0.26837760430333263;0.0;0.0047870999854829005;0.24258672010183974;1.6558910776533106e-14;0.0;0.0;8.647712886195802e-13;0.0;-0.1638097962305413
4090.0;55.32773986945284;-0.372080672;0.008624185602280609;6.185308498189414e-14;0.45863569810489985;0.0;0.004587839981437822;0.22120049588802668;1.655893035510374e-14;0.0;0.0;8.64772096681257e-13;0.0;-0.3211206717207631
4091.0;55.32836910846815;-0.37624084;0.008624185602283348;6.185315142493855e-14;0.607702291869067;0.0;0.0043958699851345045;0.22355134890109254;1.6558946214339145e-14;0.0;0.0;8.64772751237134e-13;0.0;-0.4681903543116637
4092.0;-0.0027588730273314264;-0.379984256;0.0;0.0;0.687474772564233;0.0;0.004320766853570796;0.17423608954182915;0.0;0.0;0.0;0.0;0.0;-0.4860363915977825
4093.0;-0.002758857574313568;-0.383454904;0.0;0.0;0.6958330565756045;0.0;0.004174246425894278;0.1694949793991103;0.0;0.0;0.0;0.0;0.0;-0.48603639159778245
4094.0;-0.002758882332355667;-0.382295592;0.0;0.0;0.681922106656792;0.0;0.0043879567758567444;0.18203289929263555;0.0;0.0;0.0;0.0;0.0;-0.48603639159778256
4095.0;-0.0027588385973494924;-0.37547606399999994;0.0;0.0;0.6667969788951831;0.0;0.004587904223752422;0.19013854412571488;0.0;0.0;0.0;0.0;0.0;-0.4860363915977826
4096.0;3.8768905086145273;-0.366163952;0.0;0.0;0.5745936539935049;0.0;0.004706909719360982;0.2714662871698472;0.0;0.0;0.0;0.0;0.0;-0.48603638635764135
4097.0;55.327341767217746;-0.355259288;0.008624185602278534;6.18530346696197e-14;0.40590835934920744;0.0;0.004419359973367984;0.26265875402819266;1.6558918346079047e-14;0.0;0.0;8.647716010354612e-13;0.0;-0.32650596178990315
4098.0;55.32671929926424;-0.347459144;0.008624185602276391;6.185298271593862e-14;0.2121639763177482;0.0;0.004281659973981761;0.24354991586716138;1.6558905945243778e-14;0.0;0.0;8.647710892192149e-13;0.0;-0.12130381237180606
4099.0;277.15610305169696;-0.34286079199999997;0.008624185628403041;1.0981764264992661e-13;0.06152078086995867;9.404513029999539e-16;0.0045683999974516;0.22917543588096195;2.17208609094138e-14;0.0;0.038972752677818995;1.2262939781618097e-12;1.6811536442108986e-14;-2.4971297939717742e-8
4100.0;570.1960996975397;-0.34542383200000004;0.008624185628756414;0.014609999995549964;0.012346346776166289;1.9669355947515123e-15;0.004619430002796439;0.23229357924477623;2.5004639452878355e-14;0.0;0.060529861555775104;2.091361059388201e-12;0.012579649399067949;-1.1317735204714945e-8
4101.0;563.1907517364359;-0.34115987999999997;0.008624185628752676;0.010696925124361163;0.0062508942923714525;1.9178895072967845e-15;0.0038369699893671385;0.23885637549510672;2.4953376769315237e-14;0.0;0.060529861555774715;2.067808971274907e-12;0.01257964939906724;-1.1466953830450612e-8
4102.0;556.086702838304;-0.333047136;0.008624185628748773;4.4102477961535666e-12;0.006495156262563765;1.870430743182963e-15;0.003369600006974982;0.24048891114674992;2.490038169278401e-14;0.0;0.0605298615557743;2.043816496422938e-12;0.012579649399066447;-1.1622572054927882e-8
4103.0;415.130370525897;-0.323275464;0.008624185628640079;2.1215258519971001e-13;0.006495156262526306;1.2495248957820567e-15;0.0029305800088767985;0.2418194282560794;2.3612626425574738e-14;0.0;0.06052986155575726;1.5828833777689909e-12;0.002428973692177446;-1.5906717871852684e-8
4104.0;397.7886097704256;-0.31317531200000004;0.008624185628620698;1.8998382656585386e-13;0.006350818683224913;1.2002796416306993e-15;0.002323079990542295;0.24368868263884938;2.3416659799522283e-14;0.0;0.06052986155575243;1.531880256531035e-12;1.333289828969871e-13;-1.6661189674268034e-8
4105.0;55.32855732853625;-0.22633452800000003;0.008624185612294302;3.869871529695846e-14;0.004663188377884684;0.0;0.0028228499880234414;0.22605729102179528;1.73346068160964e-14;0.0;0.0;6.133005164348902e-13;0.0;-0.016005665493092583
4106.0;174.73345027502015;-0.22320910400000002;0.00862418562831568;5.059550967151975e-14;0.0025980615104042744;0.0;0.0030431699902271855;0.21184606280634158;2.165589973752746e-14;0.0;2.8433562029164845e-14;7.609213174181662e-13;6.040731974828786e-15;-2.743614646785324e-8
4107.0;277.15602735320357;-0.22047280799999996;0.008624185628637844;6.870684825885127e-14;0.0014433670914113055;6.07823113269979e-16;0.0029783700061346017;0.20081828225156043;2.384677596777254e-14;0.0;0.006615371090617829;9.515082653444432e-13;1.0519517094016488e-14;-1.5624455295009033e-8
4108.0;277.1560780229835;-0.21782615200000002;0.008624185628637844;6.870686457527804e-14;0.0005329358855880218;6.078231902381657e-16;0.0031962599890166116;0.19004354276396487;2.3846777094981415e-14;0.0;0.015437138892552127;9.515084198778082e-13;1.0519522268189547e-14;-1.5624450883843986e-8
4109.0;277.15603737663025;-0.21833729600000001;0.008624185628637844;6.870685189087694e-14;0.0004441132379669354;6.078231304029777e-16;0.0034514099931118565;0.19814092121100546;2.3846776218690185e-14;0.0;0.007683768592648741;9.515082997434727e-13;1.0519518245783096e-14;-1.5624454313085844e-8
4110.0;185.20590682694848;-0.220031512;0.008624185628370905;5.1993882045934837e-14;0.011669074554102264;0.0;0.0034991999890083432;0.1959369976326903;2.193303257358311e-14;0.0;3.16642654755357e-14;7.770597556690502e-13;6.315061015773322e-15;-2.5442513114598563e-8
4111.0;55.3289582724524;-0.22534850399999995;0.008624185612295644;3.8698747828951706e-14;0.05797897795097757;0.0;0.003361499981136873;0.19325963808728694;1.7334625974610746e-14;0.0;0.0;6.133009459485267e-13;0.0;-0.038046316377550196
4112.0;55.329441679418274;-0.23793701599999997;0.008624185612296891;3.869877808008287e-14;0.17713454792562225;0.0;0.003210029986895458;0.1876029004544061;1.7334643789850014e-14;0.0;0.0;6.133013453482394e-13;0.0;-0.13880990084257883
4113.0;55.32999672670976;-0.25398886400000004;0.008624185612298203;3.869880989952626e-14;0.3303202924393634;0.0;0.0030196799937244295;0.18884362826738343;1.7334662528636033e-14;0.0;0.0;6.133017654539371e-13;0.0;-0.27700199792335384
4114.0;55.33045873657756;-0.26747867999999997;0.008624185612299294;3.869883637687408e-14;0.45826930577155295;0.0;0.0027677699831861594;0.19078634661990496;1.7334678121370243e-14;0.0;0.0;6.133021150288392e-13;0.0;-0.39315852124709216
4115.0;55.33066454739572;-0.27652933599999996;0.008624185612299768;3.8698847895231226e-14;0.5199122170053012;0.0;0.0030148199970353347;0.1993653236972399;1.7334684904620023e-14;0.0;0.0;6.133022671033065e-13;0.0;-0.4545799262744958
4116.0;50.305134983046756;-0.28112129599999996;0.008624185333204885;3.8319514969960404e-14;0.5450157148368807;0.0;0.0030391199919799577;0.20991967127556926;1.7107720898685864e-14;0.0;0.0;6.082842364609807e-13;0.0;-0.4860359516410756
4117.0;-0.0027530724339133537;-0.281559392;0.0;0.0;0.548737593900008;0.0;0.00277621670851486;0.2160932800864445;0.0;0.0;0.0;0.0;0.0;-0.48603641236512724
4118.0;-0.0027529565493869465;-0.28012115200000004;0.0;0.0;0.5483689122933932;0.0;0.0025431023113167326;0.21525685014121426;0.0;0.0;0.0;0.0;0.0;-0.486036412365127
4119.0;-0.002753143327802035;-0.2775204;0.0;0.0;0.5195742166820594;0.0;0.0029518708552694426;0.2410420017106821;0.0;0.0;0.0;0.0;0.0;-0.48603641236512735
4120.0;44.89668888707366;-0.27379479199999995;0.0;3.7918681328011604e-14;0.468350674411799;0.0;0.003198689987567523;0.2858979058029594;1.6860102780057152e-14;0.0;0.0;6.029605145142308e-13;0.0;-0.486036214864282
4121.0;55.329616292101974;-0.26838270399999997;0.008624185612296439;3.869876711948658e-14;0.36393966269935907;0.0;0.003384989994786743;0.290950606351268;1.7334637335033346e-14;0.0;0.0;6.133012006377475e-13;0.0;-0.3987116024095379
4122.0;55.32910205533082;-0.265308776;0.008624185612295086;3.8698734314796764e-14;0.24339623683566697;0.0;0.0032375699893141497;0.30477818789620653;1.733461801595549e-14;0.0;0.0;6.13300767523704e-13;0.0;-0.2949177385966348
4123.0;55.32865235874699;-0.258002296;0.008624185612294038;3.869870887524921e-14;0.11706823837638394;0.0;0.002766959987973591;0.3021742923206686;1.7334603034260972e-14;0.0;0.0;6.13300431650325e-13;0.0;-0.1728150983037499
4124.0;55.32836811532902;-0.25708617599999994;0.008624185612293412;3.8698693691170495e-14;0.030666016915136318;0.0;0.0031670999864885866;0.29468911511681123;1.7334594092137647e-14;0.0;0.0;6.133002311778303e-13;0.0;-0.08023904588283304
4125.0;55.32829066275234;-0.255722576;0.008624185612293223;3.8698689089427826e-14;0.009781594223960495;0.0;0.0027872099953585466;0.2939952857453053;1.7334591382100494e-14;0.0;0.0;6.133001704217245e-13;0.0;-0.059643544991596645
4126.0;55.328291148268406;-0.253936312;0.008624185612293238;3.869868947850927e-14;0.007438896426807913;0.0;0.002740229993474922;0.2920199182348289;1.7334591611237198e-14;0.0;0.0;6.133001755588263e-13;0.0;-0.0570644752095887
4127.0;55.328271786267315;-0.250518488;0.00862418561229316;3.869868760434903e-14;0.0074499994131426925;0.0;0.002911139987181212;0.29641960272812123;1.733459050751694e-14;0.0;0.0;6.133001508146488e-13;0.0;-0.06506434837606191
4128.0;55.328278397324326;-0.24465747200000004;0.00862418561229319;3.869868828946703e-14;0.007438896426807913;0.0;0.003070709984376712;0.2953584535078659;1.7334590910992862e-14;0.0;0.0;6.13300159860179e-13;0.0;-0.07001252480091982
4129.0;277.1560662317791;-0.246890232;0.008624185628667014;6.359955561704063e-14;0.006972578459655649;5.648936047884509e-16;0.0005702399947733353;0.19704712283279752;2.4185934792007976e-14;0.0;0.033682971096361584;9.060471818299109e-13;9.737808101948807e-15;-1.4463453526734462e-8
4130.0;277.1560690227578;-0.24129071199999996;0.008624185628667014;6.359955679894359e-14;0.006139865672061537;5.648936104103912e-16;0.0005686200043489343;0.1958880216528757;2.418593487851863e-14;0.0;0.030077046103363394;9.060471938059352e-13;9.737808476763406e-15;-1.4463453207188223e-8
4131.0;277.1560650359605;-0.238543544;0.008624185628667014;6.359955608456731e-14;0.005151712318837673;5.648936070122056e-16;0.0008083799977483119;0.19596964828593122;2.4185934826227728e-14;0.0;0.0279966877331219;9.060471865671743e-13;9.737808250212853e-15;-1.4463453400331078e-8
4132.0;277.1560592267009;-0.23999183200000002;0.008624185628667014;6.359955467278326e-14;0.004541058014881981;5.648936002967148e-16;0.0013616100063453974;0.1966879641520864;2.4185934722889928e-14;0.0;0.02878404274271603;9.060471722620162e-13;9.737807802499731e-15;-1.4463453782028996e-8
4133.0;277.1560810964623;-0.245491872;0.008624185628667014;6.359955890541233e-14;0.009259760082077207;5.648936204305655e-16;0.0015211800035409442;0.19573293105007036;2.418593503270461e-14;0.0;0.03036069640194307;9.06047215150297e-13;9.737809144782837e-15;-1.4463452637671573e-8
4134.0;277.1562610969757;-0.25937266400000003;0.008624185628667014;6.359959609600197e-14;0.04283471715367647;5.648937973390733e-16;0.0017479799972971572;0.1840684582716359;2.4185937754924502e-14;0.0;0.022103650739040602;9.060475919948623e-13;9.73782093895504e-15;-1.4463442582630736e-8
4135.0;55.33503210885165;-0.272670992;0.008624185613556082;3.582267249513966e-14;0.14131681993393502;0.0;0.002064689984380326;0.16260060742464533;1.7497452774811715e-14;0.0;0.0;5.766434891965469e-13;0.0;-0.04214413568137844
4136.0;55.33572468826263;-0.296237792;0.008624185613557728;3.582271252249028e-14;0.3110679863644232;0.0;0.0022112999819326948;0.15122183085243934;1.7497480029387404e-14;0.0;0.0;5.766440368134802e-13;0.0;-0.17710320058919005
4137.0;55.33644759478599;-0.31332838399999996;0.008624185613559342;3.5822751763953887e-14;0.5042683292807639;0.0;0.0023538599907160693;0.14809552482534652;1.74975067487526e-14;0.0;0.0;5.766445736785132e-13;0.0;-0.3502386175616508
4138.0;-0.002790506029663612;-0.32803864800000004;0.0;0.0;0.6563455191120102;0.0;0.0022400350571814684;0.15550357910239118;0.0;0.0;0.0;0.0;0.0;-0.48603641485397403
4139.0;-0.002752098404727208;-0.338995712;0.0;0.0;0.724231029903348;0.0;0.0024424493608540907;0.09836999191954203;0.0;0.0;0.0;0.0;0.0;-0.4860364148539475
4140.0;-0.002752198597401645;-0.341327104;0.0;0.0;0.7158316255577319;0.0;0.0026350934378206255;0.10890813234606322;0.0;0.0;0.0;0.0;0.0;-0.4860364148539476
4141.0;-0.0027522081238533862;-0.33940860799999995;0.0;0.0;0.7061721178033279;0.0;0.002655329727434848;0.11662890664358057;0.0;0.0;0.0;0.0;0.0;-0.48603641485394766
4142.0;-0.0027522151115066495;-0.33815024000000005;0.0;0.0;0.6880683170405667;0.0;0.0026707093821509388;0.13345895886994966;0.0;0.0;0.0;0.0;0.0;-0.4860364148539476
4143.0;-0.002752374112484166;-0.33417952;0.0;0.0;0.6687903768711013;0.0;0.003124838265684075;0.14831202750463207;0.0;0.0;0.0;0.0;0.0;-0.486036414853948
4144.0;-0.002752306686421055;-0.32758032800000003;0.0;0.0;0.5886003143903505;0.0;0.0038890714555468277;0.22113863619295804;0.0;0.0;0.0;0.0;0.0;-0.4860364148539481
4145.0;55.33577334214148;-0.318822528;0.008624185613557036;3.582269567799754e-14;0.4632766817543326;0.0;0.0041147999898919095;0.2545287219375064;1.7497468560005165e-14;0.0;0.0;5.766438063628227e-13;0.0;-0.4119553973611841
4146.0;55.335220240094465;-0.310845752;0.00862418561355573;3.582266395565175e-14;0.32685621042524987;0.0;0.0039665699892070996;0.2642668016900305;1.749744696027e-14;0.0;0.0;5.766433723673149e-13;0.0;-0.29309585207580063
4147.0;55.33465411308979;-0.299761488;0.008624185613554432;3.5822632418268465e-14;0.1813425200798121;0.0;0.0038191499964424936;0.2710581525129165;1.7497425486411285e-14;0.0;0.0;5.766429409018424e-13;0.0;-0.16530369813309645
4148.0;55.33439579351445;-0.286568448;0.008624185613554077;3.582262375870648e-14;0.07164656145528457;0.0;0.0040491899837554485;0.2384400781711301;1.7497419590088952e-14;0.0;0.0;5.76642822429623e-13;0.0;-0.036404648675781484
4149.0;277.1559244282372;-0.27835857599999997;0.008624185628667012;6.359950938901004e-14;0.018375183828044775;5.648933848905832e-16;0.003821579991043142;0.233599608364193;2.418593140826816e-14;0.0;0.013940575378276285;9.060467134107649e-13;9.737793441775112e-15;-1.4463466025223902e-8
4150.0;277.1558041850066;-0.27509083200000006;0.008624185628667012;6.359947958395824e-14;0.007039193891550044;5.648932431135226e-16;0.0034562699899805863;0.24941072307344794;2.4185929226633418e-14;0.0;0.006561995795837467;9.060464114019534e-13;9.737783989789047e-15;-1.4463474083519754e-8
4151.0;269.0525913241049;-0.266951312;0.008624185628653577;6.18480073107053e-14;0.00683934386669159;5.564534949699806e-16;0.003035070001508854;0.24874954585043063;2.405149220160992e-14;0.0;3.3266765237592676e-13;8.881204790828322e-13;9.198260076595679e-15;-1.4967691829808297e-8
4152.0;211.17262803426453;-0.25035668;0.00862418562851833;5.168210928347794e-14;0.006528463978453038;5.027823452820851e-16;0.0030731400045951873;0.23470973356427216;2.2916008592522972e-14;0.0;4.0859017926858586e-14;7.767838917942044e-13;6.59021807896649e-15;-1.9972083633385653e-8
4153.0;418.38084493342444;-0.24604223200000003;0.008624185628755393;1.5425857647588184e-13;0.005884499472499896;9.27501731098835e-16;0.0010448999980090723;0.164535163113989;2.5106755062112526e-14;0.0;0.06052986155576757;1.4538615040478876e-12;0.012579649398558405;-1.1954589610809285e-8
4154.0;420.1213614707225;-0.244028128;0.008624185628756683;1.5613260372885058e-13;0.004585468717188365;9.315356820896138e-16;0.0011210399927434579;0.16331892478619556;2.5123803996005304e-14;0.0;0.06052986155576785;1.460562157903624e-12;0.012579649398746066;-1.1896503868349128e-8
4155.0;549.7571817832259;-0.241940984;0.008624185628827634;1.658415095523612e-12;0.0036195225797156553;1.3760340571330022e-15;0.0011388600022105605;0.15314005971991065;2.6155519141638112e-14;0.0;0.06052986155577885;2.039672904221725e-12;0.01257964939907066;-8.745064694931329e-9
4156.0;563.191186475272;-0.24010947199999996;0.008624185628832947;0.004950748415605813;0.0036639332819995256;1.4472095835131922e-15;0.0010651500058613454;0.14891995381934073;2.624084063260788e-14;0.0;0.06052986155577942;2.103349766037398e-12;0.012579649399071776;-8.511968153702273e-9
4157.0;598.4753106740252;-0.24257544000000003;0.008624185628845642;0.014609999999368182;0.004352308490303226;1.6730131069157583e-15;0.0010797299960085655;0.1395736848960183;2.644961279129433e-14;0.0;0.06052986155578069;2.265800650688951e-12;0.012579649399073925;-7.956507966513236e-9
4158.0;717.0094144677436;-0.252834528;0.008624185628878449;0.014609999999854635;0.018042099210297355;3.36772668589437e-15;0.0010675799917875834;0.12721538573661523;2.7023057757239365e-14;0.0;0.060529861555783465;2.717404704837232e-12;0.012579649399077462;-6.52908525229645e-9
4159.0;415.12112642810473;-0.269559;0.008624185628752895;1.5080187543969254e-13;0.08423717144534641;9.198934287448397e-16;0.0008124299996289361;0.11431834930376572;2.507390659145358e-14;0.0;0.060529861555767006;1.4411677305106561e-12;0.0005841960762414748;-1.2067141951159227e-8
4160.0;92.40907816376368;-0.288500056;0.008624185626641988;4.7433401511942246e-14;0.21905883511688262;0.0;0.0007257599972062845;0.11053902871687486;1.8509044940133715e-14;0.0;1.7906886164938107e-14;7.191930636484636e-13;0.0;-0.04977580515461212
4161.0;92.40972017477652;-0.304610088;0.008624185626642017;4.743345303318558e-14;0.3840024755894974;0.0;0.0006763499842702341;0.1059516014722878;1.850906352668942e-14;0.0;1.7906935734486047e-14;7.191936769598744e-13;0.0;-0.19397985671289494
4162.0;92.41017082657372;-0.31527371200000004;0.008624185626642035;4.743348625123387e-14;0.5131283880703733;0.0;0.0006002100022516749;0.1105471898849133;1.8509075510235496e-14;0.0;1.79069676942765e-14;7.191940723889133e-13;0.0;-0.3169685280933241
4163.0;92.41045121411425;-0.324608912;0.008624185626642047;4.7433507199336504e-14;0.5924803114105507;0.0;0.00045440998720437756;0.11330617606325655;1.8509083067333742e-14;0.0;1.7906987848927693e-14;7.191943217559507e-13;0.0;-0.3896025779469966
4164.0;92.41054560427402;-0.32998227199999997;0.00862418562664205;4.743351290831333e-14;0.62666592527222;0.0;0.00037097999744448645;0.12094644686045375;1.850908512686443e-14;0.0;1.7906993341671714e-14;7.191943897157656e-13;0.0;-0.4259738954772586
4165.0;92.41050200287235;-0.330766288;0.008624185626642047;4.743350656828413e-14;0.6308294867240761;0.0;0.0002794499920232447;0.1344475218731704;1.850908283967934e-14;0.0;1.7906987241778335e-14;7.191943142439099e-13;0.0;-0.44276424598842185
4166.0;92.41042050295304;-0.329783896;0.008624185626642042;4.7433497266490316e-14;0.6248894735628553;0.0;0.0002510999943928956;0.1479894087071476;1.8509079484028526e-14;0.0;1.790697829230621e-14;7.191942035150316e-13;0.0;-0.4513209425509815
4167.0;92.4101661444661;-0.32521391200000005;0.008624185626642028;4.7433473002147903e-14;0.5772694351807898;0.0;0.00031022998799825247;0.1606334010822476;1.8509070730577102e-14;0.0;1.790695494704067e-14;7.191939146712131e-13;0.0;-0.4209735123508395
4168.0;92.40986956584234;-0.31862029599999997;0.008624185626642016;4.7433449905736855e-14;0.4973734729685511;0.0;0.00032885999225054955;0.15971918279202643;1.8509062398448992e-14;0.0;1.7906932725504185e-14;7.19193639730543e-13;0.0;-0.34677178022271926
4169.0;92.40941174400969;-0.310434712;0.008624185626641995;4.7433414676458687e-14;0.373488095454262;0.0;0.00031589999260751085;0.16029057071868183;1.850904968930719e-14;0.0;1.7906898830747437e-14;7.191932203593816e-13;0.0;-0.2316242870237849
4170.0;92.40895651845192;-0.3022217199999999;0.008624185626641976;4.7433379812521315e-14;0.24932514949688922;0.0;0.0003231899876411697;0.15989875988948132;1.8509037111933485e-14;0.0;1.790686528756951e-14;7.191928053373291e-13;0.0;-0.11528361710006668
4171.0;277.1566990234186;-0.292140784;0.00862418562858439;7.80661701114883e-14;0.12491793908352317;6.855660030750916e-16;0.00030861000305629373;0.1560623006596134;2.327389393588722e-14;0.0;0.002232667176932889;1.027289804009966e-12;1.1952041660886229e-14;-1.999363334383135e-8
4172.0;563.1912983631095;-0.283246144;0.008624185628832947;0.0075525580000806196;0.04059194623358766;1.4472099799982678e-15;0.00024543000936626936;0.15334412779781695;2.6240841076284456e-14;0.0;0.06052986155577942;2.1033501019984582e-12;0.012579649399071776;-8.511966951014882e-9
4173.0;729.0963917817257;-0.28007531199999997;0.008624185628881158;0.014609999999865264;0.01101400706189776;3.720222450065953e-15;0.0002640600012180961;0.16570242695722692;2.70727034163308e-14;0.0;0.060529861555783666;2.7541419203246614e-12;0.012579649399077674;-6.411658957753461e-9
4174.0;638.0185575406683;-0.275110632;0.008624185628858066;0.014609999999701171;0.007627643465953163;2.0229608837085904e-15;0.00027539999758005677;0.17061636073403388;2.6660866684495786e-14;0.0;0.06052986155578182;2.434935523993402e-12;0.012579649399075524;-7.414708275896369e-9
4175.0;563.1910956591664;-0.266239056;0.008624185628832947;0.00731894064737573;0.007372278509415601;1.447208881726779e-15;0.00023571000327986608;0.16980009290820994;2.6240839847295206e-14;0.0;0.06052986155577942;2.1033491713797373e-12;0.012579649399071776;-8.511970282484695e-9
4176.0;525.4714126258154;-0.25668390399999996;0.008624185628817298;5.926403436211147e-13;0.007361176766132403;1.263733694884236e-15;0.000210599999108796;0.1707061500303914;2.5992988088823027e-14;0.0;0.060529861555777664;1.9242491191500894e-12;0.012579649399067961;-9.199439616611121e-9
4177.0;0.0005630830501876947;-0.288694016;0.0;0.0;0.0005813154609720306;0.0;0.007680116166164499;0.44535132144838513;0.0;0.0;0.0;0.0;0.0;-0.16494578593234815
4178.0;0.0005631933718889185;-0.285921488;0.0;0.0;0.00027743002365307224;0.0;0.007288903531256523;0.4363777042887286;0.0;0.0;0.0;0.0;0.0;-0.15804960418059588
4179.0;0.0005631574237021399;-0.283418928;0.0;0.0;0.0002585819155090854;0.0;0.006608814689947582;0.43789321992755365;0.0;0.0;0.0;0.0;0.0;-0.16136874019699748
4180.0;0.0005632140922083616;-0.28298816;0.0;0.0;0.0002581015924173565;0.0;0.006062969458881407;0.4349006282032348;0.0;0.0;0.0;0.0;0.0;-0.15826059390604105
4181.0;0.0005633611132721847;-0.290461592;0.0;0.0;0.0002587632815470751;0.0;0.005273791418633743;0.43524684092284965;0.0;0.0;0.0;0.0;0.0;-0.15034486613999806
4182.0;0.0005637079951884207;-0.307628088;0.0;0.0;0.0002815647230933691;0.0;0.004083807307794491;0.4361693790895844;0.0;0.0;0.0;0.0;0.0;-0.13293374508328787
4183.0;0.0005642497940163947;-0.323618728;0.0;0.0;0.011299085822308918;0.0;0.004235726504076954;0.42214366704651807;0.0;0.0;0.0;0.0;0.0;-0.11408686281172128
4184.0;0.0005631144383358132;-0.33591121599999996;0.0;0.0;0.08843718874928817;0.0;0.005146295520145164;0.4063263890098652;0.0;0.0;0.0;0.0;0.0;-0.16402570772115585
4185.0;0.0005614102781477373;-0.347942552;0.0;0.0;0.26284954744104;0.0;0.005542869821309152;0.369317984470198;0.0;0.0;0.0;0.0;0.0;-0.28979480861899454
4186.0;0.000552402711682345;-0.35823311999999996;0.0;0.0;0.44955501604466047;0.0;0.005609873092622555;0.35386965527680825;0.0;0.0;0.0;0.0;0.0;-0.4508278928230219
4187.0;0.0005474712114038375;-0.366233136;0.0;0.0;0.5596694229187792;0.0;0.003971022974482853;0.26468199506822654;0.0;0.0;0.0;0.0;0.0;-0.46211550140931484
4188.0;0.0005474874499577226;-0.370579248;0.0;0.0;0.5688323633332791;0.0;0.002909433507682622;0.26089355068615244;0.0;0.0;0.0;0.0;0.0;-0.46208229610805546
4189.0;0.0005474947450016082;-0.36694799999999994;0.0;0.0;0.562664375931829;0.0;0.0046272601821442695;0.2617066975208171;0.0;0.0;0.0;0.0;0.0;-0.4620765312327596
4190.0;0.0005474979240912921;-0.367120912;0.0;0.0;0.5538971520238382;0.0;0.005396258449616584;0.2698741204295843;0.0;0.0;0.0;0.0;0.0;-0.4620728168023559
4191.0;0.0005474109660172483;-0.362635544;0.0;0.0;0.5245370756792666;0.0;0.006667430770763371;0.293620660320037;0.0;0.0;0.0;0.0;0.0;-0.4622158165532452
4192.0;0.0005583591921063528;-0.35405212;0.0;0.0;0.4210932571598399;0.0;0.007626868679177306;0.33075142910353966;0.0;0.0;0.0;0.0;0.0;-0.4054462282402917
4193.0;0.000562089768777578;-0.34330363999999997;0.0;0.0;0.2614329015104165;0.0;0.007644380868860051;0.3113613451839014;0.0;0.0;0.0;0.0;0.0;-0.23716198341809017
4194.0;0.0005665687555462377;-0.33085827199999995;0.0;0.0;0.10640122955645694;0.0;0.008159856730126239;0.284110364428765;0.0;0.0;0.0;0.0;0.0;-0.06784041652400395
4195.0;16.29292743593669;-0.32965804;0.0;0.0;0.023438073497237477;0.0;0.009749969972976369;0.2957829134946449;1.5529797937942455e-14;0.0;0.0;0.0;0.0;-2.274117980095424e-7
4196.0;0.0007381713150903708;-0.32894024;0.0;0.0;0.004655168077771907;0.0;0.008764966985131897;0.31763109137383944;0.0;0.0;0.0;0.0;0.0;-0.0021474843699849505
4197.0;0.0005735955345529588;-0.322277736;0.0;0.0;0.002244803846602435;0.0;0.008325889514788777;0.34148770587037985;0.0;0.0;0.0;0.0;0.0;-0.029808280615708616
4198.0;0.000568297765269188;-0.311618848;0.0;0.0;0.001605704212309629;0.0;0.008003114980940541;0.3536562113676016;0.0;0.0;0.0;0.0;0.0;-0.0516735134439808
4199.0;0.0005661482723948336;-0.3016065519999999;0.0;0.0;0.0005017754872160016;0.0;0.008163679169393707;0.36597120199535504;0.0;0.0;0.0;0.0;0.0;-0.07305731937334092
4200.0;0.0005650881034778292;-0.29231612800000006;0.0;0.0;0.00027893101091904237;0.0;0.007632339236669982;0.37570474893601974;0.0;0.0;0.0;0.0;0.0;-0.0913270480315392
4201.0;0.0008203856052669662;-0.272749304;0.0;0.0;0.00016579653786480118;0.0;0.0010648115846577577;0.3665733443339531;0.0;0.0;0.0;0.0;0.0;-0.09509451366779456
4202.0;0.0008185238321255688;-0.208521152;0.0;0.0;0.00019808905092867887;0.0;0.00048964744372999;0.3290787415495949;0.0;0.0;0.0;0.0;0.0;-0.12128523284403869
4203.0;0.0008190250832624834;-0.208280616;0.0;0.0;0.0001658048979064664;0.0;0.0010227641889540276;0.3272334822588034;0.0;0.0;0.0;0.0;0.0;-0.12018123441232155
4204.0;0.0008206464174476296;-0.261180224;0.0;0.0;0.00016578218019405616;0.0;0.0004497019737666813;0.34927605089756786;0.0;0.0;0.0;0.0;0.0;-0.08875118212548559
4205.0;0.000821027226085955;-0.25955596;0.0;0.0;0.00016578203759922214;0.0;0.0005008252646183968;0.3433029474446277;0.0;0.0;0.0;0.0;0.0;-0.08445348551952521
4206.0;0.0008205080504324841;-0.260996456;0.0;0.0;0.00020887194000311635;0.0;0.00037459036778942067;0.34388683411433824;0.0;0.0;0.0;0.0;0.0;-0.08351386606321541
4207.0;0.0007348589519853242;-0.26544089600000004;0.0;0.0;0.00036812784228772334;0.0;0.0012074346050875184;0.35127209009947546;0.0;0.0;0.0;0.0;0.0;-0.0874417011273266
4208.0;0.0007342167199409452;-0.272330304;0.0;0.0;0.009520656004209063;0.0;0.002410990694067048;0.3577726389735931;0.0;0.0;0.0;0.0;0.0;-0.09740889465454484
4209.0;0.0007314820613883272;-0.283399792;0.0;0.0;0.0981055853570448;0.0;0.0031362511358098174;0.3530205323470422;0.0;0.0;0.0;0.0;0.0;-0.17089734249092914
4210.0;0.0007292244672867133;-0.29771204799999995;0.0;0.0;0.2275834075093015;0.0;0.0036457424705240928;0.35136666901399394;0.0;0.0;0.0;0.0;0.0;-0.28491841473718765
4211.0;0.0007260076802614414;-0.3071470399999999;0.0;0.0;0.34328265583771267;0.0;0.0036790679243188843;0.34579643182229935;0.0;0.0;0.0;0.0;0.0;-0.3856455849308609
4212.0;0.0007228575485382353;-0.312505704;0.0;0.0;0.4031422581586002;0.0;0.004005566120510751;0.3269762465760046;0.0;0.0;0.0;0.0;0.0;-0.42165266513500776
4213.0;0.0007225744020032557;-0.31771309600000003;0.0;0.0;0.4127639383089518;0.0;0.004202765768609699;0.3244110313604037;0.0;0.0;0.0;0.0;0.0;-0.42369892238308204
4214.0;0.0007230580069673028;-0.316152616;0.0;0.0;0.3669382721618004;0.0;0.005314162382668677;0.36400787295262865;0.0;0.0;0.0;0.0;0.0;-0.42014200105851346
4215.0;0.0007260596244021638;-0.3110147999999999;0.0;0.0;0.2879465974312938;0.0;0.005756565451885779;0.4020852890028743;0.0;0.0;0.0;0.0;0.0;-0.38480812464793135
4216.0;0.0007294129426953933;-0.302647632;0.0;0.0;0.1683587583778719;0.0;0.0054854551238892385;0.4043923146120382;0.0;0.0;0.0;0.0;0.0;-0.2756235506185237
4217.0;0.0007309157474181067;-0.306003768;0.0;0.0;0.04936015375107794;0.0;0.0059235539513644376;0.44742900581917844;0.0;0.0;0.0;0.0;0.0;-0.19674368143150783
4218.0;0.0007312315288535204;-0.32116949599999994;0.0;0.0;0.005962740572700561;0.0;0.0062297720453149815;0.4909029353026018;0.0;0.0;0.0;0.0;0.0;-0.18196070497867126
4219.0;0.0007367110957582158;-0.322481872;0.0;0.0;0.0003245034678895401;0.0;0.005464657448883906;0.5286047143937493;0.0;0.0;0.0;0.0;0.0;-0.21194716320517396
4220.0;0.0008156701793007936;-0.31984223999999994;0.0;0.0;0.0002197381275189075;0.0;0.005242850637776525;0.5281224328828373;0.0;0.0;0.0;0.0;0.0;-0.21378261010540475
4221.0;0.0008161200023282094;-0.31417584800000004;0.0;0.0;0.0001981206988503611;0.0;0.005309925715421544;0.5259643539906701;0.0;0.0;0.0;0.0;0.0;-0.2173363508790114
4222.0;0.0008164193105924696;-0.30714037599999994;0.0;0.0;0.00017657216615086686;0.0;0.005077271264937625;0.5233139795423883;0.0;0.0;0.0;0.0;0.0;-0.2214671801649948
4223.0;0.0008165763912320006;-0.301703512;0.0;0.0;0.00017657123901364076;0.0;0.005246854765850411;0.5099189169788404;0.0;0.0;0.0;0.0;0.0;-0.213678571816242
4224.0;0.0008164236283330415;-0.294711416;0.0;0.0;0.00018734131864645478;0.0;0.00532385750470285;0.5016635889796496;0.0;0.0;0.0;0.0;0.0;-0.2125031561529331
4225.0;0.0004879938057114048;-0.3596599100000001;0.0;0.0;0.0001744711482948135;0.0;0.008867587940251631;0.5556028472596758;0.0;0.0;0.0;0.0;0.0;-0.20500682538531942
4226.0;0.0004882889891061198;-0.356476928;0.0;0.0;0.00016343721422908488;0.0;0.008723993912829608;0.5567096796464731;0.0;0.0;0.0;0.0;0.0;-0.20914198215060806
4227.0;0.0004882600450549454;-0.35405402900000005;0.0;0.0;0.0001634373108059846;0.0;0.00877497452666723;0.5557064087805303;0.0;0.0;0.0;0.0;0.0;-0.21061258964216795
4228.0;0.0004879233662956414;-0.35073378200000005;0.0;0.0;0.00017447131834861387;0.0;0.00841225855923235;0.5506086297477883;0.0;0.0;0.0;0.0;0.0;-0.2084834033517899
4229.0;0.00048783148288151693;-0.352197592;0.0;0.0;0.00017447156960710073;0.0;0.008085681441820628;0.5570403446264104;0.0;0.0;0.0;0.0;0.0;-0.21312472705704488
4230.0;0.0004877493516546532;-0.35815668;0.0;0.0;0.00017447192927914196;0.0;0.008805619082300885;0.5666199480206495;0.0;0.0;0.0;0.0;0.0;-0.21746517665744572
4231.0;0.00048328820063471664;-0.373889865;0.0;0.0;0.00022980658711687412;0.0;0.008436979830003015;0.5789618858794963;0.0;0.0;0.0;0.0;0.0;-0.21376050186565868
4232.0;0.0004357269533461648;-0.394445276;0.0;0.0;0.00551112636777163;0.0;0.008502048048057265;0.5841070258449719;0.0;0.0;0.0;0.0;0.0;-0.2036933351568228
4233.0;0.00043585649708126155;-0.4040437400000001;0.0;0.0;0.0250000180198342;0.0;0.006844790254895961;0.5686062761086763;0.0;0.0;0.0;0.0;0.0;-0.19642576218299224
4234.0;0.0004350123785453265;-0.4106311490000001;0.0;0.0;0.08654395572798561;0.0;0.006841314337620163;0.5600524145646653;0.0;0.0;0.0;0.0;0.0;-0.24282491534695824
4235.0;0.0004334973603256809;-0.417793305;0.0;0.0;0.17713348331780127;0.0;0.006952096251699459;0.5606288379931744;0.0;0.0;0.0;0.0;0.0;-0.32693942382403846
4236.0;0.0004324364394834543;-0.42294146099999996;0.0;0.0;0.23465514439013677;0.0;0.007306994482722129;0.561754610207143;0.0;0.0;0.0;0.0;0.0;-0.3807935663102833
4237.0;0.0004317980520600016;-0.423283446;0.0;0.0;0.2502823227579281;0.0;0.007357306328893352;0.5624717370207496;0.0;0.0;0.0;0.0;0.0;-0.39684616915831045
4238.0;0.0004327979938334519;-0.41974943500000006;0.0;0.0;0.2183437293540926;0.0;0.007478141928082804;0.5640147649649769;0.0;0.0;0.0;0.0;0.0;-0.37010549611818966
4239.0;0.0004337662486422598;-0.4159776070000001;0.0;0.0;0.16366900646180288;0.0;0.006962113166390264;0.5590295133378804;0.0;0.0;0.0;0.0;0.0;-0.3137013493956923
4240.0;0.00043516772633188914;-0.409494434;0.0;0.0;0.08793898755165565;0.0;0.007053751918403997;0.5483422983175791;0.0;0.0;0.0;0.0;0.0;-0.23385899054088907
4241.0;0.00043629926520799567;-0.40671898700000003;0.0;0.0;0.026841483257619307;0.0;0.006932047802381505;0.5486927584754547;0.0;0.0;0.0;0.0;0.0;-0.17576574030426767
4242.0;0.00043668599163082446;-0.40915832900000004;0.0;0.0;0.007761558379356226;0.0;0.006837129512772513;0.5548470413555866;0.0;0.0;0.0;0.0;0.0;-0.1603058541224116
4243.0;0.0004367627229368396;-0.41005859200000006;0.0;0.0;0.00035802857488422045;0.0;0.006532324597109623;0.5594807166959641;0.0;0.0;0.0;0.0;0.0;-0.15633093503102
4244.0;0.00048630660487362;-0.40437324700000005;0.0;0.0;0.00021874799485688528;0.0;0.004731285530721225;0.5504543555956175;0.0;0.0;0.0;0.0;0.0;-0.1510529935983456
4245.0;0.0004884257214292727;-0.394428435;0.0;0.0;0.0001966026617534138;0.0;0.004499155704862839;0.5394282660304509;0.0;0.0;0.0;0.0;0.0;-0.1497175144167751
4246.0;0.0004881336326494794;-0.382043012;0.0;0.0;0.00019660336284864807;0.0;0.004398245353324437;0.5369710356504127;0.0;0.0;0.0;0.0;0.0;-0.1595447837296473
4247.0;0.0004880419148593554;-0.372272161;0.0;0.0;0.00019660385250844098;0.0;0.005013642200026923;0.5300313380912897;0.0;0.0;0.0;0.0;0.0;-0.16299133033619428
4248.0;0.0004878925649064985;-0.36338778000000005;0.0;0.0;0.00019660435681142295;0.0;0.005375441944485424;0.5264710813269293;0.0;0.0;0.0;0.0;0.0;-0.16867724790684863
4249.0;56.462988250097354;-0.321615815;0.008624185614554048;3.686130164266503e-14;0.0001943467806976024;0.0;0.006204599988361728;0.40593341456718235;2.0098780157601967e-14;0.0;0.0;5.995675817252012e-13;0.0;-0.09935206561290305
4250.0;56.46294254029501;-0.316849882;0.008624185614553878;3.68612966627223e-14;0.00019434678069760143;0.0;0.0073896299859361175;0.4163503783840018;2.0098775982026546e-14;0.0;0.0;5.995675120231371e-13;0.0;-0.11572380494341915
4251.0;56.46287577811726;-0.317634305;0.008624185614553631;3.686128941645292e-14;0.00020577773968020983;0.0;0.008163989983690941;0.43119328909543747;2.009876990618421e-14;0.0;0.0;5.995674106002474e-13;0.0;-0.13057355102674312
4252.0;56.46280963219071;-0.31911862100000005;0.008624185614553387;3.6861282263124634e-14;0.00019434678069759866;0.0;0.008693729991353693;0.44571645526207565;2.009876390826447e-14;0.0;0.0;5.995673104783061e-13;0.0;-0.14413606582518135
4253.0;56.46277520241344;-0.322095011;0.00862418561455326;3.686127854907278e-14;0.0001829132618764523;0.0;0.009156239989746844;0.4531968101579931;2.0098760794106773e-14;0.0;0.0;5.995672584943473e-13;0.0;-0.1490938700565555
4254.0;56.46268223859444;-0.33034808300000007;0.008624185614552917;3.686126849994309e-14;0.00018291326187645036;0.0;0.009438120001052656;0.47347538892056307;2.0098752368107396e-14;0.0;0.0;5.995671178410729e-13;0.0;-0.16140875258635615
4255.0;56.46256282494374;-0.349557912;0.008624185614552473;3.68612555338054e-14;0.0002743698931722056;0.0;0.009457559987809701;0.4997197431563259;2.009874149623996e-14;0.0;0.0;5.995669363596111e-13;0.0;-0.16856389639977523
4256.0;56.462571555303;-0.3727372080000001;0.008624185614552375;3.686125267425818e-14;0.00507584239623994;0.0;0.009501299996137153;0.5168850136067108;2.0098739098561636e-14;0.0;0.0;5.995668963357533e-13;0.0;-0.167401788776304
4257.0;56.462939576594216;-0.3849412040000001;0.008624185614553128;3.686127473380156e-14;0.02732266571907469;0.0;0.009497249981952165;0.5261155553343609;2.0098757595077035e-14;0.0;0.0;5.995672050936349e-13;0.0;-0.18667609245012562
4258.0;56.463918558192105;-0.39144016500000006;0.00862418561455532;3.686133881909082e-14;0.07970444713398327;0.0;0.009523169993947169;0.5234482049774989;2.009881132916543e-14;0.0;0.0;5.995681020670946e-13;0.0;-0.2299201886875767
4259.0;56.465222928416196;-0.39554849100000006;0.008624185614558225;3.686142390583788e-14;0.14987454141603818;0.0;0.009515069990993335;0.5213951053439579;2.0098882671981882e-14;0.0;0.0;5.995692929880772e-13;0.0;-0.29392494613233205
4260.0;56.46626938256927;-0.40023695500000006;0.008624185614560508;3.68614908210764e-14;0.20784660701905136;0.0;0.009349019981266058;0.5266288294720621;2.0098938778080963e-14;0.0;0.0;5.995702295697364e-13;0.0;-0.35228223316383384
4261.0;56.46691817841596;-0.39971867600000005;0.008624185614561904;3.6861531745577094e-14;0.24445212017540105;0.0;0.009282599992624797;0.5329395909390626;2.009897309166777e-14;0.0;0.0;5.995708023709073e-13;0.0;-0.3956552405334151
4262.0;56.46675788678174;-0.39564885699999996;0.00862418561456151;3.686152017749298e-14;0.23721561534405347;0.0;0.008988569989595734;0.5388548773487615;2.0098963392299368e-14;0.0;0.0;5.995706404578505e-13;0.0;-0.3981114805292479
4263.0;56.466053060424294;-0.39100748900000004;0.008624185614559934;3.686147398852204e-14;0.19960407924345042;0.0;0.008474219992628833;0.5408238352224084;2.0098924664605394e-14;0.0;0.0;5.995699939722578e-13;0.0;-0.36659402714696376
4264.0;56.464997748426136;-0.38375500200000007;0.008624185614557698;3.6861408472180034e-14;0.1386825369611691;0.0;0.008461259992985219;0.5255770351235446;2.0098869731343813e-14;0.0;0.0;5.995690769701705e-13;0.0;-0.2976552972865596
4265.0;56.463798932834926;-0.37890040700000005;0.008624185614555092;3.6861332207833616e-14;0.07175915245015409;0.0;0.008819279986310751;0.5176843780514411;2.0098805785788707e-14;0.0;0.0;5.99568009532364e-13;0.0;-0.22804423364232917
4266.0;56.462954232992345;-0.37729787400000003;0.008624185614553314;3.6861280163001916e-14;0.022498328738203198;0.0;0.008852489993339275;0.5034893707597263;2.0098762147353253e-14;0.0;0.0;5.995672810837192e-13;0.0;-0.16621543787276766
4267.0;56.46255292690758;-0.37822924900000005;0.008624185614552374;3.6861252614826384e-14;0.0026408100679600724;0.0;0.008899469982515484;0.5109865558572646;2.0098739048729255e-14;0.0;0.0;5.995668955040232e-13;0.0;-0.15297208915051222
4268.0;56.46250302578339;-0.37485339500000003;0.008624185614552244;3.686124880926969e-14;0.0006401964183552468;0.0;0.00867671999023313;0.513881091586167;2.0098735857836017e-14;0.0;0.0;5.99566842239382e-13;0.0;-0.15702003879280818
4269.0;56.46244102888097;-0.3666929360000001;0.008624185614552022;3.686124231871947e-14;0.000354395565485354;0.0;0.008127539983105236;0.5264437142092846;2.0098730415622108e-14;0.0;0.0;5.995667513938577e-13;0.0;-0.1769127470763871
4270.0;56.462365401763186;-0.35545968400000005;0.008624185614551744;3.686123418191019e-14;0.0002858008521548121;0.0;0.007289999990265812;0.5428516934069391;2.0098723593042878e-14;0.0;0.0;5.995666375064936e-13;0.0;-0.20365388801965445
4271.0;56.462388667602774;-0.344933009;0.008624185614551833;3.686123676027578e-14;0.00019434678069758988;0.0;0.006070949990450501;0.5375169957759514;2.009872575496019e-14;0.0;0.0;5.995666735947293e-13;0.0;-0.20753337377813724
4272.0;56.46238745982872;-0.33488914100000006;0.008624185614551827;3.686123661089334e-14;0.00020577773968019964;0.0;0.005103809988469203;0.5379377138236322;2.0098725629705334e-14;0.0;0.0;5.995666715038235e-13;0.0;-0.2170423977174466
4273.0;297.55501626571146;-0.307366756;0.008624185628431393;1.0807547717041196e-13;0.006241914125769331;9.665933511664641e-16;0.005369490002383172;0.27324755302925396;2.543643328215426e-14;0.0;0.013802172265848737;1.2656447069299856e-12;1.7226335739913768e-14;-2.5400865502057458e-8
4274.0;297.55501503161724;-0.30107678100000007;0.008624185628431393;1.0807548207523433e-13;0.004870065936252209;9.665933747249557e-16;0.005635169995072789;0.26806431488190713;2.5436433545218698e-14;0.0;0.013803622121625265;1.2656447378977666e-12;1.7226337425682007e-14;-2.5400864088135244e-8
4275.0;297.55501424436767;-0.299104957;0.008624185628431393;1.0807548638833661e-13;0.003703994207211094;9.665933954414276e-16;0.0055549799988677765;0.2636047091254176;2.543643377655139e-14;0.0;0.01753940171223369;1.2656447651295863e-12;1.7226338908076906e-14;-2.540086284478738e-8
4276.0;297.55501404400894;-0.298680891;0.008624185628431393;1.0807549135391152e-13;0.0024578968058568294;9.665934192917346e-16;0.005687820001566583;0.2586991454136054;2.5436434042874465e-14;0.0;0.02313606368296852;1.2656447964809723e-12;1.722634061471853e-14;-2.540086141335258e-8
4277.0;297.5549692487466;-0.300514819;0.008624185628431393;1.0807547222476047e-13;0.0010517506197148048;9.665933274120826e-16;0.005587379997976262;0.2627801047730454;2.5436433016897472e-14;0.0;0.02239420662254042;1.2656446757045379e-12;1.722633404011577e-14;-2.5400866927751164e-8
4278.0;297.554955788305;-0.308431131;0.008624185628431393;1.0807546536087875e-13;0.0009031353537481895;9.665932944438057e-16;0.005425379989725818;0.26509405018186855;2.5436432648756863e-14;0.0;0.028306341616761693;1.2656446323679252e-12;1.7226331681032206e-14;-2.5400868906416906e-8
4279.0;297.55519244304185;-0.3253484070000001;0.008624185628431395;1.0807554601257822e-13;0.013341235930052195;9.66593681823836e-16;0.005217210000219275;0.26342800819276635;2.5436436974451832e-14;0.0;0.03465945825615855;1.2656451415817579e-12;1.7226359400678482e-14;-2.540084565681386e-8
4280.0;56.52889827380756;-0.344996635;0.008624185605059115;6.162265656979781e-14;0.09182245014023302;0.0;0.005070599973091741;0.2602053135887108;1.9047080851731252e-14;0.0;0.0;8.841341904128117e-13;0.0;-0.020659908504963014
4281.0;56.532462703547225;-0.363261443;0.008624185605072318;6.162305140518926e-14;0.2763361852205983;0.0;0.004787099984070896;0.2500660226660574;1.904720478780863e-14;0.0;0.0;8.841383211976944e-13;0.0;-0.17649323831535135
4282.0;56.53618594618856;-0.374654068;0.00862418560508607;6.162346313720521e-14;0.47223627153724523;0.0;0.004587839980024157;0.22802042995287056;1.904733402539682e-14;0.0;0.0;8.841426287373222e-13;0.0;-0.33876138363657565
4283.0;56.539108004907625;-0.37881621000000004;0.008624185605096759;6.162378351338048e-14;0.6257233479703022;0.0;0.00439586998371902;0.2304437631947032;1.9047434585947452e-14;0.0;0.0;8.841459804990136e-13;0.0;-0.4903276109049088
4284.0;-0.0036427158077175677;-0.38256126400000007;0.0;0.0;0.712560929465982;0.0;0.0031329976001726757;0.18057580140585472;0.0;0.0;0.0;0.0;0.0;-0.513700874692043
4285.0;-0.0036427265619630505;-0.386037526;0.0;0.0;0.7211459774192699;0.0;0.0029863503994874974;0.1756136632322676;0.0;0.0;0.0;0.0;0.0;-0.513700874692043
4286.0;-0.0036427187031647028;-0.38487129800000003;0.0;0.0;0.7062779059887634;0.0;0.003200314810931458;0.18910154158694892;0.0;0.0;0.0;0.0;0.0;-0.513700874692043
4287.0;-0.0036427294018270408;-0.378001566;0.0;0.0;0.6906167702962362;0.0;0.003400617492277761;0.1976926427097287;0.0;0.0;0.0;0.0;0.0;-0.5137008746920431
4288.0;49.99703625250012;-0.36862601300000003;0.006122305625277102;6.091309844034587e-14;0.5916328928143892;0.0;0.004706909972436547;0.2798359889315226;1.8820970678991316e-14;0.0;0.0;8.766824504766536e-13;0.0;-0.5137002692772579
4289.0;56.534989200352385;-0.35766929700000005;0.00862418560508126;6.16233191305374e-14;0.4179453343839469;0.0;0.004419359971951609;0.2707569066875502;1.904728882374147e-14;0.0;0.0;8.841411221419873e-13;0.0;-0.3440351631789576
4290.0;56.53138652345953;-0.349879961;0.008624185605068398;6.162293411844322e-14;0.21845557496896156;0.0;0.004281659972562307;0.251058915162323;1.904716797253523e-14;0.0;0.0;8.84137094140603e-13;0.0;-0.13247791232600709
4291.0;297.5562388099344;-0.345322223;0.008624185628431397;1.0807592294791369e-13;0.06334514365135173;9.66595492287331e-16;0.004568399997421291;0.23624124898286397;2.5436457190978647e-14;0.0;0.03247143985436417;1.2656475214467614e-12;1.7226488952368314e-14;-2.540073699805126e-8
4292.0;591.2677662010854;-0.34796373300000005;0.008624185628774941;1.3255175819468421e-12;0.012712470470077137;1.8930041377357647e-15;0.004619430002747454;0.23945552925659055;2.895549525629058e-14;0.0;0.060529861555774;2.139525520709377e-12;0.012579649399065756;-1.1996967704663996e-8
4293.0;570.9214315377227;-0.34364572000000004;0.008624185628763643;7.452522561997655e-13;0.006436260907290581;1.7768562608906943e-15;0.0038369699892595683;0.246220666091776;2.879420661974784e-14;0.0;0.0605298615557727;2.0675097887182672e-12;0.012579649399062903;-1.2449786008779745e-8
4294.0;445.6544630721881;-0.335414984;0.008624185628668395;2.013427667090205e-13;0.006687766323340886;1.285578214677465e-15;0.0033696000063057076;0.24790353519975425;2.7582160696349038e-14;0.0;0.06052986155575687;1.6484309708332702e-12;0.007626839543957593;-1.6230824274008506e-8
4295.0;438.2404632914267;-0.325524291;0.008624185628660852;1.930280468089631e-13;0.006687766323338331;1.2648131964740477e-15;0.002930580008810132;0.24927507409306868;2.7496453999404938e-14;0.0;0.06052986155575505;1.6260729330087359e-12;3.3863264522130617e-13;-1.652757637613294e-8
4296.0;297.54221843726464;-0.31532160300000006;0.008624185628431374;1.080729134399571e-13;0.00653914849746036;9.665810371112464e-16;0.0023230799893088987;0.25120196031606706;2.543629577326724e-14;0.0;0.04738552619063274;1.2656285199800235e-12;1.7225454621428716e-14;-2.5401604593265e-8
4297.0;56.53055523014309;-0.22799560700000004;0.00862418561404635;3.8554660237725585e-14;0.004801472502320809;0.0;0.002822849987136684;0.23302696716767216;1.9989878833832826e-14;0.0;0.0;6.217628808580325e-13;0.0;-0.02129313170174512
4298.0;65.46371112554542;-0.22485320100000003;0.008624185622744739;3.9182659009667545e-14;0.002675105504817054;0.0;0.003043169982861296;0.21837758604916457;2.046011913682524e-14;0.0;0.0;6.303584532025271e-13;0.0;-3.2417954177522526e-7
4299.0;212.51897355638198;-0.22210305200000002;0.008624185628461054;5.341004701959464e-14;0.0014861692984179428;5.438307919855975e-16;0.002978370005126754;0.20700980292818502;2.605431680902326e-14;0.0;3.7657471928950026e-14;8.119230341268097e-13;6.849811986335793e-15;-2.3670589861562843e-8
4300.0;297.5552699871611;-0.21944156300000003;0.008624185628668395;6.76171670403395e-14;0.0005487397876326537;6.243822233156752e-16;0.0031962599890024185;0.1959028624996584;2.7847397309714047e-14;0.0;0.011117123057536165;9.69106097982476e-13;1.0779121393473122e-14;-1.5893153488957373e-8
4301.0;206.89795079073235;-0.219955899;0.008624185628439397;5.26775025520706e-14;0.0004572831562746953;5.392247773233958e-16;0.003451409992016393;0.20424989493993276;2.5906932497511434e-14;0.0;3.531979908944265e-14;8.031802606626412e-13;6.6884406424924196e-15;-2.447193439868514e-8
4302.0;79.9941865418727;-0.22166015300000005;0.008624185625798182;4.0240567158307767e-14;0.012015114136003214;0.0;0.0034991999834701557;0.20197802118166425;2.1190960045289413e-14;0.0;1.4723416989531623e-14;6.447258016423071e-13;0.0;-1.3043996163649106e-7
4303.0;56.53176561578463;-0.22701955099999999;0.00862418561404937;3.855475049561648e-14;0.05969831063790314;0.0;0.0033614999802579143;0.1992181147347296;1.998994840752603e-14;0.0;0.0;6.21764119818253e-13;0.0;-0.04388642617300711
4304.0;56.53408005578942;-0.239690579;0.008624185614054683;3.855490947580272e-14;0.1823873693619313;0.0;0.00321002998601481;0.1933869716262934;1.9990070953185906e-14;0.0;0.0;6.217663021194391e-13;0.0;-0.14792790456158145
4305.0;56.53698615627397;-0.2558350160000001;0.008624185614061267;3.855510660030452e-14;0.34011574755129853;0.0;0.0030196799928416686;0.1946659528882197;1.999022289890301e-14;0.0;0.0;6.217690080184048e-13;0.0;-0.29061204980954375
4306.0;56.53941264844403;-0.269399795;0.008624185614066755;3.855527108660437e-14;0.47185901405352637;0.0;0.002767769982300327;0.19666856808237165;1.9990349684641833e-14;0.0;0.0;6.217712658939136e-13;0.0;-0.41055119206035295
4307.0;56.54056766756416;-0.27851078399999996;0.008624185614069331;3.855534830362294e-14;0.5353299097731871;0.0;0.003014819996153206;0.20551204754147775;1.9990409202723616e-14;0.0;0.0;6.21772325837567e-13;0.0;-0.4740089369312411
4308.0;56.5413397035076;-0.283123149;0.008624185614071134;3.85554023396985e-14;0.5611778371533427;0.0;0.0030391199923077445;0.2163918010566092;1.9990450852920203e-14;0.0;0.0;6.217730675803485e-13;0.0;-0.5061546193377862
4309.0;-0.003642302982929827;-0.28355637300000003;0.0;0.0;0.5674420715200895;0.0;0.0015875738481432524;0.22823519288515043;0.0;0.0;0.0;0.0;0.0;-0.5137008970895157
4310.0;-0.003642313066773395;-0.28212331300000004;0.0;0.0;0.5671223371511381;0.0;0.0013543281517730966;0.22735511302153835;0.0;0.0;0.0;0.0;0.0;-0.5137008970895157
4311.0;-0.0036422972791430807;-0.279509975;0.0;0.0;0.5368016749961564;0.0;0.0017633340496855043;0.2546534311424874;0.0;0.0;0.0;0.0;0.0;-0.5137008970895157
4312.0;52.63207622148247;-0.275767973;0.008624185591740873;3.828819895471755e-14;0.4822393397856606;0.0;0.0031986899885370216;0.2947125554222249;1.9781975349648267e-14;0.0;0.0;6.181007088859869e-13;0.0;-0.5137002299620148
4313.0;56.53714737897821;-0.270322726;0.00862418561406091;3.8555095879807904e-14;0.3747320805768647;0.0;0.0033849899939092172;0.2999210381013319;1.9990214635499553e-14;0.0;0.0;6.217688608599753e-13;0.0;-0.41640232542956773
4314.0;56.53478597177576;-0.26724251900000007;0.00862418561405545;3.855493241980453e-14;0.25061400990897137;0.0;0.003237569988434092;0.31417494416256186;1.999008863881389e-14;0.0;0.0;6.217666170685607e-13;0.0;-0.3094675663635329
4315.0;56.53239710802903;-0.25990264900000004;0.008624185614050045;3.85547707258148e-14;0.12053982852779055;0.0;0.0027669599870864354;0.3114907666868155;1.998996400153817e-14;0.0;0.0;6.217643975158127e-13;0.0;-0.18356831672253
4316.0;56.53078377438604;-0.259015369;0.00862418561404643;3.855466258660187e-14;0.031575399714255284;0.0;0.003167099985606748;0.3037748105473633;1.998988064442981e-14;0.0;0.0;6.217629131007056e-13;0.0;-0.08816635300498105
4317.0;56.530384692627436;-0.25766296899999996;0.008624185614045522;3.855463549445812e-14;0.01007166168068848;0.0;0.00278720999447128;0.30305958940389544;1.9989859760823834e-14;0.0;0.0;6.21762541209608e-13;0.0;-0.06691822383377607
4318.0;56.53034860063261;-0.255846353;0.008624185614045455;3.855463344221777e-14;0.0076594925502931;0.0;0.002740229992586986;0.30102331843060703;1.998985817888009e-14;0.0;0.0;6.217625130387315e-13;0.0;-0.06423851357669365
4319.0;56.53033098954777;-0.252368847;0.008624185614045385;3.8554631381649874e-14;0.007670924789194979;0.0;0.002911139986295681;0.30555865161686435;1.9989856590516812e-14;0.0;0.0;6.217624847534972e-13;0.0;-0.07243531802069661
4320.0;56.530337473761;-0.24643951800000002;0.00862418561404541;3.855463209064221e-14;0.0076594925502931;0.0;0.0030707099834934295;0.30446478561771545;1.9989857137033993e-14;0.0;0.0;6.217624944857941e-13;0.0;-0.07741848296092405
4321.0;297.5553583504132;-0.248662583;0.008624185628697838;6.259093062253299e-14;0.007179346196545387;5.802452970768719e-16;0.000570239994726423;0.20312237316166457;2.82227265247342e-14;0.0;0.029110926524022234;9.209577380403582e-13;9.978124679864596e-15;-1.4712476999215948e-8
4322.0;297.555348107043;-0.24302645300000003;0.008624185628697838;6.259092935353938e-14;0.0063219397981779165;5.802452905012304e-16;0.0005686200043019991;0.20192753520100076;2.822272641661184e-14;0.0;0.025529164872029646;9.209577241781553e-13;9.97812424360114e-15;-1.4712477365099847e-8
4323.0;297.55532899004953;-0.24026243600000002;0.008624185628697838;6.259092561046471e-14;0.0053044833351034186;5.802452711044912e-16;0.0008083799977047652;0.2020116785022633;2.822272609768363e-14;0.0;0.023458742511237106;9.209576832887565e-13;9.978122956779525e-15;-1.471247844432778e-8
4324.0;297.555313985281;-0.24172410800000005;0.008624185628697838;6.259092227188056e-14;0.0046757204348542485;5.802452538037745e-16;0.0013616100063096725;0.20275214109474138;2.8222725813223164e-14;0.0;0.024255255312953177;9.209576468179497e-13;9.978121809016342e-15;-1.4712479406930017e-8
4325.0;297.55540797519296;-0.24726761800000002;0.008624185628697838;6.259094101406375e-14;0.009534352852512107;5.802453509261077e-16;0.0015211800035074764;0.20176766292860213;2.822272741013492e-14;0.0;0.02576505894987844;9.209578515577658e-13;9.978128252342955e-15;-1.4712474003063523e-8
4326.0;297.55610000512064;-0.26126834100000007;0.008624185628697838;6.259108184677977e-14;0.04410495564255134;5.80246080722258e-16;0.0017479799972669012;0.18974355743356427;2.8222739409616742e-14;0.0;0.016994471915819914;9.20959390012479e-13;9.978176668981966e-15;-1.4712433397508585e-8
4327.0;56.54554486584353;-0.27469877300000006;0.008624185615194749;3.568987775740632e-14;0.14550748759166926;0.0;0.002064689983553749;0.16761382141898198;2.0187693181987654e-14;0.0;0.0;5.839658794287464e-13;0.0;-0.04908116021117206
4328.0;56.54884209298242;-0.29844547300000007;0.008624185615201736;3.569008771136108e-14;0.3202925255978168;0.0;0.0022112999811087657;0.15588422056109966;2.0187880059882914e-14;0.0;0.0;5.839688577615081e-13;0.0;-0.18854416504544325
4329.0;56.552528812249555;-0.3156048960000001;0.008624185615209461;3.5690320121160316e-14;0.5192221117062062;0.0;0.00235385998989481;0.15266152595727359;2.018808692067655e-14;0.0;0.0;5.839721546386286e-13;0.0;-0.36724701473244575
4330.0;-0.003643183259412027;-0.3303551370000001;0.0;0.0;0.6842222082050964;0.0;0.0010639164073777245;0.15877753001701655;0.0;0.0;0.0;0.0;0.0;-0.5137008997111511
4331.0;-0.0036422638300915443;-0.34135095300000007;0.0;0.0;0.7506933175739787;0.0;0.0012535982325087346;0.10311250273939612;0.0;0.0;0.0;0.0;0.0;-0.5137008997111505
4332.0;-0.0036422551648092475;-0.343685201;0.0;0.0;0.7416142419095868;0.0;0.0014463548959535815;0.11433306967164145;0.0;0.0;0.0;0.0;0.0;-0.5137008997111505
4333.0;-0.0036422543787796844;-0.341752502;0.0;0.0;0.7317756089535936;0.0;0.0014666013720517769;0.12221875714885948;0.0;0.0;0.0;0.0;0.0;-0.5137008997111505
4334.0;-0.0036422536974855175;-0.340489185;0.0;0.0;0.7141611247448413;0.0;0.0014819892493234228;0.13855453647312546;0.0;0.0;0.0;0.0;0.0;-0.5137008997111505
4335.0;-0.0036422404700320442;-0.3364990050000001;0.0;0.0;0.6939638391802634;0.0;0.0019363770161998394;0.15430725413374352;0.0;0.0;0.0;0.0;0.0;-0.5137008997111505
4336.0;-0.0036422248210605124;-0.32986055700000005;0.0;0.0;0.6090854871535444;0.0;0.0027008807814814144;0.23178265429609834;0.0;0.0;0.0;0.0;0.0;-0.5137008997111504
4337.0;56.55125262430921;-0.32105848200000003;0.0086241856152061;3.5690218993776495e-14;0.4770148808429309;0.0;0.004114799989095297;0.26237621384413856;2.0187996910934992e-14;0.0;0.0;5.83970720084728e-13;0.0;-0.43109930048175693
4338.0;56.548607467207745;-0.31305371300000007;0.008624185615200501;3.569005061527884e-14;0.33654894021073894;0.0;0.003966569988407921;0.27241453280527694;2.018784704133581e-14;0.0;0.0;5.839683315299853e-13;0.0;-0.30852215043160547
4339.0;56.54581025330507;-0.301932097;0.008624185615194605;3.568987342043011e-14;0.18672012646967404;0.0;0.0038191499956407317;0.2794152708839982;2.0187689321646403e-14;0.0;0.0;5.839658179058442e-13;0.0;-0.17666029579164014
4340.0;56.54385765122345;-0.28868246200000003;0.008624185615190714;3.568975659272084e-14;0.07377119833868458;0.0;0.004049189982956567;0.24579153371383297;2.018758533264539e-14;0.0;0.0;5.839641606267395e-13;0.0;-0.043547320739513375
4341.0;297.55521508557337;-0.280408344;0.008624185628697836;6.259087142537588e-14;0.018920089159269685;5.802449903165581e-16;0.003821579991042208;0.24080182515952267;2.8222721480880054e-14;0.0;0.008166525479653753;9.209570913707178e-13;9.978104328659206e-15;-1.4712494067355205e-8
4342.0;231.54237729050485;-0.2770908580000001;0.008624185628564476;5.187922709835439e-14;0.007247937070080669;5.201888804497246e-16;0.0034562699893212327;0.25710041960689545;2.6921902587085658e-14;0.0;4.490853031643905e-14;7.972821171107912e-13;6.903979419360828e-15;-1.9735858283338324e-8
4343.0;138.5880543059157;-0.26887272800000006;0.008624185628040267;4.180996609074154e-14;0.00704216060949153;0.0;0.0030350699989376917;0.2564188573252742;2.411472594995462e-14;0.0;1.8655230820515514e-14;6.684338474887524e-13;4.815924723396583e-15;-3.897540498720539e-8
4344.0;88.12075684946022;-0.25216141999999997;0.00862418562668661;3.782339348680235e-14;0.006722061759835418;0.0;0.003073139999842055;0.2419461771393551;2.187978772986996e-14;0.0;1.415988764320241e-14;6.139453459216146e-13;0.0;-9.182652471489111e-8
4345.0;445.6574038961162;-0.247774333;0.008624185628782928;1.431314601977997e-13;0.006059000863296957;9.459320967067854e-16;0.0010448999979641917;0.16960802228314623;2.919071257484592e-14;0.0;0.06052986155576686;1.4837001276875489e-12;0.0013337068132115739;-1.1926108795102438e-8
4346.0;445.65738638148844;-0.245744507;0.008624185628782928;1.4313144801712412e-13;0.004721448110566203;9.459320647755135e-16;0.0011210399926921378;0.1683542855529671;2.9190712427875957e-14;0.0;0.06052986155576686;1.4837000724980584e-12;0.0018194248089615187;-1.192610923521771e-8
4347.0;478.440043730255;-0.24365592100000003;0.008624185628804484;1.769484465209792e-13;0.0037268574052221064;1.0234648639667865e-15;0.0011388600018614914;0.1578615912236447;2.950319207101869e-14;0.0;0.060529861555771315;1.6143977923634238e-12;0.012579649399027705;-1.1014230821355007e-8
4348.0;517.110780693961;-0.241814518;0.008624185628826006;2.452542300316512e-13;0.0037725850809178473;1.132710155851294e-15;0.0010651500056089091;0.1535113733001665;2.9831135658447495e-14;0.0;0.06052986155577486;1.784941089671957e-12;0.012579649399057855;-1.0105149079347996e-8
4349.0;617.3909327766493;-0.24429086000000005;0.008624185628868176;0.014122978286922223;0.004481373653495237;1.5631027842192778e-15;0.0010797299959396053;0.14387694526782835;3.05234670169992e-14;0.0;0.06052986155578006;2.275550327299181e-12;0.01257964939907274;-8.326358957552297e-9
4350.0;688.6373693803797;-0.25465223200000003;0.008624185628890068;0.014122999999655564;0.01857712711195209;2.127441139800932e-15;0.001067579991648527;0.13113762171206145;3.091081479473552e-14;0.0;0.060529861555782126;2.605309246772486e-12;0.012579649399075842;-7.403411547491212e-9
4351.0;358.8540816238789;-0.271532125;0.008624185628703802;9.505971789690682e-14;0.08673517550543623;7.877092477407368e-16;0.000812429999141312;0.11784295082657685;2.816694637022295e-14;0.0;0.06052986155573209;1.2013732554119608e-12;2.088441491901693e-14;-1.5291407104341398e-8
4352.0;78.0428050288645;-0.29060508900000004;0.008624185625090994;4.555368852380327e-14;0.22555489677382337;0.0;0.0007257599947273984;0.11394710827116836;2.068400834335175e-14;0.0;1.657751836006845e-14;7.102668745255115e-13;0.0;-0.05821659328805629
4353.0;78.04597953821482;-0.30679749700000003;0.008624185625091442;4.555395519508825e-14;0.3953898444510981;0.0;0.0006763499817911479;0.10921824395063892;2.068414973477092e-14;0.0;1.6577756769931668e-14;7.102702603886543e-13;0.0;-0.20709074235166056
4354.0;78.04841299724292;-0.3175082030000001;0.00862418562509178;4.555415709353734e-14;0.5283449103580551;0.0;0.0006002099997720194;0.11395552105992622;2.0684256781098928e-14;0.0;1.6577937274188565e-14;7.10272823840191e-13;0.0;-0.3340073368112299
4355.0;78.04991275531111;-0.3268927530000001;0.008624185625091988;4.555428166859276e-14;0.6100499685825197;0.0;0.00045440998472346024;0.11679957080807123;2.0684322829804766e-14;0.0;1.6578048649798903e-14;7.102744055345298e-13;0.0;-0.4090328168242402
4356.0;78.0505352774182;-0.332291593;0.008624185625092073;4.5554331888991186e-14;0.6452493368326466;0.0;0.0003709799949630655;0.12467540230265903;2.0684349456078215e-14;0.0;1.657809354930745e-14;7.10275043168256e-13;0.0;-0.4466309759455258
4357.0;78.0505602401908;-0.33306779700000005;0.008624185625092071;4.555433072851091e-14;0.6495363662646454;0.0;0.0002794499895416516;0.13859273515883916;2.068434884080609e-14;0.0;1.6578092511779968e-14;7.102750284339979e-13;0.0;-0.46397287637720946
4358.0;78.05039165406278;-0.33207117399999997;0.008624185625092042;4.5554313365292725e-14;0.6434202054866506;0.0;0.0002510999919113905;0.1525521381242821;2.0684339635039543e-14;0.0;1.6578076988192737e-14;7.102748079783706e-13;0.0;-0.4727889703801918
4359.0;78.04940723311293;-0.327476753;0.008624185625091898;4.555422729608128e-14;0.5943880227129797;0.0;0.00031022998551650285;0.16558596323446947;2.06842940020091e-14;0.0;1.6578000038260105e-14;7.102737151825153e-13;0.0;-0.44144588153041564
4360.0;78.04788228132412;-0.32084352400000005;0.008624185625091685;4.555409994488736e-14;0.5121227924618387;0.0;0.0003288599897686448;0.16464355826032986;2.0684226481122104e-14;0.0;1.6577886181065772e-14;7.10272098239529e-13;0.0;-0.36488415890133274
4361.0;78.04552312215205;-0.31262457800000004;0.008624185625091353;4.5553902864916396e-14;0.3845636665214121;0.0;0.00031589999012529243;0.16523256291053556;2.0684121989094707e-14;0.0;1.6577709985312735e-14;7.102695959653399e-13;0.0;-0.2461112912600645
4362.0;78.04316186842124;-0.30440243;0.008624185625091024;4.555370582176547e-14;0.256718741008035;0.0;0.00032318998515867435;0.16482867198173892;2.0684017514970036e-14;0.0;1.6577533824695587e-14;7.102670941539583e-13;0.0;-0.12608281873142493
4363.0;178.68917532406437;-0.294302496;0.008624185628198871;5.6010203095585305e-14;0.12862230751908219;0.0;0.00030861000112421543;0.1608739291156431;2.444776680454318e-14;0.0;3.06213590539893e-14;8.363276841536657e-13;6.7981490109747895e-15;-3.850879273547242e-8
4364.0;587.7838388424303;-0.285361586;0.008624185628857351;8.328618303311778e-13;0.0417956766623226;1.4059167147919344e-15;0.0002454300092967869;0.15807195101817376;3.0339190087417306e-14;0.0;0.06052986155577889;2.1285066387954758e-12;0.01257964939907053;-8.782736561367306e-9
4365.0;686.4815406236074;-0.282154228;0.008624185628889483;0.014122999999645102;0.011340621000685006;2.105024756141091e-15;0.00026406000104630474;0.17081127457394527;3.09002352766681e-14;0.0;0.06052986155578208;2.5962005157293273e-12;0.012579649399075776;-7.427999300043739e-9
4366.0;617.2576590514251;-0.277108558;0.008624185628868127;0.011559499823862923;0.007853836772536439;1.562285274124375e-15;0.00027539999742064603;0.17587671209952277;3.052263690300386e-14;0.0;0.06052986155578005;2.274867206553391e-12;0.012579649399072731;-8.328388872536505e-9
4367.0;609.8754033796889;-0.2681297140000001;0.008624185628865529;3.303403928570167e-12;0.007590899117550095;1.5199113909706472e-15;0.00023571000326180685;0.17503527754552947;3.04779611876284e-14;0.0;0.06052986155577978;2.2383532031622883e-12;0.012579649399072253;-8.437977985247587e-9
4368.0;445.70174144749194;-0.258493901;0.008624185628782971;1.431814035174969e-13;0.007579468158538514;9.460629939945034e-16;0.0002105999986821199;0.17596926973090438;2.919131491060156e-14;0.0;0.060529861555766874;1.4839263603184618e-12;0.006574062825203907;-1.1924305136595588e-8
4369.0;0.0020126370202666246;-0.290616454;0.0;0.0;0.0005615213175571836;0.0;0.005140825077607904;0.4554617519458018;0.0;0.0;0.0;0.0;0.0;-0.17056227177399302
4370.0;0.002012782919582315;-0.28783747200000004;0.0;0.0;0.0005370499127646696;0.0;0.0046414199611670695;0.44630413319523027;0.0;0.0;0.0;0.0;0.0;-0.16365976462670817
4371.0;0.002012966712207247;-0.28532483200000003;0.0;0.0;0.0005173036839785889;0.0;0.003946571043968699;0.4467120093248487;0.0;0.0;0.0;0.0;0.0;-0.165865690069994
4372.0;0.0020132113519290965;-0.28488754000000005;0.0;0.0;0.0005167238077575666;0.0;0.003397126298029728;0.44261477451731;0.0;0.0;0.0;0.0;0.0;-0.16165573407287007
4373.0;0.002013261564709851;-0.29241692300000005;0.0;0.0;0.0005174664733069487;0.0;0.0026202158410678637;0.4413095554708377;0.0;0.0;0.0;0.0;0.0;-0.15204496574169526
4374.0;0.0020135524477622618;-0.30967899700000007;0.0;0.0;0.0005413495995911791;0.0;0.001431744551707105;0.43913830498160905;0.0;0.0;0.0;0.0;0.0;-0.1314470691780884
4375.0;0.002014202881946458;-0.32584715700000005;0.0;0.0;0.009705930324124989;0.0;0.002331031931837185;0.42604457262075446;0.0;0.0;0.0;0.0;0.0;-0.11224907494191434
4376.0;0.0020127173493670572;-0.338239129;0.0;0.0;0.08917195851241765;0.0;0.00307680451410019;0.41273002839354167;0.0;0.0;0.0;0.0;0.0;-0.16675429294185248
4377.0;0.0020107264536529707;-0.35031553800000004;0.0;0.0;0.26812737252764074;0.0;0.003186865325160434;0.37853090097093123;0.0;0.0;0.0;0.0;0.0;-0.299544141656433
4378.0;0.002002298352550576;-0.360628905;0.0;0.0;0.46304392680135326;0.0;0.003275257460496022;0.3638113557848932;0.0;0.0;0.0;0.0;0.0;-0.4695157904261757
4379.0;0.0019963688356607902;-0.36865435900000004;0.0;0.0;0.5837899342254971;0.0;0.0030426030253041616;0.2680033473206678;0.0;0.0;0.0;0.0;0.0;-0.48619540454540416
4380.0;0.0019950334707871235;-0.3730227870000001;0.0;0.0;0.6023763461567433;0.0;0.0016262643881864106;0.2573727102337474;0.0;0.0;0.0;0.0;0.0;-0.4883663490604696
4381.0;0.001995039747906303;-0.36937000000000003;0.0;0.0;0.6093670981954802;0.0;0.0036684439433146135;0.2446890573225827;0.0;0.0;0.0;0.0;0.0;-0.48836841597896974
4382.0;0.0019951042885871214;-0.36954037800000006;0.0;0.0;0.5838486368304345;0.0;0.004723161162779532;0.2692282566133353;0.0;0.0;0.0;0.0;0.0;-0.4882734963566029
4383.0;0.001999006487299685;-0.365018561;0.0;0.0;0.546389874334737;0.0;0.005382386305893489;0.2938392952033731;0.0;0.0;0.0;0.0;0.0;-0.4806069976245806
4384.0;0.0020074912687199566;-0.35639190500000006;0.0;0.0;0.43372406432924804;0.0;0.005397594833130496;0.340052134084605;0.0;0.0;0.0;0.0;0.0;-0.4227962825246148
4385.0;0.0020114459779574105;-0.345615285;0.0;0.0;0.2679113476728464;0.0;0.005239295971297565;0.3202990480009081;0.0;0.0;0.0;0.0;0.0;-0.24784898024972013
4386.0;0.002016481654640009;-0.33315709300000007;0.0;0.0;0.10778030058174222;0.0;0.005972080598831429;0.2923616237686253;0.0;0.0;0.0;0.0;0.0;-0.07297171200336247
4387.0;0.002252826445236879;-0.33199926;0.0;0.0;0.023688139986871956;0.0;0.00941178959511388;0.30110752750861036;0.0;0.0;0.0;0.0;0.0;-0.0022324652341364146
4388.0;0.002145117446100242;-0.331256435;0.0;0.0;0.002454863019591422;0.0;0.006358465171475319;0.32621427003098785;0.0;0.0;0.0;0.0;0.0;-0.003791455724053145
4389.0;0.002024196384458206;-0.324497884;0.0;0.0;0.0005931874270026041;0.0;0.005814599616680682;0.35101885637529767;0.0;0.0;0.0;0.0;0.0;-0.03294390522620288
4390.0;0.002018438888489961;-0.31371431200000005;0.0;0.0;0.0005822347053574392;0.0;0.005275840707340175;0.3635770520598553;0.0;0.0;0.0;0.0;0.0;-0.055735703506490625
4391.0;0.0020160513683901084;-0.30359803799999996;0.0;0.0;0.000561017695811025;0.0;0.005092102198792169;0.37602639906522617;0.0;0.0;0.0;0.0;0.0;-0.07809626173604656
4392.0;0.0020148684944937562;-0.29425650700000006;0.0;0.0;0.0005381196995705306;0.0;0.004667739831548983;0.38631877357168953;0.0;0.0;0.0;0.0;0.0;-0.0972828533717724
4393.0;0.0015481712300923949;-0.27457575100000003;0.0;0.0;0.0001909882228896903;0.0;0.003340270574651945;0.3667723908878178;0.0;0.0;0.0;0.0;0.0;-0.09575620145212052
4394.0;0.0015415444615535915;-0.20997293800000005;0.0;0.0;0.0002250403069544615;0.0;0.0027635302335286944;0.32862390002412856;0.0;0.0;0.0;0.0;0.0;-0.12166761896059004
4395.0;0.0015461980205682656;-0.209722854;0.0;0.0;0.00019098567619923394;0.0;0.0032981815457307473;0.32674801139517734;0.0;0.0;0.0;0.0;0.0;-0.12054253017758638
4396.0;0.001548860457226469;-0.26295998100000006;0.0;0.0;0.0001909891160013915;0.0;0.0027226215684657247;0.34917439613686474;0.0;0.0;0.0;0.0;0.0;-0.0891563624550743
4397.0;0.0015493817142945951;-0.26132373999999997;0.0;0.0;0.00019098978910526176;0.0;0.0027747167472912874;0.3430964308032068;0.0;0.0;0.0;0.0;0.0;-0.08476675964081277
4398.0;0.0015432181964511182;-0.26277493900000004;0.0;0.0;0.00023639260259625136;0.0;0.0026300369346327576;0.3436979107241262;0.0;0.0;0.0;0.0;0.0;-0.08381760809315514
4399.0;0.0012754912624841233;-0.2672530490000001;0.0;0.0;0.0005096592445043077;0.0;0.00345710863805003;0.35117517458435693;0.0;0.0;0.0;0.0;0.0;-0.08790690317299378
4400.0;0.001274726336883641;-0.274207501;0.0;0.0;0.008618936648878877;0.0;0.004145518091745921;0.358761849553461;0.0;0.0;0.0;0.0;0.0;-0.09733677907239316
4401.0;0.0012713703001947002;-0.285344098;0.0;0.0;0.09940437172532335;0.0;0.004870600654126693;0.3542535659741779;0.0;0.0;0.0;0.0;0.0;-0.17320226526078944
4402.0;0.0012687244390663386;-0.299737862;0.0;0.0;0.23872657858050603;0.0;0.005380239286584556;0.34975202185612625;0.0;0.0;0.0;0.0;0.0;-0.29413868340619637
4403.0;0.0012653603768141757;-0.30922051;0.0;0.0;0.3603470218843041;0.0;0.005430531739977624;0.34301612951529226;0.0;0.0;0.0;0.0;0.0;-0.39959072645899885
4404.0;0.0012577583880619674;-0.31460672600000006;0.0;0.0;0.42475714865973857;0.0;0.005749428146002842;0.34795707724018216;0.0;0.0;0.0;0.0;0.0;-0.4638741335716455
4405.0;0.0012494837476244825;-0.31983972400000005;0.0;0.0;0.4398397486834163;0.0;0.005937146666949263;0.35730261965821464;0.0;0.0;0.0;0.0;0.0;-0.48325661291846966
4406.0;0.0012569414074116037;-0.31827560400000005;0.0;0.0;0.3890394057780589;0.0;0.007056165099061154;0.3889609210519908;0.0;0.0;0.0;0.0;0.0;-0.4667980559298332
4407.0;0.0012655199734274347;-0.313111825;0.0;0.0;0.30071671213564694;0.0;0.007501143511842864;0.40152917231446383;0.0;0.0;0.0;0.0;0.0;-0.39665276371060976
4408.0;0.0012689607090613621;-0.304695433;0.0;0.0;0.17611062670262434;0.0;0.007219934298790207;0.40442401532047534;0.0;0.0;0.0;0.0;0.0;-0.2830768598332355
4409.0;0.001270716071577464;-0.30807966700000006;0.0;0.0;0.04931567694799451;0.0;0.007647166339567647;0.450180770246093;0.0;0.0;0.0;0.0;0.0;-0.19908174225336245
4410.0;0.0012710616104393987;-0.323358949;0.0;0.0;0.007943149938026773;0.0;0.007948947759581887;0.4927015529304356;0.0;0.0;0.0;0.0;0.0;-0.18525251266241913
4411.0;0.001516049920152932;-0.32468111800000005;0.0;0.0;0.0003839196867656943;0.0;0.007730480794693242;0.5316239347894064;0.0;0.0;0.0;0.0;0.0;-0.21508228822615327
4412.0;0.0015344353925168266;-0.32201056;0.0;0.0;0.00024773258846033;0.0;0.007518226574594153;0.5311425633993355;0.0;0.0;0.0;0.0;0.0;-0.21692574109111318
4413.0;0.0015377058624450916;-0.31629931200000005;0.0;0.0;0.00022503511377295436;0.0;0.007585242499517735;0.5289475157315098;0.0;0.0;0.0;0.0;0.0;-0.2204863796818725
4414.0;0.0015406762026044197;-0.309200294;0.0;0.0;0.00020233797784167745;0.0;0.007352667427452527;0.5262505375784695;0.0;0.0;0.0;0.0;0.0;-0.22463320893236066
4415.0;0.0015408948099458228;-0.303720653;0.0;0.0;0.00020233826339947423;0.0;0.00752219310563997;0.5126230995121662;0.0;0.0;0.0;0.0;0.0;-0.21665494860768272
4416.0;0.0015394588838746463;-0.296687054;0.0;0.0;0.00021368807508418203;0.0;0.0075991645257799875;0.5042245292511365;0.0;0.0;0.0;0.0;0.0;-0.21537826424821008
4417.0;0.00029441096307709203;-0.3620721800000001;0.0;0.0;0.00012746795443381587;0.0;0.009214951714448194;0.5631798928794669;0.0;0.0;0.0;0.0;0.0;-0.21047253695499962
4418.0;0.0002943133267699302;-0.35886874399999996;0.0;0.0;0.0001168729860652022;0.0;0.009070243505817324;0.5643225373876379;0.0;0.0;0.0;0.0;0.0;-0.21466330949319792
4419.0;0.00029428433138788633;-0.356430242;0.0;0.0;0.00011685887793671652;0.0;0.009121226392058033;0.5632957384203895;0.0;0.0;0.0;0.0;0.0;-0.2161259799680491
4420.0;0.0002943379352138923;-0.353090836;0.0;0.0;0.00012743255186813788;0.0;0.008759629355095794;0.5581487092686179;0.0;0.0;0.0;0.0;0.0;-0.21396733618724492
4421.0;0.00029424115484926236;-0.35456521599999996;0.0;0.0;0.00012738558767964617;0.0;0.008433056867502864;0.5647313103866101;0.0;0.0;0.0;0.0;0.0;-0.21874893336458068
4422.0;0.00029415918212342984;-0.36055963999999996;0.0;0.0;0.00012734536650439778;0.0;0.009152996518428911;0.5743991714367322;0.0;0.0;0.0;0.0;0.0;-0.2231422661030061
4423.0;0.00029427727956221096;-0.37640577;0.0;0.0;0.00018098685271596593;0.0;0.008787053842956237;0.5870029090242072;0.0;0.0;0.0;0.0;0.0;-0.21958757929664383
4424.0;0.0002945282584054566;-0.39714164799999996;0.0;0.0;0.005942487245738404;0.0;0.00876039331992927;0.5922732229921239;0.0;0.0;0.0;0.0;0.0;-0.2098568573545968
4425.0;0.0002946365032739338;-0.40686152000000003;0.0;0.0;0.02256888162065821;0.0;0.007077526030350118;0.5791004813391151;0.0;0.0;0.0;0.0;0.0;-0.20190777847454594
4426.0;0.000293666609716603;-0.413487002;0.0;0.0;0.08878082191357908;0.0;0.0070739067884571846;0.5703781762330739;0.0;0.0;0.0;0.0;0.0;-0.25276826802915314
4427.0;0.0002941829136636982;-0.42065389;0.0;0.0;0.18457280038363247;0.0;0.007340727356622514;0.5716775935227973;0.0;0.0;0.0;0.0;0.0;-0.3429597809214063
4428.0;0.00029276112347646755;-0.425813778;0.0;0.0;0.24403521055942407;0.0;0.007417848162113036;0.5742266915160684;0.0;0.0;0.0;0.0;0.0;-0.3998884532332385
4429.0;0.0002921735813124687;-0.42614130799999994;0.0;0.0;0.26028275422206093;0.0;0.00746943697950087;0.5752894433768729;0.0;0.0;0.0;0.0;0.0;-0.41692277936193217
4430.0;0.00029313318550985065;-0.42256963;0.0;0.0;0.2270749945832166;0.0;0.007588043317799325;0.576189139244834;0.0;0.0;0.0;0.0;0.0;-0.38830504640554375
4431.0;0.00029407544700317577;-0.41877968600000004;0.0;0.0;0.17115035478212814;0.0;0.0073435941429882716;0.5695231658937596;0.0;0.0;0.0;0.0;0.0;-0.3292599381793706
4432.0;0.0002938297192482934;-0.412267932;0.0;0.0;0.09030814525359432;0.0;0.007286357430690122;0.5584072742599365;0.0;0.0;0.0;0.0;0.0;-0.2437562175496649
4433.0;0.00029511791090308485;-0.409499926;0.0;0.0;0.02465231017683556;0.0;0.007164841010339483;0.5587660234299971;0.0;0.0;0.0;0.0;0.0;-0.18110568012921172
4434.0;0.00029555498824263135;-0.41199864199999997;0.0;0.0;0.008275712807298628;0.0;0.007096556785047224;0.5626821040888063;0.0;0.0;0.0;0.0;0.0;-0.16607817995936383
4435.0;0.00029560547128805784;-0.41291621599999995;0.0;0.0;0.0004394854381390466;0.0;0.006842288912133437;0.5673461161615898;0.0;0.0;0.0;0.0;0.0;-0.16173412590037822
4436.0;0.00029575850527696954;-0.407185406;0.0;0.0;0.00017091403754530162;0.0;0.005081102080120128;0.5584300516068553;0.0;0.0;0.0;0.0;0.0;-0.15651912875729884
4437.0;0.00029577829017457134;-0.39713663;0.0;0.0;0.00014943672773177913;0.0;0.004848064300657478;0.5472547924059213;0.0;0.0;0.0;0.0;0.0;-0.15513813079898012
4438.0;0.000295479298556702;-0.384626376;0.0;0.0;0.0001492910294619063;0.0;0.004747162891841144;0.5447105905457712;0.0;0.0;0.0;0.0;0.0;-0.1650031219967463
4439.0;0.0002953953971340846;-0.37476437799999995;0.0;0.0;0.00014924889062584333;0.0;0.005362577347045876;0.5375531424112437;0.0;0.0;0.0;0.0;0.0;-0.1683230404727318
4440.0;0.0002952468657855557;-0.36581244;0.0;0.0;0.0001491757990979138;0.0;0.005724387680965367;0.533899018423008;0.0;0.0;0.0;0.0;0.0;-0.17398258495056965
4441.0;55.08022665800044;-0.32388987;0.008624185608815347;3.657747098788119e-14;0.0002008448426311729;0.0;0.006204599986879976;0.42154461135201177;2.2690000436072996e-14;0.0;0.0;6.048612743619132e-13;0.0;-0.11247994325066496
4442.0;55.08011039779171;-0.319095636;0.008624185608814684;3.657746123675988e-14;0.00020084484263117048;0.0;0.007389629984475222;0.43236218587543773;2.2689989837846035e-14;0.0;0.0;6.048611327960518e-13;0.0;-0.12928257429055012
4443.0;55.07994281509715;-0.31990689000000005;0.008624185608813732;3.6577447206167566e-14;0.0002126580002791316;0.0;0.00816398998224366;0.4477759182824049;2.2689974588360276e-14;0.0;0.0;6.048609291011716e-13;0.0;-0.14467948227738822
4444.0;55.079778462704056;-0.321412458;0.008624185608812797;3.6577433444731665e-14;0.00020084484263116356;0.0;0.008693729989915713;0.46285760955890154;2.268995963139232e-14;0.0;0.0;6.048607293136858e-13;0.0;-0.15878162698382148
4445.0;55.07969354126198;-0.32441467799999996;0.008624185608812314;3.657742633584899e-14;0.00018902903955544058;0.0;0.009156239988317001;0.47062564043346483;2.2689951904912686e-14;0.0;0.0;6.04860626107705e-13;0.0;-0.16400230611436095
4446.0;55.079463056028374;-0.332704934;0.008624185608811003;3.657740705244855e-14;0.00018902903955543579;0.0;0.009438119999627731;0.49168408326294577;2.2689930946202913e-14;0.0;0.0;6.048603461528727e-13;0.0;-0.17706367058056263
4447.0;55.07916372520001;-0.352049576;0.008624185608809305;3.657738204371507e-14;0.0002835435597362989;0.0;0.009457559986385054;0.5189377305594991;2.2689903764688113e-14;0.0;0.0;6.048599830780729e-13;0.0;-0.18510120014870848
4448.0;55.078958676102516;-0.375408184;0.008624185608808227;3.6577366197263405e-14;0.005245555207875209;0.0;0.00950129999471322;0.5367631349265555;2.268988654144561e-14;0.0;0.0;6.04859753020533e-13;0.0;-0.18458037640392616
4449.0;55.07881350346617;-0.387733392;0.00862418560880781;3.6577360049449893e-14;0.028236209927123362;0.0;0.009497249980528057;0.5463486604968014;2.2689879859481834e-14;0.0;0.0;6.048596637669177e-13;0.0;-0.2048188126667494
4450.0;55.07874971328963;-0.39428716999999996;0.008624185608808406;3.6577368827365346e-14;0.08236939706189847;0.0;0.009523169992523343;0.5435787304314926;2.2689889400062658e-14;0.0;0.0;6.048597912041206e-13;0.0;-0.24962063272764595
4451.0;55.07864690031739;-0.39839371800000006;0.008624185608809107;3.6577379134818126e-14;0.15488565638778268;0.0;0.009515069989569126;0.5414466736556028;2.268990060305962e-14;0.0;0.0;6.048599408468837e-13;0.0;-0.31584605233518664
4452.0;55.07848381715993;-0.40308459;0.00862418560880924;3.657738110585907e-14;0.2147960410885251;0.0;0.009349019979838703;0.5468816738904511;2.2689902745349566e-14;0.0;0.0;6.048599694623698e-13;0.0;-0.3763019098928734
4453.0;55.07834852553272;-0.402536848;0.00862418560880914;3.657737962613029e-14;0.25262547415345643;0.0;0.00928259999119613;0.5534351316608062;2.268990113705802e-14;0.0;0.0;6.048599479797655e-13;0.0;-0.42114719936595696
4454.0;55.07829469480363;-0.39842818599999996;0.0086241856088087;3.657737316799036e-14;0.24514701390151952;0.0;0.008988569988161893;0.5595779053796712;2.2689894117815792e-14;0.0;0.0;6.048598542210144e-13;0.0;-0.4236338718438943
4455.0;55.07833822877278;-0.39375932199999997;0.008624185608808262;3.657736669375474e-14;0.20627792111459856;0.0;0.008474219991186048;0.5616225845113461;2.2689887081074735e-14;0.0;0.0;6.048597602284814e-13;0.0;-0.39098812183641884
4456.0;55.07862009480931;-0.386466396;0.00862418560880875;3.6577373869351066e-14;0.1433194428073444;0.0;0.008461259991542458;0.5457894301284024;2.2689894880113213e-14;0.0;0.0;6.048598644031942e-13;0.0;-0.3195052909044996
4457.0;55.078830161954365;-0.38160308600000004;0.008624185608808718;3.657737340957193e-14;0.07415844828652435;0.0;0.008819279984874556;0.5375932409540225;2.2689894380386667e-14;0.0;0.0;6.048598577282602e-13;0.0;-0.24740604176905717
4458.0;55.07907931738647;-0.380038052;0.008624185608809233;3.657738098881988e-14;0.023250569318260764;0.0;0.008852489991903873;0.5228523287324819;2.268990261814066e-14;0.0;0.0;6.04859967763134e-13;0.0;-0.18337777064123106
4459.0;55.079029301373694;-0.380994802;0.008624185608808585;3.6577371458902736e-14;0.0027291066040771627;0.0;0.008899469981080961;0.5306378370566627;2.268989226023794e-14;0.0;0.0;6.048598294085946e-13;0.0;-0.16974839172085587
4460.0;55.079000313123366;-0.37758370999999996;0.008624185608808383;3.657736849094598e-14;0.000661601640459795;0.0;0.008676719988794681;0.5336436894824496;2.2689889034413284e-14;0.0;0.0;6.048597863200327e-13;0.0;-0.17387791788715048
4461.0;55.078858987881766;-0.36933232800000004;0.008624185608807573;3.6577356579329077e-14;0.0003662449222692022;0.0;0.008127539981657075;0.5466894395517577;2.2689876087860954e-14;0.0;0.0;6.048596133881029e-13;0.0;-0.19433768234483006
4462.0;55.07867357304427;-0.357993432;0.008624185608806517;3.6577341037474957e-14;0.0002953567173842544;0.0;0.00728999998880285;0.5637284291144232;2.26898591956361e-14;0.0;0.0;6.048593877525671e-13;0.0;-0.22181631802331847
4463.0;55.07873492948811;-0.34738328199999996;0.008624185608806864;3.657734613983517e-14;0.00020084484263114183;0.0;0.0060709499889660705;0.5581885721850963;2.268986474132271e-14;0.0;0.0;6.048594618282453e-13;0.0;-0.22557013029124423
4464.0;55.07873070137222;-0.337259418;0.00862418560880684;3.657734578267328e-14;0.00021265800027910636;0.0;0.0051038099869677375;0.5586254700100451;2.268986435312822e-14;0.0;0.0;6.048594566429603e-13;0.0;-0.23517578968251146
4465.0;287.8168583841609;-0.309461688;0.008624185628391462;9.771635278312028e-14;0.006450615010051254;9.44736651359849e-16;0.005369490001934627;0.283755979210092;2.8681644278333924e-14;0.0;1.7480935210072065e-13;1.240059671903304e-12;1.4660173326433847e-14;-2.9131170294265667e-8
4466.0;272.0384606095943;-0.303121138;0.008624185628339923;9.390686660570224e-14;0.005032898530037069;9.229786104630954e-16;0.0056351699943679315;0.27837340652215636;2.8338462969383577e-14;0.0;1.1733032299669826e-13;1.2102334266604453e-12;1.3544952221688774e-14;-3.110028779941681e-8
4467.0;319.98828988134557;-0.30113598599999997;0.008624185628477946;1.0653610921403011e-13;0.003827838728450325;9.924585340986955e-16;0.005554979998875268;0.27374229534003525;2.932876884628509e-14;0.0;0.009147867876453983;1.3048420356253521e-12;1.7620905518671362e-14;-2.5806880115156897e-8
4468.0;319.9920270451629;-0.30071691799999994;0.008624185628477958;1.0653754907971135e-13;0.0025400775642897546;9.924660381729682e-16;0.005687820001576479;0.2686480757607888;2.9328860699855045e-14;0.0;0.01509273103721167;1.3048521463743342e-12;1.7621438398160728e-14;-2.580643992145177e-8
4469.0;319.9919830304978;-0.30256266200000004;0.008624185628477958;1.0653752847374726e-13;0.0010869163204911233;9.92465930782872e-16;0.005587379997984386;0.27288597874040144;2.932885938536246e-14;0.0;0.014251037392342679;1.3048520016799723e-12;1.7621430771985226e-14;-2.5806446220887584e-8
4470.0;319.99195686988327;-0.31053043799999996;0.008624185628477958;1.0653751716824654e-13;0.0009333320439287869;9.92465871863015e-16;0.005425379989731082;0.2752889127760047;2.932885866416356e-14;0.0;0.020130082801740487;1.3048519222931742e-12;1.7621426587869812e-14;-2.5806449677086206e-8
4471.0;319.99195284032373;-0.327603086;0.008624185628477958;1.0653753250502651e-13;0.013787305465813684;9.92465951791967e-16;0.005217210000220863;0.2735587989258279;2.932885964252516e-14;0.0;0.02629558671495064;1.3048520299873336e-12;1.762143226394117e-14;-2.5806444988487955e-8
4472.0;57.87020383511549;-0.34744022999999996;0.008624185607211047;6.141621441187429e-14;0.09489257032403084;0.0;0.005070599971630168;0.2702121674448353;2.1615031177416337e-14;0.0;0.0;9.030948170487428e-13;0.0;-0.03143992852416269
4473.0;57.87007959493483;-0.365811214;0.008624185607212858;6.141627899473652e-14;0.28557559560959167;0.0;0.004787099982603267;0.2596829444294491;2.1615057134767647e-14;0.0;0.0;9.030955321784356e-13;0.0;-0.19282004871144348
4474.0;57.86998585846478;-0.377227464;0.00862418560721498;6.141635465945858e-14;0.48802567931902807;0.0;0.0045878399785519415;0.2367895326559589;2.1615087546079023e-14;0.0;0.0;9.03096370017684e-13;0.0;-0.36062886553548623
4475.0;57.869754391586106;-0.38139158;0.00862418560721598;6.1416390370046e-14;0.6466446572706909;0.0;0.004395869982242497;0.23930606131052648;2.161510189891352e-14;0.0;0.0;9.03096765442587e-13;0.0;-0.5173152285684983
4476.0;0.0014418212458200436;-0.385138272;0.0;0.0;0.7359339780200458;0.0;0.002754414146329144;0.20239104427421553;0.0;0.0;0.0;0.0;0.0;-0.5559750165704599
4477.0;0.0014418171557243138;-0.388620148;0.0;0.0;0.7693454167643986;0.0;0.002613598773020337;0.17260229697330554;0.0;0.0;0.0;0.0;0.0;-0.5559750165704599
4478.0;0.0014418267784783072;-0.387447004;0.0;0.0;0.7623755941488314;0.0;0.0028731486507243297;0.17813942576745284;0.0;0.0;0.0;0.0;0.0;-0.5559750165704599
4479.0;0.00144183102714892;-0.38052706799999997;0.0;0.0;0.7131258498286688;0.0;0.0030625311055543776;0.22027985154845883;0.0;0.0;0.0;0.0;0.0;-0.5559750165704598
4480.0;57.86943060334378;-0.37108807400000005;0.008624185607214218;6.141632750191626e-14;0.6114143741720903;0.0;0.004706909973689071;0.2905977900888896;2.161507663087952e-14;0.0;0.0;9.030960693009286e-13;0.0;-0.5440367818574262
4481.0;57.869598927457474;-0.36007930600000004;0.008624185607212757;6.141627535673075e-14;0.4319195030635304;0.0;0.004419359970476606;0.28116954876003825;2.1615055672570818e-14;0.0;0.0;9.030954918946364e-13;0.0;-0.3659394487643754
4482.0;57.87016848342362;-0.352300778;0.008624185607212474;6.141626530377616e-14;0.22575972410631617;0.0;0.004281659971086137;0.26071402111944986;2.161505163205929e-14;0.0;0.0;9.03095380577736e-13;0.0;-0.1470762852881623
4483.0;319.9921707150015;-0.34778365399999994;0.008624185628477958;1.0653769349772057e-13;0.0654631137531722;9.92466790823719e-16;0.004568399997411423;0.24532650408683598;2.932886991251692e-14;0.0;0.023727226978880318;1.304853160470675e-12;1.762149184677205e-14;-2.5806395771678616e-8
4484.0;515.2597075098624;-0.350503634;0.008624185628745968;2.3535223534777286e-13;0.013137516982283447;1.428323318919758e-15;0.00461943000230702;0.24866439764311407;3.211259346177323e-14;0.0;0.060529861555763016;1.830221272513076e-12;0.012579649399005317;-1.5299080424185324e-8
4485.0;496.32580523480914;-0.34613156;0.008624185628730269;2.1068162436876122e-13;0.006651459853597106;1.3702986069078858e-15;0.003836969988780459;0.2556897049363609;3.1907856111021325e-14;0.0;0.06052986155575992;1.7688097528079909e-12;0.012579649398917788;-1.5924954579164413e-8
4486.0;479.24385981427207;-0.337782832;0.008624185628714882;1.9244126154129914e-13;0.0069113744534107045;1.321688691868715e-15;0.003369600006304684;0.25743729303486274;3.1713151441392786e-14;0.0;0.060529861555756494;1.7151583778270796e-12;0.00021514153570022262;-1.6536950138391524e-8
4487.0;359.4545434360758;-0.32777311800000003;0.00862418562855951;1.1981159404079193e-13;0.006911374453359123;1.0580108721988873e-15;0.0029305800079462365;0.2588615779273694;3.003546106521438e-14;0.0;0.060529861555649385;1.3921144087930724e-12;2.3429661175650557e-14;-2.2645374113026242e-8
4488.0;319.99210512539804;-0.31746789400000003;0.008624185628477958;1.065375878089264e-13;0.006757787531343524;9.924662400147312e-16;0.002323079989259524;0.2608625674366079;2.932886317045855e-14;0.0;0.038782923809794215;1.3048524183289857e-12;1.7621452731695016e-14;-2.5806428081586158e-8
4489.0;56.67191559160317;-0.22965668600000005;0.008624185612948218;3.835130943014542e-14;0.004962011647319355;0.0;0.0028228499859198498;0.24198860892979357;2.2661005679650286e-14;0.0;0.0;6.289908536011496e-13;0.0;-0.028667852960116882
4490.0;56.672005618347875;-0.22649729799999999;0.008624185612948542;3.8351317731805983e-14;0.002764548722435584;0.0;0.0030431699798613844;0.22677584878600593;2.2661013898343176e-14;0.0;0.0;6.289909718985237e-13;0.0;-0.014630886483639815
4491.0;145.03096336766475;-0.22373329599999997;0.008624185627981671;4.4725996780219727e-14;0.0015358599605835928;0.0;0.0029783700030602688;0.21497088879577367;2.7225274598850295e-14;0.0;2.0139145534222738e-14;7.174687944343777e-13;5.257618336921389e-15;-4.3347770151259185e-8
4492.0;273.3461710742485;-0.221056974;0.008624185628633475;5.894357036471834e-14;0.0005670871209153031;5.95622938344933e-16;0.003196259988569843;0.20343680286388083;3.110689698648054e-14;0.0;7.547127083670103e-14;8.979727082200564e-13;8.529233440232823e-15;-1.9285317253148537e-8
4493.0;140.55763024122578;-0.221574502;0.008624185627925522;4.435220433979255e-14;0.0004725726005739708;0.0;0.0034514099898745073;0.21210484156111556;2.7036841691526562e-14;0.0;1.963612196966259e-14;7.124108380400192e-13;5.188084608025529e-15;-4.54067746927955e-8
4494.0;56.6721188575141;-0.22328879399999998;0.008624185612949064;3.8351331031635924e-14;0.012416844261246512;0.0;0.0034991999784407834;0.20974559714782665;2.2661027065240993e-14;0.0;0.0;6.289911614190438e-13;0.0;-0.010902886999253073
4495.0;56.67223742348559;-0.22869059799999997;0.008624185612949918;3.83513528441213e-14;0.06169434742571155;0.0;0.003361499979050416;0.20687955151381657;2.266104865967057e-14;0.0;0.0;6.289914722436361e-13;0.0;-0.05174321467595572
4496.0;56.672108179075266;-0.241444142;0.008624185612950823;3.83513759319455e-14;0.1884855636825713;0.0;0.0032100299848042105;0.20082415703981232;2.2661071516641104e-14;0.0;0.0;6.289918012414898e-13;0.0;-0.15949547686739227
4497.0;56.67181153519608;-0.257681168;0.00862418561295155;3.835139450581117e-14;0.3514876530036395;0.0;0.003019679991627141;0.20215232476298461;2.2661089904748587e-14;0.0;0.0;6.289920659160214e-13;0.0;-0.3073024276239368
4498.0;56.67155582241583;-0.27132090999999997;0.00862418561295213;3.835140928978246e-14;0.4876358080811198;0.0;0.0027677699810808865;0.20423195559260365;2.266110454084236e-14;0.0;0.0;6.289922765852749e-13;0.0;-0.4315589413025148
4499.0;56.67135873541466;-0.28049223199999995;0.008624185612952147;3.8351409728341264e-14;0.5532288784730766;0.0;0.0030148199949378454;0.21341553343519964;2.266110497501363e-14;0.0;0.0;6.289922828346244e-13;0.0;-0.4973772631166988
4500.0;56.671239491221975;-0.28512500199999996;0.008624185612952;3.8351405962854365e-14;0.5799410415977503;0.0;0.0030391199910926145;0.2247136954060046;2.266110124719374e-14;0.0;0.0;6.289922291769691e-13;0.0;-0.530769057884773
4501.0;0.001440120903746172;-0.28555335400000004;0.0;0.0;0.5963414840532824;0.0;0.0013815170362581509;0.24377173897233692;0.0;0.0;0.0;0.0;0.0;-0.5559750397771602
4502.0;0.001442171305278823;-0.28412547400000004;0.0;0.0;0.5854777020766191;0.0;0.0010405864863605534;0.25354834759966055;0.0;0.0;0.0;0.0;0.0;-0.5559750397771595
4503.0;0.0014421939473275693;-0.28149955;0.0;0.0;0.5555976042626017;0.0;0.0013940551527031064;0.2804490531741597;0.0;0.0;0.0;0.0;0.0;-0.5559750397771593
4504.0;56.67052646139412;-0.277741154;0.008624185612948651;3.835132050309974e-14;0.498363204137578;0.0;0.003198689988292819;0.30604647259326534;2.26610166419389e-14;0.0;0.0;6.289910113889534e-13;0.0;-0.5381592007049857
4505.0;56.67055734746569;-0.272262748;0.00862418561294761;3.835129395781446e-14;0.38726139690802935;0.0;0.0033849899927007343;0.3114552606553011;2.2660990361930204e-14;0.0;0.0;6.289906331227748e-13;0.0;-0.4382002450986608
4506.0;56.670613434851866;-0.26917626200000005;0.00862418561294643;3.8351263790559735e-14;0.2589933891239333;0.0;0.003237569987223443;0.3262573367475983;2.266096049606568e-14;0.0;0.0;6.289902032438347e-13;0.0;-0.32775739086103933
4507.0;56.67087695808978;-0.261803002;0.008624185612945893;3.835125013017921e-14;0.12457012569314661;0.0;0.0027669599858680086;0.3234699324339628;2.266094697213159e-14;0.0;0.0;6.289900085854891e-13;0.0;-0.1975275744964258
4508.0;56.67111689332116;-0.26094456199999994;0.008624185612945737;3.835124612331794e-14;0.032631135776877665;0.0;0.0031670999843956926;0.3154572396737901;2.2660943005290835e-14;0.0;0.0;6.289899514883133e-13;0.0;-0.09888471847375802
4509.0;56.67115790368793;-0.25960336199999995;0.008624185612945642;3.8351243708383126e-14;0.010408411699438338;0.0;0.0027872099932536357;0.3147145128911837;2.2660940614473505e-14;0.0;0.0;6.289899170757387e-13;0.0;-0.07689338351654354
4510.0;56.671184451787816;-0.257756394;0.008624185612945708;3.835124537118539e-14;0.007915590733650099;0.0;0.0027402299913685305;0.31259993196426616;2.266094226066834e-14;0.0;0.0;6.289899407704307e-13;0.0;-0.07408631782444042
4511.0;56.671135940236994;-0.254219206;0.00862418561294554;3.8351241071162504e-14;0.007927405214011946;0.0;0.002911139985080215;0.3173096828661259;2.266093800359059e-14;0.0;0.0;6.289898794956827e-13;0.0;-0.08251848518852505
4512.0;56.67115013927959;-0.248221564;0.008624185612945586;3.835124229569758e-14;0.007915590733650099;0.0;0.0030707099822807676;0.31617374948164684;2.2660939215896074e-14;0.0;0.0;6.289898969452645e-13;0.0;-0.08752733792216899
4513.0;319.9926531532121;-0.250434934;0.008624185628746691;6.170068955350659e-14;0.007419390495421136;5.954595887737036e-16;0.000570239994684093;0.2109339580793845;3.241615950569805e-14;0.0;0.02279701363757045;9.356678705938542e-13;1.0207020941132285e-14;-1.4837908972326485e-8
4514.0;319.992668393422;-0.244762194;0.008624185628746691;6.170069261854357e-14;0.006533316372707744;5.954596059869767e-16;0.0005686200042596406;0.20969316960107287;3.2416159803306166e-14;0.0;0.019252897199727323;9.356679064923554e-13;1.0207022075789825e-14;-1.4837908050371495e-8
4515.0;319.99266931884875;-0.241981328;0.008624185628746691;6.170069203839996e-14;0.0054818408476424154;5.954596027288423e-16;0.0008083799976666351;0.20978054884593353;3.2416159746973874e-14;0.0;0.017195697514403557;9.356678996974803e-13;1.020702186102498e-14;-1.483790822487717e-8
4516.0;319.99266202535347;-0.24345638399999997;0.008624185628746691;6.170068974681644e-14;0.004832055009452023;5.954595898592772e-16;0.0013616100062813028;0.21054948780135235;3.241615952446633e-14;0.0;0.017997572599762132;9.35667872857951e-13;1.0207021012694717e-14;-1.4837908914178873e-8
4517.0;319.99266426352153;-0.249043364;0.008624185628746691;6.170069415328915e-14;0.00985313773668628;5.95459614606235e-16;0.0015211800034819218;0.20952714903583777;3.241615995232631e-14;0.0;0.019429762723458695;9.356679244675071e-13;1.0207022643943353e-14;-1.4837907588725259e-8
4518.0;319.99273753217057;-0.26316401800000006;0.008624185628746691;6.170073959985781e-14;0.04557962239691477;5.954598698354788e-16;0.0017479799972453447;0.19704062613363746;3.24161643650885e-14;0.0;0.010111527671896166;9.356684567494425e-13;1.0207039467979525e-14;-1.4837893918556493e-8
4519.0;54.63622052038361;-0.276726554;0.008624185607536831;3.5384041642935416e-14;0.15037258837984369;0.0;0.0020646899819193308;0.17405983511513162;2.2754976998006426e-14;0.0;0.0;5.884026317663173e-13;0.0;-0.05987928313354837
4520.0;54.63605841289778;-0.30065315400000003;0.008624185607539471;3.538407384589496e-14;0.331001633730574;0.0;0.0022112999794763424;0.1618791427712347;2.275501428325574e-14;0.0;0.0;5.88403105201073e-13;0.0;-0.20443394223620734
4521.0;54.63573807063445;-0.317881408;0.008624185607541595;3.538409975145216e-14;0.5365825097636272;0.0;0.002353859988264212;0.15853251129049142;2.275504427714706e-14;0.0;0.0;5.884034860538453e-13;0.0;-0.389458815141289
4522.0;36.358940358861716;-0.332671626;0.0;3.437356395357325e-14;0.715604808270887;0.0;0.002465639981459087;0.16713064659178173;2.1519254432668713e-14;0.0;0.0;0.0;0.0;-0.5559749381115486
4523.0;0.0014421901271511393;-0.343706194;0.0;0.0;0.7812812488320776;0.0;0.0009343654804489683;0.11743174182811128;0.0;0.0;0.0;0.0;0.0;-0.5559750412617279
4524.0;0.0014422060514855633;-0.346043298;0.0;0.0;0.7725343509874567;0.0;0.0011040745080516732;0.12834603469173286;0.0;0.0;0.0;0.0;0.0;-0.5559750412617279
4525.0;0.0014422074456086759;-0.34409639599999997;0.0;0.0;0.7627518831058656;0.0;0.0011218756476928458;0.13616379943702706;0.0;0.0;0.0;0.0;0.0;-0.555975041261728
4526.0;0.0014422085172800525;-0.34282813;0.0;0.0;0.7436119145825826;0.0;0.0011354060758708485;0.15402197152898894;0.0;0.0;0.0;0.0;0.0;-0.5559750412617279
4527.0;0.001442231940444046;-0.33881849;0.0;0.0;0.7246813302890914;0.0;0.0015464382812317699;0.16853188361853105;0.0;0.0;0.0;0.0;0.0;-0.555975041261728
4528.0;0.0014422541369316505;-0.33214078599999997;0.0;0.0;0.6288895879957598;0.0;0.0022876358845306728;0.25690472437876555;0.0;0.0;0.0;0.0;0.0;-0.5559750412617279
4529.0;54.634572001061464;-0.32329443599999996;0.008624185607532957;3.538399439825462e-14;0.4929640633296528;0.0;0.004114799987495469;0.2724665551636476;2.2754922296895023e-14;0.0;0.0;5.884019371941307e-13;0.0;-0.4562092774121089
4530.0;54.6347042797317;-0.31526167400000005;0.008624185607530838;3.538396856935501e-14;0.3478015880393319;0.0;0.003966569986805937;0.2828909230852009;2.2754892391407014e-14;0.0;0.0;5.884015574679783e-13;0.0;-0.3294473906879949
4531.0;54.63489394877643;-0.304102706;0.008624185607528895;3.5383944881049784e-14;0.1929631882494765;0.0;0.003819149994036644;0.29016089226405867;2.2754864964287023e-14;0.0;0.0;5.884012092120157e-13;0.0;-0.1929862041829135
4532.0;54.635456622003396;-0.290796476;0.008624185607530236;3.5383961227245365e-14;0.07623776773052279;0.0;0.004049189981356988;0.25524406918677484;2.2754883890473475e-14;0.0;0.0;5.88401449527319e-13;0.0;-0.05493079826679482
4533.0;227.8328426174241;-0.28245811199999993;0.008624185628555001;4.9034453509732174e-14;0.01955268987417635;5.176210598395801e-16;0.003821579990109249;0.25006246876216415;3.0462717512201365e-14;0.0;3.538511782078822e-14;7.783794956822411e-13;6.468069809026623e-15;-2.1979706710626882e-8
4534.0;144.42087186882299;-0.27909088400000004;0.008624185628059442;4.1355558837245864e-14;0.007490274732001197;0.0;0.0034562699871357847;0.26698786690713067;2.7638219652953318e-14;0.0;1.8579683854186384e-14;6.741463424556284e-13;4.85831614986607e-15;-3.969992502542776e-8
4535.0;54.585972889823275;-0.270794144;0.008624185607506062;3.5383666929288325e-14;0.007277618053140107;0.0;0.0030350699901804173;0.266280093422998;2.2754543136892838e-14;0.0;0.0;5.883971228709269e-13;0.0;-0.008795860891923633
4536.0;54.63552773242562;-0.25396615999999994;0.008624185607529372;3.538395069840585e-14;0.006946816571150185;0.0;0.0030731399939003005;0.25125082969341755;2.275487169982488e-14;0.0;0.0;5.884012947363906e-13;0.0;-0.017540087364392054
4537.0;440.82965621526324;-0.249506434;0.008624185628802959;1.1453609824541078e-13;0.006261585969827745;8.9756252368969e-16;0.0010448999977723697;0.17613072802042304;3.30454735261709e-14;0.0;0.06052986155575873;1.3916824183541003e-12;5.17805258740798e-14;-1.3016276945685329e-8
4538.0;444.913842937599;-0.247460886;0.0086241856288062;1.165524064946915e-13;0.0048793116082012766;9.049346520633456e-16;0.0011210399925208063;0.17482877567135485;3.3091696429762446e-14;0.0;0.06052986155575981;1.4051013056818367e-12;5.7907662429833e-14;-1.2884971425166312e-8
4539.0;479.2452119342755;-0.245370858;0.008624185628831008;1.3680231492964525e-13;0.0038514663665820048;9.720268270261939e-16;0.001138860001709895;0.1639325582269106;3.345595759959124e-14;0.0;0.060529861555766715;1.525948454267902e-12;0.00664076684201706;-1.1878248404409803e-8
4540.0;479.24082770676296;-0.243519564;0.008624185628831002;1.3679693252430205e-13;0.0038987229653155006;9.720105160292076e-16;0.001065150005325254;0.1594150416637441;3.3455879749183354e-14;0.0;0.060529861555766715;1.5259194209937503e-12;0.008884521789336075;-1.1878458440516684e-8
4541.0;647.3052289177402;-0.24600628000000002;0.008624185628911336;9.160604836120325e-13;0.004631210166067384;1.5214861583421553e-15;0.0010797299958918859;0.14941009731881963;3.4772372275672595e-14;0.0;0.06052986155577962;2.311311804456879e-12;0.012579649399071784;-8.598037854246821e-9
4542.0;701.5934944755775;-0.256469936;0.008624185628928445;0.013635999998915902;0.01919826075429004;1.8564485404698234e-15;0.0010675799915705851;0.13618085083530573;3.508241061586277e-14;0.0;0.06052986155578136;2.5893760251496407e-12;0.012579649399074693;-7.894560617171177e-9
4543.0;319.99351771136;-0.27350525000000003;0.008624185628662582;7.573519143357772e-14;0.0896352006361053;7.22915936121579e-16;0.0008124299986109008;0.1223748997350436;3.1306877578698813e-14;0.0;0.05206525546125341;1.0722225386725575e-12;1.2528003731144166e-14;-1.8674845696940228e-8
4544.0;65.45277495178486;-0.292710122;0.008624185621186282;4.4201180308436453e-14;0.23309641456252914;0.0;0.0007257599914026012;0.11832923269461765;2.279141505781265e-14;0.0;0.0;7.056354021066456e-13;0.0;-0.06754187669443482
4545.0;65.45254342510964;-0.308984906;0.008624185621186511;4.420121247493623e-14;0.40860986134313054;0.0;0.0006763499784653428;0.11341850792893288;2.2791438882345394e-14;0.0;0.0;7.056358330722943e-13;0.0;-0.22171360429459705
4546.0;65.45225226648918;-0.31974269400000005;0.008624185621186612;4.420122654590126e-14;0.5460103328209719;0.0;0.0006002099964449679;0.11833796901845811;2.279144930417003e-14;0.0;0.0;7.056360215945107e-13;0.0;-0.35312078179073775
4547.0;65.45207771164019;-0.32917659400000004;0.008624185621186676;4.420123559117538e-14;0.6304472322018663;0.0;0.0004544099813948034;0.12129139389732871;2.2791456003650406e-14;0.0;0.0;7.056361427828811e-13;0.0;-0.43088290939718055
4548.0;65.45193259044402;-0.334600914;0.008624185621186652;4.4201232218217994e-14;0.666823505345713;0.0;0.00037097999163394744;0.12947011042402795;2.2791453505432478e-14;0.0;0.0;7.056360975920397e-13;0.0;-0.46991293373330745
4549.0;65.4517740191525;-0.33536930600000003;0.008624185621186544;4.420121722975053e-14;0.671253873313852;0.0;0.0002794499862127256;0.14392266953688285;2.279144240405635e-14;0.0;0.0;7.056358967770922e-13;0.0;-0.4879410304365644
4550.0;65.45163203482177;-0.33435845200000003;0.008624185621186426;4.420120052476859e-14;0.6649332162648092;0.0;0.00025109998858258934;0.15841891667152241;2.279143003130766e-14;0.0;0.0;7.056356729644557e-13;0.0;-0.49711062146341745
4551.0;65.4515576081019;-0.3297395940000001;0.008624185621186258;4.4201176839200575e-14;0.6142616229356411;0.0;0.0003102299821874698;0.17195399051204982;2.2791412488271397e-14;0.0;0.0;7.056353556260228e-13;0.0;-0.46468946142081535
4552.0;65.45170632223535;-0.323066752;0.008624185621186175;4.420116502513807e-14;0.5292458219532996;0.0;0.00032885998643972356;0.1709753429696112;2.2791403738014796e-14;0.0;0.0;7.056351973414971e-13;0.0;-0.38543640994251516
4553.0;65.4519264781386;-0.31481444399999997;0.008624185621186036;4.4201145451592317e-14;0.39742170584341585;0.0;0.0003158999867966716;0.171586999284281;2.279138924056627e-14;0.0;0.0;7.056349350957746e-13;0.0;-0.26254179021885277
4554.0;65.45215651964804;-0.30658314;0.008624185621185904;4.4201126825402624e-14;0.26530223433805544;0.0;0.00032318998183029473;0.1711675757076589;2.2791375444770464e-14;0.0;0.0;7.056346855426216e-13;0.0;-0.13831961498188602
4555.0;65.45468166637049;-0.296464208;0.008624185621185169;4.4201023284798126e-14;0.13292284558744846;0.0;0.0003086099917626462;0.16706074319598274;2.279129875531622e-14;0.0;0.0;7.056332983077948e-13;0.0;-0.012556953826537003
4556.0;523.5698371014448;-0.28747702799999997;0.008624185628857745;1.76413256682723e-13;0.043193131754416705;1.0748686311225722e-15;0.00024543000896687996;0.16415100793971;3.386994253951034e-14;0.0;0.06052986155577219;1.7042715163995972e-12;0.012579649399038474;-1.0790248612486792e-8
4557.0;677.6752719277786;-0.28423314399999994;0.008624185628921286;0.013635999969966436;0.011719799179636545;1.6930558712287399e-15;0.0002640600009117277;0.17738025442323072;3.49513232809619e-14;0.0;0.06052986155578066;2.469034443239862e-12;0.012579649399073611;-8.189157988354957e-9
4558.0;676.7376935124744;-0.279106484;0.008624185628920993;0.006593761367482036;0.008116432932401408;1.6872018526749145e-15;0.0002753999974210091;0.18264049616835792;3.494600820085689e-14;0.0;0.060529861555780634;2.4642253906026596e-12;0.012579649399073562;-8.201189350253576e-9
4559.0;558.7365809550961;-0.27002037199999995;0.008624185628875635;2.2900282383568265e-13;0.007844703852204165;1.1731201295715298e-15;0.00023571000299078086;0.1817667021191024;3.416005089299676e-14;0.0;0.06052986155577508;1.863234632654538e-12;0.012579649399058512;-1.0060239844439546e-8
4560.0;479.2252521357946;-0.260303898;0.008624185628830995;1.3678980249814094e-13;0.007832890694540524;9.719889078511851e-16;0.00021059999864251713;0.18273661333769692;3.3455776608914886e-14;0.0;0.060529861555766715;1.5258809585306318e-12;1.3251140894129438e-6;-1.1878736710525632e-8
4561.0;0.0002749827656604641;-0.292538892;0.0;0.0;0.0011631051922983934;0.0;0.008148685161868672;0.4531011830856316;0.0;0.0;0.0;0.0;0.0;-0.16989564672082869
4562.0;0.0002751254396368524;-0.289753456;0.0;0.0;0.000350602461115282;0.0;0.007902755061468165;0.44397496981784723;0.0;0.0;0.0;0.0;0.0;-0.16249644400829988
4563.0;0.0002750954033634291;-0.28723073600000004;0.0;0.0;0.0003206592474038079;0.0;0.007206902329121029;0.44437007625316527;0.0;0.0;0.0;0.0;0.0;-0.16468847172528928
4564.0;0.00027519804913076547;-0.28678692;0.0;0.0;0.00032003086223404535;0.0;0.006657450169568292;0.44014042166142425;0.0;0.0;0.0;0.0;0.0;-0.16035255717780825
4565.0;0.0002754412761893228;-0.294372254;0.0;0.0;0.00032097813702975666;0.0;0.005880683960056049;0.4387589749312425;0.0;0.0;0.0;0.0;0.0;-0.15060996868038734
4566.0;0.0002760423113276113;-0.311729906;0.0;0.0;0.0003399609057460921;0.0;0.004700413946016089;0.43645189636104054;0.0;0.0;0.0;0.0;0.0;-0.12978397993861374
4567.0;0.0002768519490067278;-0.328075586;0.0;0.0;0.010613998076452335;0.0;0.004895498799607629;0.4229151045591001;0.0;0.0;0.0;0.0;0.0;-0.11037066589989424
4568.0;0.00027505722527342973;-0.340567042;0.0;0.0;0.09347245224761845;0.0;0.005652868724253229;0.4083629581031442;0.0;0.0;0.0;0.0;0.0;-0.16694280562449007
4569.0;0.0002728946453571261;-0.35268852400000006;0.0;0.0;0.2792024334843499;0.0;0.00578945753835781;0.3716136957803627;0.0;0.0;0.0;0.0;0.0;-0.3039385327397081
4570.0;0.0002673638786800571;-0.36302469;0.0;0.0;0.4799634022057278;0.0;0.005963916211107322;0.35784960701152985;0.0;0.0;0.0;0.0;0.0;-0.48077345228772345
4571.0;0.00026173956877055993;-0.371075582;0.0;0.0;0.6068615038585956;0.0;0.005542208302322083;0.27289843278744486;0.0;0.0;0.0;0.0;0.0;-0.5142475212835695
4572.0;0.00025898788186175795;-0.375466326;0.0;0.0;0.633395307055583;0.0;0.005506882786573744;0.2583427028200136;0.0;0.0;0.0;0.0;0.0;-0.5217993982198851
4573.0;0.00026003652118822875;-0.37179199999999996;0.0;0.0;0.6443355504427258;0.0;0.006930923344625633;0.23977344499565528;0.0;0.0;0.0;0.0;0.0;-0.5192687987370393
4574.0;0.0002605467126116436;-0.371959844;0.0;0.0;0.618239971241898;0.0;0.007696368000296733;0.2639016204063434;0.0;0.0;0.0;0.0;0.0;-0.5178990191322693
4575.0;0.0002630953137997202;-0.367401578;0.0;0.0;0.5680175613558424;0.0;0.007881398559214482;0.30067417893194553;0.0;0.0;0.0;0.0;0.0;-0.5091925816226264
4576.0;0.0002700218966943476;-0.35873169;0.0;0.0;0.44908433802444;0.0;0.00792272240656014;0.33901011505880413;0.0;0.0;0.0;0.0;0.0;-0.4373068241163116
4577.0;0.00027355864991743066;-0.34792692999999997;0.0;0.0;0.2776897218230012;0.0;0.007875140719315823;0.31808660382095055;0.0;0.0;0.0;0.0;0.0;-0.25574603663066814
4578.0;0.00027893701168228756;-0.33545591399999997;0.0;0.0;0.11334999125393648;0.0;0.0085278553204995;0.2915002476756644;0.0;0.0;0.0;0.0;0.0;-0.07794392579819583
4579.0;0.00039551364558900587;-0.33434048;0.0;0.0;0.023680621104320582;0.0;0.008665082418383109;0.3064516872600473;0.0;0.0;0.0;0.0;0.0;-0.004483968359141044
4580.0;0.0003958590610385999;-0.33357263;0.0;0.0;0.005118574483618579;0.0;0.008887849750879131;0.3240109877807717;0.0;0.0;0.0;0.0;0.0;-0.004471855391771432
4581.0;0.00028741408609152117;-0.326718032;0.0;0.0;0.0028916933740497984;0.0;0.008749703630117803;0.3500371401264783;0.0;0.0;0.0;0.0;0.0;-0.03498263719430368
4582.0;0.0002815743641608878;-0.315809776;0.0;0.0;0.0022272254349649887;0.0;0.008438179335160157;0.3615614675480123;0.0;0.0;0.0;0.0;0.0;-0.05643896207521871
4583.0;0.00027888044161006515;-0.30558952399999995;0.0;0.0;0.001051689715410105;0.0;0.008611596713987445;0.3743313069334412;0.0;0.0;0.0;0.0;0.0;-0.07842681251519652
4584.0;0.0002775712121051542;-0.29619688600000005;0.0;0.0;0.00035329219855517085;0.0;0.008224098087676357;0.38369471634373953;0.0;0.0;0.0;0.0;0.0;-0.09609690485610684
4585.0;0.00030793564817624343;-0.27640219800000004;0.0;0.0;0.00013578930673781086;0.0;0.0036787175175997298;0.3708605990346233;0.0;0.0;0.0;0.0;0.0;-0.09829598071398832
4586.0;0.00030620003663914226;-0.211424724;0.0;0.0;0.0001667738389236135;0.0;0.003101952545990603;0.3320705254943978;0.0;0.0;0.0;0.0;0.0;-0.12393752033857212
4587.0;0.0003062279936431904;-0.21116509199999997;0.0;0.0;0.00013499767454915566;0.0;0.003636266507100539;0.3301828128242129;0.0;0.0;0.0;0.0;0.0;-0.12281197795297849
4588.0;0.0003085633526632986;-0.264739738;0.0;0.0;0.00013607334592590154;0.0;0.003060184496247067;0.3529554470985745;0.0;0.0;0.0;0.0;0.0;-0.09143506912866331
4589.0;0.00030902693178980976;-0.26309151999999997;0.0;0.0;0.0001362876630506931;0.0;0.003112764876728018;0.34677974353576196;0.0;0.0;0.0;0.0;0.0;-0.08696040000233292
4590.0;0.00030918228759662346;-0.264553422;0.0;0.0;0.00017887572211033352;0.0;0.00296861078382071;0.34738489803317935;0.0;0.0;0.0;0.0;0.0;-0.08600209502606687
4591.0;0.0003084434867145146;-0.269065202;0.0;0.0;0.0004377460493215659;0.0;0.0038108502203849162;0.3550254754732385;0.0;0.0;0.0;0.0;0.0;-0.09023194071808738
4592.0;0.0003076051433731356;-0.276084698;0.0;0.0;0.00812284804518659;0.0;0.004506873509752892;0.3633195687912297;0.0;0.0;0.0;0.0;0.0;-0.09988762450090741
4593.0;0.0003037207648499919;-0.287288404;0.0;0.0;0.10427767338848952;0.0;0.0052307301903132776;0.3585768350033108;0.0;0.0;0.0;0.0;0.0;-0.18081968946303442
4594.0;0.0003008982644462401;-0.301763676;0.0;0.0;0.2495376593547541;0.0;0.00591609489948795;0.35470368688161114;0.0;0.0;0.0;0.0;0.0;-0.30841649174638774
4595.0;0.00029769920858849544;-0.31129397999999997;0.0;0.0;0.3745832264575712;0.0;0.005941241472027406;0.3494924043652701;0.0;0.0;0.0;0.0;0.0;-0.4187454726976265
4596.0;0.00029198677194999974;-0.316707748;0.0;0.0;0.4414983546904967;0.0;0.006259133963544672;0.3551307011074107;0.0;0.0;0.0;0.0;0.0;-0.48620276046518274
4597.0;0.00028707046559207954;-0.321966352;0.0;0.0;0.4571678902410125;0.0;0.006446438795776911;0.36584702502533933;0.0;0.0;0.0;0.0;0.0;-0.5075170949017441
4598.0;0.0002916608648238945;-0.32039859200000004;0.0;0.0;0.40440319031519933;0.0;0.007571760180448988;0.3966012351251255;0.0;0.0;0.0;0.0;0.0;-0.4881998974446199
4599.0;0.00029791892041379774;-0.31520884999999993;0.0;0.0;0.3126675201106986;0.0;0.008026212411898942;0.4085409296387209;0.0;0.0;0.0;0.0;0.0;-0.4140484027447309
4600.0;0.00030119925903997614;-0.306743234;0.0;0.0;0.183294631212185;0.0;0.0077843430137652945;0.4103955609562505;0.0;0.0;0.0;0.0;0.0;-0.29475404174064723
4601.0;0.0003030670293425799;-0.31015556600000005;0.0;0.0;0.051405933712115104;0.0;0.008007550982528701;0.4561365381821281;0.0;0.0;0.0;0.0;0.0;-0.2054172820198671
4602.0;0.0003034632177612437;-0.32554840199999996;0.0;0.0;0.008510443889763448;0.0;0.008181618853409874;0.498996343242053;0.0;0.0;0.0;0.0;0.0;-0.1901628461818817
4603.0;0.0003030724389654714;-0.326880364;0.0;0.0;0.00031782835527353393;0.0;0.008071886997148338;0.5385983762927661;0.0;0.0;0.0;0.0;0.0;-0.22013057960661017
4604.0;0.00030288182035629897;-0.32417887999999995;0.0;0.0;0.00018668381820046554;0.0;0.007857282090861327;0.5380973637804076;0.0;0.0;0.0;0.0;0.0;-0.22198528831562622
4605.0;0.00030277907865660796;-0.318422776;0.0;0.0;0.00016518623303338675;0.0;0.007923720566075381;0.5358681287646408;0.0;0.0;0.0;0.0;0.0;-0.22555709257688034
4606.0;0.0003026605063401441;-0.311260212;0.0;0.0;0.00014387575220292155;0.0;0.0076903771353038445;0.5331172355870405;0.0;0.0;0.0;0.0;0.0;-0.2297141033280383
4607.0;0.00030284589695880084;-0.305737794;0.0;0.0;0.00014396310110129375;0.0;0.007859964800920969;0.5192725169524556;0.0;0.0;0.0;0.0;0.0;-0.22156148635384443
4608.0;0.0003028902742806102;-0.298662692;0.0;0.0;0.00015458276078266335;0.0;0.007937337804833564;0.510739600100061;0.0;0.0;0.0;0.0;0.0;-0.22019166652892205
4609.0;0.00026507358610781034;-0.36448445000000007;0.0;0.0;0.0001793268439101574;0.0;0.007725183167415567;0.5725827854717392;0.0;0.0;0.0;0.0;0.0;-0.21601812514826524
4610.0;0.0002649474463374544;-0.36126056;0.0;0.0;0.00016909994012887154;0.0;0.007580243264374354;0.5737012520939249;0.0;0.0;0.0;0.0;0.0;-0.2202055213901657
4611.0;0.0002649202693473915;-0.3588064550000001;0.0;0.0;0.00016909713065797622;0.0;0.00763123184002411;0.5726872745974676;0.0;0.0;0.0;0.0;0.0;-0.22169663250727928
4612.0;0.000265003264605995;-0.3554478900000001;0.0;0.0;0.00017931448213476142;0.0;0.007269875892889954;0.5675412789313151;0.0;0.0;0.0;0.0;0.0;-0.21955785313665024
4613.0;0.00026491217759009385;-0.35693284000000003;0.0;0.0;0.00017929856868080987;0.0;0.006943328356505231;0.5740415544859266;0.0;0.0;0.0;0.0;0.0;-0.22424660769175234
4614.0;0.00026483319921643715;-0.3629626;0.0;0.0;0.0001792848591274776;0.0;0.007663290869865373;0.5837131263467981;0.0;0.0;0.0;0.0;0.0;-0.22860836165947715
4615.0;0.00026607753751673634;-0.378921675;0.0;0.0;0.0002321171854838653;0.0;0.007298127709682875;0.5961894978516386;0.0;0.0;0.0;0.0;0.0;-0.2248128168798226
4616.0;0.0002675111151848939;-0.39983802;0.0;0.0;0.005032017673186277;0.0;0.0076296295222923576;0.6020322478396475;0.0;0.0;0.0;0.0;0.0;-0.2148700656611747
4617.0;0.00026752694137974523;-0.4096793000000001;0.0;0.0;0.033138486689500424;0.0;0.005913793357929577;0.5845600859764276;0.0;0.0;0.0;0.0;0.0;-0.2139472575501436
4618.0;0.0002665279227111567;-0.416342855;0.0;0.0;0.09588414387048072;0.0;0.006004672405115408;0.5808432021538226;0.0;0.0;0.0;0.0;0.0;-0.2664033022042378
4619.0;0.00026474541196753055;-0.42351447499999995;0.0;0.0;0.18765873911181144;0.0;0.006195297448737998;0.5889488598745986;0.0;0.0;0.0;0.0;0.0;-0.3593024659529894
4620.0;0.0002629261787708917;-0.428686095;0.0;0.0;0.2483922922517705;0.0;0.006270068088830248;0.5939668380372594;0.0;0.0;0.0;0.0;0.0;-0.41995705170169706
4621.0;0.00026209685100544533;-0.42899917;0.0;0.0;0.2649872709034695;0.0;0.006317696831308486;0.5956811820072;0.0;0.0;0.0;0.0;0.0;-0.4380008842014265
4622.0;0.0002634002363987337;-0.425389825;0.0;0.0;0.2310702832441611;0.0;0.006444854869764067;0.595229771644264;0.0;0.0;0.0;0.0;0.0;-0.4073690581367096
4623.0;0.00026506368327461626;-0.4215817650000001;0.0;0.0;0.1739739954912225;0.0;0.006203364144666152;0.5862268142088031;0.0;0.0;0.0;0.0;0.0;-0.3448364701858625
4624.0;0.00026669199915094373;-0.41504143000000004;0.0;0.0;0.09677964957972102;0.0;0.00621857441510617;0.5693431283336923;0.0;0.0;0.0;0.0;0.0;-0.25731406976948656
4625.0;0.0002679881539160517;-0.41228086500000005;0.0;0.0;0.03484969277970423;0.0;0.006001724791036213;0.564659263623197;0.0;0.0;0.0;0.0;0.0;-0.19324403211177094
4626.0;0.00026856088200606475;-0.41483895500000006;0.0;0.0;0.007415743898460838;0.0;0.005961724846769813;0.572607541923569;0.0;0.0;0.0;0.0;0.0;-0.17116030182755043
4627.0;0.0002681142806287534;-0.41577384000000006;0.0;0.0;0.0006672713528893144;0.0;0.005297609085897282;0.5764190397438267;0.0;0.0;0.0;0.0;0.0;-0.16662452485822185
4628.0;0.0002672215268876655;-0.409997565;0.0;0.0;0.0002216716143954146;0.0;0.003591726845420049;0.5673662760696638;0.0;0.0;0.0;0.0;0.0;-0.16119701846435014
4629.0;0.0002667749539460241;-0.399844825;0.0;0.0;0.00020021591178234912;0.0;0.00335847779682335;0.5562341592907978;0.0;0.0;0.0;0.0;0.0;-0.15996308332483988
4630.0;0.000266518753468428;-0.38720974;0.0;0.0;0.0002001365684243259;0.0;0.0032576634174402027;0.5537471786138775;0.0;0.0;0.0;0.0;0.0;-0.1700102699645255
4631.0;0.0002664351050933282;-0.37725659500000003;0.0;0.0;0.00020011409058325746;0.0;0.003873065506511303;0.54676233368165;0.0;0.0;0.0;0.0;0.0;-0.17359394210882037
4632.0;0.0002663012129857134;-0.36823710000000004;0.0;0.0;0.00020007487951515378;0.0;0.004234905535203797;0.5431655821414384;0.0;0.0;0.0;0.0;0.0;-0.17937847418402492
4633.0;49.996813467082326;-0.3261639250000001;0.004154060609148504;3.611142893752224e-14;0.00020630477720440726;0.0;0.006204599984040901;0.43231778992836883;2.5132177723556748e-14;0.0;0.0;6.062804106025652e-13;0.0;-0.11671576578876582
4634.0;49.99676795315666;-0.32134139000000006;0.004171744123684801;3.611142665633017e-14;0.00020630477720440642;0.0;0.007389629981662907;0.4434118231206189;2.5132174484856268e-14;0.0;0.0;6.062803763660766e-13;0.0;-0.13383473040453192
4635.0;49.99670348613837;-0.3221794750000001;0.004206994723687135;3.611142340079608e-14;0.00021843907364177103;0.0;0.008163989979448859;0.4592194756187868;2.513216986284e-14;0.0;0.0;6.062803275067926e-13;0.0;-0.14962563890800232
4636.0;49.99664029869253;-0.3237062950000001;0.004267479770369596;3.6111420200405613e-14;0.00020630477720440398;0.0;0.00869372998713291;0.4746866011980364;2.513216531910943e-14;0.0;0.0;6.062802794749993e-13;0.0;-0.16414365900653435
4637.0;49.99660784273525;-0.32673434500000004;0.004288220383201401;3.611141855502907e-14;0.00019416776342375317;0.0;0.00915623998554466;0.4826531552693029;2.5132162983098874e-14;0.0;0.0;6.062802547809697e-13;0.0;-0.1695530853596854
4638.0;49.99652004799823;-0.33506178500000006;0.004334805545120246;3.6111414103068295e-14;0.00019416776342375152;0.0;0.009438119996861808;0.5042497768799457;2.513215666245914e-14;0.0;0.0;6.062801879654557e-13;0.0;-0.18315021570603746
4639.0;49.996406886987565;-0.35454124000000004;0.00439907294749914;3.6111408352623787e-14;0.00029125164562417654;0.0;0.009457559983619641;0.5321999303143478;2.513214849830201e-14;0.0;0.0;6.062801016622903e-13;0.0;-0.1918010617054083
4640.0;49.996348375865956;-0.3780791600000001;0.004455305223970573;3.611140532779554e-14;0.0053881547818112685;0.0;0.009501299991948844;0.5504808885166835;2.5132144203818568e-14;0.0;0.0;6.062800562653775e-13;0.0;-0.1917407023668145
4641.0;49.996380092286714;-0.3905255800000001;0.0046198638618493455;3.6111406727502265e-14;0.029003806749392045;0.0;0.009497249977763626;0.5603113859735006;2.5132146191044865e-14;0.0;0.0;6.062800772722496e-13;0.0;-0.21290135464028423
4642.0;49.996558862534755;-0.3971341750000001;0.005195480509735042;3.6111415256291355e-14;0.08460859586400915;0.0;0.009523169989759512;0.557470666363185;2.5132158299738763e-14;0.0;0.0;6.062802052731761e-13;0.0;-0.25966006303232286
4643.0;49.99679133103671;-0.40123894500000007;0.005877600522782848;3.611142630675589e-14;0.15909619802860375;0.0;0.00951506998680514;0.5552841218112377;2.5132173988548708e-14;0.0;0.0;6.06280371119787e-13;0.0;-0.32853265084500627
4644.0;49.99695218013129;-0.4059322250000001;0.006395135529673148;3.6111433822167544e-14;0.22063523689521314;0.0;0.00934901997707101;0.5608580212907113;2.5132184658487947e-14;0.0;0.0;6.062804839116537e-13;0.0;-0.39130557861505755
4645.0;49.99703898597808;-0.40535502;0.006723648711926369;3.611143780057792e-14;0.25949305700959074;0.0;0.009282599988426968;0.5675789620959615;2.5132190306793824e-14;0.0;0.0;6.062805436200319e-13;0.0;-0.4377247423425863
4646.0;49.99699023631208;-0.40120751500000007;0.006692756136942556;3.6111435413116975e-14;0.25181129601931895;0.0;0.008988569985386106;0.5738787232283662;2.513218691722093e-14;0.0;0.0;6.062805077888425e-13;0.0;-0.4401649267988405
4647.0;49.99686370565731;-0.39651115500000006;0.00640273549642892;3.611142941756286e-14;0.21188555320073654;0.0;0.00847421998839864;0.5759756570747823;2.513217840508895e-14;0.0;0.0;6.062804178069981e-13;0.0;-0.40622679244487664
4648.0;49.99673731644658;-0.3891777900000001;0.005802463853999812;3.611142368948979e-14;0.14721555879349507;0.0;0.008461259988754688;0.5597378636690601;2.5132170272707186e-14;0.0;0.0;6.062803318394612e-13;0.0;-0.33203749297807933
4649.0;49.99655841755043;-0.3843057650000001;0.005082143067808619;3.6111415327677284e-14;0.07617443376768021;0.0;0.008819279982094816;0.5513322090970837;2.513215840108939e-14;0.0;0.0;6.062802063445818e-13;0.0;-0.257098500396664
4650.0;49.996462783985486;-0.38277823000000005;0.004484507505190157;3.611141097493698e-14;0.023882632302986935;0.0;0.008852489989124822;0.5362145716714602;2.51321522213127e-14;0.0;0.0;6.062801410183031e-13;0.0;-0.19065101531916304
4651.0;49.996366111709136;-0.38376035500000005;0.004452584933182218;3.611140623527447e-14;0.002803296927726516;0.0;0.00889946997830298;0.5441990498536957;2.5132145492207302e-14;0.0;0.0;6.062800698849063e-13;0.0;-0.17658836907925912
4652.0;49.99634680475584;-0.380314025;0.004501876012450489;3.6111405268342336e-14;0.000679587174425927;0.0;0.008676719986011678;0.5472817211595851;2.5132144119412218e-14;0.0;0.0;6.062800553731598e-13;0.0;-0.18082008470007077
4653.0;49.99629106092725;-0.37197172;0.004576833403084058;3.6111402446696385e-14;0.000376201231387243;0.0;0.008127539978861708;0.5606608741271271;2.5132140113393475e-14;0.0;0.0;6.06280013025545e-13;0.0;-0.2017636033212418
4654.0;49.99621963684964;-0.36052718000000006;0.004605138785763165;3.6111398838539804e-14;0.00030338594206154003;0.0;0.007289999985988625;0.578135319564157;2.5132134990728565e-14;0.0;0.0;6.062799588739594e-13;0.0;-0.2298000936941077
4655.0;49.996242354554354;-0.349833555;0.004585535771157871;3.611139999961502e-14;0.00020630477720439642;0.0;0.006070949986124335;0.5724538836266301;2.5132136639160585e-14;0.0;0.0;6.062799762995529e-13;0.0;-0.23347666558865432
4656.0;49.99624050757368;-0.33962969500000006;0.00457391319259084;3.611139991533307e-14;0.00021843907364176222;0.0;0.005103809984104206;0.5729019470036012;2.5132136519502124e-14;0.0;0.0;6.062799750346904e-13;0.0;-0.24316193152273832
4657.0;203.64391461885003;-0.31155662;0.00862418562799183;7.756647065621735e-14;0.006625973940775082;8.439745121872953e-16;0.005369489999561417;0.2910077712003427;2.9974135825262675e-14;0.0;4.3917104787543086e-14;1.0956923696106084e-12;9.88178897074831e-15;-4.886634932650884e-8
4658.0;189.4194991785825;-0.30516549500000006;0.008624185627865872;7.55719824281249e-14;0.005169717066410065;0.0;0.005635169991736475;0.2854876391291118;2.951469415307771e-14;0.0;3.9893050759278786e-14;1.0755818406010617e-12;9.451862598214763e-15;-5.365048644746962e-8
4659.0;252.246783799591;-0.303167015;0.008624185628288365;8.524943370035509e-14;0.003931897908129754;8.969019116049585e-16;0.005554979997400478;0.2807381732428337;3.1389783034304116e-14;0.0;6.699305944638467e-14;1.1697189328589454e-12;1.1698919338182388e-14;-3.7559732059848735e-8
4660.0;335.1669445483319;-0.302752945;0.008624185628561024;1.0258737213268016e-13;0.002609129164059106;1.00425592972957e-15;0.005687820001501301;0.2755137635585576;3.3329582981357463e-14;0.0;6.474817896970836e-13;1.318149582062013e-12;1.7047755092544435e-14;-2.7028903230391915e-8
4661.0;331.8706611072354;-0.3046105050000001;0.008624185628553254;1.0176548963838154e-13;0.0011164639657231152;9.995085602619482e-16;0.00558737999786478;0.2798599722414317;3.326237447136935e-14;0.0;4.817281985158364e-13;1.3116550318852265e-12;1.674376126528828e-14;-2.7331759682239152e-8
4662.0;344.67598607898805;-0.312629745;0.008624185628582614;1.0505284748016458e-13;0.0009587045253300928;1.018309033412841e-15;0.0054253799897679075;0.2823243167108933;3.352080365376471e-14;0.0;0.015315720866838717;1.3373284387716753e-12;1.7997268512689195e-14;-2.6186181083243184e-8
4663.0;344.6760766581042;-0.3298577650000001;0.008624185628582614;1.0505287064076452e-13;0.0141621111459178;1.0183091641198986e-15;0.005217210000252982;0.28054998731397834;3.3520805380541394e-14;0.0;0.02132256227430617;1.3373286168223022e-12;1.7997277708184647e-14;-2.6186173596533044e-8
4664.0;59.270945045122495;-0.34988382500000004;0.008624185608771207;6.11803593967715e-14;0.09747220957583064;0.0;0.005070599970089487;0.27711782785419176;2.434294329764384e-14;0.0;0.0;9.188894190849635e-13;0.0;-0.03830324908242852
4665.0;59.27227118846661;-0.36836098500000003;0.008624185608774069;6.118047553234386e-14;0.2933389222144724;0.0;0.004787099981056471;0.26631951540731785;2.434300227003643e-14;0.0;0.0;9.188907686343722e-13;0.0;-0.20461589007156122
4666.0;59.27368742346303;-0.37980086;0.0086241856087771;6.118059858283432e-14;0.5012925788664041;0.0;0.0045878399770009175;0.24284102958325995;2.4343064753394707e-14;0.0;0.0;9.188921985369328e-13;0.0;-0.37745640779509415
4667.0;59.27484335387356;-0.38396695000000003;0.008624185608779639;6.118070171079363e-14;0.6642235882048949;0.0;0.004395869980687476;0.24542187174548055;2.43431171200861e-14;0.0;0.0;9.188933969294243e-13;0.0;-0.5386154197926639
4668.0;0.0004940337159030481;-0.38771528000000005;0.0;0.0;0.7504070661194925;0.0;2.899953097592079e-5;0.19360081381135252;0.0;0.0;0.0;0.0;0.0;-0.556337377205275
4669.0;0.0005309724548009714;-0.39120277000000003;0.0;0.0;0.7698580017985943;0.0;0.0007710302554522035;0.17689557654580224;0.0;0.0;0.0;0.0;0.0;-0.5563373772052422
4670.0;0.0005310367136359573;-0.39002271000000005;0.0;0.0;0.7563420942446027;0.0;0.0009578639695572646;0.189044590169357;0.0;0.0;0.0;0.0;0.0;-0.5563373772052422
4671.0;0.0005303725510163585;-0.38305257000000004;0.0;0.0;0.7271860800948214;0.0;0.0003014664634431553;0.2118868688309356;0.0;0.0;0.0;0.0;0.0;-0.5563373772052428
4672.0;10.007016443389979;-0.37355013500000006;0.0;0.0;0.6280355755235898;0.0;0.00470690985399153;0.29802443439068016;2.2054949966330277e-14;0.0;0.0;0.0;0.0;-0.5563373594442448
4673.0;59.27303857931823;-0.3624893150000001;0.008624185608775696;6.118054159576729e-14;0.44366116523935856;0.0;0.004419359968921837;0.28835524080177566;2.4343035816184614e-14;0.0;0.0;9.188915363216736e-13;0.0;-0.38248159690240424
4674.0;59.271891023614764;-0.354721595;0.008624185608773257;6.118044258788313e-14;0.2318969658713917;0.0;0.004281659969527858;0.26737694274445817;2.4342985541225387e-14;0.0;0.0;9.188903858046382e-13;0.0;-0.15736389811959
4675.0;344.6765876873137;-0.350245085;0.008624185628582616;1.0505300255928304e-13;0.06724271796465191;1.0183099086026447e-15;0.00456839999742887;0.2515961755922386;3.3520815215921634e-14;0.0;0.01823109817152447;1.3373296309664127e-12;1.799733008415274e-14;-2.618613095374414e-8
4676.0;516.1936378935115;-0.3530435350000001;0.008624185628819407;1.8462183525695995e-13;0.01349465826703083;1.358272655231669e-15;0.004619430002165251;0.25501937381706485;3.613447286543814e-14;0.0;0.06052986155575614;1.7700127280575092e-12;0.010162489337889017;-1.682513789328601e-8
4677.0;516.1935593466327;-0.3486174;0.008624185628819407;1.8462176611467738e-13;0.006832278719199389;1.3582724317907176e-15;0.0038369699887167265;0.26222422293811964;3.613447187269135e-14;0.0;0.06052986155575614;1.7700124686937873e-12;0.005974950786343613;-1.6825140858308523e-8
4678.0;446.03764187502;-0.34015068000000004;0.008624185628747366;1.4096202081816195e-13;0.007099259055557808;1.1953700399239328e-15;0.0033696000058896355;0.26401647316289284;3.52258895550136e-14;0.0;0.06052986155573116;1.5713725976189847e-12;4.393556275940248e-14;-1.9698834122982917e-8
4679.0;344.67613604301505;-0.33002194500000004;0.008624185628582616;1.0505288674356867e-13;0.007099259055503964;1.018309254996473e-15;0.002930580007481811;0.26547715770344943;3.352080658111166e-14;0.0;0.04590941363343089;1.3373287406152575e-12;1.799728410151853e-14;-2.618616839127183e-8
4680.0;344.6761212966699;-0.3196141850000001;0.008624185628582616;1.0505288285667928e-13;0.006941496897758477;1.0183092330606367e-15;0.0023230799892262;0.2675292853763237;3.352080629131895e-14;0.0;0.034214764137464944;1.3373287107343918e-12;1.7997282558300007e-14;-2.6186169647715697e-8
4681.0;56.83247402095718;-0.23131776500000006;0.008624185611855247;3.814205954434317e-14;0.005096903135288102;0.0;0.002822849984598495;0.24817297572572142;2.548374016640433e-14;0.0;0.0;6.349608430326977e-13;0.0;-0.033604007298247876
4682.0;56.832510308083194;-0.228141395;0.008624185611855318;3.81420611196311e-14;0.002839702534460047;0.0;0.0030431699785449613;0.23257143162584615;2.5483742142801347e-14;0.0;0.0;6.349608662248775e-13;0.0;-0.01914127614244782
4683.0;84.78196104085741;-0.22536354000000003;0.008624185625818816;3.9765132360908165e-14;0.001577612066151065;0.0;0.002978369998207519;0.22046477891162056;2.7346242963648033e-14;0.0;1.491386723240105e-14;6.587156862994909e-13;0.0;-1.3419279328413363e-7
4684.0;217.2923476433319;-0.22267238500000006;0.00862418562851685;4.9789949659753214e-14;0.000582503292967485;5.508616527329196e-16;0.003196259987504972;0.20863592283181887;3.3453739072250787e-14;0.0;3.042047803582258e-14;7.991673416477496e-13;6.4651356917764074e-15;-2.7901477339294733e-8
4685.0;81.07396979049989;-0.223193105;0.008624185625411881;3.954181521587012e-14;0.00048541941037229914;0.0;0.0034514099847292303;0.21752548571950606;2.711026832851172e-14;0.0;1.4703627384944015e-14;6.554640016507354e-13;0.0;-1.530310050197876e-7
4686.0;56.832654733546676;-0.22491743500000003;0.008624185611855668;3.8142068759258384e-14;0.012754394174013571;0.0;0.003499199977134615;0.2151059474235248;2.54837517276743e-14;0.0;0.0;6.349609786992104e-13;0.0;-0.015270219555166652
4687.0;56.83309410869447;-0.230361645;0.008624185611856803;3.814209360317168e-14;0.06337149833108141;0.0;0.0033614999777411793;0.21216665587296923;2.548378289743275e-14;0.0;0.0;6.34961344463071e-13;0.0;-0.05736810468351246
4688.0;56.83394132241617;-0.24319770500000001;0.008624185611858896;3.814213941149777e-14;0.1936095133955862;0.0;0.0032100299834916953;0.20595650708764854;2.5483840369420683e-14;0.0;0.0;6.349620188752117e-13;0.0;-0.16841149238830436
4689.0;56.83494041937874;-0.25952732000000006;0.00862418561186135;3.814219305696394e-14;0.3610427882806238;0.0;0.0030196799903105306;0.20731861804642582;2.5483907673677235e-14;0.0;0.0;6.349628086691218e-13;0.0;-0.320690757134272
4690.0;56.83577362984455;-0.273242025;0.008624185611863395;3.814223783881665e-14;0.5008921090416437;0.0;0.002767769979758769;0.2094513968316755;2.5483963857244122e-14;0.0;0.0;6.349634679684659e-13;0.0;-0.44870950671740417
4691.0;56.83615124945791;-0.28247368000000006;0.008624185611864333;3.814225836612225e-14;0.5682683164953883;0.0;0.003014819993621387;0.21886967420880277;2.5483989610828293e-14;0.0;0.0;6.349637701809707e-13;0.0;-0.5165213214203858
4692.0;56.83659521799498;-0.287126855;0.008624185611865563;3.8142285321590155e-14;0.5957066454754414;0.0;0.003039119989776852;0.23045657695156566;2.5484023429110012e-14;0.0;0.0;6.349641670319331e-13;0.0;-0.5509232749262677
4693.0;0.0007545368757748196;-0.28755033500000005;0.0;0.0;0.5971879776364029;0.0;2.1612179617205057e-5;0.2466721503791991;0.0;0.0;0.0;0.0;0.0;-0.5563374011181492
4694.0;0.000754984477786352;-0.28612763500000005;0.0;0.0;0.5967337563137531;0.0;2.154868124043596e-5;0.24570369003225517;0.0;0.0;0.0;0.0;0.0;-0.5563374011181494
4695.0;0.0007582928293746319;-0.283489125;0.0;0.0;0.5650211636886006;0.0;2.1726150261742097e-5;0.2747776613666952;0.0;0.0;0.0;0.0;0.0;-0.556337401118144
4696.0;55.684829919980096;-0.279714335;0.008624185608381577;3.8078854963610274e-14;0.5119111276333672;0.0;0.003198689986659407;0.31386793018784814;2.540417655772999e-14;0.0;0.0;6.340301012815341e-13;0.0;-0.5563344787773331
4697.0;56.83442089935188;-0.27420277000000004;0.008624185611860014;3.8142163824767024e-14;0.39778903565548157;0.0;0.0033849899913926153;0.3194149476047537;2.548387099865376e-14;0.0;0.0;6.349623782989398e-13;0.0;-0.4552256372394923
4698.0;56.83351932625086;-0.27111000500000004;0.008624185611857788;3.814211513770417e-14;0.2660340827237535;0.0;0.0032375699859118843;0.3345953120317831;2.5483809915096722e-14;0.0;0.0;6.349616615049596e-13;0.0;-0.34159354114610824
4699.0;56.83270712849211;-0.26370335500000003;0.008624185611855795;3.814207155128174e-14;0.12795654451123142;0.0;0.0027669599845456974;0.3317366715936029;2.548375523061698e-14;0.0;0.0;6.349610198046067e-13;0.0;-0.2075902096448216
4700.0;56.832187020975;-0.262873755;0.00862418561185452;3.8142043653145395e-14;0.0335182079511263;0.0;0.003167099983082265;0.3235192029505023;2.548372022887245e-14;0.0;0.0;6.349606090747944e-13;0.0;-0.10616182601038929
4701.0;56.832049622705505;-0.261543755;0.00862418561185418;3.8142036230372314e-14;0.010691362696258018;0.0;0.0027872099919316307;0.32275749471718573;2.548371091604256e-14;0.0;0.0;6.349604997930686e-13;0.0;-0.08352281256987656
4702.0;56.832047873880605;-0.25966643500000003;0.008624185611854176;3.8142036155229337e-14;0.008130774793719639;0.0;0.002740229990045462;0.3205888726346552;2.5483710821768203e-14;0.0;0.0;6.349604986868179e-13;0.0;-0.08062384807602911
4703.0;56.832018483393476;-0.25606956500000005;0.008624185611854103;3.814203454509602e-14;0.008142910448828651;0.0;0.0029111399837610007;0.32541898799178176;2.5483708801648552e-14;0.0;0.0;6.349604749815793e-13;0.0;-0.08923396697249261
4704.0;56.832027791658504;-0.25000361000000004;0.008624185611854128;3.8142035076453744e-14;0.008130774793719639;0.0;0.0030707099809651425;0.3242540241965886;2.5483709468304427e-14;0.0;0.0;6.349604828044331e-13;0.0;-0.0942823882717184
4705.0;344.6764701167091;-0.252207285;0.008624185628853457;6.084155228993528e-14;0.007621085431932866;6.10669152959053e-16;0.0005702399946472628;0.21632467862714885;3.6897052036816227e-14;0.0;0.01908640222545332;9.474082240074734e-13;1.0424703449362296e-14;-1.516666779279195e-8
4706.0;344.67647326165115;-0.246497935;0.008624185628853457;6.08415528019625e-14;0.006710923526801907;6.106691560694622e-16;0.0005686200042227738;0.21505218001545534;3.6897052092747853e-14;0.0;0.015561370097574528;9.474082303760404e-13;1.0424703652700093e-14;-1.5166667627268842e-8
4707.0;344.6764662260937;-0.24370022000000002;0.008624185628853457;6.084155176194767e-14;0.005630863808816456;6.106691497516077e-16;0.0008083799976351874;0.21514179236253914;3.6897051979143805e-14;0.0;0.013514365411430137;9.474082174402797e-13;1.0424703239684935e-14;-1.5166667963475482e-8
4708.0;344.6764569427007;-0.24518866;0.008624185628853457;6.084155036401567e-14;0.0049634136471940525;6.106691412595768e-16;0.0013616100062623629;0.21593038265842815;3.6897051826444164e-14;0.0;0.014328439636649676;9.47408200052633e-13;1.0424702684527191e-14;-1.5166668415386267e-8
4709.0;344.67649471736263;-0.25081911;0.008624185628853457;6.084155596966278e-14;0.01012099370025455;6.106691753123166e-16;0.0015211800034665899;0.2148819165559963;3.689705243876461e-14;0.0;0.015690104440690068;9.474082697763073e-13;1.042470491067863e-14;-1.5166666603243503e-8
4710.0;329.7357745632597;-0.26505969500000004;0.008624185628833502;5.863571277043534e-14;0.04681869709599835;5.970738511224104e-16;0.0017479799971264632;0.20207628260978855;3.6638483847273074e-14;0.0;2.3959294671153285e-13;9.197158985481067e-13;9.588646407105659e-15;-1.5945041959432596e-8
4711.0;59.26919960358002;-0.2787543350000001;0.008624185617375626;3.543302446779138e-14;0.15446044299337994;0.0;0.002064689981775957;0.17850818443849148;2.59254583628411e-14;0.0;0.0;5.971241407544461e-13;0.0;-0.06483468862083369
4712.0;59.27041528635214;-0.30286083500000005;0.008624185617377133;3.5433085634150085e-14;0.3399998598707915;0.0;0.0022112999793364153;0.16601619699018313;2.592554551793551e-14;0.0;0.0;5.971250662809399e-13;0.0;-0.21392641029005674
4713.0;59.271709477863496;-0.32015792;0.008624185617378733;3.543315047688758e-14;0.5511694189317751;0.0;0.002353859988127685;0.16258403753066727;2.5925637910720597e-14;0.0;0.0;5.971260474354332e-13;0.0;-0.4045140597361831
4714.0;0.0005284778490317676;-0.33498811500000003;0.0;0.0;0.7266487122526013;0.0;5.632327379201007e-5;0.16460495078590312;0.0;0.0;0.0;0.0;0.0;-0.5563374061025802
4715.0;0.0007668335328985248;-0.3460614350000001;0.0;0.0;0.7931663731103987;0.0;2.1305699637884682e-5;0.10920492153246744;0.0;0.0;0.0;0.0;0.0;-0.5563374061022506
4716.0;0.0007774079666876774;-0.348401395;0.0;0.0;0.7854464259691323;0.0;2.154419593056032e-5;0.11926462845514604;0.0;0.0;0.0;0.0;0.0;-0.5563374061022388
4717.0;0.0007810002806964078;-0.34644029;0.0;0.0;0.7762397424564856;0.0;2.161799118561551e-5;0.12651015573017513;0.0;0.0;0.0;0.0;0.0;-0.5563374061022348
4718.0;0.0007858414244440399;-0.3451670750000001;0.0;0.0;0.7591603317493544;0.0;2.1676934502766993e-5;0.14231621068974232;0.0;0.0;0.0;0.0;0.0;-0.55633740610223
4719.0;0.000590993211801702;-0.34113797500000004;0.0;0.0;0.7408424846244162;0.0;2.391160076523926e-5;0.15660858050420712;0.0;0.0;0.0;0.0;0.0;-0.5563374061024108
4720.0;0.0008149077155225601;-0.334421015;0.0;0.0;0.641261799499843;0.0;2.355452291976331e-5;0.24946987592830885;0.0;0.0;0.0;0.0;0.0;-0.5563374061021801
4721.0;59.27066922535151;-0.32553039;0.008624185617377416;3.543309711383129e-14;0.5063652120516244;0.0;0.004114799987398964;0.27942982969219404;2.5925561875098505e-14;0.0;0.0;5.971252399833884e-13;0.0;-0.47294477467053736
4722.0;59.269690701087654;-0.31746963500000003;0.008624185617376203;3.5433047898923e-14;0.3572565182335795;0.0;0.003966569986705973;0.29012060732256734;2.5925491749613227e-14;0.0;0.0;5.97124495297912e-13;0.0;-0.34243605556528867
4723.0;59.26868438040315;-0.30627331500000005;0.00862418561737496;3.5432997432820025e-14;0.19820886146576314;0.0;0.0038191499939332235;0.29757637101545653;2.5925419840875182e-14;0.0;0.0;5.97123731680029e-13;0.0;-0.2018895404116214
4724.0;59.26818253675334;-0.29291049;0.008624185617374346;3.543297253941766e-14;0.07831027917626897;0.0;0.004049189981258582;0.2617671983262884;2.5925384370300997e-14;0.0;0.0;5.97123355010309e-13;0.0;-0.05977127130698669
4725.0;149.55294667910644;-0.28450788;0.008624185628123076;4.082787889000941e-14;0.020084226601393498;0.0;0.0038215799879723457;0.2564531746534715;3.135651551349691e-14;0.0;1.8387308744562506e-14;6.772296069664841e-13;4.880033785859587e-15;-4.309139322159169e-8
4726.0;66.62556126067273;-0.2810909100000001;0.008624185622645612;3.5822111306775155e-14;0.007693896644671725;0.0;0.0034562699800367164;0.2738111256807517;2.6466371693679438e-14;0.0;0.0;6.030036365551197e-13;0.0;-4.3618650889564197e-7
4727.0;59.26760428354696;-0.2727155600000001;0.00862418561737361;3.5432942722461404e-14;0.007475458928635635;0.0;0.0030350699900602547;0.27308526402780015;2.5925341884016257e-14;0.0;0.0;5.971229038407739e-13;0.0;-0.019433256266498843
4728.0;59.267713045576116;-0.2557709;0.00862418561737375;3.5432948424241197e-14;0.007135664661598291;0.0;0.00307313999377977;0.25767190585680055;2.5925350008513956e-14;0.0;0.0;5.971229901162288e-13;0.0;-0.020662678550798546
4729.0;396.88739603099333;-0.25123853500000004;0.008624185628837587;8.596468185866583e-14;0.00643180617662893;8.046439343586984e-16;0.0010448999973330546;0.1806320019891875;3.655780618962606e-14;0.0;0.06052986155570797;1.204685604080117e-12;1.8390121172245098e-14;-1.6015127750217113e-8
4730.0;401.8772195942749;-0.24917726500000004;0.008624185628843095;8.722271974221068e-14;0.005011954908951229;8.112361586404866e-16;0.0011210399920957086;0.17929677637608823;3.6631177331420964e-14;0.0;0.06052986155571532;1.2167116611273016e-12;1.919112112057249e-14;-1.5794820393073017e-8
4731.0;516.1941759123981;-0.24708579500000002;0.00862418562893702;1.3124450499178612e-13;0.003956167859887416;9.985028097524415e-16;0.0011388600016948177;0.16812209042991796;3.8003206290720543e-14;0.0;0.06052986155576658;1.5585071451833192e-12;0.004120560062617957;-1.2016250748004337e-8
4732.0;516.1941964082678;-0.24522461000000004;0.00862418562893702;1.3124451595671622e-13;0.004004709121651813;9.985028478504095e-16;0.001065150005308541;0.16348912223637543;3.800320647741941e-14;0.0;0.06052986155576658;1.5585072137561784e-12;0.006917455997513892;-1.20162502730846e-8
4733.0;612.8137445095813;-0.24772170000000004;0.008624185628986657;2.288858668209959e-13;0.00475710886905501;1.2395153547493561e-15;0.0010797299956860997;0.153228487155113;3.8830487915707155e-14;0.0;0.06052986155577583;1.9673258885931066e-12;0.01257964939906127;-1.0000299037398622e-8
4734.0;735.1991527653028;-0.25828764000000004;0.008624185629029437;4.0996433434404254e-12;0.019720162383046993;1.7789062650051625e-15;0.0010675799915293909;0.1396611482586989;3.960781157261342e-14;0.0;0.060529861555780974;2.605889422560049e-12;0.012579649399074013;-8.25002162657873e-9
4735.0;344.677584347752;-0.27547837500000005;0.008624185628768686;7.468006132512835e-14;0.09207191913914248;7.414911751517539e-16;0.000812429998568233;0.125502366229955;3.5698607162917946e-14;0.0;0.04848610319313647;1.0902543302821526e-12;1.279513305818241e-14;-1.8762089799867802e-8
4736.0;62.99715822470788;-0.29481515500000005;0.008624185618852455;4.3730352802023895e-14;0.23943310307682647;0.0;0.0007257599894108445;0.12135330635203816;2.5470707213320986e-14;0.0;0.0;7.104059082743346e-13;0.0;-0.07530705738944064
4737.0;62.998293835124656;-0.31117231500000003;0.008624185618853334;4.3730423641668964e-14;0.41971785466030553;0.0;0.0006763499764728073;0.11631708095506656;2.5470774864152482e-14;0.0;0.0;7.104068949040398e-13;0.0;-0.23415318590258127
4738.0;62.99911114314551;-0.32197718500000005;0.008624185618853962;4.37304743695532e-14;0.5608535358414773;0.0;0.0006002099944511615;0.12136226594519413;2.5470823308292826e-14;0.0;0.0;7.104076014238164e-13;0.0;-0.36945634475
4739.0;62.99961997991266;-0.33146043500000005;0.008624185618854356;4.373050602647741e-14;0.6475858387424208;0.0;0.00045440997939866326;0.12439116984283331;2.547085353992991e-14;0.0;0.0;7.104080423300046e-13;0.0;-0.4495905764093357
4740.0;62.99980255959115;-0.33691023500000006;0.008624185618854497;4.373051741338594e-14;0.6849509950171367;0.0;0.00037097998963676675;0.13277890522849797;2.54708644141456e-14;0.0;0.0;7.104082009227585e-13;0.0;-0.4898113107768646
4741.0;62.99974649357672;-0.33767081500000007;0.008624185618854453;4.373051389998799e-14;0.6895018018254481;0.0;0.0002794499842145107;0.1476008202671926;2.5470861058937862e-14;0.0;0.0;7.104081519894418e-13;0.0;-0.5083323492787628
4742.0;62.99962213338406;-0.33664573;0.008624185618854356;4.3730506124067756e-14;0.6830093187317994;0.0;0.0002510999865838309;0.16246753983787662;2.5470853633125862e-14;0.0;0.0;7.104080436891658e-13;0.0;-0.5177034846400381
4743.0;62.99918433316852;-0.33200243500000004;0.008624185618854013;4.3730478337282525e-14;0.6309602262932718;0.0;0.00031022998018962914;0.1763485219490874;2.54708270973883e-14;0.0;0.0;7.104076566849614e-13;0.0;-0.48423655894500206
4744.0;62.99864908193196;-0.32528998000000003;0.008624185618853598;4.373044489730669e-14;0.5436332844440165;0.0;0.0003288599844419902;0.17534486366174984;2.5470795162898142e-14;0.0;0.0;7.1040719094495e-13;0.0;-0.4026349126186135
4745.0;62.997826957817104;-0.31700431;0.008624185618852963;4.373039377049037e-14;0.40822555095399865;0.0;0.00031589998479865286;0.17597215173288827;2.5470746337662604e-14;0.0;0.0;7.10406478868691e-13;0.0;-0.2761240727783229
4746.0;62.997009708600245;-0.30876384999999995;0.008624185618852333;4.3730342957421884e-14;0.27251443287961397;0.0;0.0003231899798322101;0.1755420091837816;2.5470697811834944e-14;0.0;0.0;7.10405771162117e-13;0.0;-0.14822743370308197
4747.0;62.996093889220106;-0.29862592000000004;0.008624185618851608;4.3730284574470605e-14;0.13653633175150273;0.0;0.0003086099897644759;0.1713302206630849;2.5470642056604634e-14;0.0;0.0;7.104049580243429e-13;0.0;-0.018156786207865903
4748.0;516.1944067872352;-0.28959247;0.00862418562893702;1.3124463297832422e-13;0.04436733008947205;9.985032544494644e-16;0.0002454300087690073;0.16834612293917972;3.8003208469913327e-14;0.0;0.06052986155576658;1.558507945591404e-12;0.006884451411428043;-1.2016245204579995e-8
4749.0;742.0821713335126;-0.28631206;0.008624185629031403;2.6543163020984373e-6;0.012038400034104238;1.8233295374622807e-15;0.0002640600009114403;0.1819134618356056;3.9645061087651824e-14;0.0;0.060529861555781175;2.642221734016927e-12;0.012579649399074322;-8.169266229837759e-9
4750.0;640.7145724963939;-0.28110441;0.00862418562899798;2.916000706481189e-13;0.008337076855366275;1.3321483997926342e-15;0.0002753999972071016;0.18730813662090914;3.903021356413414e-14;0.0;0.06052986155577738;2.10593200919769e-12;0.012579649399066386;-9.538221147277678e-9
4751.0;516.1156662119216;-0.27191103000000005;0.00862418562893697;1.3119746939896402e-13;0.008057960863852106;9.983393495477236e-16;0.00023571000268177392;0.18641201150851439;3.800240503828866e-14;0.0;0.06052986155576657;1.5582129267377132e-12;0.008119423788392737;-1.2018289061110342e-8
4752.0;495.26842397900106;-0.26211389500000004;0.00862418562892344;1.201501125467754e-13;0.008045826567410007;9.580864709589792e-16;0.00021059999852376523;0.18740671020269492;3.778986862487329e-14;0.0;0.060529861555763016;1.485365176268976e-12;1.0413729479840281e-13;-1.2565291529734828e-8
4753.0;0.00024748065369066324;-0.29446133;0.0;0.0;0.000783936004054953;0.0;0.0028182280844316434;0.47181814122629845;0.0;0.0;0.0;0.0;0.0;-0.18097211742688443
4754.0;0.000247657571114013;-0.29166944000000006;0.0;0.0;0.000774192861731235;0.0;0.002427643018418724;0.46213421908480745;0.0;0.0;0.0;0.0;0.0;-0.17367976553270828
4755.0;0.00024755112948630486;-0.28913664000000006;0.0;0.0;0.0005678668459826831;0.0;0.0017947580060773114;0.4625441374301645;0.0;0.0;0.0;0.0;0.0;-0.1757833578063302
4756.0;0.00024762590324182976;-0.28868630000000006;0.0;0.0;0.0005562846270945369;0.0;0.001249293819507271;0.4581843372372296;0.0;0.0;0.0;0.0;0.0;-0.17131685764928067
4757.0;0.0002478355527146342;-0.29632758500000006;0.0;0.0;0.0005679338720286364;0.0;0.0008195661860837878;0.4565322621179219;0.0;0.0;0.0;0.0;0.0;-0.16160542929260704
4758.0;0.00024846260183976533;-0.31378081500000005;0.0;0.0;0.0009163920603572599;0.0;0.0009203234410638694;0.45326784693471645;0.0;0.0;0.0;0.0;0.0;-0.14133694157136037
4759.0;0.0002491861485131204;-0.33030401500000006;0.0;0.0;0.008597471148130573;0.0;0.0007009197717487303;0.4412131761777412;0.0;0.0;0.0;0.0;0.0;-0.1202207853656516
4760.0;0.0002475189964506924;-0.342894955;0.0;0.0;0.09218316361679388;0.0;0.0012211860400391707;0.42810900805836755;0.0;0.0;0.0;0.0;0.0;-0.17863154684467888
4761.0;0.00024525967900623617;-0.3550615100000001;0.0;0.0;0.28150822243205903;0.0;0.0011743757437315905;0.3932648062770336;0.0;0.0;0.0;0.0;0.0;-0.32089891918100916
4762.0;0.0002368815757949935;-0.365420475;0.0;0.0;0.48683893770375986;0.0;0.0012616013067945203;0.3796144358842315;0.0;0.0;0.0;0.0;0.0;-0.5023070812260996
4763.0;0.00023357049837930872;-0.37349680500000004;0.0;0.0;0.6165569356891913;0.0;0.0009314815049199925;0.2716648883532974;0.0;0.0;0.0;0.0;0.0;-0.5156689069973015
4764.0;0.00023219872475286322;-0.37790986500000007;0.0;0.0;0.6563998002394604;0.0;0.0007863571219659968;0.24017219254828703;0.0;0.0;0.0;0.0;0.0;-0.5194608190333251
4765.0;0.00023233855563098955;-0.374214;0.0;0.0;0.6337640888871765;0.0;0.0013194584823564839;0.25830396197892025;0.0;0.0;0.0;0.0;0.0;-0.5191858501298986
4766.0;0.00023228646544953287;-0.37437931;0.0;0.0;0.6320168276655082;0.0;0.0022674419251600465;0.25945226021585177;0.0;0.0;0.0;0.0;0.0;-0.5193695573328019
4767.0;0.0002353856129306362;-0.36978459500000005;0.0;0.0;0.5769329708219605;0.0;0.0032468519102527658;0.299011964960906;0.0;0.0;0.0;0.0;0.0;-0.5094196941067718
4768.0;0.00024143031419916684;-0.36107147500000003;0.0;0.0;0.45538211761626446;0.0;0.003261371510039104;0.3621846863675577;0.0;0.0;0.0;0.0;0.0;-0.4597695218495663
4769.0;0.0002460074729615128;-0.350238575;0.0;0.0;0.27998295599037193;0.0;0.0032865650982771147;0.33874756568125447;0.0;0.0;0.0;0.0;0.0;-0.27179157523103004
4770.0;0.0002510711001303653;-0.3377547350000001;0.0;0.0;0.11168568625503289;0.0;0.004069726434900511;0.30968874339995545;0.0;0.0;0.0;0.0;0.0;-0.08770275221661886
4771.0;0.0003632063536492725;-0.33668170000000003;0.0;0.0;0.01994273631946631;0.0;0.004479863276275928;0.31737212651097757;0.0;0.0;0.0;0.0;0.0;-0.005132290648554869
4772.0;0.0002894211183275727;-0.335888825;0.0;0.0;0.0010124585344466342;0.0;0.004636591458900009;0.34314751220004563;0.0;0.0;0.0;0.0;0.0;-0.01292309731759286
4773.0;0.00025779866845727873;-0.32893818;0.0;0.0;0.0007895533179454492;0.0;0.003986664154783513;0.367228320477136;0.0;0.0;0.0;0.0;0.0;-0.04308004577382733
4774.0;0.0002533210799337685;-0.31790524000000003;0.0;0.0;0.0007970987387054279;0.0;0.003452172412517723;0.37874251506452117;0.0;0.0;0.0;0.0;0.0;-0.06509999723928485
4775.0;0.0002510406924940325;-0.30758101;0.0;0.0;0.0007846522874950317;0.0;0.0032524641146787162;0.39137571896394424;0.0;0.0;0.0;0.0;0.0;-0.08784515563937778
4776.0;0.0002499242768897179;-0.2981372650000001;0.0;0.0;0.0007761062127213049;0.0;0.0027482396792645283;0.4006075800318142;0.0;0.0;0.0;0.0;0.0;-0.10600793125005516
4777.0;0.0002946437658243977;-0.27822864500000005;0.0;0.0;0.00018039245384997765;0.0;0.0010459144730824612;0.3811371907503965;0.0;0.0;0.0;0.0;0.0;-0.10415240538772527
4778.0;0.00029341749861865415;-0.21287651000000002;0.0;0.0;0.0002140078672157906;0.0;0.0010597287013058216;0.3416929207439298;0.0;0.0;0.0;0.0;0.0;-0.1301073446131072
4779.0;0.000293270931434712;-0.21260733;0.0;0.0;0.0001803542553511206;0.0;0.0010427917118920153;0.34009348606816836;0.0;0.0;0.0;0.0;0.0;-0.12872675552691665
4780.0;0.00029513520398363437;-0.26651949500000005;0.0;0.0;0.00018040626119292716;0.0;0.0010793250544982533;0.36272030320793197;0.0;0.0;0.0;0.0;0.0;-0.09747812754779339
4781.0;0.000295501660166176;-0.2648593;0.0;0.0;0.00018041501196523456;0.0;0.0010760098907446343;0.35652202344730166;0.0;0.0;0.0;0.0;0.0;-0.0929367627292131
4782.0;0.00029569394752600826;-0.26633190500000004;0.0;0.0;0.0002255664151895507;0.0;0.001071405923901137;0.357053616889378;0.0;0.0;0.0;0.0;0.0;-0.09203599888369565
4783.0;0.00030016181608790387;-0.27087735500000004;0.0;0.0;0.0008215969931509423;0.0;0.0008233384185010673;0.365197519322884;0.0;0.0;0.0;0.0;0.0;-0.09598103211943654
4784.0;0.0002991563606150593;-0.277961895;0.0;0.0;0.01325942569624378;0.0;0.0018648585636360652;0.37145440945838226;0.0;0.0;0.0;0.0;0.0;-0.10863267686229679
4785.0;0.00029543616254191845;-0.28923271;0.0;0.0;0.10994460387302334;0.0;0.0024608214458872874;0.36922569129033583;0.0;0.0;0.0;0.0;0.0;-0.19241408775137164
4786.0;0.00029247079135643657;-0.30378949;0.0;0.0;0.25248139663554986;0.0;0.002816774479832416;0.3709111238203321;0.0;0.0;0.0;0.0;0.0;-0.32243532922522317
4787.0;0.00028844001612633177;-0.31336745;0.0;0.0;0.3802705341526712;0.0;0.002688871375065013;0.3679580240061276;0.0;0.0;0.0;0.0;0.0;-0.4375652906937784
4788.0;0.0002785033194342283;-0.3188087700000001;0.0;0.0;0.448643186407343;0.0;0.0029773457742180306;0.3747780836309226;0.0;0.0;0.0;0.0;0.0;-0.5076046309985747
4789.0;0.0002774553295701782;-0.3240929800000001;0.0;0.0;0.4646625731753449;0.0;0.003153781650421935;0.3667991374969451;0.0;0.0;0.0;0.0;0.0;-0.5105372419838022
4790.0;0.00027878790134753883;-0.32252158000000003;0.0;0.0;0.41073817854913824;0.0;0.004310874754613946;0.4142310325842411;0.0;0.0;0.0;0.0;0.0;-0.5067733059074292
4791.0;0.00028883678454390933;-0.317305875;0.0;0.0;0.3170322084893798;0.0;0.004842821644478233;0.42646777334396124;0.0;0.0;0.0;0.0;0.0;-0.43105226024718907
4792.0;0.000292833590254384;-0.30879103500000005;0.0;0.0;0.18478136132296907;0.0;0.004748720012259717;0.42596730002122424;0.0;0.0;0.0;0.0;0.0;-0.3067218894831241
4793.0;0.00029487141153927465;-0.3122314650000001;0.0;0.0;0.053407370878747626;0.0;0.005236331231234856;0.46801830650019943;0.0;0.0;0.0;0.0;0.0;-0.2144461943795352
4794.0;0.0002953520966184391;-0.327737855;0.0;0.0;0.006155843679437425;0.0;0.005582650275725564;0.5120377439770191;0.0;0.0;0.0;0.0;0.0;-0.1960540591953399
4795.0;0.00029067373908398935;-0.32907961;0.0;0.0;0.0003719879224298824;0.0;0.0046563356299724945;0.550933242850272;0.0;0.0;0.0;0.0;0.0;-0.22689820935999028
4796.0;0.00029019592273506857;-0.3263472;0.0;0.0;0.00023607874257081503;0.0;0.00444259328483099;0.5504141307615077;0.0;0.0;0.0;0.0;0.0;-0.22876241438986067
4797.0;0.00029047655625957824;-0.32054624000000004;0.0;0.0;0.0002136712634154985;0.0;0.004509226678077353;0.5481693604971706;0.0;0.0;0.0;0.0;0.0;-0.2323629816996867
4798.0;0.0002905999084380893;-0.31332013;0.0;0.0;0.00019142522838532614;0.0;0.004276113410467377;0.5453821155762321;0.0;0.0;0.0;0.0;0.0;-0.23654667333558427
4799.0;0.0002907621669894335;-0.30775493500000006;0.0;0.0;0.00019143787159870977;0.0;0.004445664457748576;0.5314291994531817;0.0;0.0;0.0;0.0;0.0;-0.22832852835117584
4800.0;0.00029075048441554635;-0.30063833;0.0;0.0;0.0002025492982249264;0.0;0.004522921169655828;0.5228283152674039;0.0;0.0;0.0;0.0;0.0;-0.226932519795309
4801.0;0.0002806113627425864;-0.36689672000000007;0.0;0.0;0.0001707586065356488;0.0;0.008515334023632705;0.5798738480799829;0.0;0.0;0.0;0.0;0.0;-0.22168067375588638
4802.0;0.0002806664181578848;-0.363652376;0.0;0.0;0.00015995235577131555;0.0;0.008369513352185222;0.5809070064283769;0.0;0.0;0.0;0.0;0.0;-0.2258015521604015
4803.0;0.0002806396473893451;-0.36118266800000004;0.0;0.0;0.0001599375214313934;0.0;0.008420508996073895;0.5799285940219366;0.0;0.0;0.0;0.0;0.0;-0.22734382665132846
4804.0;0.0002805508704302067;-0.35780494400000007;0.0;0.0;0.00017072326381884222;0.0;0.008060042681889363;0.5746346779904626;0.0;0.0;0.0;0.0;0.0;-0.2250779487039145
4805.0;0.000280473601023922;-0.359300464;0.0;0.0;0.00017067837377121242;0.0;0.007733518785193085;0.5809073592642123;0.0;0.0;0.0;0.0;0.0;-0.2295285357148426
4806.0;0.00028039718149169;-0.36536556;0.0;0.0;0.00017063537078918753;0.0;0.008453503133712835;0.590877234094424;0.0;0.0;0.0;0.0;0.0;-0.23415325040745105
4807.0;0.0002802324144276603;-0.38143758;0.0;0.0;0.000226311787307283;0.0;0.008093632855072;0.6030516212129888;0.0;0.0;0.0;0.0;0.0;-0.22995140446525117
4808.0;0.0002806827933368138;-0.40253439199999996;0.0;0.0;0.005913646737298112;0.0;0.008254442401282812;0.608684450128077;0.0;0.0;0.0;0.0;0.0;-0.2203354948882924
4809.0;0.0002807215043512603;-0.41249708000000007;0.0;0.0;0.03513390133486985;0.0;0.006716952633427944;0.590971746082628;0.0;0.0;0.0;0.0;0.0;-0.2203428685074327
4810.0;0.0002797867720902901;-0.41919870800000003;0.0;0.0;0.10024721850590464;0.0;0.006650080941686908;0.5887488904794757;0.0;0.0;0.0;0.0;0.0;-0.27646477333623576
4811.0;0.0002782643102298383;-0.4263750599999999;0.0;0.0;0.19581938983868652;0.0;0.006776873438620553;0.5987653981842481;0.0;0.0;0.0;0.0;0.0;-0.37500379773136483
4812.0;0.00027679884535437545;-0.431558412;0.0;0.0;0.25914512705979803;0.0;0.006869853479155669;0.605040098755341;0.0;0.0;0.0;0.0;0.0;-0.43951377183864365
4813.0;0.0002761574776367973;-0.43185703200000003;0.0;0.0;0.2764462144905834;0.0;0.006925016237810568;0.6071000219311629;0.0;0.0;0.0;0.0;0.0;-0.4586312850867472
4814.0;0.00027717796852276354;-0.42821001999999997;0.0;0.0;0.24108626306244205;0.0;0.0070359754684308625;0.6060223720569178;0.0;0.0;0.0;0.0;0.0;-0.425951718842998
4815.0;0.00027852708592857874;-0.42438384400000007;0.0;0.0;0.18154572742032585;0.0;0.0067840504747578665;0.5957999835152998;0.0;0.0;0.0;0.0;0.0;-0.35976313011386685
4816.0;0.00027991844775831186;-0.41781492800000003;0.0;0.0;0.10117800700898437;0.0;0.006862397360623152;0.5774780257977853;0.0;0.0;0.0;0.0;0.0;-0.2677208017811253
4817.0;0.000281109304895118;-0.415061804;0.0;0.0;0.03690809360169735;0.0;0.006802488896312083;0.5713242231874252;0.0;0.0;0.0;0.0;0.0;-0.19999037440308076
4818.0;0.0002816048586160063;-0.41767926799999994;0.0;0.0;0.008404748954984604;0.0;0.006600556559054674;0.5786978469211639;0.0;0.0;0.0;0.0;0.0;-0.17604128962963234
4819.0;0.0002817070509450832;-0.41863146399999995;0.0;0.0;0.0004643318473996532;0.0;0.0061699060716572055;0.5825458903124536;0.0;0.0;0.0;0.0;0.0;-0.1705660774337438
4820.0;0.00028160099234600703;-0.412809724;0.0;0.0;0.0002158230109723911;0.0;0.0043858884785368465;0.572621259803533;0.0;0.0;0.0;0.0;0.0;-0.16443076485100833
4821.0;0.00028170598730785666;-0.40255302;0.0;0.0;0.00019344849109393286;0.0;0.004150236471112908;0.5614653584049345;0.0;0.0;0.0;0.0;0.0;-0.16327355302470617
4822.0;0.00028144152034661454;-0.389793104;0.0;0.0;0.0001932911224663564;0.0;0.004049466722715737;0.5589364821602852;0.0;0.0;0.0;0.0;0.0;-0.17340364688699356
4823.0;0.0002813478725371925;-0.379748812;0.0;0.0;0.00019323876843307329;0.0;0.004664905902008971;0.5522796793396733;0.0;0.0;0.0;0.0;0.0;-0.17740651610433025
4824.0;0.00028120856529387434;-0.37066176;0.0;0.0;0.00019315748894422344;0.0;0.0050267811484911865;0.5488889521572746;0.0;0.0;0.0;0.0;0.0;-0.1834646249378086
4825.0;49.68214504454088;-0.32843798;0.0;3.6228259460383823e-14;0.00021327730619619093;0.0;0.006204599982410315;0.4439256490420032;2.799248730742402e-14;0.0;0.0;6.096930826382986e-13;0.0;-0.12184776609569752
4826.0;49.68218335105933;-0.323587144;0.0;3.622826096170856e-14;0.0002132773061961916;0.0;0.007389629980069029;0.45531756027049863;2.799248993099293e-14;0.0;0.0;6.096931053109056e-13;0.0;-0.13927671364386707
4827.0;49.682236762311874;-0.32445206000000004;0.0;3.62282630370615e-14;0.00022582170818573395;0.0;0.008163989977878993;0.4715496528620217;2.7992493557679892e-14;0.0;0.0;6.096931366524688e-13;0.0;-0.1554324296452533
4828.0;49.68228848107847;-0.32600013200000005;0.0;3.6228265039333353e-14;0.00021327730619619348;0.0;0.008693729985579483;0.4874320752872487;2.7992497056653883e-14;0.0;0.0;6.096931668903663e-13;0.0;-0.17028556872136777
4829.0;49.682314861935396;-0.329054012;0.0;3.622826605689677e-14;0.00020073009502470461;0.0;0.009156239984005575;0.49561253366556635;2.799249883485067e-14;0.0;0.0;6.096931822573142e-13;0.0;-0.17586292582744478
4830.0;49.68238654735425;-0.33741863600000005;0.0;3.622826882296814e-14;0.00020073009502470586;0.0;0.009438119995331506;0.5177890308835227;2.799250366856459e-14;0.0;0.0;6.096932240298317e-13;0.0;-0.1899588882982977
4831.0;49.68247968302892;-0.357032904;0.0;3.622827241836643e-14;0.000301095143077862;0.0;0.009457559982090006;0.5464896541131311;2.7992509951528024e-14;0.0;0.0;6.096932783266909e-13;0.0;-0.19916789153696943
4832.0;49.682592340977905;-0.3807501360000001;0.0;3.622827737279864e-14;0.0055702594635736085;0.0;0.009501299990420622;0.5652614613904273;2.7992518609401313e-14;0.0;0.0;6.09693353147452e-13;0.0;-0.199537114593369
4833.0;49.68286996661215;-0.393317768;0.0;3.622829096393146e-14;0.0299840549444721;0.0;0.009497249976235378;0.5753559105794059;2.7992542359888467e-14;0.0;0.0;6.096935583976386e-13;0.0;-0.22147419687706413
4834.0;49.68343736012522;-0.39998118;0.0;3.6228319630841306e-14;0.08746813165200243;0.0;0.009523169988232239;0.5724389168166354;2.79925924551524e-14;0.0;0.0;6.096939913186388e-13;0.0;-0.26940238818718787
4835.0;49.684201065093106;-0.4040841720000001;0.0;3.62283581483999e-14;0.16447320809898722;0.0;0.00951506998527785;0.5701936629038984;2.7992659764107886e-14;0.0;0.0;6.096945730016615e-13;0.0;-0.3400494154743791
4836.0;49.68485722348161;-0.40877986000000005;0.0;3.622839096717764e-14;0.22809209573515918;0.0;0.00934901997553879;0.5759172232147761;2.799271711427974e-14;0.0;0.0;6.096950686229521e-13;0.0;-0.40452942742330583
4837.0;49.68528730875411;-0.408173192;0.0;3.622841239368834e-14;0.2682632023558138;0.0;0.009282599986892836;0.5828186232465398;2.7992754556572202e-14;0.0;0.0;6.096953922010151e-13;0.0;-0.45214199699296026
4838.0;49.68522702072024;-0.40398684399999996;0.0;3.622840910305925e-14;0.2603218191576241;0.0;0.008988569983842858;0.5892875348080461;2.799274880628481e-14;0.0;0.0;6.096953425066923e-13;0.0;-0.45456268883500345
4839.0;49.68481777227333;-0.399262988;0.0;3.622838839401464e-14;0.2190466970083847;0.0;0.00847421998683934;0.5914407719415969;2.7992712617736433e-14;0.0;0.0;6.096950297637647e-13;0.0;-0.41965139379124466
4840.0;49.684093451008906;-0.391889184;0.0;3.622835255970596e-14;0.15219103622135027;0.0;0.008461259987194738;0.5747669890333345;2.799264999795394e-14;0.0;0.0;6.096944886025625e-13;0.0;-0.34348245615526235
4841.0;49.683330001302316;-0.387008444;0.0;3.6228314468726586e-14;0.07874891827795749;0.0;0.008819279980545705;0.5661356401774247;2.7992583434398852e-14;0.0;0.0;6.096939133615189e-13;0.0;-0.2666482959516794
4842.0;49.68273680391679;-0.38551840800000003;0.0;3.622828520058205e-14;0.02468979901081532;0.0;0.008852489987576533;0.5506120897649751;2.799253228844833e-14;0.0;0.0;6.096934713608673e-13;0.0;-0.19858836009755199
4843.0;49.68254409971326;-0.38652590800000003;0.0;3.622827518747107e-14;0.0028980405858796726;0.0;0.008899469976756098;0.5588109535218841;2.7992514790541877e-14;0.0;0.0;6.096933201451169e-13;0.0;-0.18403618207062097
4844.0;49.68253249341236;-0.38304434;0.0;3.6228274483670016e-14;0.0007025553352905332;0.0;0.0086767199844579;0.561976395454026;2.7992513560648707e-14;0.0;0.0;6.096933095164665e-13;0.0;-0.18826532107294647
4845.0;49.68257439602195;-0.37461111199999997;0.0;3.6228276073267604e-14;0.0003889157891414849;0.0;0.008127539977290954;0.5757147825921834;2.7992516338469838e-14;0.0;0.0;6.096933335221784e-13;0.0;-0.2095755083672191
4846.0;49.68263228950737;-0.363060928;0.0;3.622827830804345e-14;0.0003136395450674074;0.0;0.007289999984391984;0.5936584220005183;2.7992520243742182e-14;0.0;0.0;6.096933672713542e-13;0.0;-0.23815832182532645
4847.0;49.68261282745431;-0.35228382799999997;0.0;3.622827755149469e-14;0.00021327730619619917;0.0;0.006070949984489946;0.5878244378462341;2.7992518921672496e-14;0.0;0.0;6.096933558460254e-13;0.0;-0.24178145589453098
4848.0;49.68261484813192;-0.341999972;0.0;3.62282776372024e-14;0.0002258217081857406;0.0;0.005103809982439896;0.5882845318559365;2.799251907144631e-14;0.0;0.0;6.096933571404596e-13;0.0;-0.25157086604267653
4849.0;132.81045160416144;-0.313651552;0.008624185627015132;6.800177808349378e-14;0.006849913475509195;0.0;0.005369489994927955;0.2988214149775379;3.065016849533053e-14;0.0;2.85078929054549e-14;1.004064440213699e-12;8.013789060979732e-15;-9.991621785754382e-8
4850.0;119.67210096590297;-0.307209852;0.008624185626540305;6.67058213188785e-14;0.005344439159228447;0.0;0.005635169986341816;0.29315306574553124;3.006344714982313e-14;0.0;2.7022135801794408e-14;9.895271372910497e-13;7.77302117973723e-15;-1.1963546078532459e-7
4851.0;184.58890955426213;-0.305198044;0.008624185627983599;7.363662151352353e-14;0.004064785147962138;0.0;0.005554979994732405;0.28827607531101185;3.2757576550049395e-14;0.0;3.6388388447569105e-14;1.0653702858700318e-12;9.12735625501748e-15;-6.159219334981545e-8
4852.0;269.6472554416307;-0.304788972;0.00862418562858371;8.524055342236978e-14;0.0026973104905218394;9.164145904552558e-16;0.005687820000117124;0.28291138869857646;3.553792923249587e-14;0.0;6.666264720229923e-14;1.1822644762691976e-12;1.1827400683269033e-14;-3.835986134033426e-8
4853.0;266.3606411666297;-0.306658348;0.008624185628569299;8.472517183622098e-14;0.001154197349978689;9.128222863902365e-16;0.005587379996448043;0.2873742943558627;3.544485236133455e-14;0.0;6.458833157586683e-14;1.177329408708227e-12;1.1693865855217565e-14;-3.892009280066976e-8
4854.0;371.5156618132294;-0.31472905199999995;0.008624185628884656;1.0507180570167872e-13;0.0009911060783003227;1.0437738214848446e-15;0.005425379989850713;0.2899048071951769;3.796712321344906e-14;0.0;1.928083853707771e-11;1.3554946031400157e-12;1.83177959806246e-14;-2.657396686381818e-8
4855.0;371.83029893020387;-0.33211244400000006;0.008624185628885379;1.0515795209415308e-13;0.014640751208940194;1.0442844479440751e-15;0.0052172100003334025;0.28808283653495886;3.7974309229746855e-14;0.0;0.015538842290559012;1.3561803279727968e-12;1.8353261509201692e-14;-2.6545384478698943e-8
4856.0;60.878800336976575;-0.35232742;0.00862418561035647;6.146273538218417e-14;0.10076649981635767;0.0;0.0050705999685416656;0.2845585225897466;2.7212575593263502e-14;0.0;0.0;9.290020936166789e-13;0.0;-0.04676983197468296
4857.0;60.88083537562379;-0.370910756;0.008624185610360277;6.146291278926773e-14;0.3032529638970516;0.0;0.004787099979500273;0.2734702722951398;2.721268589900826e-14;0.0;0.0;9.290041885518758e-13;0.0;-0.21929719218882504
4858.0;60.88291467048701;-0.38237425599999997;0.008624185610364177;6.146309464191799e-14;0.5182348771626601;0.0;0.0045878399754389395;0.24936138225918783;2.721279896786019e-14;0.0;0.0;9.29006335979851e-13;0.0;-0.3985009324063006
4859.0;60.88469305034003;-0.38654232;0.008624185610367489;6.146324907794553e-14;0.6866725025539427;0.0;0.004395869979119896;0.2520115207883671;2.7212894989340414e-14;0.0;0.0;9.290081596527466e-13;0.0;-0.5652277060042915
4860.0;0.0005598292148064154;-0.390292288;0.0;0.0;0.7862756818568138;0.0;0.0010165209382867804;0.19788847194486187;0.0;0.0;0.0;0.0;0.0;-0.59488242909388
4861.0;0.0005597951622798819;-0.393785392;0.0;0.0;0.8102616912575339;0.0;0.0009124566158018426;0.17749963108858072;0.0;0.0;0.0;0.0;0.0;-0.59488242909388
4862.0;0.000559771147582495;-0.392598416;0.0;0.0;0.7971164904487168;0.0;0.0008703036889487322;0.18950000897444763;0.0;0.0;0.0;0.0;0.0;-0.5948824290938801
4863.0;0.000559802235378914;-0.385578072;0.0;0.0;0.76216569310772;0.0;0.0009600539484110196;0.21734071183620438;0.0;0.0;0.0;0.0;0.0;-0.5948824290938801
4864.0;53.665792369542544;-0.376012196;0.008624185572468421;6.087513381645251e-14;0.6492614354568468;0.0;0.004706909967116988;0.30602647762858226;2.6841961920353425e-14;0.0;0.0;9.220456947702379e-13;0.0;-0.5948817010899077
4865.0;60.882470393919164;-0.364899324;0.008624185610363285;6.14630530763402e-14;0.4586556816571849;0.0;0.004419359967354699;0.29609766336194565;2.7212773124102024e-14;0.0;0.0;9.290058451482464e-13;0.0;-0.4029703360994188
4866.0;60.88020087939544;-0.35714241199999996;0.008624185610359094;6.146285770388893e-14;0.2397344399043418;0.0;0.004281659967955909;0.27455609186558255;2.7212651648879293e-14;0.0;0.0;9.29003538069243e-13;0.0;-0.1701287011249347
4867.0;371.58814004128584;-0.35270651599999997;0.008624185628884893;1.0510001244543196e-13;0.06951533526249705;1.04394105241884e-15;0.004568399997486443;0.25835160649942535;3.796947833045592e-14;0.0;0.015999456765357665;1.3557191885170462e-12;1.8329399682616737e-14;-2.6564596179462082e-8
4868.0;541.9348103067495;-0.35558343600000003;0.008624185629109512;1.7202803315168207e-13;0.013950740274633389;1.358865239834897e-15;0.00461943000217654;0.2618667185978813;4.062855911587929e-14;0.0;0.0605298615557526;1.7557550039388411e-12;2.2462110816611657e-13;-1.7601581820330303e-8
4869.0;526.5994609295002;-0.35110324;0.008624185629095883;1.6271431722561204e-13;0.0070631907832926204;1.3230632756823482e-15;0.003836969988619679;0.2692650200252724;4.043953776965635e-14;0.0;0.06052986155574864;1.7131028931284468e-12;1.1159472861887866e-13;-1.8150993154346677e-8
4870.0;390.76416220200116;-0.342518528;0.008624185628921466;1.0992547149428409e-13;0.00733919431423182;1.0720219793753808e-15;0.0033696000051781994;0.2711053926928106;3.8342880104550604e-14;0.0;0.0605298615554336;1.3932951717773182e-12;2.0447481366852124e-14;-2.511716298160345e-8
4871.0;371.8301767373917;-0.332270772;0.008624185628885379;1.0515792407480893e-13;0.007339194314220092;1.0442842819166477e-15;0.002930580007491363;0.2726052970405454;3.797430689574124e-14;0.0;0.040764273637885116;1.3561801050273558e-12;1.8353249961078563e-14;-2.654539375748679e-8
4872.0;371.8301818392238;-0.3217604760000001;0.008624185628885379;1.0515792496393438e-13;0.007176100233264338;1.0442842871852793e-15;0.0023230799892169254;0.27471252494168913;3.797430696980622e-14;0.0;0.028917132274425668;1.356180112101818e-12;1.83532503275325e-14;-2.654539346304614e-8
4873.0;50.0030492202209;-0.23297884400000002;0.0005991270666708264;3.7903928881222224e-14;0.0052691643193718135;0.0;0.002822849980763462;0.25483649271514924;2.7872951045737692e-14;0.0;0.0;6.333764121695323e-13;0.0;-0.030578346260450577
4874.0;50.00297496793667;-0.229785492;0.0006004873975516601;3.790392378915209e-14;0.002935676600987954;0.0;0.0030431699747166282;0.23881604259270015;2.7872942883732523e-14;0.0;0.0;6.333763364835402e-13;0.0;-0.015641656199833636
4875.0;50.00301246370866;-0.22699378399999998;0.003082334699341606;3.7903922780270837e-14;0.0016309309762967945;0.0;0.002978369989203087;0.22638432271179793;2.7872941266608158e-14;0.0;0.0;6.333763214879965e-13;0.0;-0.007122365208195193
4876.0;171.12284289803517;-0.224287796;0.008624185628456007;4.509921407047129e-14;0.0006021902879906008;0.0;0.0031962599859773717;0.21423785838638176;3.5478579676545314e-14;0.0;2.1240762663291788e-14;7.376501984284436e-13;5.511898693104645e-15;-4.006409706682831e-8
4877.0;50.00283084076641;-0.224811708;0.0027141345177322004;3.790391059057423e-14;0.0005018252391418934;0.0;0.003451409976220245;0.223366108637731;2.787292172789527e-14;0.0;0.0;6.333761403061808e-13;0.0;-0.005264712533700147
4878.0;50.00291887736335;-0.226546076;0.0006074681306783491;3.790391997752645e-14;0.013185457308991429;0.0;0.0034991999733202123;0.22088160503084697;2.7872936774126435e-14;0.0;0.0;6.333762798293197e-13;0.0;-0.011660627739293957
4879.0;50.00300650436635;-0.23203269199999998;0.0006782604437389109;3.790392676701522e-14;0.06551327914606872;0.0;0.003361499973922476;0.2178633926424086;2.7872947656905546e-14;0.0;0.0;6.333763807450442e-13;0.0;-0.05541107433181097
4880.0;50.00325370036815;-0.24495126799999997;0.0010411001945082354;3.79039402699382e-14;0.200152977765777;0.0;0.0032100299796682208;0.21148649954571738;2.78729693005346e-14;0.0;0.0;6.333765814458408e-13;0.0;-0.17096150704085167
4881.0;50.003639497992104;-0.26137347200000005;0.0014058122087428897;3.790396137786764e-14;0.3732450327872464;0.0;0.003019679986481118;0.21288518358215883;2.7873003134050497e-14;0.0;0.0;6.333768951837632e-13;0.0;-0.3291971760265338
4882.0;50.00397108741231;-0.27516314;0.0017090054581226327;3.790397963672896e-14;0.5178208725688093;0.0;0.002767769975921565;0.21507522810163576;2.787303240078382e-14;0.0;0.0;6.333771665744843e-13;0.0;-0.4622183350465328
4883.0;50.004169910106185;-0.28445512799999995;0.0018670855050321397;3.790399081639442e-14;0.5874742088947519;0.0;0.0030148199897917327;0.2247463889812095;2.787305032039971e-14;0.0;0.0;6.333773327434889e-13;0.0;-0.5326523219142419
4884.0;50.00428475723069;-0.28912870799999996;0.0019231544435644394;3.7903997820299475e-14;0.6158398772648743;0.0;0.003039119985947864;0.23664440345181473;2.7873061546777855e-14;0.0;0.0;6.333774368461335e-13;0.0;-0.5683200873070617
4885.0;0.0005603544868142385;-0.289547316;0.0;0.0;0.6301409513216059;0.0;0.0017194065792994469;0.25257534425892286;0.0;0.0;0.0;0.0;0.0;-0.5948824466369428
4886.0;0.0005602738673872461;-0.28812979600000005;0.0;0.0;0.6244424528340317;0.0;0.0011735790088810126;0.2574021507643188;0.0;0.0;0.0;0.0;0.0;-0.5948824466369428
4887.0;0.0005602553349985115;-0.2854787;0.0;0.0;0.5912063209188481;0.0;0.0012006339165103986;0.28796013189979985;0.0;0.0;0.0;0.0;0.0;-0.5948824466369429
4888.0;50.00447883396394;-0.28168751599999997;0.0018251771795746072;3.790400909553782e-14;0.5292123034159572;0.0;0.0031986899831569922;0.3222953759205333;2.7873079619551406e-14;0.0;0.0;6.33377604435614e-13;0.0;-0.5748473309689447
4889.0;50.00424623590455;-0.27614279199999997;0.0016276087642937216;3.7903995056792446e-14;0.4112332013684835;0.0;0.003384989987574821;0.32799133237759526;2.787305711722729e-14;0.0;0.0;6.333773957707224e-13;0.0;-0.46810492577037927
4890.0;50.004014345026036;-0.27304374800000003;0.00137012816429613;3.790398231052849e-14;0.27502529659048414;0.0;0.0032375699820897056;0.34357929402978643;2.78730366865544e-14;0.0;0.0;6.333772063166871e-13;0.0;-0.3501847157651003
4891.0;50.003690664152614;-0.265603708;0.0010274386370099857;3.790396463796899e-14;0.13228112069163048;0.0;0.002766959980709176;0.3406438982596814;2.7873008359600843e-14;0.0;0.0;6.333769436404171e-13;0.0;-0.2111377743125795
4892.0;50.00345462780182;-0.264802948;0.0007157432548269365;3.790395186856216e-14;0.034651030381197524;0.0;0.0031670999792580397;0.33220578817988256;2.7872987891767833e-14;0.0;0.0;6.333767538421712e-13;0.0;-0.10596247066367011
4893.0;50.0034043067874;-0.263484148;0.0006529177033781933;3.7903949121536137e-14;0.011052701091304885;0.0;0.002787209988095782;0.33142362785769985;2.78729834886095e-14;0.0;0.0;6.333767130117089e-13;0.0;-0.08245897340591261
4894.0;50.0033890074324;-0.261576476;0.0006450466783346782;3.790394827477582e-14;0.008405572422181009;0.0;0.0027402299862081705;0.32919677763792576;2.787298213135071e-14;0.0;0.0;6.333767004258457e-13;0.0;-0.07943796998828508
4895.0;50.00341136601125;-0.257919924;0.0006471027654719126;3.7903949551772645e-14;0.00841811822876153;0.0;0.0029111399799289566;0.33415658300521245;2.7872984178227715e-14;0.0;0.0;6.333767194064355e-13;0.0;-0.08823966263255129
4896.0;50.00340599196588;-0.251785656;0.0006451025941091643;3.790394927713374e-14;0.008405572422181009;0.0;0.003070709977137983;0.33296033959136345;2.787298373801334e-14;0.0;0.0;6.333767153244025e-13;0.0;-0.0933226934798646
4897.0;371.8300212743042;-0.253979636;0.008624185629158168;6.090125661956636e-14;0.007878656974329127;6.259620328509205e-16;0.0005702399946178652;0.22213305952381826;4.162420699861399e-14;0.0;0.014771256136583406;9.534930209640145e-13;1.0630881373683525e-14;-1.4863204479912789e-8
4898.0;371.8300077243237;-0.24823367600000001;0.008624185629158168;6.090125477462966e-14;0.006937734122109077;6.259620210948988e-16;0.0005686200041933258;0.22082639395219164;4.162420678089827e-14;0.0;0.011274614026317159;9.534929976622332e-13;1.0630880613071564e-14;-1.4863205047361116e-8
4899.0;371.8299968883236;-0.245419112;0.008624185629158168;6.090125317271282e-14;0.005821171382352758;6.259620108874173e-16;0.0008083799976131677;0.2209184124170065;4.1624206591857615e-14;0.0;0.009244801980373335;9.534929774299124e-13;1.0630879952651856e-14;-1.4863205540064352e-8
4900.0;371.8299925948868;-0.24692093599999998;0.008624185629158168;6.090125245196063e-14;0.0051311632571520846;6.259620062948079e-16;0.0013616100062574868;0.22172817659300484;4.1624206506802607e-14;0.0;0.010073545592761779;9.53492968326583e-13;1.0630879655506608e-14;-1.4863205761746589e-8
4901.0;371.83004230737026;-0.25259485600000003;0.008624185629158168;6.090125987389683e-14;0.010463055205959441;6.259620535876882e-16;0.001521180003466659;0.22065155886904364;4.162420738265278e-14;0.0;0.011332838619063626;9.534930620666191e-13;1.0630882715343013e-14;-1.4863203478975622e-8
4902.0;265.88608740522955;-0.266955372;0.008624185628973905;4.902678819964294e-14;0.048401039156227614;5.442200685084557e-16;0.0017479799962698682;0.2075020899056873;3.9389734013954085e-14;0.0;3.724653633341895e-14;7.963171963845163e-13;6.762626524920954e-15;-2.141417068698671e-8
4903.0;41.99085613813565;-0.280782116;0.0;3.4720152338717234e-14;0.15968077740543885;0.0;0.002064689974150082;0.18330118140467286;2.74341044880889e-14;0.0;0.0;0.0;0.0;-0.06469103405266416
4904.0;41.9927471555095;-0.305068516;0.0;3.472024315823024e-14;0.35149091178193737;0.0;0.0022112999717156406;0.17047378043943867;2.7434280361424514e-14;0.0;0.0;0.0;0.0;-0.21952921432988953
4905.0;41.99492081609076;-0.322434432;0.0;3.47203470972151e-14;0.5697974160352901;0.0;0.002353859980512047;0.16694946649451925;2.7434481638594727e-14;0.0;0.0;0.0;0.0;-0.4170833783095343
4906.0;0.004562702223079792;-0.33730460400000006;0.0;0.0;0.7599003514928182;0.0;0.0024649558952095324;0.16981667044100052;0.0;0.0;0.0;0.0;0.0;-0.5948824408892374
4907.0;0.000560182095832112;-0.34841667600000004;0.0;0.0;0.832654229613437;0.0;0.0010932470476561974;0.10955758574140376;0.0;0.0;0.0;0.0;0.0;-0.5948824408963679
4908.0;0.0005601689056946467;-0.350759492;0.0;0.0;0.8250801568798758;0.0;0.001086104240384566;0.1194816173742364;0.0;0.0;0.0;0.0;0.0;-0.5948824408963681
4909.0;0.0005601676675855636;-0.34878418399999994;0.0;0.0;0.8159830040256257;0.0;0.0010854442448384152;0.12660412223231182;0.0;0.0;0.0;0.0;0.0;-0.5948824408963681
4910.0;0.000560166655651615;-0.34750601999999997;0.0;0.0;0.7990848218509161;0.0;0.0010849625632177223;0.14222462209257317;0.0;0.0;0.0;0.0;0.0;-0.5948824408963681
4911.0;0.0005601593189500107;-0.34345746000000005;0.0;0.0;0.7794917825454521;0.0;0.0011576764971081707;0.1576963875024818;0.0;0.0;0.0;0.0;0.0;-0.5948824408963681
4912.0;0.0005601338549278201;-0.336701244;0.0;0.0;0.6715256247646428;0.0;0.001132332219107118;0.25893167374319365;0.0;0.0;0.0;0.0;0.0;-0.594882440896368
4913.0;41.99484905301378;-0.327766344;0.0;3.472033935432514e-14;0.5234789512748222;0.0;0.004114799979836917;0.2869326023532807;2.7434466644618112e-14;0.0;0.0;0.0;0.0;-0.4871900649463278
4914.0;41.9933372080286;-0.319677596;0.0;3.472026673976656e-14;0.36933079731764906;0.0;0.003966569979138787;0.29791043049010973;2.7434326027125765e-14;0.0;0.0;0.0;0.0;-0.35196429060305573
4915.0;41.991716563540244;-0.308443924;0.0;3.4720189064519015e-14;0.2049077710393114;0.0;0.0038191499863608766;0.3055663836189832;2.743417560836711e-14;0.0;0.0;0.0;0.0;-0.20628749457222337
4916.0;41.99034182646044;-0.295024504;0.0;3.472012468252193e-14;0.08095694933496976;0.0;0.00404918997369265;0.2687957241688349;2.74340509310943e-14;0.0;0.0;0.0;0.0;-0.05921388054609789
4917.0;83.44856157576598;-0.28655764799999994;0.00862418562592588;3.670573447798582e-14;0.020763017735210842;0.0;0.003821579982738136;0.2633390174060659;3.0826924079487346e-14;0.0;1.368582244179323e-14;6.179495026791757e-13;0.0;-9.843118494916909e-8
4918.0;41.988024786685465;-0.283090936;0.0;3.4720008620541996e-14;0.007953929003531129;0.0;0.0034562699709021786;0.2811630344956239;2.7433826172003253e-14;0.0;0.0;0.0;0.0;-0.00992979109348935
4919.0;41.989576537928045;-0.27463697600000003;0.0;3.472008747268782e-14;0.007728108698854785;0.0;0.003035069982463126;0.2804176832449959;2.743397887294918e-14;0.0;0.0;0.0;0.0;-0.016981300834353553
4920.0;41.98952764322983;-0.25757564;0.0;3.472008572885053e-14;0.0073768303283732175;0.0;0.003073139986183751;0.26459047189865764;2.7433975495939093e-14;0.0;0.0;0.0;0.0;-0.017900787751900512
4921.0;371.83307303080954;-0.252970636;0.008624185629072788;7.475390529101281e-14;0.0066491833799073065;7.601656538496237e-16;0.0010448999969210706;0.1854820240779217;4.0342543388491237e-14;0.0;0.050948776339077996;1.1001293621216211e-12;1.3048261966830433e-14;-1.8912678681602974e-8
4922.0;371.87664650473727;-0.25089364399999997;0.00862418562907287;7.476351081289808e-14;0.005181345078851392;7.60225501908515e-16;0.0011210399916548868;0.18411094726655333;4.034356071141968e-14;0.0;0.05348472541473655;1.1002342080523586e-12;1.3052222337459394e-14;-1.8909482981814304e-8
4923.0;515.3787220406354;-0.248800732;0.00862418562921493;1.112537919494632e-13;0.004089875356894882;9.512367377583348e-16;0.0011388600015305426;0.17263621773410728;4.236556234337914e-14;0.0;0.060529861555758915;1.4399470854662643e-12;5.798745149502312e-14;-1.322467917005838e-8
4924.0;555.8612248103574;-0.24692965599999997;0.008624185629240427;1.2900231299017164e-13;0.004140057178634999;1.0236546427939465e-15;0.0010651500052993148;0.16787885298941504;4.278161551241172e-14;0.0;0.06052986155576634;1.5685543840601197e-12;3.327656009052633e-12;-1.2193788052468164e-8
4925.0;590.7584511014411;-0.24943712;0.008624185629259349;1.4956327465188772e-13;0.004917885949906081;1.0954988713484985e-15;0.0010797299954865389;0.15734271685495563;4.3102105326861885e-14;0.0;0.06052986155577053;1.6939168262985616e-12;0.012579649399012757;-1.1426269818083287e-8
4926.0;704.3295317788424;-0.260105344;0.008624185629306943;3.0745686555545513e-13;0.02038664915669163;1.4182752155387328e-15;0.001067579991358399;0.14341109094069124;4.3954836684696775e-14;0.0;0.06052986155577809;2.1985375276021917e-12;0.012579649399068043;-9.485961074166172e-9
4927.0;371.83059374853417;-0.27745149999999996;0.008624185629072786;7.475363585538555e-14;0.09518369454642561;7.601639750205334e-16;0.0008124299985356318;0.1288721414729976;4.03425148455151e-14;0.0;0.04396783566821081;1.100126421057999e-12;1.3048150898116573e-14;-1.8912768348822115e-8
4928.0;62.035889426665335;-0.29692018800000003;0.008624185617212298;4.376030724539048e-14;0.24752527763778423;0.0;0.000725759987554495;0.12461167812372789;2.8333114412725032e-14;0.0;0.0;7.137478370042238e-13;0.0;-0.08427001869916005
4929.0;62.03774919314776;-0.313359724;0.008624185617214312;4.3760422489710456e-14;0.4339031536128314;0.0;0.0006763499746153804;0.11944022860173861;2.833325074938565e-14;0.0;0.0;7.137494585369251e-13;0.0;-0.24898356772057417
4930.0;62.03922734287135;-0.32421167600000006;0.008624185617215905;4.3760513617974685e-14;0.5798088292276554;0.0;0.0006002099925919391;0.12462087828458081;2.8333358555194302e-14;0.0;0.0;7.137507407462839e-13;0.0;-0.38913945679608797
4931.0;62.040139010399926;-0.33374427600000006;0.008624185617216886;4.376056984129713e-14;0.6694724433221466;0.0;0.00045440997753599005;0.12773110913783386;2.83334250675999e-14;0.0;0.0;7.137515318294583e-13;0.0;-0.4722335424353717
4932.0;62.040560928350544;-0.339219556;0.008624185617217334;4.3760595548919465e-14;0.7081004382068533;0.0;0.00037097998777235405;0.136344057672038;2.8333455479703723e-14;0.0;0.0;7.137518935452004e-13;0.0;-0.5139160578899257
4933.0;62.040664807794826;-0.339972324;0.008624185617217435;4.3760601289641774e-14;0.7128050496587713;0.0;0.0002794499823478376;0.15156394546497023;2.833346227096722e-14;0.0;0.0;7.137519743192839e-13;0.0;-0.5329978756187959
4934.0;62.0406531527506;-0.33893300800000004;0.00862418561721741;4.376059988076255e-14;0.7060931386503807;0.0;0.00025109998471590085;0.1668298408046812;2.8333460604268564e-14;0.0;0.0;7.137519544960039e-13;0.0;-0.542564637586129
4935.0;62.04014541862081;-0.334265276;0.00862418561721685;4.376056777115325e-14;0.6522849313010762;0.0;0.0003102299783238593;0.18108353134580127;2.8333422618618607e-14;0.0;0.0;7.13751502701844e-13;0.0;-0.5077390855464343
4936.0;62.039229311667675;-0.327513208;0.008624185617215861;4.376051115568499e-14;0.5620065811116854;0.0;0.00032885998257652766;0.1800529245398761;2.8333355642289892e-14;0.0;0.0;7.137507061010647e-13;0.0;-0.42320227998407384
4937.0;62.03782841859173;-0.319194176;0.008624185617214347;4.3760424527282487e-14;0.4220224419274072;0.0;0.00031589998293265537;0.18069705547920795;2.833325315986831e-14;0.0;0.0;7.137494872063848e-13;0.0;-0.29217113089939967
4938.0;62.03642042015768;-0.3109445599999999;0.008624185617212827;4.3760337508126e-14;0.28172466460157086;0.0;0.0003231899779661619;0.18025536347683993;2.8333150214371795e-14;0.0;0.0;7.137482628129183e-13;0.0;-0.15969124186399664
4939.0;62.03493312795793;-0.30078763199999997;0.008624185617211219;4.376024548193621e-14;0.14115088093555428;0.0;0.00030860998789784187;0.17593048720240345;2.8333041344564112e-14;0.0;0.0;7.137469679676519e-13;0.0;-0.024935648161468735
4940.0;556.8408463252173;-0.29170791199999996;0.008624185629241004;1.2951158949725508e-13;0.045866822746409394;1.0255787195867732e-15;0.00024543000873797577;0.172866265581775;4.279124203342713e-14;0.0;0.06052986155576648;1.5719468337143568e-12;0.0029262195576479836;-1.2170406489931594e-8
4941.0;709.1386775412652;-0.28839097599999997;0.008624185629308606;3.213869952880153e-13;0.012445264553911593;1.4362401547084345e-15;0.0002640600007135373;0.18679789149604928;4.3985905229268774e-14;0.0;0.060529861555778296;2.2229160824463547e-12;0.012579649399068565;-9.41785956733717e-9
4942.0;606.1978674569325;-0.283102336;0.008624185629266973;1.609137991901257e-13;0.008618846921295472;1.1306175793887494e-15;0.00027539999695873926;0.192337414877294;4.3234124365842435e-14;0.0;0.060529861555771995;1.7539814015587683e-12;0.012579649399035298;-1.111646503000424e-8
4943.0;556.8405251273203;-0.27380168800000004;0.008624185629241004;1.2951142137020256e-13;0.008330297583707156;1.0255780857034872e-15;0.00023571000265074971;0.19141722854351562;4.279123887259391e-14;0.0;0.06052986155576648;1.57194571634493e-12;0.004017964941617057;-1.2170414163785074e-8
4944.0;461.8401618377907;-0.263923892;0.008624185629173529;9.412588988452156e-14;0.008317753181694032;8.698024770753057e-16;0.0002105999981633359;0.1924386351885824;4.1726636466311145e-14;0.0;0.06052986155573887;1.2943945614347718e-12;2.5390639143854376e-14;-1.4891055363175681e-8
4945.0;0.00026213177273675975;-0.296383768;0.0;0.0;0.0013493651713979353;0.0;0.00816981512054742;0.4726079435626737;0.0;0.0;0.0;0.0;0.0;-0.18575953193417882
4946.0;0.00026225305742331155;-0.29358542400000004;0.0;0.0;0.0004338824013912258;0.0;0.007927776552301948;0.4629555951725328;0.0;0.0;0.0;0.0;0.0;-0.17774801487791123
4947.0;0.00026225345670431325;-0.291042544;0.0;0.0;0.00040834081423189906;0.0;0.007214484363152465;0.46328750045256906;0.0;0.0;0.0;0.0;0.0;-0.17988396507353996
4948.0;0.000262346599865375;-0.29058568;0.0;0.0;0.0004074453064494412;0.0;0.00666475811070943;0.45873371696652193;0.0;0.0;0.0;0.0;0.0;-0.17523642956392205
4949.0;0.000262550985892729;-0.298282916;0.0;0.0;0.0004086166828153454;0.0;0.005888065552607263;0.457152123424328;0.0;0.0;0.0;0.0;0.0;-0.16518209181822943
4950.0;0.0002630278340017406;-0.31583172400000004;0.0;0.0;0.0004294513351297847;0.0;0.004728379959144506;0.4544941438641484;0.0;0.0;0.0;0.0;0.0;-0.14383648468475943
4951.0;0.00026370369956631976;-0.332532444;0.0;0.0;0.01086333216605696;0.0;0.004839089913314342;0.44059959864940634;0.0;0.0;0.0;0.0;0.0;-0.12378585092118521
4952.0;0.0002621474659138275;-0.34522286799999996;0.0;0.0;0.09849878301627414;0.0;0.005597159149331286;0.42635460595486785;0.0;0.0;0.0;0.0;0.0;-0.1852438569273394
4953.0;0.000260178535318416;-0.357434496;0.0;0.0;0.2973940626952116;0.0;0.005765015769100681;0.38859700974989114;0.0;0.0;0.0;0.0;0.0;-0.3343376457707723
4954.0;0.0002541941417054986;-0.36781626;0.0;0.0;0.5112480630068011;0.0;0.0060249247363930265;0.3757549512281005;0.0;0.0;0.0;0.0;0.0;-0.5252273583764584
4955.0;0.0002539194502324094;-0.375918028;0.0;0.0;0.6465992539515653;0.0;0.005665415503452034;0.25129059021112754;0.0;0.0;0.0;0.0;0.0;-0.5276528940754831
4956.0;0.00025209441161403665;-0.38035340400000006;0.0;0.0;0.6694354261030899;0.0;0.005464398710755656;0.24586739170853875;0.0;0.0;0.0;0.0;0.0;-0.5404293613024346
4957.0;0.0002526578226355872;-0.37663599999999997;0.0;0.0;0.6606243752728381;0.0;0.006887315711454162;0.2461377379970738;0.0;0.0;0.0;0.0;0.0;-0.5370290128149194
4958.0;0.0002528745045126035;-0.376798776;0.0;0.0;0.6489777496893548;0.0;0.00765218011381178;0.25576241535085176;0.0;0.0;0.0;0.0;0.0;-0.5356091664623299
4959.0;0.0002545075011085881;-0.372167612;0.0;0.0;0.6052081751084123;0.0;0.008027621796907379;0.28115216800872084;0.0;0.0;0.0;0.0;0.0;-0.5222360517417403
4960.0;0.00025724531477578825;-0.36341126;0.0;0.0;0.47847436508805663;0.0;0.00802673708293709;0.3558302357239259;0.0;0.0;0.0;0.0;0.0;-0.4789359478091613
4961.0;0.0002607861306139562;-0.35255021999999997;0.0;0.0;0.29581102438892287;0.0;0.007881472531777952;0.3323516091410035;0.0;0.0;0.0;0.0;0.0;-0.2835099773621812
4962.0;0.0002652341841514046;-0.340053556;0.0;0.0;0.12068166898444678;0.0;0.008527886716211904;0.30299849530137957;0.0;0.0;0.0;0.0;0.0;-0.09217086410602193
4963.0;0.0003568068564000235;-0.33902292;0.0;0.0;0.025285533267139344;0.0;0.008707705042700443;0.3106279817287004;0.0;0.0;0.0;0.0;0.0;-0.005620392553624273
4964.0;0.00029705629580885015;-0.33820501999999997;0.0;0.0;0.0054281822848237975;0.0;0.008773747068700434;0.3381721347219652;0.0;0.0;0.0;0.0;0.0;-0.014187401762668589
4965.0;0.0002713659240028999;-0.331158328;0.0;0.0;0.0031908871581400153;0.0;0.008766942365247764;0.36381456769998594;0.0;0.0;0.0;0.0;0.0;-0.04463082190098714
4966.0;0.00026741160282456826;-0.320000704;0.0;0.0;0.002484082248173148;0.0;0.008457905809484878;0.3759513707385867;0.0;0.0;0.0;0.0;0.0;-0.06690916050406621
4967.0;0.0002653708815125892;-0.3095724959999999;0.0;0.0;0.001227619103435676;0.0;0.008630553616662196;0.3894663871275877;0.0;0.0;0.0;0.0;0.0;-0.08976844231132544
4968.0;0.00026432614634943735;-0.30007764400000003;0.0;0.0;0.00043628654853683247;0.0;0.008247302573616827;0.3993269618518125;0.0;0.0;0.0;0.0;0.0;-0.1079492212126505
4969.0;0.00029771080325320274;-0.280055092;0.0;0.0;0.00017954165729030643;0.0;0.0027030439746530146;0.38470167277552;0.0;0.0;0.0;0.0;0.0;-0.10754808536083134
4970.0;0.000296532450614939;-0.21432829600000003;0.0;0.0;0.00021238670395543643;0.0;0.002128561751231587;0.3454009376807208;0.0;0.0;0.0;0.0;0.0;-0.13343234324260206
4971.0;0.00029665807173223413;-0.214049568;0.0;0.0;0.00017895924369133774;0.0;0.0026614823684219476;0.3435384371901135;0.0;0.0;0.0;0.0;0.0;-0.13234811642149907
4972.0;0.0002980842125315574;-0.26829925200000004;0.0;0.0;0.000179736300221656;0.0;0.0020842886957035713;0.3665268216079612;0.0;0.0;0.0;0.0;0.0;-0.10051055461004768
4973.0;0.0002983543859494195;-0.26662707999999996;0.0;0.0;0.00017988645326932104;0.0;0.0021366028439977645;0.3602825036597763;0.0;0.0;0.0;0.0;0.0;-0.09599090304616922
4974.0;0.00029850159097457863;-0.268110388;0.0;0.0;0.00022481905309313779;0.0;0.0019940751121223436;0.3608818542672158;0.0;0.0;0.0;0.0;0.0;-0.0950092816809034
4975.0;0.0002996399425021498;-0.272689508;0.0;0.0;0.0006418085210655107;0.0;0.0028192126276685263;0.3686442028128218;0.0;0.0;0.0;0.0;0.0;-0.09943426920425014
4976.0;0.00029880053408804197;-0.279839092;0.0;0.0;0.011216354869482349;0.0;0.00382937888222212;0.3762432294182211;0.0;0.0;0.0;0.0;0.0;-0.1114683701408787
4977.0;0.00029535402251726394;-0.291177016;0.0;0.0;0.11654543850664646;0.0;0.004658210875637501;0.3717568124097286;0.0;0.0;0.0;0.0;0.0;-0.20180172852363917
4978.0;0.000292778256480716;-0.30581530399999995;0.0;0.0;0.2649319006223445;0.0;0.0051247689440559905;0.3736924255780929;0.0;0.0;0.0;0.0;0.0;-0.33795191311429557
4979.0;0.00028953805002184235;-0.31544091999999996;0.0;0.0;0.39822287215701024;0.0;0.0051877539997465735;0.3707682819793583;0.0;0.0;0.0;0.0;0.0;-0.4587559075982859
4980.0;0.0002839897391039879;-0.320909792;0.0;0.0;0.4695388977630482;0.0;0.005533796912311236;0.37104960191082825;0.0;0.0;0.0;0.0;0.0;-0.5252300772214358
4981.0;0.0002833857237890273;-0.32621960800000005;0.0;0.0;0.48624538851788024;0.0;0.005735658410731535;0.36305778511208897;0.0;0.0;0.0;0.0;0.0;-0.5288367588768543
4982.0;0.0002843217643752744;-0.324644568;0.0;0.0;0.43000468253015167;0.0;0.006829713250821978;0.41090287693642447;0.0;0.0;0.0;0.0;0.0;-0.5231102979204106
4983.0;0.00028993069954387886;-0.31940289999999993;0.0;0.0;0.3322414063046883;0.0;0.0072507876061092425;0.42954624336037606;0.0;0.0;0.0;0.0;0.0;-0.44965348095238367
4984.0;0.00029311799549354;-0.310838836;0.0;0.0;0.1943689087153498;0.0;0.006958913092230328;0.42896212002882517;0.0;0.0;0.0;0.0;0.0;-0.3194692486826846
4985.0;0.0002949253456359869;-0.31430736400000003;0.0;0.0;0.05771214891283645;0.0;0.007495119768527896;0.4708383220883584;0.0;0.0;0.0;0.0;0.0;-0.2217564818434964
4986.0;0.0002953675314994056;-0.329927308;0.0;0.0;0.008477255268534812;0.0;0.007481163683204471;0.5151346707422704;0.0;0.0;0.0;0.0;0.0;-0.20118406538172195
4987.0;0.0002941144633499673;-0.331278856;0.0;0.0;0.00037269665709265904;0.0;0.00710878767743931;0.5548524847728822;0.0;0.0;0.0;0.0;0.0;-0.23107349044950248
4988.0;0.0002941176606386043;-0.32851551999999995;0.0;0.0;0.0002336621224400531;0.0;0.0068861860442347165;0.554326863489907;0.0;0.0;0.0;0.0;0.0;-0.23294969253236808
4989.0;0.00029412684047880024;-0.32266970400000006;0.0;0.0;0.000211028399220647;0.0;0.006951818571555456;0.5520771049602199;0.0;0.0;0.0;0.0;0.0;-0.23658877791677224
4990.0;0.0002941131033057295;-0.31538004799999997;0.0;0.0;0.00018867861832156112;0.0;0.0067176702772466955;0.5492719489735702;0.0;0.0;0.0;0.0;0.0;-0.2408168047996021
4991.0;0.0002942454260382775;-0.309772076;0.0;0.0;0.00018875321015856096;0.0;0.006887167481188654;0.5352771033739038;0.0;0.0;0.0;0.0;0.0;-0.23259951518332528
4992.0;0.0002942265416284025;-0.302613968;0.0;0.0;0.00019987884147471525;0.0;0.006964954530205299;0.5266493819262297;0.0;0.0;0.0;0.0;0.0;-0.2312188009473353
4993.0;0.000346525116407735;-0.36930899000000006;0.0;0.0;0.0001891300564117989;0.0;0.007698711690285396;0.5907474291701902;0.0;0.0;0.0;0.0;0.0;-0.22935142043115797
4994.0;0.000345911880012235;-0.36604419200000005;0.0;0.0;0.00017814915290501816;0.0;0.007553791402794369;0.5916079636540308;0.0;0.0;0.0;0.0;0.0;-0.23332086401494398
4995.0;0.00034589496192175624;-0.36355888100000006;0.0;0.0;0.00017813935085659612;0.0;0.007604783318330176;0.5907040203281552;0.0;0.0;0.0;0.0;0.0;-0.23495321194258323
4996.0;0.00034648769890140564;-0.36016199800000004;0.0;0.0;0.00018910922143304605;0.0;0.007243434107060673;0.5851523143348021;0.0;0.0;0.0;0.0;0.0;-0.23244799561879453
4997.0;0.00034644087706831776;-0.361668088;0.0;0.0;0.00018908335661285585;0.0;0.00691690752409069;0.5909488648695284;0.0;0.0;0.0;0.0;0.0;-0.23641189923073896
4998.0;0.0003463835351781475;-0.36776852;0.0;0.0;0.0001890529744761052;0.0;0.00763688167211528;0.6014450400473146;0.0;0.0;0.0;0.0;0.0;-0.24152758056098905
4999.0;0.0003473609087851749;-0.38395348500000004;0.0;0.0;0.00024706116755252044;0.0;0.007271588906373911;0.6129734664428278;0.0;0.0;0.0;0.0;0.0;-0.23656369561413632
5000.0;0.0003485298270047649;-0.405230764;0.0;0.0;0.005571271935030191;0.0;0.007611780168343336;0.6186383950667681;0.0;0.0;0.0;0.0;0.0;-0.22661568742248503
5001.0;0.0003485246464582616;-0.41531486000000006;0.0;0.0;0.03619706006253152;0.0;0.0059016742327096475;0.5997285248855229;0.0;0.0;0.0;0.0;0.0;-0.22653740345788473
5002.0;0.00034767549681393475;-0.42205456100000005;0.0;0.0;0.10467449282676346;0.0;0.005873121117117857;0.5976007749306514;0.0;0.0;0.0;0.0;0.0;-0.2861187727605472
5003.0;0.00034617993601257155;-0.429235645;0.0;0.0;0.20509196786098582;0.0;0.006004362303155925;0.607652545356657;0.0;0.0;0.0;0.0;0.0;-0.3895380703888748
5004.0;0.00034456156471758857;-0.434430729;0.0;0.0;0.2716434844289512;0.0;0.006104986098064036;0.6139088200455581;0.0;0.0;0.0;0.0;0.0;-0.45725128774660506
5005.0;0.00034378651641539694;-0.4347148940000001;0.0;0.0;0.28982092864876957;0.0;0.006164743425846888;0.6160071457292022;0.0;0.0;0.0;0.0;0.0;-0.4773025955282574
5006.0;0.0003450014619576605;-0.43103021500000005;0.0;0.0;0.25266658445688617;0.0;0.00626766088289816;0.6150338886459455;0.0;0.0;0.0;0.0;0.0;-0.442962676028524
5007.0;0.0003464473671327753;-0.42718592300000013;0.0;0.0;0.19009109152534828;0.0;0.006010702892139302;0.604743168467684;0.0;0.0;0.0;0.0;0.0;-0.37368389852969125
5008.0;0.000347784950731438;-0.42058842600000007;0.0;0.0;0.10565265942263104;0.0;0.006085536396790199;0.5867989449552792;0.0;0.0;0.0;0.0;0.0;-0.27797366728967915
5009.0;0.00034885175281178384;-0.417842743;0.0;0.0;0.03806179025473163;0.0;0.005987081017673875;0.5806052876993347;0.0;0.0;0.0;0.0;0.0;-0.20683644318880745
5010.0;0.00034934823522044813;-0.42051958100000003;0.0;0.0;0.008165699586338527;0.0;0.005946507270062663;0.5875616008248825;0.0;0.0;0.0;0.0;0.0;-0.18117928864835833
5011.0;0.00034945256883101917;-0.42148908800000007;0.0;0.0;0.0004128539437413448;0.0;0.005374725587591117;0.590784068404256;0.0;0.0;0.0;0.0;0.0;-0.175107630552428
5012.0;0.0003483345176723007;-0.4156218830000001;0.0;0.0;0.0002358033437490351;0.0;0.0035651670166414904;0.5792266319418695;0.0;0.0;0.0;0.0;0.0;-0.16743089260486022
5013.0;0.00034806262701563966;-0.40526121500000006;0.0;0.0;0.00021240747369427097;0.0;0.0033318552146964836;0.5680730104128794;0.0;0.0;0.0;0.0;0.0;-0.1663812623581507
5014.0;0.0003478773122646159;-0.39237646800000003;0.0;0.0;0.00021230137350882969;0.0;0.003231090047099843;0.56551044638821;0.0;0.0;0.0;0.0;0.0;-0.17660255671118175
5015.0;0.00034779792392609633;-0.382241029;0.0;0.0;0.00021225995134756584;0.0;0.0038464234169473593;0.5596936552959393;0.0;0.0;0.0;0.0;0.0;-0.18153648882413573
5016.0;0.00034768434600929713;-0.3730864200000001;0.0;0.0;0.00021220263718040424;0.0;0.004208244846674509;0.5567921354966934;0.0;0.0;0.0;0.0;0.0;-0.18815133157452285
5017.0;45.20011901336095;-0.33071203500000007;0.0;3.6040476306243585e-14;0.00022392079654615912;0.0;0.006204599978760156;0.4509627614095535;3.0011687444847445e-14;0.0;0.0;6.102531535262426e-13;0.0;-0.12625720757996564
5018.0;45.20010482179334;-0.32583289800000004;0.0;3.6040475871491914e-14;0.00022392079654615885;0.0;0.007389629976474732;0.46253525729128914;3.001168652359281e-14;0.0;0.0;6.102531468683693e-13;0.0;-0.14389267481182375
5019.0;45.200084035079904;-0.3267246450000001;0.0;3.6040475222614364e-14;0.0002370912202445352;0.0;0.0081639899743212;0.4790246611234993;3.001168514859972e-14;0.0;0.0;6.102531369312418e-13;0.0;-0.1602761164309043
5020.0;45.200063671206706;-0.3282939690000001;0.0;3.6040474585522926e-14;0.00022392079654615798;0.0;0.00869372998204666;0.49515885181559083;3.001168379857957e-14;0.0;0.0;6.102531271744397e-13;0.0;-0.17535583750292758
5021.0;45.20005312612081;-0.33137367900000003;0.0;3.604047425418701e-14;0.000210747423475102;0.0;0.009156239980494562;0.503468986875017;3.001168309646721e-14;0.0;0.0;6.102531221002036e-13;0.0;-0.18103471001230326
5022.0;45.20002435665098;-0.33977548700000004;0.0;3.6040473347522335e-14;0.0002107474234751014;0.0;0.009438119991833761;0.5259970260756889;3.0011681175212605e-14;0.0;0.0;6.102531082150464e-13;0.0;-0.19544040348015798
5023.0;45.199986506742675;-0.35952456800000004;0.0;3.604047214510828e-14;0.00031612113586649686;0.0;0.009457559978593136;0.5551526117773302;3.001167862725317e-14;0.0;0.0;6.102530898007652e-13;0.0;-0.20496856523777418
5024.0;45.19994258319058;-0.38342111200000006;0.0;3.6040470530500194e-14;0.005848240299072554;0.0;0.009501299986925758;0.5742219898695551;3.001167520584352e-14;0.0;0.0;6.10253065074062e-13;0.0;-0.20571477461114857
5025.0;45.199840465661204;-0.3961099560000001;0.0;3.6040466280210735e-14;0.03148039325758288;0.0;0.009497249972740164;0.5844764563348168;3.0011666199323296e-14;0.0;0.0;6.102529999831162e-13;0.0;-0.22890550427691905
5026.0;45.19963484770503;-0.402828185;0.0;3.604045737451163e-14;0.09183318223703457;0.0;0.009523169984737916;0.581513222367344;3.0011647327806697e-14;0.0;0.0;6.102528635971632e-13;0.0;-0.27959862229772525
5027.0;45.19935728209518;-0.4069293990000001;0.0;3.6040445378370436e-14;0.1726811560645868;0.0;0.009515069981782698;0.5792323766745154;3.00116219074923e-14;0.0;0.0;6.102526798829341e-13;0.0;-0.3540507281803153
5028.0;45.19911849142132;-0.411627495;0.0;3.6040435176425593e-14;0.23947491044892671;0.0;0.009349019972035421;0.5850466669018495;3.00116002891278e-14;0.0;0.0;6.102525236456804e-13;0.0;-0.4217891127689182
5029.0;45.198964335344435;-0.410991364;0.0;3.6040428646859343e-14;0.2816507347782027;0.0;0.009282599983386085;0.592057467973229;3.0011586452680593e-14;0.0;0.0;6.102524236489535e-13;0.0;-0.4715416793258701
5030.0;45.1989850112168;-0.40676617300000006;0.0;3.604042963650784e-14;0.2733130410755826;0.0;0.00898856998032227;0.5986289247642183;3.001158854979024e-14;0.0;0.0;6.102524388047635e-13;0.0;-0.47370652342797404
5031.0;45.199131662666716;-0.402014821;0.0;3.6040435980803e-14;0.22997810591000115;0.0;0.008474219983294723;0.6008162950272595;3.0011601993639274e-14;0.0;0.0;6.102525359642608e-13;0.0;-0.4367988460754738
5032.0;45.199396274508594;-0.3946005780000001;0.0;3.604044712940355e-14;0.15978604893236645;0.0;0.008461259983649926;0.583878199200445;3.001162561800481e-14;0.0;0.0;6.102527066988888e-13;0.0;-0.357076920524452
5033.0;45.19967498114217;-0.3897111230000001;0.0;3.6040459011369584e-14;0.08267884115736629;0.0;0.008819279977018228;0.5751100261445503;3.00116507963713e-14;0.0;0.0;6.102528886647682e-13;0.0;-0.2764556339172432
5034.0;45.199891856852865;-0.38825858600000007;0.0;3.6040468123310503e-14;0.025921930297607382;0.0;0.008852489984050964;0.5593403963067909;3.001167010491714e-14;0.0;0.0;6.10253028209207e-13;0.0;-0.20542069880761737
5035.0;45.19996046505481;-0.38929146100000006;0.0;3.604047120210663e-14;0.00304266575965854;0.0;0.00889946997323286;0.5676692285069934;3.001167662899726e-14;0.0;0.0;6.102530753593291e-13;0.0;-0.18988515216311072
5036.0;45.199964443150385;-0.385774655;0.0;3.604047142197108e-14;0.0007376159854321528;0.0;0.00867671998092416;0.5708848490458854;3.0011677094902703e-14;0.0;0.0;6.102530787263678e-13;0.0;-0.19408961052269497
5037.0;45.199948025338706;-0.37725050400000004;0.0;3.60404709233916e-14;0.0004083244245595248;0.0;0.008127539973731286;0.5848410171891492;3.001167603839111e-14;0.0;0.0;6.102530710908703e-13;0.0;-0.21569000534267324
5038.0;45.199925290713004;-0.36559467600000006;0.0;3.604047021582825e-14;0.0003292915595648739;0.0;0.007289999980792783;0.6030690992897966;3.001167453903982e-14;0.0;0.0;6.102530602549077e-13;0.0;-0.24465541350227504
5039.0;45.199933386756825;-0.354734101;0.0;3.604047047865883e-14;0.0002239207965461552;0.0;0.006070949980833275;0.5971426347795494;3.0011675095986826e-14;0.0;0.0;6.10253064280072e-13;0.0;-0.24826575985486385
5040.0;45.19993291101605;-0.3443702490000001;0.0;3.604047046668854e-14;0.00023709122024453201;0.0;0.005103809978737654;0.5976100222025812;3.00116750706213e-14;0.0;0.0;6.102530640966447e-13;0.0;-0.25814299178710504
5041.0;62.62598806902451;-0.31574648400000005;0.008624185612626319;6.151824956205161e-14;0.007191754763121575;0.0;0.005369489979459525;0.303558334052807;2.967228592915486e-14;0.0;0.0;9.382758382093776e-13;0.0;-0.008885070769996986
5042.0;62.6382979342887;-0.30925420900000006;0.008624185612644962;6.151921884482131e-14;0.005611150551937036;0.0;0.005635169972186165;0.2978001301107548;2.96729972378508e-14;0.0;0.0;9.382875300179408e-13;0.0;-0.008401339539911745
5043.0;107.62237825063323;-0.307229073;0.008624185626820206;6.507807644295767e-14;0.004267636088277505;0.0;0.0055549799874717665;0.292845829591233;3.2049641861912235e-14;0.0;2.5486284246894746e-14;9.80590527263609e-13;0.0;-1.669289654608195e-7
5044.0;194.70601823610525;-0.306824999;0.00862418562921585;7.327901061613584e-14;0.0028319183356759893;0.0;0.005687819997345185;0.28739610193067777;3.5966150075032e-14;0.0;3.620565295889676e-14;1.0734074192225127e-12;9.18616314749995e-15;-6.370975044916373e-8
5045.0;191.54078624311464;-0.3087061910000001;0.008624185629180419;7.29451850614607e-14;0.0012117969546422483;0.0;0.0055873799935968515;0.2919297535983908;3.584104609652073e-14;0.0;3.566091491344372e-14;1.06975365186592e-12;9.115362859512984e-15;-6.511036261046381e-8
5046.0;297.2969440219621;-0.316828359;0.00862418562987375;8.605208761978045e-14;0.0010405666998833949;9.323579269669485e-16;0.005425379988527383;0.29450038014423546;3.938622372047694e-14;0.0;7.17700882887093e-14;1.2056135467638604e-12;1.22803777250567e-14;-3.781629885227398e-8
5047.0;387.1156170610374;-0.33436712300000004;0.008624185630121002;1.0154111547284413e-13;0.015371390110506452;1.035164221346091e-15;0.005217210000341084;0.2926495275929036;4.1553749337516483e-14;0.0;5.125205100293882e-13;1.347356825105681e-12;1.7416252752860306e-14;-2.8012471287716397e-8
5048.0;62.638096882568966;-0.354771015;0.008624185612644707;6.151920562278027e-14;0.10579519839128412;0.0;0.005070599967003597;0.2890693461993653;2.967298753508199e-14;0.0;0.0;9.382873705299706e-13;0.0;-0.053776509761119806
5049.0;62.63739003135021;-0.37346052700000004;0.008624185612643687;6.151915249876303e-14;0.3183866417580098;0.0;0.00478709997794761;0.27780532488668014;2.9672948550875594e-14;0.0;0.0;9.38286729732899e-13;0.0;-0.23611768884076523
5050.0;62.63664113432523;-0.38494765200000003;0.008624185612642594;6.151909565362775e-14;0.5440971130548095;0.0;0.004587839973875612;0.2533142605640943;2.9672906835867305e-14;0.0;0.0;9.38286044050319e-13;0.0;-0.4256369490232741
5051.0;40.64497694119478;-0.38911769000000007;0.0;5.991694645869668e-14;0.7209405285472814;0.0;0.004395869962654951;0.25600640910681927;2.844979937755934e-14;0.0;0.0;0.0;0.0;-0.5948629550020335
5052.0;0.000626120707083347;-0.39286929600000003;0.0;0.0;0.8216665101417634;0.0;0.0009136907319052122;0.1651585726044079;0.0;0.0;0.0;0.0;0.0;-0.5948631469000432
5053.0;0.0006261404723919654;-0.39636801400000005;0.0;0.0;0.8130300050919151;0.0;0.0009421041278659394;0.1772653820499427;0.0;0.0;0.0;0.0;0.0;-0.594863146900043
5054.0;0.0006261149412863925;-0.39517412200000007;0.0;0.0;0.7998661797167341;0.0;0.0009004251823827106;0.18927699461690703;0.0;0.0;0.0;0.0;0.0;-0.5948631469000432
5055.0;0.0006261003338404681;-0.388103574;0.0;0.0;0.7866849355166645;0.0;0.0008838346800702023;0.19540428148068928;0.0;0.0;0.0;0.0;0.0;-0.594863146900043
5056.0;0.0006261033423213932;-0.3784742570000001;0.0;0.0;0.6734217370247241;0.0;0.0008880960214895584;0.29903390161036164;0.0;0.0;0.0;0.0;0.0;-0.5948631469000432
5057.0;62.63679787213954;-0.36730933300000007;0.008624185612642844;6.151910865904197e-14;0.4815446494882092;0.0;0.004419359965783718;0.3007914055085193;2.967291637971969e-14;0.0;0.0;9.382862009254324e-13;0.0;-0.42803100909522374
5058.0;62.63761911301875;-0.35956322900000004;0.008624185612644018;6.151916972268206e-14;0.2516982596113749;0.0;0.004281659966379802;0.27890835687624;2.967296119038276e-14;0.0;0.0;9.38286937492855e-13;0.0;-0.18392892238698177
5059.0;276.32857598488596;-0.355167947;0.008624185629787768;8.309206404611101e-14;0.07298446109299271;9.112088868016118e-16;0.004568399995681427;0.2624469978993094;3.877996804339565e-14;0.0;5.976960620971617e-14;1.176264813875882e-12;1.148935134438217e-14;-4.1205300990996414e-8
5060.0;480.0437349176467;-0.3581233370000001;0.008624185630268176;1.2477308723164598e-13;0.014646944547514366;1.1682260532810922e-15;0.00461943000169579;0.2660178315783563;4.3235057319790403e-14;0.0;0.06052986155569741;1.5267431373871329e-12;3.071285466786583e-14;-2.211356246303387e-8
5061.0;467.11715568510937;-0.35358908;0.008624185630251656;1.209315967360391e-13;0.007415675562341613;1.1477566401697125e-15;0.0038369699880868124;0.27353341092962086;4.3028515249238586e-14;0.0;0.06052986155567853;1.4995554591710887e-12;2.7768059111172786e-14;-2.2778773072627618e-8
5062.0;401.69513948514964;-0.34488637600000005;0.00862418563014931;1.0460624064265801e-13;0.00770545290271197;1.054070540337123e-15;0.0033696000050561256;0.2754029571970409;4.185090937883428e-14;0.0;0.04982795118454104;1.373183573129975e-12;1.8689061977011077e-14;-2.6882280796297343e-8
5063.0;401.6951376663537;-0.33451959900000006;0.00862418563014931;1.0460624036088346e-13;0.00770545290271197;1.05407053861935e-15;0.002930580007553081;0.27692663803856404;4.1850909352919456e-14;0.0;0.03837667633806946;1.3731835707880198e-12;1.868906185512149e-14;-2.688228089304649e-8
5064.0;401.6951354957054;-0.3239067670000001;0.00862418563014931;1.0460624004778106e-13;0.007534219698396959;1.0540705367107357e-15;0.0023230799892499402;0.2790672697305372;4.185090932412e-14;0.0;0.02640216545698725;1.3731835681850892e-12;1.868906171968036e-14;-2.688228100055225e-8
5065.0;49.89443446071101;-0.23463992300000008;0.0;3.790318282207946e-14;0.0055321191619670425;0.0;0.0028228499788900347;0.2588761625077402;3.027834994336035e-14;0.0;0.0;6.370872630737714e-13;0.0;-0.03266387127411388
5066.0;49.89444305075518;-0.23142958900000002;0.0;3.790318274716388e-14;0.003082179980195088;0.0;0.0030431699728536024;0.242601756102444;3.027834980093665e-14;0.0;0.0;6.370872619451869e-13;0.0;-0.017370504182744925
5067.0;49.894383326347516;-0.22862402800000003;0.0;3.790317896952413e-14;0.0017123217191067077;0.0;0.002978369987336984;0.229972968514566;3.02783426192124e-14;0.0;0.0;6.370872050389864e-13;0.0;-0.006107835924216305
5068.0;119.03626936674215;-0.22590320700000002;0.008624185628722357;4.132312159420283e-14;0.0006322422738292132;0.0;0.003196259982799371;0.21763395835513288;3.5549519511355645e-14;0.0;1.6590523111692956e-14;6.880327884488378e-13;4.847167803638439e-15;-7.280049423082067e-8
5069.0;49.89434934033297;-0.226430311;0.0;3.790317689667979e-14;0.0005268685607180478;0.0;0.0034514099743764835;0.22690690969074306;3.0278338678496495e-14;0.0;0.0;6.370871738136421e-13;0.0;-0.0045202339271480495
5070.0;49.89441666396426;-0.22817471700000005;0.0;3.790318113241685e-14;0.013843470542504021;0.0;0.0034991999714786676;0.22438302171601035;3.0278346731119145e-14;0.0;0.0;6.370872376207002e-13;0.0;-0.013624190867990158
5071.0;49.89427236885765;-0.23370373900000002;0.0;3.790317494690725e-14;0.06878268449483946;0.0;0.0033614999720743347;0.22131696460453656;3.027833497175396e-14;0.0;0.0;6.370871444423197e-13;0.0;-0.059830271976377525
5072.0;49.89379577983459;-0.24670483099999999;0.0;3.790315318439239e-14;0.2101415056584009;0.0;0.003210029977812635;0.21483898495568413;3.0278293598645105e-14;0.0;0.0;6.37086816612445e-13;0.0;-0.18154940077655848
5073.0;49.89316220664297;-0.26321962400000004;0.0;3.790312432650803e-14;0.39187162761688576;0.0;0.0030196799846161342;0.21625984094085715;3.027823873625287e-14;0.0;0.0;6.37086381897807e-13;0.0;-0.34798172411594464
5074.0;49.892634962673874;-0.277084255;0.0;3.790310035174103e-14;0.5436624477818838;0.0;0.0027677699740443627;0.21848460206075324;3.027819315713578e-14;0.0;0.0;6.37086020742273e-13;0.0;-0.4878695264680186
5075.0;49.89238484967814;-0.28643657600000005;0.0;3.79030892494008e-14;0.6167917968080933;0.0;0.0030148199879259543;0.2283090702474889;3.0278172050115916e-14;0.0;0.0;6.370858534970031e-13;0.0;-0.5617128786983638
5076.0;0.0006268091789176162;-0.291130561;0.0;0.0;0.6462096685887933;0.0;0.0013225080245487682;0.2384678597463582;0.0;0.0;0.0;0.0;0.0;-0.5948631638006873
5077.0;0.0006266243861156151;-0.29154429700000006;0.0;0.0;0.6572044995797686;0.0;0.0011487791785056694;0.22806049539841275;0.0;0.0;0.0;0.0;0.0;-0.5948631638006878
5078.0;0.0006266448899245305;-0.29013195700000005;0.0;0.0;0.6566703433473666;0.0;0.0011659774455539372;0.22716511316716081;0.0;0.0;0.0;0.0;0.0;-0.5948631638006873
5079.0;0.0006266104869101178;-0.28746827500000005;0.0;0.0;0.6218266646768069;0.0;0.0011317295325606795;0.2593793580843419;0.0;0.0;0.0;0.0;0.0;-0.5948631638006875
5080.0;0.0006268361619790905;-0.283660697;0.0;0.0;0.5521039188242206;0.0;0.002259495184843324;0.3241667581998588;0.0;0.0;0.0;0.0;0.0;-0.5948631638006868
5081.0;49.892878715054344;-0.278082814;0.0;3.7903113255602276e-14;0.43175557554500654;0.0;0.0033849899857266606;0.33319065317942465;3.0278217689051734e-14;0.0;0.0;6.370862151258912e-13;0.0;-0.4902833575696017
5082.0;49.893353466452076;-0.2749774910000001;0.0;3.790313512191578e-14;0.2887502877289639;0.0;0.0032375699802349137;0.3490257153043303;3.027825925967581e-14;0.0;0.0;6.370865445196543e-13;0.0;-0.3660796705542903
5083.0;49.89387813095593;-0.26750406100000007;0.0;3.7903158996228804e-14;0.13888253965846742;0.0;0.002766959978832613;0.34604378762077936;3.0278304647641475e-14;0.0;0.0;6.370869041618614e-13;0.0;-0.22024412256860545
5084.0;49.89424305065156;-0.266732141;0.0;3.7903175481046204e-14;0.036380271621195524;0.0;0.003167099977400555;0.33747191656337117;3.027833598721348e-14;0.0;0.0;6.370871524885123e-13;0.0;-0.11035030649866913
5085.0;49.894328466874555;-0.265424541;0.0;3.790317934665548e-14;0.011604280260201225;0.0;0.002787209986220487;0.33667735743051264;3.02783433361825e-14;0.0;0.0;6.370872107199595e-13;0.0;-0.08570923598747486
5086.0;49.894340707755404;-0.26348651700000003;0.0;3.790317986658979e-14;0.008825048042870307;0.0;0.002740229984330679;0.3344152071661112;3.027834432463668e-14;0.0;0.0;6.370872185523259e-13;0.0;-0.08255932235682652
5087.0;49.894335150662855;-0.25977028300000005;0.0;3.790317970099332e-14;0.008838219941255028;0.0;0.0029111399780594885;0.3394536354013631;3.027834400982014e-14;0.0;0.0;6.37087216057756e-13;0.0;-0.09149759283129481
5088.0;49.894337209722174;-0.25356770200000006;0.0;3.7903179780750415e-14;0.008825048042870307;0.0;0.003070709975276024;0.3382384291288903;3.027834416144622e-14;0.0;0.0;6.370872172593392e-13;0.0;-0.09663153469711917
5089.0;401.6952023524013;-0.255751987;0.008624185630423898;6.058226042678713e-14;0.0082718371599267;6.357565264718509e-16;0.0005702399946003608;0.22565431427402521;4.572050442585957e-14;0.0;0.01266982170585523;9.592840875580398e-13;1.0825422093000611e-14;-1.5508829245189904e-8
5090.0;401.69520751242766;-0.24996941700000003;0.008624185630423898;6.058226101892405e-14;0.007283958053249817;6.357565304077241e-16;0.0005686200041757449;0.2243269354309887;4.572050450117501e-14;0.0;0.0092039114715844;9.59284095245236e-13;1.0825422349213343e-14;-1.55088290436083e-8
5091.0;401.6952114778676;-0.24713800400000002;0.008624185630423898;6.058226152166407e-14;0.0061116738438732054;6.357565337495661e-16;0.0008083799976069133;0.22442041257312528;4.57205045651248e-14;0.0;0.007211467827352035;9.592841017718979e-13;1.0825422566747304e-14;-1.550882887245921e-8
5092.0;401.69522291117914;-0.248653212;0.008624185630423898;6.058226302531606e-14;0.005387231230204366;6.357565437443959e-16;0.0013616100062773708;0.22524301313627557;4.5720504756381234e-14;0.0;0.008075183027306414;9.592841212923264e-13;1.0825423217365246e-14;-1.550882836056909e-8
5093.0;401.6951973205248;-0.25437060200000006;0.008624185630423898;6.058225974675581e-14;0.010985208410647684;6.357565219514381e-16;0.001521180003494082;0.22414932886092942;4.572050433936265e-14;0.0;0.00912913655233555;9.592840787298513e-13;1.0825421798755342e-14;-1.5508829476694306e-8
5094.0;196.84675838862523;-0.26885104900000006;0.00862418562989675;4.257290525116583e-14;0.05081646727039487;0.0;0.0017479799946950151;0.21079141442730395;4.0316464600609365e-14;0.0;2.119107145452845e-14;7.096486380259071e-13;5.349134558160504e-15;-3.5951183359893544e-8
5095.0;60.33347020274666;-0.2828098970000001;0.008624185617939956;3.552991104997329e-14;0.16764956166692763;0.0;0.002064689979312715;0.18620687296242544;3.150162860389562e-14;0.0;0.0;6.034497101590583e-13;0.0;-0.081480148084723
5096.0;60.332791570972766;-0.3072761970000001;0.008624185617939102;3.5529881528903334e-14;0.3690318787743817;0.0;0.002211299976884122;0.1731761319510114;3.1501567441784694e-14;0.0;0.0;6.03449255083473e-13;0.0;-0.24549887163016948
5097.0;60.33200171181637;-0.324710944;0.008624185617938113;3.5529847308735025e-14;0.5982328530037967;0.0;0.0023538599856859853;0.16959595055778703;3.150149654370384e-14;0.0;0.0;6.034487275699236e-13;0.0;-0.45381104059795235
5098.0;0.0006269228417477692;-0.3396210930000001;0.0;0.0;0.7872712918677592;0.0;0.0011713787844745008;0.1460479004407119;0.0;0.0;0.0;0.0;0.0;-0.5948631782629846
5099.0;0.0006268985194178139;-0.3507719170000001;0.0;0.0;0.8354703359341278;0.0;0.001157827041475225;0.10901323233144683;0.0;0.0;0.0;0.0;0.0;-0.5948631782629844
5100.0;0.0006268811887288427;-0.353117589;0.0;0.0;0.8279461740513009;0.0;0.001144356659102687;0.11889653676144629;0.0;0.0;0.0;0.0;0.0;-0.5948631782629846
5101.0;0.0006268795764471608;-0.351128078;0.0;0.0;0.8189692753699372;0.0;0.0011430336607102284;0.125885247456796;0.0;0.0;0.0;0.0;0.0;-0.5948631782629846
5102.0;0.0006268783255934101;-0.34984496500000006;0.0;0.0;0.8024581207883645;0.0;0.0011420512692975387;0.14111427144227728;0.0;0.0;0.0;0.0;0.0;-0.5948631782629846
5103.0;0.000626846160174019;-0.34577694500000006;0.0;0.0;0.7839217610376722;0.0;0.0010996382134184485;0.15562502456791108;0.0;0.0;0.0;0.0;0.0;-0.5948631782629846
5104.0;0.0006267979370836194;-0.33898147300000003;0.0;0.0;0.7059578635515384;0.0;0.0009921549577770654;0.22690093380620033;0.0;0.0;0.0;0.0;0.0;-0.5948631782629847
5105.0;60.33201888973239;-0.330002298;0.008624185617938188;3.5529849899215904e-14;0.5496028898965614;0.0;0.004114799985094974;0.2914810598913346;3.150150191073034e-14;0.0;0.0;6.034487675028949e-13;0.0;-0.523526595021808
5106.0;60.33256119672835;-0.3218855570000001;0.00862418561793887;3.552987348327658e-14;0.38776205430859767;0.0;0.003966569984390775;0.30263290863345593;3.150155077271241e-14;0.0;0.0;6.034491310577697e-13;0.0;-0.38081645576418366
5107.0;60.333150165373894;-0.310614533;0.00862418561793961;3.552989908083017e-14;0.21513358436155575;0.0;0.0038191499916069003;0.310410223982704;3.1501603806111375e-14;0.0;0.0;6.034495256513562e-13;0.0;-0.2271007829978928
5108.0;60.3336449766169;-0.297138518;0.00862418561794021;3.5529919891011346e-14;0.08499706283033667;0.0;0.004049189978950475;0.27305667579220055;3.150164692081589e-14;0.0;0.0;6.034498464460598e-13;0.0;-0.07333001340133811
5109.0;60.333827695738066;-0.288607416;0.008624185617940424;3.552992727335961e-14;0.021799185091003148;0.0;0.003821579977244004;0.26751346927706215;3.150166221559706e-14;0.0;0.0;6.034499602469836e-13;0.0;-0.012894230688553485
5110.0;60.3338714450532;-0.28509096200000006;0.008624185617940493;3.5529929642116906e-14;0.008350865600056328;0.0;0.0034562699761331783;0.28562003280528137;3.1501667123192584e-14;0.0;0.0;6.034499967620445e-13;0.0;-0.020704257786693263
5111.0;60.33388188363023;-0.2765583920000001;0.008624185617940509;3.552993016968567e-14;0.008113775853190402;0.0;0.003035069987673152;0.2848628662416266;3.1501668216212405e-14;0.0;0.0;6.034500048946775e-13;0.0;-0.02782215333163962
5112.0;60.33390463000273;-0.2593803800000001;0.00862418561794053;3.5529930924443553e-14;0.007744967122477285;0.0;0.0030731399913956183;0.26878476183481687;3.1501669779919805e-14;0.0;0.0;6.034500165294898e-13;0.0;-0.028593149315999048
5113.0;401.6952547445798;-0.254702737;0.008624185630337953;7.436161750847422e-14;0.006981007339741559;7.705823546459272e-16;0.0010448999969158651;0.18842228636829156;4.4372133971168105e-14;0.0;0.04966463092260408;1.1092306668762068e-12;1.3286874385317614e-14;-1.9110954165636386e-8
5114.0;401.69526145416256;-0.252610023;0.008624185630337953;7.436161847168566e-14;0.005439917349024508;7.705823608801751e-16;0.001121039991652826;0.1870294752381087;4.4372134082010307e-14;0.0;0.05042942182694441;1.1092306777437057e-12;1.3286874802048622e-14;-1.9110953834881773e-8
5115.0;483.72200902559524;-0.25051566900000005;0.008624185630425682;8.950954434697119e-14;0.004293978411133324;8.616438309894821e-16;0.0011388600012127307;0.17537284821610807;4.5628085508822164e-14;0.0;0.06052986155572813;1.2697329495184146e-12;2.2518238508230154e-14;-1.5590723545424898e-8
5116.0;528.3201081342748;-0.248634702;0.008624185630460746;1.0064362446878115e-13;0.004346664529998116;9.207183591833846e-16;0.0010651500050344277;0.17054006969355914;4.617885413727172e-14;0.0;0.060529861555751;1.3751457426704982e-12;3.618459991599773e-14;-1.4174517583013106e-8
5117.0;614.5529971506994;-0.25115254000000004;0.008624185630512846;1.324413228213809e-13;0.005163310432378645;1.0611825394260145e-15;0.0010797299954293542;0.15983691465839575;4.705401532449805e-14;0.0;0.06052986155576805;1.6256058943707242e-12;0.012579649398876883;-1.2059030631483393e-8
5118.0;682.8046739530855;-0.26192304800000005;0.008624185630544004;1.7622589843948056e-13;0.021404034039052527;1.2063444739149705e-15;0.0010675799911959156;0.1456844445166481;4.7612032499558297e-14;0.0;0.06052986155577412;1.8760381383743383e-12;0.012579649399052033;-1.0786906933621885e-8
5119.0;401.6950052712304;-0.279424625;0.008624185630337951;7.436157596986947e-14;0.09993378619392164;7.705820857795125e-16;0.0008124299985194543;0.13091502352443066;4.437212919107148e-14;0.0;0.039174189162462354;1.1092301982200736e-12;1.3286856413702436e-14;-1.9110968429523328e-8
5120.0;62.64251892659256;-0.29902522100000006;0.00862418561789778;4.373301386686101e-14;0.25987789495789343;0.0;0.0007257599859863431;0.1265870232815404;3.082873131370064e-14;0.0;0.0;7.18173162618665e-13;0.0;-0.09674049409731575
5121.0;62.64185036802333;-0.31554713300000004;0.008624185617897092;4.373297811028186e-14;0.45555685969782655;0.0;0.0006763499730442737;0.12133359590702525;3.082868115719222e-14;0.0;0.0;7.181726515499833e-13;0.0;-0.2705811505369667
5122.0;62.641313043570804;-0.32644616700000006;0.008624185617896544;4.373294952072188e-14;0.6087438804459959;0.0;0.0006002099910169171;0.1265963692834049;3.082864105389123e-14;0.0;0.0;7.181722429192451e-13;0.0;-0.4180439916728832
5123.0;62.64098619842061;-0.33602811700000007;0.008624185617896211;4.373293216615436e-14;0.7028821095091919;0.0;0.0004544099759545404;0.12975590353701505;3.0828616710145943e-14;0.0;0.0;7.181719948704235e-13;0.0;-0.5056070279983503
5124.0;62.640843703688816;-0.341528877;0.008624185617896069;4.3732924817544e-14;0.7434378139321289;0.0;0.0003709799861873986;0.13850538458918105;3.082860640202714e-14;0.0;0.0;7.181718898365803e-13;0.0;-0.5493248185153133
5125.0;62.64082291388146;-0.342273833;0.008624185617896057;4.373292414982103e-14;0.7483772065161404;0.0;0.0002794499807583994;0.15396653814554068;3.082860546539292e-14;0.0;0.0;7.181718802928806e-13;0.0;-0.5688880647867433
5126.0;62.6408511808129;-0.341220286;0.008624185617896095;4.373292615055767e-14;0.7413303411589868;0.0;0.00025109998312425406;0.16947442856061934;3.08286082718883e-14;0.0;0.0;7.181719088894449e-13;0.0;-0.5783748638986244
5127.0;62.64098594324157;-0.33652811700000007;0.00862418561789623;4.3732933215551713e-14;0.6848368638428636;0.0;0.0003102299767364;0.1839540686998474;3.082861818216554e-14;0.0;0.0;7.181720098694828e-13;0.0;-0.5411117707334039
5128.0;62.64130672343134;-0.329736436;0.008624185617896558;4.373295022392153e-14;0.5900532206069342;0.0;0.00032885998099033896;0.1829071247079187;3.0828642040288765e-14;0.0;0.0;7.181722529702134e-13;0.0;-0.45209785994784535
5129.0;62.641814235462036;-0.32138404200000004;0.008624185617897078;4.373297732197066e-14;0.4430832474151719;0.0;0.00031589998134644174;0.18356146641522333;3.0828680051408453e-14;0.0;0.0;7.181726402827493e-13;0.0;-0.31413229496384726
5130.0;62.642324978234164;-0.31312527;0.0086241856178976;4.373300457954932e-14;0.2957839841372234;0.0;0.00032318997638088536;0.1831127727082698;3.0828718286207796e-14;0.0;0.0;7.181730298752019e-13;0.0;-0.17466122708864873
5131.0;62.64282335531827;-0.302949344;0.008624185617898107;4.373303087825036e-14;0.14819494056949745;0.0;0.000308609986312461;0.17871933846610866;3.082875517587414e-14;0.0;0.0;7.18173405762409e-13;0.0;-0.03284989825874799
5132.0;525.7510236385718;-0.293823354;0.00862418563045891;9.993051651454162e-14;0.04815578213868354;9.17111296484429e-16;0.00024543000841957676;0.17560654278380128;4.614929646439354e-14;0.0;0.06052986155575013;1.3686946948754515e-12;3.496659077331388e-14;-1.4248762690475579e-8
5133.0;673.1386590103249;-0.290469892;0.008624185630540014;1.6839269306834016e-13;0.013066338861744633;1.1834937252300184e-15;0.00026406000047664443;0.18975901292555855;4.7539054637601306e-14;0.0;0.060529861555773445;1.837590960189066e-12;0.012579649399047592;-1.0950140286604244e-8
5134.0;601.5487212768525;-0.28510026200000005;0.008624185630506037;1.2643233031697968e-13;0.009048965892473771;1.0373624080850633e-15;0.000275399996772456;0.19538634886861678;4.6935612176526025e-14;0.0;0.060529861555766416;1.5834273117400261e-12;0.010556444123572217;-1.2336302182079125e-8
5135.0;589.1532641267679;-0.27569234600000003;0.008624185630499232;1.2118020000515353e-13;0.008746016653681793;1.0155920988630937e-15;0.00023571000258254353;0.19445157573490204;4.681850632604906e-14;0.0;0.060529861555764654;1.5447184645262514e-12;2.1086173469607297e-13;-1.2613183360945937e-8
5136.0;424.27096988593524;-0.265733889;0.008624185630365966;7.800026182769848e-14;0.008732846229937093;7.937079097709767e-16;0.00021059999769753023;0.1954891737249553;4.475524104292481e-14;0.0;0.06052986155555739;1.1496701803889831e-12;1.497899362372695e-14;-1.799018453721307e-8
5137.0;0.0003220256656908836;-0.298306206;0.0;0.0;0.00035768126089936704;0.0;0.0070021836829978175;0.48414227759122636;0.0;0.0;0.0;0.0;0.0;-0.19321906929812943
5138.0;0.0003221514881624437;-0.2955014080000001;0.0;0.0;0.0003447119032801493;0.0;0.00644685135064176;0.4741223737871934;0.0;0.0;0.0;0.0;0.0;-0.1854356706659599
5139.0;0.000322139885028389;-0.29294844800000003;0.0;0.0;0.00035070348923624056;0.0;0.005716724589860176;0.4744086785126289;0.0;0.0;0.0;0.0;0.0;-0.18755079909212416
5140.0;0.0003222169973641675;-0.2924850600000001;0.0;0.0;0.00035082316303045106;0.0;0.005166309391845028;0.469788608421346;0.0;0.0;0.0;0.0;0.0;-0.18284382698416496
5141.0;0.0003223905952334944;-0.30023824700000007;0.0;0.0;0.00035105801587055017;0.0;0.004389679354518146;0.46814126111140675;0.0;0.0;0.0;0.0;0.0;-0.1726669099316219
5142.0;0.00032279674775328483;-0.3178826330000001;0.0;0.0;0.0003474294275088596;0.0;0.003245917611363675;0.46537052824134384;0.0;0.0;0.0;0.0;0.0;-0.15110443028254392
5143.0;0.0003233389554326972;-0.334760873;0.0;0.0;0.012855095714693596;0.0;0.003911681224680699;0.4501695938976317;0.0;0.0;0.0;0.0;0.0;-0.13219872199593732
5144.0;0.0003220239866370041;-0.34755078100000003;0.0;0.0;0.10401790443180965;0.0;0.004669425943291335;0.4348051594970219;0.0;0.0;0.0;0.0;0.0;-0.19596484050002644
5145.0;0.00032023259596337115;-0.3598074820000001;0.0;0.0;0.3098215473241066;0.0;0.0047739394807168834;0.39493584956551975;0.0;0.0;0.0;0.0;0.0;-0.3497468602961434
5146.0;0.00031315351287404807;-0.37021204500000005;0.0;0.0;0.5297983304213448;0.0;0.004971822099666948;0.37544359206154937;0.0;0.0;0.0;0.0;0.0;-0.5400242084654846
5147.0;0.0003132818732597322;-0.37833925100000004;0.0;0.0;0.6761114567187015;0.0;0.004639909833764785;0.2367462234933649;0.0;0.0;0.0;0.0;0.0;-0.5391808570422736
5148.0;0.0003131048966475695;-0.38279694300000006;0.0;0.0;0.6720234731490382;0.0;0.004536769168790998;0.24652867922790714;0.0;0.0;0.0;0.0;0.0;-0.5403144841578048
5149.0;0.00031354330720375343;-0.379058;0.0;0.0;0.6621026652764231;0.0;0.005959585943774114;0.2484079281275868;0.0;0.0;0.0;0.0;0.0;-0.5374347153950392
5150.0;0.00031374828898549393;-0.37921824200000004;0.0;0.0;0.6498447584630724;0.0;0.006724447403027207;0.25860494637784487;0.0;0.0;0.0;0.0;0.0;-0.535978460557825
5151.0;0.0003145325485082307;-0.374550629;0.0;0.0;0.6347033282318647;0.0;0.006798699575414832;0.26259255230861744;0.0;0.0;0.0;0.0;0.0;-0.5295665567447077
5152.0;0.0003167485606413543;-0.36575104500000005;0.0;0.0;0.5019771924028407;0.0;0.007137653638285237;0.35794174054530803;0.0;0.0;0.0;0.0;0.0;-0.5013283022242219
5153.0;0.000320787278418875;-0.35486186500000005;0.0;0.0;0.30983800315135396;0.0;0.006785096449014346;0.33776358501383313;0.0;0.0;0.0;0.0;0.0;-0.2995478641830854
5154.0;0.00032445719547800564;-0.342352377;0.0;0.0;0.1255569126744025;0.0;0.007131185073044691;0.31166369934399585;0.0;0.0;0.0;0.0;0.0;-0.1020227225015465
5155.0;0.0003664067858600086;-0.34136414000000004;0.0;0.0;0.025173903702763584;0.0;0.0073881966061520145;0.3190788243634441;0.0;0.0;0.0;0.0;0.0;-0.010303031918829943
5156.0;0.000343134122466422;-0.34052121500000004;0.0;0.0;0.004532752404933432;0.0;0.007598957048178366;0.34882885500414107;0.0;0.0;0.0;0.0;0.0;-0.0204639624815444
5157.0;0.0003291310205917471;-0.33337847600000003;0.0;0.0;0.002221253633562569;0.0;0.00760887493842933;0.37474589168699945;0.0;0.0;0.0;0.0;0.0;-0.05122117454716016
5158.0;0.0003262817709079195;-0.322096168;0.0;0.0;0.001489025882989715;0.0;0.007302150472597251;0.3869477067226715;0.0;0.0;0.0;0.0;0.0;-0.07366614551815946
5159.0;0.0003246766229722039;-0.31156398199999996;0.0;0.0;0.0003328345124057344;0.0;0.007429515736627729;0.4005200562471634;0.0;0.0;0.0;0.0;0.0;-0.09674174335317279
5160.0;0.000323864047871019;-0.3020180230000001;0.0;0.0;0.0003466884815333665;0.0;0.006766532882678885;0.41014950700181657;0.0;0.0;0.0;0.0;0.0;-0.11526796709007066
5161.0;0.0003688907699911473;-0.28188153900000007;0.0;0.0;0.0001907691297927306;0.0;0.0010709368902670235;0.39262909423930004;0.0;0.0;0.0;0.0;0.0;-0.11203621387435984
5162.0;0.0003691672956301336;-0.21578008200000004;0.0;0.0;0.00022411548110181387;0.0;0.0004999261109752443;0.35212820149360874;0.0;0.0;0.0;0.0;0.0;-0.13709895403211458
5163.0;0.00036805873364152887;-0.21549180600000004;0.0;0.0;0.00019032842201999021;0.0;0.0010296101876150741;0.35020969463756185;0.0;0.0;0.0;0.0;0.0;-0.13596468611922344
5164.0;0.00036912305082791063;-0.27007900900000004;0.0;0.0;0.0001907546117776898;0.0;0.00046007000567787693;0.3738925045266469;0.0;0.0;0.0;0.0;0.0;-0.10449130220771082
5165.0;0.000369371696228667;-0.26839486;0.0;0.0;0.000190910275348693;0.0;0.0005087233931253205;0.3674605153088483;0.0;0.0;0.0;0.0;0.0;-0.09979229899318584
5166.0;0.00037094453277312835;-0.26988887100000003;0.0;0.0;0.00023657971458172758;0.0;0.0004165400430412225;0.36805623186476616;0.0;0.0;0.0;0.0;0.0;-0.0988474129902828
5167.0;0.0003734636200522672;-0.27450166100000006;0.0;0.0;0.00040715999071348123;0.0;0.0012709124778240535;0.3761728815445394;0.0;0.0;0.0;0.0;0.0;-0.10337606797089889
5168.0;0.0003727639850498895;-0.281716289;0.0;0.0;0.012706058763305696;0.0;0.002866263343965611;0.38307084572351374;0.0;0.0;0.0;0.0;0.0;-0.11695359854780471
5169.0;0.000369766904542018;-0.293121322;0.0;0.0;0.12130439133171031;0.0;0.003378933951023944;0.3788906136291097;0.0;0.0;0.0;0.0;0.0;-0.21047912609710062
5170.0;0.0003673654228517196;-0.307841118;0.0;0.0;0.2770422828815376;0.0;0.003607815781232375;0.38004881715077615;0.0;0.0;0.0;0.0;0.0;-0.35288413870704166
5171.0;0.0003637123098093819;-0.31751439;0.0;0.0;0.4171112657845984;0.0;0.0036770065738274903;0.3760787798365818;0.0;0.0;0.0;0.0;0.0;-0.4793787466126827
5172.0;0.0003581526572474578;-0.32301081400000003;0.0;0.0;0.4921810571524361;0.0;0.004195663189684256;0.3609262989729656;0.0;0.0;0.0;0.0;0.0;-0.5343178987769153
5173.0;0.0003591767792604913;-0.32834623600000007;0.0;0.0;0.509622566271114;0.0;0.0042352600628930105;0.3428612950739618;0.0;0.0;0.0;0.0;0.0;-0.5283986509843054
5174.0;0.0003586168196111875;-0.32676755600000007;0.0;0.0;0.4505166903220142;0.0;0.005322363821428868;0.402705702598502;0.0;0.0;0.0;0.0;0.0;-0.531802926532464
5175.0;0.0003642471333116078;-0.32149992499999996;0.0;0.0;0.3477601346043304;0.0;0.005732147174354748;0.4371341460444149;0.0;0.0;0.0;0.0;0.0;-0.46915262382357936
5176.0;0.00036771645215068964;-0.312886637;0.0;0.0;0.2028923633458434;0.0;0.005409563539303904;0.4375219138517974;0.0;0.0;0.0;0.0;0.0;-0.3329635683702479
5177.0;0.0003693971873177094;-0.3163832630000001;0.0;0.0;0.059177298585613325;0.0;0.005906433393757076;0.4817230219860027;0.0;0.0;0.0;0.0;0.0;-0.2304499732624423
5178.0;0.0003698090397137813;-0.332116761;0.0;0.0;0.007633226442654823;0.0;0.006218724863742331;0.5274579803827774;0.0;0.0;0.0;0.0;0.0;-0.20921968181504771
5179.0;0.0003692461007390121;-0.33347810200000005;0.0;0.0;0.00036038353187353104;0.0;0.005478130298741269;0.5679979922198333;0.0;0.0;0.0;0.0;0.0;-0.2403848755759208
5180.0;0.0003676358259410654;-0.33068384;0.0;0.0;0.0002466626132855966;0.0;0.005250816763254968;0.5674435081044639;0.0;0.0;0.0;0.0;0.0;-0.2422837268610326
5181.0;0.00036725851525087135;-0.3247931680000001;0.0;0.0;0.00022325111850223075;0.0;0.0053169093268703544;0.5651245778680479;0.0;0.0;0.0;0.0;0.0;-0.24589816993441144
5182.0;0.0003666689913440467;-0.317439966;0.0;0.0;0.0002003822057034777;0.0;0.005083397659812791;0.5622334036018849;0.0;0.0;0.0;0.0;0.0;-0.25010383422851484
5183.0;0.00036677446117660563;-0.31178921700000006;0.0;0.0;0.0002004438575738266;0.0;0.005252855376315512;0.5478102850057839;0.0;0.0;0.0;0.0;0.0;-0.2415009951421928
5184.0;0.00036708929507668143;-0.304589606;0.0;0.0;0.00021178485782006207;0.0;0.005330340954285184;0.5389188753900417;0.0;0.0;0.0;0.0;0.0;-0.23989801342200545
5185.0;-0.00020501908443110848;-0.37172126000000005;0.0;0.0;0.00018166420657733223;0.0;0.004369296386856626;0.6050457118141287;0.0;0.0;0.0;0.0;0.0;-0.23787303325060744
5186.0;-0.0002047695888004822;-0.368436008;0.0;0.0;0.0001684107378003162;0.0;0.0042970170482844045;0.6057707299893906;0.0;0.0;0.0;0.0;0.0;-0.24179776505488798
5187.0;-0.00020479224732665574;-0.365935094;0.0;0.0;0.00016840955185434394;0.0;0.004322483068262257;0.604913438568969;0.0;0.0;0.0;0.0;0.0;-0.24346685085113845
5188.0;-0.00020506534172440197;-0.362519052;0.0;0.0;0.00018166165285985565;0.0;0.004141737675516305;0.5990009018807195;0.0;0.0;0.0;0.0;0.0;-0.24080286695759104
5189.0;-0.0002051221825595557;-0.36403571199999996;0.0;0.0;0.00018165857216749317;0.0;0.003978532287595407;0.6044982544860463;0.0;0.0;0.0;0.0;0.0;-0.24462034721629375
5190.0;-0.000205188329383907;-0.37017147999999994;0.0;0.0;0.0001816553253381065;0.0;0.004338266903224289;0.6157092160682857;0.0;0.0;0.0;0.0;0.0;-0.25005526722197646
5191.0;-0.00020601600136015954;-0.38646938999999997;0.0;0.0;0.00024799674315865744;0.0;0.004153929692664217;0.6269105836820451;0.0;0.0;0.0;0.0;0.0;-0.24484072850925784
5192.0;-0.00020511332352065578;-0.40792713599999997;0.0;0.0;0.006898564370981223;0.0;0.00420930336466021;0.6320393577118524;0.0;0.0;0.0;0.0;0.0;-0.2352176886952668
5193.0;-0.0002048665365420996;-0.41813264000000006;0.0;0.0;0.03882806784792971;0.0;0.0034394031869800328;0.6109810717936026;0.0;0.0;0.0;0.0;0.0;-0.23511350571574405
5194.0;-0.00020578202212612204;-0.42491041399999996;0.0;0.0;0.1095742042795018;0.0;0.0034132084466232423;0.6081852838491332;0.0;0.0;0.0;0.0;0.0;-0.29625982664787387
5195.0;-0.0002072013012349947;-0.43209622999999997;0.0;0.0;0.2126683486753941;0.0;0.0034611818100383825;0.6177233265472808;0.0;0.0;0.0;0.0;0.0;-0.4017540691444411
5196.0;-0.00020874145858444174;-0.43730304600000003;0.0;0.0;0.28096162702197597;0.0;0.003497079714219271;0.6236872760888377;0.0;0.0;0.0;0.0;0.0;-0.47084026696409814
5197.0;-0.00020948582898971683;-0.437572756;0.0;0.0;0.2996197964559639;0.0;0.0035218462273584375;0.6257159843286074;0.0;0.0;0.0;0.0;0.0;-0.4912821469553868
5198.0;-0.0002083177315663569;-0.43385041;0.0;0.0;0.26148577175223975;0.0;0.0035828811409248525;0.6250945310907357;0.0;0.0;0.0;0.0;0.0;-0.4563101347987748
5199.0;-0.00020694965922974794;-0.4299880020000001;0.0;0.0;0.19727415996127198;0.0;0.0034666916862256033;0.6149117257993715;0.0;0.0;0.0;0.0;0.0;-0.385662035800099
5200.0;-0.00020568170690480724;-0.42336192400000006;0.0;0.0;0.11057914893451529;0.0;0.0035192576063421835;0.5975559211884265;0.0;0.0;0.0;0.0;0.0;-0.28828995496957993
5201.0;-0.0002045490809785281;-0.420623682;0.0;0.0;0.04077388842048639;0.0;0.0034879878215087873;0.5918655268974231;0.0;0.0;0.0;0.0;0.0;-0.2155013456581184
5202.0;-0.0002043855300873499;-0.423359894;0.0;0.0;0.009599362556476183;0.0;0.003382147707679778;0.5992839237685846;0.0;0.0;0.0;0.0;0.0;-0.18890319206832973
5203.0;-0.00020437752940758783;-0.42434671199999996;0.0;0.0;0.000539814950218511;0.0;0.003228761594730445;0.6027717524109688;0.0;0.0;0.0;0.0;0.0;-0.18219127760711132
5204.0;-0.00020476003748637187;-0.41843404200000006;0.0;0.0;0.00023477691978558864;0.0;0.00230375716434473;0.5897374069463109;0.0;0.0;0.0;0.0;0.0;-0.17383959377815944
5205.0;-0.0002044270098076657;-0.40796941;0.0;0.0;0.00020824577914601265;0.0;0.002188172810040231;0.5783368135891738;0.0;0.0;0.0;0.0;0.0;-0.17276152183345478
5206.0;-0.00020464559670059322;-0.394959832;0.0;0.0;0.00020823462105068542;0.0;0.002137698725739046;0.575619408670317;0.0;0.0;0.0;0.0;0.0;-0.18300319439162394
5207.0;-0.00020473597145958172;-0.384733246;0.0;0.0;0.00020823088117899916;0.0;0.00244487621994834;0.5703047433823988;0.0;0.0;0.0;0.0;0.0;-0.18822228183851647
5208.0;-0.0002048576629413398;-0.37551108000000005;0.0;0.0;0.00020822513154944121;0.0;0.0026254767618426257;0.5677051454630041;0.0;0.0;0.0;0.0;0.0;-0.19502543581621445
5209.0;46.420357038269266;-0.33298609;0.0;3.610819005657869e-14;0.00023159044377426478;0.0;0.0031022999781446263;0.46081158677936873;3.189660468872785e-14;0.0;0.0;6.138783699328391e-13;0.0;-0.13108156190022574
5210.0;46.42026812322038;-0.328078652;0.0;3.6108186375585785e-14;0.00023159044377426194;0.0;0.003694814977343584;0.47263682080444036;3.189659590641396e-14;0.0;0.0;6.138783130478351e-13;0.0;-0.1484059919528433
5211.0;46.42014177300708;-0.32899723000000003;0.0;3.6108181140329396e-14;0.00024521197565822593;0.0;0.004081994976490086;0.48948634585439454;3.189658341584858e-14;0.0;0.0;6.13878232143781e-13;0.0;-0.16473662228828545
5212.0;46.420018248150754;-0.33058780600000004;0.0;3.610817602114971e-14;0.00023159044377425397;0.0;0.004346864980505547;0.5059729000678405;3.189657120221664e-14;0.0;0.0;6.138781530333646e-13;0.0;-0.17988274475048358
5213.0;46.41995469023536;-0.333693346;0.0;3.6108173386405785e-14;0.00021796586149684901;0.0;0.004578119979862875;0.5144645247667751;3.189656491608908e-14;0.0;0.0;6.138781123168465e-13;0.0;-0.185485884152399
5214.0;46.419782388891875;-0.34213233800000004;0.0;3.610816624336556e-14;0.00021796586149684349;0.0;0.004719059985613696;0.5374845662855955;3.189654787380163e-14;0.0;0.0;6.138780019303175e-13;0.0;-0.2002063108443936
5215.0;46.41955948083795;-0.362016232;0.0;3.610815700001036e-14;0.00032694879294560824;0.0;0.004728779978998877;0.5672768969619948;3.189652582043221e-14;0.0;0.0;6.138778590861519e-13;0.0;-0.21023141177732452
5216.0;46.41940863696954;-0.38609208800000006;0.0;3.6108150741956046e-14;0.00604855193140879;0.0;0.004750649983177727;0.5867627417579329;3.189651088956447e-14;0.0;0.0;6.13877762375917e-13;0.0;-0.21138376275515738
5217.0;46.419305843474135;-0.398902144;0.0;3.610814647465526e-14;0.03255864733723302;0.0;0.004748624976083729;0.5972411611925297;3.1896500708356496e-14;0.0;0.0;6.138776964303902e-13;0.0;-0.23556060475737103
5218.0;46.4192709892464;-0.40567519;0.0;3.610814501788317e-14;0.09497861636763894;0.0;0.004761584982090117;0.5942132115181893;3.189649723269462e-14;0.0;0.0;6.138776739177393e-13;0.0;-0.2881953968668714
5219.0;46.41921135084949;-0.4097746260000001;0.0;3.610814253002802e-14;0.17859576327703977;0.0;0.0047575349806102075;0.5918825531737483;3.1896491297003255e-14;0.0;0.0;6.138776354712116e-13;0.0;-0.3653821158806521
5220.0;46.41910290705044;-0.41447512999999997;0.0;3.61081380252331e-14;0.24767731113250913;0.0;0.004674509975688672;0.5978238249037668;3.189648054916121e-14;0.0;0.0;6.13877565855381e-13;0.0;-0.4356239767253078
5221.0;46.41900817617339;-0.41380953600000003;0.0;3.610813410133304e-14;0.2912977252505969;0.0;0.004641299981344826;0.604987738740464;3.1896471187246555e-14;0.0;0.0;6.138775052165281e-13;0.0;-0.4870421631669672
5222.0;46.41896575084592;-0.40954550200000006;0.0;3.610813234555131e-14;0.2826744521342584;0.0;0.004494284979728072;0.611702713213839;3.189646699818098e-14;0.0;0.0;6.138774780832462e-13;0.0;-0.489250073895419
5223.0;46.41899105822913;-0.404766654;0.0;3.6108133393856527e-14;0.237855225770234;0.0;0.004237109981065917;0.6139378546668395;3.189646949930131e-14;0.0;0.0;6.138774942833717e-13;0.0;-0.4511855189085367
5224.0;46.41918796319595;-0.397311972;0.0;3.6108141564798316e-14;0.16525897799424183;0.0;0.004230629981239824;0.5966298383894444;3.1896488994094464e-14;0.0;0.0;6.13877620554767e-13;0.0;-0.36872749197975924
5225.0;46.41932853905825;-0.39241380200000003;0.0;3.610814740736764e-14;0.08551072438867478;0.0;0.004409639978027254;0.5876701723486962;3.1896502933683985e-14;0.0;0.0;6.138777108442192e-13;0.0;-0.28509396722464686
5226.0;46.419503380728564;-0.39099876400000005;0.0;3.610815466508467e-14;0.026809798084608462;0.0;0.004426244981553243;0.5715561408358772;3.189652024961878e-14;0.0;0.0;6.138778230028792e-13;0.0;-0.21170923554544252
5227.0;46.41946158661955;-0.39205701400000004;0.0;3.6108152935624086e-14;0.003146881953533493;0.0;0.004449734976157705;0.5800668710127955;3.189651612335835e-14;0.0;0.0;6.1387779627626e-13;0.0;-0.19552069442165984
5228.0;46.41943912339129;-0.38850496999999995;0.0;3.610815200565659e-14;0.000762880518740769;0.0;0.004338359979939083;0.5833527192685929;3.189651390458368e-14;0.0;0.0;6.138777819048241e-13;0.0;-0.19986289327518753
5229.0;46.419332498188105;-0.379889896;0.0;3.6108147587892944e-14;0.00042231019251041463;0.0;0.004063769976184194;0.5976136838931567;3.189650336439386e-14;0.0;0.0;6.138777136339892e-13;0.0;-0.222122811229542
5230.0;46.41919295474939;-0.368128424;0.0;3.610814180548364e-14;0.00034057032482956613;0.0;0.003644999979473307;0.616239859168671;3.189648956833714e-14;0.0;0.0;6.13877624274288e-13;0.0;-0.2520087037303326
5231.0;46.41923825491221;-0.35718437399999997;0.0;3.610814368510537e-14;0.000231590443774229;0.0;0.0030354749791420632;0.6101839633194822;3.189649405286371e-14;0.0;0.0;6.13877653321459e-13;0.0;-0.2561787739199983
5232.0;46.419234538344995;-0.346740526;0.0;3.610814353265453e-14;0.00024521197565819693;0.0;0.0025519049778154703;0.6106615582751606;3.1896493689137693e-14;0.0;0.0;6.138776509654418e-13;0.0;-0.2666302511698078
5233.0;64.57411829544574;-0.317841416;0.010769309547873727;6.156644619080064e-14;0.0074380839257994075;0.0;0.0026847449756840455;0.3101879125401536;3.154315080324436e-14;0.0;0.0;9.448247555050424e-13;0.0;-0.01327742096443501
5234.0;64.57416703803995;-0.311298566;0.010769309547873786;6.156644958503127e-14;0.005803341479264259;0.0;0.0028175849721210787;0.30430395199484683;3.154315361351537e-14;0.0;0.0;9.448247970364368e-13;0.0;-0.012434289777623706
5235.0;64.57422859875476;-0.309260102;0.010769309547873848;6.156645308136055e-14;0.004413809484591351;0.0;0.0027774899739907645;0.2992414517637433;3.15431565083147e-14;0.0;0.0;9.44824839817184e-13;0.0;-0.007976072684629815
5236.0;118.91546828689536;-0.308861026;0.010769309561532197;6.550029440292343e-14;0.0029289160911227558;0.0;0.00284390998879955;0.29367270448428057;3.446796490623527e-14;0.0;2.6118973834902282e-14;9.92209667192292e-13;7.73131581820954e-15;-1.5445246355164884e-7
5237.0;116.06392819448104;-0.310754034;0.010769309561374243;6.528162530482941e-14;0.0012533029481263892;0.0;0.0027936899865782234;0.29830536908029365;3.432246576744017e-14;0.0;2.5885313111101613e-14;9.89614815080729e-13;7.69013723731363e-15;-1.6211606424398288e-7
5238.0;222.411498332459;-0.318927666;0.010769309563730824;7.457143167676782e-14;0.0010762077821152697;8.636759196042725e-16;0.002712689990204643;0.30093213696226495;3.905728557799787e-14;0.0;3.8859895001039426e-14;1.0958803803851839e-12;9.598076348044268e-15;-5.951400549574983e-8
5239.0;305.56275808280765;-0.336621802;0.010769309564207205;8.390305381634217e-14;0.015897884934087145;9.36268755319988e-16;0.002608604997698174;0.2990408626175669;4.181060064561017e-14;0.0;6.390396337312632e-14;1.1947048051400742e-12;1.1908061660299586e-14;-4.0491957338984305e-8
5240.0;64.57408438226275;-0.35721461;0.010769309547873706;6.156644500145144e-14;0.10941885402172312;0.0;0.0025352999693671785;0.2953824916608272;3.154314981851654e-14;0.0;0.0;9.448247409523505e-13;0.0;-0.06094114388063474
5241.0;64.57395798686588;-0.376010298;0.01076930954787355;6.156643603880329e-14;0.32929189610430737;0.0;0.0023935499747576488;0.28387246915167086;3.1543142397849375e-14;0.0;0.0;9.448246312865026e-13;0.0;-0.2503780056670998
5242.0;64.57392773034172;-0.387521048;0.010769309547873512;6.156643383407858e-14;0.5627333139148644;0.0;0.00229391997266444;0.2588465309186971;3.1543140572437055e-14;0.0;0.0;9.448246043097647e-13;0.0;-0.44719500632061665
5243.0;0.0001797347868828178;-0.39169306000000004;0.0;0.0;0.7389897927596824;0.0;0.002184718786191671;0.25883122017866056;0.0;0.0;0.0;0.0;0.0;-0.6082971000520158
5244.0;-0.00011113471219685874;-0.395446304;0.0;0.0;0.8402499830926364;0.0;0.001340528254476523;0.1621670037784107;0.0;0.0;0.0;0.0;0.0;-0.6082971000524684
5245.0;-0.00011110145292493121;-0.398950636;0.0;0.0;0.8313811114881474;0.0;0.0013401559266303065;0.17454057929586567;0.0;0.0;0.0;0.0;0.0;-0.6082971000524684
5246.0;-0.00011114729182720614;-0.397749828;0.0;0.0;0.8186538602620907;0.0;0.0013403155195670462;0.18606686342798864;0.0;0.0;0.0;0.0;0.0;-0.6082971000524684
5247.0;-0.00011118281081143167;-0.39062907599999996;0.0;0.0;0.8059817508716389;0.0;0.0013401967984690729;0.19161833996370206;0.0;0.0;0.0;0.0;0.0;-0.6082971000524684
5248.0;-0.00011115996449793632;-0.38093631800000005;0.0;0.0;0.6918092833257727;0.0;0.0013404219444350812;0.2960978241872944;0.0;0.0;0.0;0.0;0.0;-0.6082971000524684
5249.0;64.57362398464778;-0.369719342;0.010769309547873128;6.156641195919034e-14;0.4980383279063113;0.0;0.002209679968569821;0.307360555511797;3.154312246099927e-14;0.0;0.0;9.44824336651179e-13;0.0;-0.4487254946672872
5250.0;64.57401369642372;-0.361984046;0.01076930954787362;6.156644006535857e-14;0.26031932965509;0.0;0.0021408299688282506;0.2849995908674168;3.154314573165705e-14;0.0;0.0;9.448246805548275e-13;0.0;-0.19630301709627038
5251.0;166.37471618917002;-0.35762937799999994;0.010769309563025825;6.937019313607169e-14;0.07548429622133022;0.0;0.0022841999908839866;0.26817872315980895;3.674295351966339e-14;0.0;3.074075582476854e-14;1.037379602313007e-12;8.488364896461345e-15;-8.816844777292243e-8
5252.0;456.5888587033605;-0.36066323800000005;0.010769309564574187;1.0856278158004575e-13;0.015148625945947252;1.104623641498126e-15;0.0023097149998243306;0.27182754225221356;4.527187039541525e-14;0.0;0.060529861555419534;1.4211162280768863e-12;2.116040227282223e-14;-2.5759811811464167e-8
5253.0;434.5855249992532;-0.35607491999999996;0.010769309564538672;1.0410927830091233e-13;0.007669674372407379;1.076469187103978e-15;0.0019184849926334813;0.27950725850106073;4.486163753245271e-14;0.0;0.056331629309436665;1.3836880497988148e-12;1.9009200771149102e-14;-2.7194972278406826e-8
5254.0;434.54527418371816;-0.347254224;0.010769309564538598;1.0410078781191089e-13;0.007969377052592354;1.0764146338573693e-15;0.0016848000012832465;0.28141763482428145;4.486079532441039e-14;0.0;0.045485529214741714;1.38361531541092e-12;1.9005359945198642e-14;-2.7197985954719655e-8
5255.0;434.54526254866533;-0.336768426;0.010769309564538598;1.0410078541724563e-13;0.007969377052592354;1.0764146184705175e-15;0.0014652900024050286;0.28297459217511256;4.4860795086840724e-14;0.0;0.03366239157511131;1.3836152948962203e-12;1.900535886206056e-14;-2.7197986804863553e-8
5256.0;434.5452463634743;-0.32605305800000006;0.010769309564538598;1.0410078208638964e-13;0.007792278835740118;1.0764145970684308e-15;0.0011615399930781506;0.28516197430752;4.486079475638853e-14;0.0;0.02124064832930351;1.3836152663611775e-12;1.9005357355467397e-14;-2.7197987987370387e-8
5257.0;47.747033439922305;-0.23630100200000004;0.0;3.7816654771180216e-14;0.005721603137038985;0.0;0.0014114249762275826;0.2645299023175738;3.186609752334624e-14;0.0;0.0;6.38567586943908e-13;0.0;-0.03525606352914908
5258.0;47.74717341805974;-0.23307368599999997;0.0;3.781666067936742e-14;0.0031877495995554137;0.0;0.0015215849732726817;0.2479000701423483;3.1866110384799534e-14;0.0;0.0;6.385676768736401e-13;0.0;-0.019429372182564887
5259.0;47.74731384070411;-0.23025427199999998;0.0;3.781666618995217e-14;0.0017709714907211324;0.0;0.0014891849804958544;0.2349954754718701;3.1866122380709295e-14;0.0;0.0;6.385677607513051e-13;0.0;-0.00789094414378471
5260.0;57.56476985376555;-0.22751861800000003;0.01076930954436557;3.822462740357285e-14;0.0006538975875118337;0.0;0.001598129976255595;0.2223869868393816;3.2734031618877425e-14;0.0;0.0;6.44769613031737e-13;0.0;-4.817731891142277e-7
5261.0;47.74736104222272;-0.228048914;0.0;3.781666791459628e-14;0.0005449146558197591;0.0;0.0017257049741515524;0.23186245529222468;3.186612613505672e-14;0.0;0.0;6.385677870025023e-13;0.0;-0.005971316338779763
5262.0;47.747310038611225;-0.22980335800000004;0.0;3.7816666514346313e-14;0.014317631664412822;0.0;0.0017495999727163481;0.22928344673095288;3.1866123086877584e-14;0.0;0.0;6.385677656890564e-13;0.0;-0.015441842687125961
5263.0;47.747253311681796;-0.23537478599999995;0.0;3.7816664413843125e-14;0.07113860201968833;0.0;0.0016807499729745946;0.22615042830105353;3.186611851432575e-14;0.0;0.0;6.385677337168714e-13;0.0;-0.06349532167304578
5264.0;47.74716326839178;-0.248458394;0.0;3.7816660534379784e-14;0.21733919006887306;0.0;0.0016050149758002684;0.2195309724688651;3.186611006918005e-14;0.0;0.0;6.385676746668256e-13;0.0;-0.18992432596089698
5265.0;47.746978929005;-0.26506577600000003;0.0;3.781665248543946e-14;0.40529386086963204;0.0;0.0015098399791473767;0.2209828593143911;3.1866092547549507e-14;0.0;0.0;6.385675521523813e-13;0.0;-0.3626362489034077
5266.0;47.746815206981154;-0.27900537;0.0;3.781664536283762e-14;0.5622837606574441;0.0;0.0013838849737892209;0.2232562082238664;3.1866077042436665e-14;0.0;0.0;6.385674437377475e-13;0.0;-0.5078407057789422
5267.0;47.74665370675341;-0.28841802399999994;0.0;3.7816638555577793e-14;0.6379179074569217;0.0;0.0015074099808008836;0.2332952384095134;3.186606222378114e-14;0.0;0.0;6.385673401231394e-13;0.0;-0.5842293473149538
5268.0;-0.00010944575129811336;-0.29313241399999995;0.0;0.0;0.6596099167288199;0.0;0.0013783562761750623;0.24045533234949978;0.0;0.0;0.0;0.0;0.0;-0.6082971130080298
5269.0;-0.00010965129237927083;-0.293541278;0.0;0.0;0.6758697197157176;0.0;0.0013565928655934632;0.22462616027308904;0.0;0.0;0.0;0.0;0.0;-0.60829711300803
5270.0;-9.90474854496962e-5;-0.29213411800000005;0.0;0.0;0.6753876382329986;0.0;0.0013617091880701762;0.2236957181340519;0.0;0.0;0.0;0.0;0.0;-0.6082971130080201
5271.0;-0.00011022414040848461;-0.28945785;0.0;0.0;0.6395813571348858;0.0;0.0013540120242465058;0.25683368455122657;0.0;0.0;0.0;0.0;0.0;-0.6082971130080307
5272.0;-0.00011021395320392246;-0.285633878;0.0;0.0;0.5634208703111045;0.0;0.0013528087908160635;0.3291714024516579;0.0;0.0;0.0;0.0;0.0;-0.6082971130080307
5273.0;47.746044548434185;-0.280022836;0.0;3.781661187692903e-14;0.44654389813520456;0.0;0.001692494979807139;0.3404673882866651;3.186600414718961e-14;0.0;0.0;6.385669340421855e-13;0.0;-0.5085902913527562
5274.0;47.746061883149856;-0.27691123400000006;0.0;3.781661263125191e-14;0.29864044930368777;0.0;0.001618784977018801;0.35664828109856833;3.1866005789272376e-14;0.0;0.0;6.385669455239694e-13;0.0;-0.37989799011835984
5275.0;47.74622773613467;-0.26940441400000004;0.0;3.781661987061264e-14;0.14363948992131234;0.0;0.0013834799761825115;0.3536012294457368;3.186602154860674e-14;0.0;0.0;6.385670557156974e-13;0.0;-0.2291150873933456
5276.0;47.74639255312827;-0.268661334;0.0;3.781662703725942e-14;0.03762635441217673;0.0;0.0015835499755813642;0.34484215255148026;3.186603714964426e-14;0.0;0.0;6.385671648005542e-13;0.0;-0.11528193681463676
5277.0;47.74642343125028;-0.26736493399999994;0.0;3.781662836914945e-14;0.012001745515023511;0.0;0.0013936049798822664;0.3440302406019034;3.186604004902782e-14;0.0;0.0;6.385671850735103e-13;0.0;-0.08995070288461227
5278.0;47.74644357210629;-0.265396558;0.0;3.781662924292037e-14;0.009127320126112871;0.0;0.0013701149789238968;0.34171868598569966;3.186604195113287e-14;0.0;0.0;6.385671983733337e-13;0.0;-0.086709622116252
5279.0;47.74640442595034;-0.261620642;0.0;3.781662754875592e-14;0.009140943183193561;0.0;0.0014555699758373151;0.3468671512441247;3.186603826311741e-14;0.0;0.0;6.385671725860815e-13;0.0;-0.09573279994388728
5280.0;47.74641339570519;-0.25534974800000004;0.0;3.781662794323908e-14;0.009127320126112871;0.0;0.0015353549744914006;0.3456254054092089;3.186603912186498e-14;0.0;0.0;6.38567178590689e-13;0.0;-0.10082823174931638
5281.0;434.54565395581216;-0.25752433799999996;0.010769309564814842;6.02902580769248e-14;0.008555160881183622;6.498989122690511e-16;0.00028511999618062146;0.23058250375088418;4.8895651656936306e-14;0.0;0.007401126769720178;9.628479624457467e-13;1.100866769789675e-14;-1.5409589284989127e-8
5282.0;417.0861059735101;-0.251705158;0.010769309564796747;5.838800444126294e-14;0.007533445326896366;6.36393066004759e-16;0.0002843100008620409;0.22922613554654328;4.862140506088309e-14;0.0;2.7330643268904217e-13;9.374744796374482e-13;1.0186459053386337e-14;-1.6104349287068603e-8
5283.0;373.3969758361845;-0.248856896;0.010769309564742943;5.411668598518782e-14;0.006321008498664598;6.049467217183894e-16;0.00040418999733882313;0.22932165418772552;4.7847699185003265e-14;0.0;7.807661940916023e-14;8.792575874305631e-13;8.583341751618136e-15;-1.8153110654173368e-8
5284.0;359.24952673977225;-0.250385488;0.010769309564722255;5.286368953228739e-14;0.005571752560793823;5.954144407507975e-16;0.0006808050017178328;0.23016221997991063;4.7565998581166824e-14;0.0;6.34056512696614e-14;8.618530035486445e-13;8.16701052259551e-15;-1.893425608268758e-8
5285.0;362.11346078842496;-0.256146348;0.01076930956472659;5.3112384579271026e-14;0.011361469459465123;5.97317861630019e-16;0.000760590000396381;0.22904465012828368;4.7624328338147367e-14;0.0;6.591015601140742e-14;8.653192522760361e-13;8.247912335660555e-15;-1.8770871745386855e-8
5286.0;108.45051301249717;-0.27074672600000005;0.010769309562694493;3.7474914511127545e-14;0.05255701297111163;0.0;0.0008739899902662832;0.2153950048072164;3.7343492040592205e-14;0.0;1.4643194429519485e-14;6.360886345849202e-13;0.0;-8.607169721271822e-8
5287.0;49.99840649168085;-0.28483767800000004;0.008488111603949508;3.5091643682061274e-14;0.1733918286818009;0.0;0.0010323449765686473;0.19027354793289514;3.2350796530799276e-14;0.0;0.0;5.991648465170308e-13;0.0;-0.08837520127497019
5288.0;49.99823244780093;-0.30948387800000005;0.008211165018646976;3.5091637063634097e-14;0.3816718139099644;0.0;0.0011056499753962887;0.1769582213555692;3.235078002283334e-14;0.0;0.0;5.991647432623497e-13;0.0;-0.2584894233310574
5289.0;49.998020742726276;-0.326987456;0.007780388855505183;3.5091628832039935e-14;0.6187232899902156;0.0;0.0011769299798380514;0.17329985039914464;3.2350759491218566e-14;0.0;0.0;5.991646148403883e-13;0.0;-0.47401909856713503
5290.0;0.00018296017205338835;-0.341937582;0.0;0.0;0.8092616730571931;0.0;0.0012242527920654019;0.13976523430317656;0.0;0.0;0.0;0.0;0.0;-0.6082971212271732
5291.0;0.000162554597124022;-0.35312715800000005;0.0;0.0;0.8550390289011656;0.0;0.0013387429671862913;0.10506158531804623;0.0;0.0;0.0;0.0;0.0;-0.6082971212272172
5292.0;-0.00010822236641056597;-0.355475686;0.0;0.0;0.8477655527363145;0.0;0.0013577130981394083;0.1146635921372621;0.0;0.0;0.0;0.0;0.0;-0.6082971212276473
5293.0;-0.00010857581228093454;-0.35347197199999997;0.0;0.0;0.8388162106657551;0.0;0.0013575051333431436;0.12160943481905637;0.0;0.0;0.0;0.0;0.0;-0.6082971212276477
5294.0;-0.00010878656386705145;-0.35218391000000004;0.0;0.0;0.8222988894209218;0.0;0.0013573370471192776;0.13683886606514342;0.0;0.0;0.0;0.0;0.0;-0.6082971212276479
5295.0;-0.00011036493720191455;-0.34809643;0.0;0.0;0.8033317763144155;0.0;0.0013504960659959503;0.15172536598205302;0.0;0.0;0.0;0.0;0.0;-0.6082971212276496
5296.0;-0.00011071246930023868;-0.34126170200000006;0.0;0.0;0.7253873813244782;0.0;0.001337631721737561;0.2228479015288237;0.0;0.0;0.0;0.0;0.0;-0.6082971212276499
5297.0;49.99798188788389;-0.332238252;0.007958971391449894;3.5091626700827666e-14;0.5684276724647869;0.0;0.0020573999800487016;0.29784687610302996;3.2350754175450603e-14;0.0;0.0;5.991645815910364e-13;0.0;-0.5440807198052022
5298.0;49.998122087085456;-0.32409351799999997;0.008252552404177374;3.5091631936329624e-14;0.4010435280684912;0.0;0.001983284979653903;0.30924227624276246;3.235076723408227e-14;0.0;0.0;5.991646632706758e-13;0.0;-0.3964569155045057
5299.0;49.99827410918213;-0.312785142;0.008480949503261411;3.509163780606303e-14;0.22250225549317684;0.0;0.0019095749832195102;0.31718944468693455;3.2350781874633045e-14;0.0;0.0;5.991647548449462e-13;0.0;-0.23732622473142337
5300.0;49.998424607943704;-0.299252532;0.00860251053275803;3.509164386453861e-14;0.08790834888068996;0.0;0.0020245949769575338;0.2790201116810243;3.235079698593925e-14;0.0;0.0;5.991648493639797e-13;0.0;-0.07833154907066744
5301.0;49.99848525605798;-0.29065718399999996;0.008677097365188392;3.5091645320606305e-14;0.0225458422263634;0.0;0.0019107899760387578;0.2733558440104462;3.235080061772339e-14;0.0;0.0;5.991648720801171e-13;0.0;-0.01586294743625371
5302.0;49.99849678835008;-0.287090988;0.008685059301246087;3.5091646116066076e-14;0.008636896172160173;0.0;0.0017281349753782145;0.29185784680216426;3.2350802601792024e-14;0.0;0.0;5.991648844903078e-13;0.0;-0.023847105459545895
5303.0;49.9985011634003;-0.27847980800000005;0.0086807515401591;3.509164650095669e-14;0.008391685720297928;0.0;0.001517534981027082;0.29108414405880806;3.23508035618054e-14;0.0;0.0;5.991648904950187e-13;0.0;-0.03122405513588038
5304.0;49.99851298020228;-0.26118512000000005;0.008675675892620766;3.5091647079804595e-14;0.008010244697628803;0.0;0.0015365699828992607;0.2746549010300739;3.235080500559181e-14;0.0;0.0;5.991648995256596e-13;0.0;-0.03172169027001478
5305.0;434.545939349687;-0.256434838;0.010769309564728378;7.40028203215746e-14;0.007220118064407088;7.874734233272066e-16;0.0005224499971832772;0.19253734497850852;4.749672434687555e-14;0.0;0.045451920227257414;1.1148121193617703e-12;1.3511795978932708e-14;-1.9334328105693504e-8
5306.0;434.545951435943;-0.254326402;0.010769309564728378;7.400282209165064e-14;0.005626243263917284;7.874734354224006e-16;0.0005605199945737237;0.1911141154750847;4.749672456428188e-14;0.0;0.04632248569297032;1.1148121398115362e-12;1.3511796779693624e-14;-1.9334327477317295e-8
5307.0;445.0205674220243;-0.252230606;0.01076930956474076;7.547812758010651e-14;0.004441054075065455;7.974828654180189e-16;0.0005694299991732936;0.1792029129232002;4.767120288209337e-14;0.0;0.06052986155523446;1.1317568230368312e-12;1.4199517996150489e-14;-1.883419757097192e-8
5308.0;479.59974338548477;-0.25033974800000003;0.01076930956477732;8.078824314159745e-14;0.004495544778204006;8.323659299515226e-16;0.0005325750011742725;0.17426458867538813;4.820452122715887e-14;0.0;0.06052986155566345;1.1911175177638459e-12;1.7064016822577516e-14;-1.735493285386315e-8
5309.0;650.7386835704176;-0.25286796;0.010769309564896325;1.2377193553632038e-13;0.005340162115675328;1.0618061749689328e-15;0.0005398649969521709;0.1633276815128527;5.0146951168520246e-14;0.0;0.060529861555766416;1.586717466688299e-12;0.01176285392025178;-1.2505962773064441e-8
5310.0;683.14645458341;-0.263740752;0.010769309564911607;1.3754081534741487e-13;0.02213715661587552;1.1200633953718545e-15;0.0005337899948305338;0.14886612774179872;5.042140593375761e-14;0.0;0.060529861555769955;1.6861096473928214e-12;0.01257964939899441;-1.1878928111109522e-8
5311.0;434.54629101411354;-0.28139775;0.010769309564728378;7.400287166470915e-14;0.10335667903333819;7.874737741578092e-16;0.00040621499791802047;0.13377414918915156;4.749673065300166e-14;0.0;0.03314967340160279;1.1148127125267837e-12;1.35118192060286e-14;-1.9334309878930324e-8
5312.0;64.54313269543205;-0.30113025400000004;0.010769309552854673;4.376497685165213e-14;0.2687791306625364;0.0;0.00036287998211412514;0.12935162735324734;3.2770716971403236e-14;0.0;0.0;7.221555534948353e-13;0.0;-0.10803407196195548
5313.0;64.54298405588361;-0.317734542;0.01076930955285454;4.3764969222700245e-14;0.4711604145353846;0.0;0.0003381749756294358;0.12398346747034734;3.2770704896948476e-14;0.0;0.0;7.221554432623688e-13;0.0;-0.2884274356493196
5314.0;64.54279699424637;-0.32868065800000007;0.010769309552854371;4.3764959610851834e-14;0.6295943370209955;0.0;0.00030010498459408973;0.12936117746761988;3.277068968412443e-14;0.0;0.0;7.221553043786405e-13;0.0;-0.4412613453174542
5315.0;64.54267929041842;-0.338311958;0.010769309552854265;4.376495361526581e-14;0.7269569517744344;0.0;0.00022720497701391685;0.13258971453870563;3.2770680194805376e-14;0.0;0.0;7.221552177471878e-13;0.0;-0.5321526588303592
5316.0;64.54256172842368;-0.34383819800000004;0.010769309552854163;4.376494777023958e-14;0.768901754274745;0.0;0.00018548998208697094;0.14153028035070875;3.277067094377735e-14;0.0;0.0;7.221551332911167e-13;0.0;-0.5774726816097833
5317.0;64.54240318147185;-0.344575342;0.010769309552854031;4.376494022517463e-14;0.7740103289957573;0.0;0.00013972497928730794;0.15732909859786623;3.2770659002059227e-14;0.0;0.0;7.221550242706765e-13;0.0;-0.5976013353026325
5318.0;55.21912801624917;-0.34350756399999993;0.010769309530791377;4.3318487405089705e-14;0.7667220971707636;0.0;0.00012554997683698145;0.17317567441582277;3.204874591622036e-14;0.0;0.0;7.156944018773069e-13;0.0;-0.6082966541360251
5319.0;64.54227458516718;-0.33879095800000003;0.010769309552853904;4.3764932993477846e-14;0.7082936274329233;0.0;0.00015511497731107878;0.18797154343107855;3.277064755630697e-14;0.0;0.0;7.221549197784298e-13;0.0;-0.5683163955509264
5320.0;64.5423834218263;-0.331959664;0.010769309552854;4.3764938429524655e-14;0.6102634920337109;0.0;0.00016442997945582938;0.18690173464979062;3.2770656160048396e-14;0.0;0.0;7.221549983250192e-13;0.0;-0.47605172955231334
5321.0;64.54251995504099;-0.323573908;0.010769309552854123;4.3764945439942546e-14;0.45825956097838183;0.0;0.0001579499796217219;0.18757036688784173;3.2770667255573675e-14;0.0;0.0;7.221550996202128e-13;0.0;-0.3330890311361223
5322.0;64.54266437630804;-0.31530598;0.010769309552854253;4.3764952868131884e-14;0.3059150611220194;0.0;0.00016159497714587345;0.18711187391065462;3.2770679012305454e-14;0.0;0.0;7.221552069516536e-13;0.0;-0.18855109761000527
5323.0;64.5428495551893;-0.305111056;0.010769309552854416;4.3764962220798113e-14;0.15327085553507847;0.0;0.00015430498209736005;0.18262248902616193;3.2770693814929505e-14;0.0;0.0;7.221553420903216e-13;0.0;-0.041597702895792926
5324.0;453.51042061289917;-0.29593879599999995;0.010769309564750324;7.671718301711657e-14;0.04980519509633715;8.057805152167965e-16;0.00012271500247496361;0.1794417112759132;4.780803217804843e-14;0.0;0.06052986155548469;1.1458350038677902e-12;1.481029883674635e-14;-1.8447705724725115e-8
5325.0;653.4158941532394;-0.29254880799999994;0.010769309564897649;1.248052819882426e-13;0.013513881974335165;1.0663895861370338e-15;0.0001320299991623621;0.19390326504698088;5.01704945931039e-14;0.0;0.06052986155576675;1.594580592607208e-12;0.01257964939787324;-1.2451670240207136e-8
5326.0;650.7263984766543;-0.28709818800000003;0.010769309564896318;1.237666983941695e-13;0.009358907522199918;1.0617828533955255e-15;0.00013769999741325526;0.19965349949462652;5.0146830437490263e-14;0.0;0.060529861555766416;1.5866774412107512e-12;0.0059122347610794535;-1.250624143331063e-8
5327.0;542.1347457725284;-0.277583004;0.010769309564830404;9.255635594823041e-14;0.009045581784910453;9.038233721877313e-16;0.00011785499991374599;0.19869831133301039;4.9030083908800514e-14;0.0;0.060529861555739056;1.3138795507844566e-12;2.6869276477546776e-14;-1.5198906975984183e-8
5328.0;434.5458837359885;-0.267543886;0.010769309564728378;7.400281218293648e-14;0.009031960252991194;7.874733677153653e-16;0.00010529999725284031;0.19975856999991756;4.7496723347260095e-14;0.0;0.04794547623952823;1.1148120253365637e-12;1.3511792297100103e-14;-1.9334330994907945e-8
5329.0;-0.00022693473798843401;-0.300228644;0.0;0.0;0.0020644813163655695;0.0;0.003955705993952427;0.4858422940150671;0.0;0.0;0.0;0.0;0.0;-0.19162986294046017
5330.0;-0.0002268201690998187;-0.29741739200000006;0.0;0.0;0.0006745133519407717;0.0;0.0038969835655127596;0.47642677358422053;0.0;0.0;0.0;0.0;0.0;-0.18357691244338864
5331.0;-0.00022687430142574058;-0.29485435200000004;0.0;0.0;0.0005201133021326526;0.0;0.003459759827279147;0.47652899728643905;0.0;0.0;0.0;0.0;0.0;-0.18565055216266096
5332.0;-0.00022680748412038314;-0.29438444;0.0;0.0;0.000520193319699764;0.0;0.003182385603717578;0.47179201675002436;0.0;0.0;0.0;0.0;0.0;-0.18110619470797532
5333.0;-0.0002266443962794807;-0.302193578;0.0;0.0;0.0005203895570999818;0.0;0.002796765730473565;0.4698604018703682;0.0;0.0;0.0;0.0;0.0;-0.17098003031574988
5334.0;-0.00022622269396546765;-0.319933542;0.0;0.0;0.0009299823915869132;0.0;0.002257926083663149;0.4664459517270161;0.0;0.0;0.0;0.0;0.0;-0.14969639752317357
5335.0;-0.00022577748819819463;-0.336989302;0.0;0.0;0.015201256496169154;0.0;0.0022385103636170986;0.4515266496678622;0.0;0.0;0.0;0.0;0.0;-0.13197322601925787
5336.0;-0.00022704094969984578;-0.349878694;0.0;0.0;0.11038683196273961;0.0;0.0027408599994260736;0.4378533502222629;0.0;0.0;0.0;0.0;0.0;-0.20109836433948097
5337.0;-0.00022878051059320274;-0.36218046800000003;0.0;0.0;0.3229490990236197;0.0;0.0027756550034592777;0.40261507739808544;0.0;0.0;0.0;0.0;0.0;-0.366155252883194
5338.0;-0.00023564695191778814;-0.37260783;0.0;0.0;0.5535671217848492;0.0;0.0028691544441369126;0.37167626470507614;0.0;0.0;0.0;0.0;0.0;-0.5555000986275608
5339.0;-0.00023766632927318666;-0.380760474;0.0;0.0;0.6995395854719576;0.0;0.0027002598092893014;0.24441144061159337;0.0;0.0;0.0;0.0;0.0;-0.5658860521286626
5340.0;-0.00023847117125675625;-0.38524048200000005;0.0;0.0;0.6988084787998123;0.0;0.002647540499786208;0.2527738425973562;0.0;0.0;0.0;0.0;0.0;-0.568984561316826
5341.0;-0.00023769658736129992;-0.38148;0.0;0.0;0.6883690995299856;0.0;0.0033596982811784884;0.25581341573270056;0.0;0.0;0.0;0.0;0.0;-0.566057450857136
5342.0;-0.00023732463867716743;-0.381637708;0.0;0.0;0.676194653836318;0.0;0.0037425084927651276;0.26619612546071714;0.0;0.0;0.0;0.0;0.0;-0.5644908440096159
5343.0;-0.00023496288639295601;-0.376933646;0.0;0.0;0.6549124268924318;0.0;0.003871503994296611;0.2690134167671827;0.0;0.0;0.0;0.0;0.0;-0.5508591384809621
5344.0;-0.00023266164374698392;-0.36809083000000004;0.0;0.0;0.5182240498009452;0.0;0.003875942073765989;0.37232262194203974;0.0;0.0;0.0;0.0;0.0;-0.5263273888152906
5345.0;-0.00022826346820480441;-0.35717350999999997;0.0;0.0;0.3212370082805901;0.0;0.003831664780712272;0.3483930633234312;0.0;0.0;0.0;0.0;0.0;-0.31628415262962795
5346.0;-0.0002250344416925874;-0.344651198;0.0;0.0;0.1323268122740652;0.0;0.004171344024907782;0.31907274939647384;0.0;0.0;0.0;0.0;0.0;-0.1109158693463486
5347.0;-0.00019490456841180076;-0.34370536;0.0;0.0;0.027954030652131336;0.0;0.00419469765071142;0.3249752083942692;0.0;0.0;0.0;0.0;0.0;-0.013416938965334165
5348.0;-0.0002083455649635331;-0.34283741;0.0;0.0;0.006449486220835944;0.0;0.004261346237247135;0.3540134843957827;0.0;0.0;0.0;0.0;0.0;-0.021884288939182206
5349.0;-0.00022041390788243045;-0.335598624;0.0;0.0;0.004047106328424253;0.0;0.0042577847574851125;0.37930499228077086;0.0;0.0;0.0;0.0;0.0;-0.052007760730326744
5350.0;-0.000223030610011932;-0.324191632;0.0;0.0;0.0032856623842446166;0.0;0.004102233962597333;0.39108211167364537;0.0;0.0;0.0;0.0;0.0;-0.07427468649856472
5351.0;-0.00022447497700511776;-0.31355546799999995;0.0;0.0;0.0019324988942915268;0.0;0.004187709478204412;0.40443461904478234;0.0;0.0;0.0;0.0;0.0;-0.09699556445183571
5352.0;-0.00022522785390004262;-0.30395840200000007;0.0;0.0;0.000663314575784969;0.0;0.004059799716024659;0.4141162674173948;0.0;0.0;0.0;0.0;0.0;-0.11487712978496215
5353.0;-0.0001861654151229199;-0.283707986;0.0;0.0;0.00018144909734119598;0.0;0.0010869321375040733;0.3988345001674538;0.0;0.0;0.0;0.0;0.0;-0.11639390772847992
5354.0;-0.00018821618178393282;-0.217231868;0.0;0.0;0.00022108075021821626;0.0;0.0009551313974648578;0.35830113417000947;0.0;0.0;0.0;0.0;0.0;-0.14224441092778134
5355.0;-0.00018726793392134582;-0.21693404400000002;0.0;0.0;0.00018140469446618906;0.0;0.0010658104397960715;0.3568468653269997;0.0;0.0;0.0;0.0;0.0;-0.14115897161532306
5356.0;-0.00018574749841086753;-0.27185876600000003;0.0;0.0;0.00018146629730616775;0.0;0.0009734209157069351;0.3797745560134203;0.0;0.0;0.0;0.0;0.0;-0.1090697186003993
5357.0;-0.00018546171654447124;-0.27016263999999995;0.0;0.0;0.00018147723826919236;0.0;0.0009760883294065872;0.3734598518910342;0.0;0.0;0.0;0.0;0.0;-0.10445383907208859
5358.0;-0.00018649428653423123;-0.27166735399999997;0.0;0.0;0.0002343901193629371;0.0;0.0009465907204621377;0.3739594168698214;0.0;0.0;0.0;0.0;0.0;-0.10347210821220326
5359.0;-0.00018640636650689421;-0.27631381400000005;0.0;0.0;0.0006804135900203523;0.0;0.0012701544782729559;0.3824088100604019;0.0;0.0;0.0;0.0;0.0;-0.10804457749658598
5360.0;-0.0001871348820942275;-0.283593486;0.0;0.0;0.017505702345665845;0.0;0.001776290809735019;0.38839406619930783;0.0;0.0;0.0;0.0;0.0;-0.12408152721235874
5361.0;-0.00018978068571950485;-0.29506562799999997;0.0;0.0;0.12818865531063556;0.0;0.002199319777453611;0.3872546656259065;0.0;0.0;0.0;0.0;0.0;-0.22257577080686608
5362.0;-0.00019205869701343246;-0.309866932;0.0;0.0;0.28854893463841613;0.0;0.002389390010730606;0.3914562654527321;0.0;0.0;0.0;0.0;0.0;-0.37252625062652195
5363.0;-0.00019607184459587566;-0.31958785999999995;0.0;0.0;0.4322913214162637;0.0;0.0024018188683672705;0.3903226890262984;0.0;0.0;0.0;0.0;0.0;-0.5054262687018258
5364.0;-0.00020096991468334475;-0.32511183600000004;0.0;0.0;0.5091920580428603;0.0;0.002560517484435342;0.36348580197143515;0.0;0.0;0.0;0.0;0.0;-0.5501244826015316
5365.0;-0.0002006951256129502;-0.33047286400000003;0.0;0.0;0.5272102427888887;0.0;0.0026596481295325584;0.34927340330775836;0.0;0.0;0.0;0.0;0.0;-0.5486683912191627
5366.0;-0.00020037087634191107;-0.328890544;0.0;0.0;0.4665596225986757;0.0;0.0032153186280241327;0.40603724456188395;0.0;0.0;0.0;0.0;0.0;-0.5469196256046499
5367.0;-0.00019527331922909367;-0.32359694999999994;0.0;0.0;0.36113323562956273;0.0;0.003441791357709475;0.45083173907154817;0.0;0.0;0.0;0.0;0.0;-0.49180817208215444
5368.0;-0.00019166155166731828;-0.314934438;0.0;0.0;0.21243184319259417;0.0;0.003311343725049429;0.44817008288514526;0.0;0.0;0.0;0.0;0.0;-0.34897745174315
5369.0;-0.0001900373907199567;-0.3184591620000001;0.0;0.0;0.06364817822511325;0.0;0.0035054093626090002;0.48987225130459344;0.0;0.0;0.0;0.0;0.0;-0.23856541548969223
5370.0;-0.0001896399407611645;-0.334306214;0.0;0.0;0.009884227818927643;0.0;0.0035237503034168064;0.5346417861414094;0.0;0.0;0.0;0.0;0.0;-0.2137423199644125
5371.0;-0.0001910996927721403;-0.335677348;0.0;0.0;0.00040670258209589237;0.0;0.00327933627934015;0.5752983876492117;0.0;0.0;0.0;0.0;0.0;-0.24330576746120172
5372.0;-0.00019084424556862554;-0.33285215999999995;0.0;0.0;0.00024747649870859043;0.0;0.0031723393843801862;0.5746147974502325;0.0;0.0;0.0;0.0;0.0;-0.24518121301145962
5373.0;-0.00019056333288679095;-0.32691663200000004;0.0;0.0;0.00022100005990192883;0.0;0.0032056323239466993;0.5723673069543661;0.0;0.0;0.0;0.0;0.0;-0.24887606748146293
5374.0;-0.00019007879379900135;-0.31949988399999996;0.0;0.0;0.00019453633642165787;0.0;0.0030890856970278023;0.569348819602336;0.0;0.0;0.0;0.0;0.0;-0.2531313137770015
5375.0;-0.00018994178186760102;-0.313806358;0.0;0.0;0.00019454211269295698;0.0;0.0031739480302012636;0.5551983017752509;0.0;0.0;0.0;0.0;0.0;-0.2447591995769037
5376.0;-0.00019022272035662083;-0.306565244;0.0;0.0;0.00020776969720725095;0.0;0.0032125676573164673;0.5464559067340256;0.0;0.0;0.0;0.0;0.0;-0.24330976759192396
5377.0;0.00011910488321404489;-0.37413353000000005;0.0;0.0;0.00021636521667434705;0.0;0.0;0.6193879255627481;0.0;0.0;0.0;0.0;0.0;-0.24548368641090965
5378.0;0.000117911373792748;-0.37082782400000003;0.0;0.0;0.00020266502894405192;0.0;0.0;0.6199554492587476;0.0;0.0;0.0;0.0;0.0;-0.24934324482467043
5379.0;0.00011789998813540079;-0.3683113070000001;0.0;0.0;0.0002026650116706368;0.0;0.0;0.6191618834095282;0.0;0.0;0.0;0.0;0.0;-0.25106619420930876
5380.0;0.00011908567083157272;-0.3648761060000001;0.0;0.0;0.00021636517319746442;0.0;0.0;0.6129544679235959;0.0;0.0;0.0;0.0;0.0;-0.2483076498298237
5381.0;0.0001190617338581854;-0.366403336;0.0;0.0;0.00021636511948500692;0.0;0.0;0.6180452791334098;0.0;0.0;0.0;0.0;0.0;-0.2518712273757453
5382.0;0.00011902451771957982;-0.37257444;0.0;0.0;0.00021636503869131403;0.0;0.0;0.6298504353548061;0.0;0.0;0.0;0.0;0.0;-0.25750527390696815
5383.0;0.00012669115467409963;-0.388985295;0.0;0.0;0.00028500000662401366;0.0;0.0;0.6405285885573229;0.0;0.0;0.0;0.0;0.0;-0.25184115252896755
5384.0;0.00015689348036126394;-0.410623508;0.0;0.0;0.005734736418662596;0.0;8.628824253155187e-11;0.6463563166843181;0.0;0.0;0.0;0.0;0.0;-0.24148242753076338
5385.0;0.00015688615900559557;-0.42095042000000005;0.0;0.0;0.03862044700863872;0.0;7.008484722217005e-11;0.6244084859004886;0.0;0.0;0.0;0.0;0.0;-0.24209339456078638
5386.0;0.00015614985103591097;-0.4277662670000001;0.0;0.0;0.11174270011081604;0.0;7.006153271930834e-11;0.622719760168981;0.0;0.0;0.0;0.0;0.0;-0.30671100539411233
5387.0;0.0001548372704658721;-0.43495681500000005;0.0;0.0;0.2184172413997288;0.0;7.1141770392313e-11;0.6337843743815879;0.0;0.0;0.0;0.0;0.0;-0.41725948883449243
5388.0;0.0001533609172921162;-0.44017536300000004;0.0;0.0;0.2891205715105952;0.0;7.188783298476595e-11;0.6407067316563061;0.0;0.0;0.0;0.0;0.0;-0.4896664885329244
5389.0;0.00015263458246254414;-0.44043061800000005;0.0;0.0;0.3084363545369487;0.0;7.238520767115132e-11;0.6430376663301026;0.0;0.0;0.0;0.0;0.0;-0.5110578824832357
5390.0;0.00015376970919654478;-0.4366706050000001;0.0;0.0;0.2689583889294544;0.0;7.351984263285331e-11;0.6419917883840488;0.0;0.0;0.0;0.0;0.0;-0.4742941593686103
5391.0;0.00015507281045805285;-0.43279008100000005;0.0;0.0;0.20248050040110246;0.0;7.123502832883423e-11;0.6307953059406809;0.0;0.0;0.0;0.0;0.0;-0.40050043567129545
5392.0;0.00015623152771202873;-0.4261354220000001;0.0;0.0;0.1127832856541225;0.0;7.20976630617256e-11;0.6124595434476426;0.0;0.0;0.0;0.0;0.0;-0.2991222269532837
5393.0;0.0001571405428119696;-0.4234046210000001;0.0;0.0;0.04062535953327311;0.0;7.091639722425451e-11;0.6056637753425093;0.0;0.0;0.0;0.0;0.0;-0.22289941960420956
5394.0;0.00015757260151783202;-0.426200207;0.0;0.0;0.008502978265421814;0.0;7.031022070763263e-11;0.6123440869696705;0.0;0.0;0.0;0.0;0.0;-0.19466180484542395
5395.0;0.00015306307166823552;-0.4272043360000001;0.0;0.0;0.0008140540407401847;0.0;0.0;0.614519667130641;0.0;0.0;0.0;0.0;0.0;-0.18814265484974257
5396.0;0.00012575800856693252;-0.42124620100000004;0.0;0.0;0.0002712576455066822;0.0;0.0;0.5998205858393763;0.0;0.0;0.0;0.0;0.0;-0.17885859468361595
5397.0;0.00012258457824541446;-0.41067760500000006;0.0;0.0;0.00024379534509754838;0.0;0.0;0.5883260151049159;0.0;0.0;0.0;0.0;0.0;-0.17790517654259727
5398.0;0.0001224744389955962;-0.39754319600000004;0.0;0.0;0.00024379499156054006;0.0;0.0;0.5856074691511111;0.0;0.0;0.0;0.0;0.0;-0.1883210231947175
5399.0;0.000122417380325689;-0.38722546300000005;0.0;0.0;0.00024379480917376828;0.0;0.0;0.581064947799486;0.0;0.0;0.0;0.0;0.0;-0.1940962263575666
5400.0;0.0001223504239432848;-0.3779357400000001;0.0;0.0;0.0002437945935233631;0.0;0.0;0.5789021456559724;0.0;0.0;0.0;0.0;0.0;-0.20122313725905297
5401.0;47.90292706379797;-0.33526014500000006;0.0;3.618168108291589e-14;0.00024090465015264272;0.0;9.847737848436024e-11;0.4701706024577251;3.297885281114127e-14;0.0;0.0;6.173133423274428e-13;0.0;-0.13550856529711097
5402.0;47.902933387193954;-0.33032440600000007;0.0;3.6181681484629614e-14;0.00024090465015264308;0.0;1.20400307382186e-10;0.4822360052498509;3.297885383798907e-14;0.0;0.0;6.1731334858372e-13;0.0;-0.15250851808033505
5403.0;47.90294385180384;-0.3312698150000001;0.0;3.618168210603491e-14;0.00025507401880215606;0.0;1.3484313737849078e-10;0.4994277416799872;3.297885542640768e-14;0.0;0.0;6.173133582612162e-13;0.0;-0.16876728662667875
5404.0;47.9029538342558;-0.33288164300000006;0.0;3.6181682704095785e-14;0.00024090465015264413;0.0;1.447631448645906e-10;0.5162491353892112;3.29788569551562e-14;0.0;0.0;6.173133675753733e-13;0.0;-0.18396098635828426
5405.0;47.90295906699887;-0.336013013;0.0;3.618168301482287e-14;0.00022673210842763113;0.0;1.5344590310092357e-10;0.5249132237391745;3.297885774942649e-14;0.0;0.0;6.173133724144833e-13;0.0;-0.18947865275299552
5406.0;47.90297404145442;-0.3444891890000001;0.0;3.618168388529597e-14;0.0002267321084276319;0.0;1.5874637664294962e-10;0.548400798921801;3.297885997450599e-14;0.0;0.0;6.173133859711463e-13;0.0;-0.20448766313770889
5407.0;47.90299617631682;-0.36450789600000005;0.0;3.6181685109121396e-14;0.0003400981633879908;0.0;1.5911216383733345e-10;0.5787982074605963;3.297886310281098e-14;0.0;0.0;6.173134050307318e-13;0.0;-0.21497661398507525
5408.0;47.90312046573513;-0.38876306400000005;0.0;3.6181689855789905e-14;0.006291815255539018;0.0;1.5993531027677066e-10;0.5986798069037342;3.2978875236099767e-14;0.0;0.0;6.173134789543122e-13;0.0;-0.21655233393523568
5409.0;47.9036400935676;-0.40169433200000004;0.0;3.618170868701053e-14;0.03386810534821017;0.0;1.5985929949427593e-10;0.6093710414987709;3.2978923371821295e-14;0.0;0.0;6.173137722275795e-13;0.0;-0.2418857393023034
5410.0;47.90484506693555;-0.40852219500000003;0.0;3.6181751962220394e-14;0.09879850817051962;0.0;1.6034759601503117e-10;0.6062815946110606;3.297903399002949e-14;0.0;0.0;6.17314446186115e-13;0.0;-0.296895007165737
5411.0;47.906460257238066;-0.4126198530000001;0.0;3.618180999524883e-14;0.18577860630281626;0.0;1.6019578812630107e-10;0.6039036009377946;3.297918233063903e-14;0.0;0.0;6.173153499793687e-13;0.0;-0.37739415327143444
5412.0;47.9077986972648;-0.41732276500000004;0.0;3.6181858201368355e-14;0.25763850625982054;0.0;1.570721891305217e-10;0.6099655390244457;3.297930555150447e-14;0.0;0.0;6.173161007303538e-13;0.0;-0.45060791397893446
5413.0;47.90864337987658;-0.41662770800000004;0.0;3.618188868038091e-14;0.30301326539473344;0.0;1.55823457173124e-10;0.6172749508994728;3.2979383459303665e-14;0.0;0.0;6.173165754033989e-13;0.0;-0.503983600024174
5414.0;47.908480611844546;-0.41232483100000006;0.0;3.618188292675652e-14;0.294043177684214;0.0;1.5029823377288158e-10;0.6241263055186148;3.2979368752409614e-14;0.0;0.0;6.173164857977148e-13;0.0;-0.5061676297762554
5415.0;47.907618199240154;-0.4075184870000001;0.0;3.6181851947721365e-14;0.24742139194473692;0.0;1.4065089539794944e-10;0.6264068423663977;3.297928956643946e-14;0.0;0.0;6.173160033375915e-13;0.0;-0.46663538907724383
5416.0;47.90620492724556;-0.40002336600000005;0.0;3.618180088600311e-14;0.1719054363186259;0.0;1.4040760757195755e-10;0.6087473028192996;3.2979159046186565e-14;0.0;0.0;6.17315208114068e-13;0.0;-0.38096157850338513
5417.0;47.90465719172046;-0.3951164810000001;0.0;3.61817451151525e-14;0.0889498323441539;0.0;1.471189139989262e-10;0.5996056672765815;3.2979016487888586e-14;0.0;0.0;6.173143395514705e-13;0.0;-0.29377743979664234
5418.0;47.9035121716455;-0.3937389420000001;0.0;3.6181703717754504e-14;0.027888046345684606;0.0;1.477416713490153e-10;0.5831643621493461;3.297891066959057e-14;0.0;0.0;6.173136948374919e-13;0.0;-0.21765743897486398
5419.0;47.90306055086142;-0.39482256700000007;0.0;3.61816876037297e-14;0.0032734446371705827;0.0;1.4862326782818533e-10;0.5918479440067455;3.2978869479453424e-14;0.0;0.0;6.173134438812338e-13;0.0;-0.20064346945703346
5420.0;47.9030163502345;-0.39123528500000004;0.0;3.6181686062775017e-14;0.0007935623832295055;0.0;1.4444421512624785e-10;0.5952005273582418;3.2978865540511435e-14;0.0;0.0;6.173134198827597e-13;0.0;-0.20510327624642363
5421.0;47.90301831940831;-0.3825292880000001;0.0;3.6181686341271946e-14;0.00043929484969884754;0.0;1.3416170063513947e-10;0.6097511300807598;3.297886625239567e-14;0.0;0.0;6.173134242199779e-13;0.0;-0.2280041708455539
5422.0;47.903028108164605;-0.37066217200000007;0.0;3.618168696391963e-14;0.00035426753203750646;0.0;1.1854798328567996e-10;0.6287556002417171;3.297886784399134e-14;0.0;0.0;6.173134339169128e-13;0.0;-0.2587888225214969
5423.0;47.90302157178125;-0.35963464700000003;0.0;3.618168664285319e-14;0.00024090465015264758;0.0;9.602252390202054e-11;0.6225767100368629;3.297886702329165e-14;0.0;0.0;6.173134289167094e-13;0.0;-0.26352474326673764
5424.0;47.90302166171386;-0.349110803;0.0;3.618168665426166e-14;0.00025507401880216;0.0;7.840192621853615e-11;0.6230640048759781;3.2978867052450577e-14;0.0;0.0;6.173134290944498e-13;0.0;-0.27455001407441565
5425.0;66.67820957227269;-0.31993634800000004;0.015081402362838793;6.161950116565784e-14;0.007737232059349601;0.0;8.052640579052094e-11;0.31648778350691015;3.2612920226695984e-14;0.0;0.0;9.501529445914731e-13;0.0;-0.019555316122333043
5426.0;66.6781753613974;-0.31334292300000005;0.015081402362838753;6.161949876121101e-14;0.006036742821481669;0.0;8.526894454663721e-11;0.3104843205867189;3.261291808917485e-14;0.0;0.0;9.501529148543301e-13;0.0;-0.01844558688942284
5427.0;66.67804748508796;-0.311291131;0.015081402362838605;6.161948960134572e-14;0.00459132601737127;0.0;8.383459465200161e-11;0.3053190017191183;3.2612909946171406e-14;0.0;0.0;9.501528015693603e-13;0.0;-0.013885613895935832
5428.0;66.67846516821464;-0.31089705300000003;0.015081402362839027;6.161951576066844e-14;0.0030467125269500244;0.0;8.621202746569521e-11;0.29963715399973945;3.2612933201468987e-14;0.0;0.0;9.50153125095621e-13;0.0;-0.007041791212457754
5429.0;66.67830384781529;-0.31280187700000006;0.015081402362838867;6.161950579989764e-14;0.0013037088369825364;0.0;8.441388611212216e-11;0.3043639073336079;3.261292434647791e-14;0.0;0.0;9.50153001905577e-13;0.0;-0.008122330177147594
5430.0;134.35812593830138;-0.321026973;0.015081402376198332;6.61176730882305e-14;0.0011194911800645037;0.0;9.085931984094568e-11;0.30704402448574725;3.6142025288159194e-14;0.0;2.696289954247186e-14;1.004818398802358e-12;7.931252313867988e-15;-1.391073613051902e-7
5431.0;212.41203509739972;-0.3388764810000001;0.015081402377780212;7.219323385128064e-14;0.01653727306846523;8.633121178629054e-16;9.125381399892101e-11;0.3051143386368011;3.9586033032672536e-14;0.0;3.5110849633551844e-14;1.0756337978131842e-12;9.188208360556845e-15;-7.011640849391285e-8
5432.0;66.68001577091353;-0.359658205;0.01508140236284061;6.161961404762996e-14;0.11381950965920112;0.0;7.522630453998412e-11;0.3013816667030239;3.261302057700703e-14;0.0;0.0;9.501543406621399e-13;0.0;-0.0708063942491864
5433.0;66.6842283388878;-0.37856006900000005;0.015081402362844843;6.161987668511455e-14;0.3425355025369687;0.0;7.023794513438728e-11;0.2896378773264273;3.2613254055336214e-14;0.0;0.0;9.501575888334183e-13;0.0;-0.2688642238883078
5434.0;66.68871591147193;-0.39009444400000004;0.015081402362849342;6.162015604207937e-14;0.5853655700505721;0.0;6.67570274949595e-11;0.264103665961857;3.261350239336733e-14;0.0;0.0;9.501610437755514e-13;0.0;-0.47461309451702816
5435.0;0.004561845858160154;-0.39426843000000006;0.0;0.0;0.7699036585710732;0.0;4.217904315115635e-11;0.25345294919029565;0.0;0.0;0.0;0.0;0.0;-0.629095697219527
5436.0;0.0045619472336869415;-0.3980233120000001;0.0;0.0;0.87289459890867;0.0;4.3943382674549666e-11;0.15421685622268697;0.0;0.0;0.0;0.0;0.0;-0.6290956972195269
5437.0;0.004561941245356746;-0.40153325800000006;0.0;0.0;0.8663114026716979;0.0;4.253657402288751e-11;0.1643099982475583;0.0;0.0;0.0;0.0;0.0;-0.6290956972195269
5438.0;0.004561940992989576;-0.40032553400000004;0.0;0.0;0.8530535467103917;0.0;4.4588495052938075e-11;0.17636013020255048;0.0;0.0;0.0;0.0;0.0;-0.6290956972195269
5439.0;0.00456194579140066;-0.39315457800000003;0.0;0.0;0.8396892293807432;0.0;4.650829216999223e-11;0.18255349169437243;0.0;0.0;0.0;0.0;0.0;-0.6290956972195269
5440.0;0.004561951018748288;-0.38339837900000007;0.0;0.0;0.7155737307619585;0.0;4.516365620178592e-11;0.2969127915160301;0.0;0.0;0.0;0.0;0.0;-0.6290956972195269
5441.0;66.6874958585744;-0.37212935100000005;0.015081402362848136;6.162008115219371e-14;0.5180686526158198;0.0;6.383042863297819e-11;0.3136030032723758;3.261343581937959e-14;0.0;0.0;9.501601175770768e-13;0.0;-0.4747798814310798
5442.0;66.68289735288066;-0.364404863;0.015081402362843506;6.161979367705218e-14;0.270788967048387;0.0;6.145074373210639e-11;0.2907878907187538;3.2613180263536045e-14;0.0;0.0;9.50156562231244e-13;0.0;-0.2124273111595584
5443.0;66.67980731610294;-0.360090809;0.015081402362840366;6.161959881538251e-14;0.07852015687403696;0.0;6.64167511759862e-11;0.27362539365713057;3.2613007035810796e-14;0.0;0.0;9.501541522770286e-13;0.0;-0.00730765937544622
5444.0;470.6829074799277;-0.36320313900000006;0.015081402378829916;1.0368861524130355e-13;0.015757880052700936;1.1050830878454454e-15;8.443532687141769e-11;0.2773483197299043;4.666565742496882e-14;0.0;0.05503590839474459;1.3912368581482875e-12;1.9320662937748525e-14;-2.7492013568933283e-8
5445.0;470.6858309185723;-0.35856076000000003;0.015081402378829921;1.0368918269067081e-13;0.007978136712534334;1.1050869673750248e-15;6.94652323712578e-11;0.28518400988835324;4.666571674028917e-14;0.0;0.05038665409278355;1.3912418286499117e-12;1.9320930572943677e-14;-2.7491806079026073e-8
5446.0;470.68582958247106;-0.34962207200000006;0.015081402378829921;1.0368918244060539e-13;0.008289892967040942;1.1050869656655317e-15;6.053326710119381e-11;0.28713318567424717;4.666571671414897e-14;0.0;0.039187098760496974;1.3912418264591239e-12;1.9320930455005816e-14;-2.749180617046138e-8
5447.0;470.6858306585286;-0.3390172530000001;0.015081402378829921;1.0368918273926444e-13;0.008289892967040942;1.1050869677076338e-15;5.2153564448187534e-11;0.2887217646003055;4.6665716745368573e-14;0.0;0.026993864233190213;1.3912418290752893e-12;1.9320930595865627e-14;-2.7491806061257386e-8
5448.0;470.68582873846606;-0.3281993490000001;0.015081402378829921;1.0368918255446713e-13;0.00810567213614423;1.1050869664438408e-15;4.0585319917050534e-11;0.2909535721427051;4.6665716726052614e-14;0.0;0.014128591127367845;1.3912418274567037e-12;1.9320930508707932e-14;-2.749180612882788e-8
5449.0;40.45832369253898;-0.23796208100000005;0.0;3.7563280628060517e-14;0.005951717090302227;0.0;3.695735701979013e-11;0.2699024657994256;3.2170491830134736e-14;0.0;0.0;0.0;0.0;-0.03668673145187082
5450.0;40.45831072362646;-0.23471778300000004;0.0;3.7563279765177044e-14;0.0033159559158389786;0.0;4.0461641735577383e-11;0.2529348841740519;3.217048974707989e-14;0.0;0.0;0.0;0.0;-0.020328268908493298
5451.0;40.45841929405778;-0.23188451599999998;0.0;3.75632831658987e-14;0.0018421972013540568;0.0;3.942488007828973e-11;0.23976819908026617;3.2170497956631787e-14;0.0;0.0;0.0;0.0;-0.008518363890000137
5452.0;50.000360780703;-0.22913402900000004;0.001570952246724886;3.791762034492897e-14;0.0006801963282662465;0.0;4.484826824676769e-11;0.22690363389465684;3.301041549561794e-14;0.0;0.0;6.425522426918807e-13;0.0;-5.498883134353185e-7
5453.0;40.45845445385245;-0.22966751700000004;0.0;3.756328398487415e-14;0.0005668302729530922;0.0;4.710009932281381e-11;0.23657154772071295;3.2170499933690386e-14;0.0;0.0;0.0;0.0;-0.006263071680047035
5454.0;40.45854034734389;-0.23143199900000003;0.0;3.7563287917336826e-14;0.014893464476984917;0.0;4.788838920359422e-11;0.23394015987417122;3.217050942689654e-14;0.0;0.0;0.0;0.0;-0.01619728508668215
5455.0;40.459537852317474;-0.23704583299999998;0.0;3.756332511700687e-14;0.07399968563075328;0.0;4.562338848342132e-11;0.23074351029990114;3.217059922897699e-14;0.0;0.0;0.0;0.0;-0.06649235428237006
5456.0;40.4623433094804;-0.250211957;0.0;3.7563429014636337e-14;0.22608023328799326;0.0;4.315436782346584e-11;0.22398961429152556;3.2170850041898575e-14;0.0;0.0;0.0;0.0;-0.19864434793249303
5457.0;40.465977582923806;-0.2669119280000001;0.0;3.756356369574423e-14;0.4215941477771702;0.0;4.008681338996169e-11;0.22547098874574098;3.217117516348139e-14;0.0;0.0;0.0;0.0;-0.37892707682345256
5458.0;40.46900588079954;-0.280926485;0.0;3.7563675957093805e-14;0.5848979364620257;0.0;3.609272127475299e-11;0.2277905090378304;3.217144616021092e-14;0.0;0.0;0.0;0.0;-0.5305254233949173
5459.0;40.470376185407744;-0.29039947200000005;0.0;3.7563727090043295e-14;0.6635739706718401;0.0;4.000991875488215e-11;0.2380334304527752;3.217156959316417e-14;0.0;0.0;0.0;0.0;-0.6099681126508802
5460.0;0.004561904082030307;-0.295134267;0.0;0.0;0.685589000894852;0.0;2.9160975522414944e-11;0.23863341050642856;0.0;0.0;0.0;0.0;0.0;-0.629095694510455
5461.0;0.004561900102344191;-0.2955382590000001;0.0;0.0;0.6994559250725714;0.0;2.9075478101605598e-11;0.22517047803731136;0.0;0.0;0.0;0.0;0.0;-0.629095694510455
5462.0;0.004561900154011045;-0.29413627900000006;0.0;0.0;0.6990276562314923;0.0;2.6837008135185623e-11;0.22419676687906892;0.0;0.0;0.0;0.0;0.0;-0.6290956945104549
5463.0;0.0045619004221527605;-0.29144742500000004;0.0;0.0;0.6616925948868313;0.0;3.0762113740084934e-11;0.2588429742354156;0.0;0.0;0.0;0.0;0.0;-0.629095694510455
5464.0;0.0045619052067651395;-0.287607059;0.0;0.0;0.5884409016773618;0.0;3.0692160857055616e-11;0.3282543017615;0.0;0.0;0.0;0.0;0.0;-0.629095694510455
5465.0;40.46684479028074;-0.28196285800000004;0.0;3.756359762568524e-14;0.46450319719986716;0.0;4.6010236831091715e-11;0.3473822309606006;3.217125707002515e-14;0.0;0.0;0.0;0.0;-0.5286815279064531
5466.0;40.464004063965184;-0.27884497700000005;0.0;3.756349258900545e-14;0.31065130235574734;0.0;4.360199357150595e-11;0.3638917553300891;3.217100351162245e-14;0.0;0.0;0.0;0.0;-0.39446493004009225
5467.0;40.461005758095745;-0.27130476700000006;0.0;3.7563381448930704e-14;0.1494164461570912;0.0;3.607855151024754e-11;0.36078281850550875;3.217073521675641e-14;0.0;0.0;0.0;0.0;-0.23767192117560726
5468.0;40.458955827186756;-0.270590527;0.0;3.7563305349444856e-14;0.03913962769678104;0.0;4.245810486645284e-11;0.35184584604539987;3.217055150901954e-14;0.0;0.0;0.0;0.0;-0.11918015425846354
5469.0;40.458464097901754;-0.269305327;0.0;3.7563287105951e-14;0.012484436998980167;0.0;3.6396205780121013e-11;0.3510174442833192;3.217050746816112e-14;0.0;0.0;0.0;0.0;-0.09298342700990014
5470.0;40.458407700502455;-0.26730659900000003;0.0;3.7563284980026144e-14;0.009494406704448512;0.0;3.565898153925797e-11;0.3486589423322065;3.217050233604745e-14;0.0;0.0;0.0;0.0;-0.08963403424571098
5471.0;40.458409212832585;-0.26347100100000004;0.0;3.756328511858132e-14;0.00950857765963578;0.0;3.8354538792512385e-11;0.35391197216421344;3.217050267052892e-14;0.0;0.0;0.0;0.0;-0.09873635595592674
5472.0;40.45840696827696;-0.2571317940000001;0.0;3.75632850202785e-14;0.009494406704448512;0.0;4.090378866454023e-11;0.35264500665368403;3.217050243322017e-14;0.0;0.0;0.0;0.0;-0.10379458870208942
5473.0;405.5241736299552;-0.259296689;0.015081402379037613;5.4102935434761465e-14;0.008899236107487878;6.205103357898125e-16;8.723745987029266e-12;0.23526560055155868;4.9755789291312097e-14;0.0;8.060427811946906e-14;8.84269680783451e-13;8.75527415265338e-15;-1.8038489358166353e-8
5474.0;349.3092819112085;-0.25344089900000005;0.015081402378952656;4.9840426927979446e-14;0.007836428747255191;5.857637703275583e-16;8.458739609235729e-12;0.23388168470810322;4.8611963471323755e-14;0.0;4.327413505578655e-14;8.236848931697059e-13;7.371121764831638e-15;-2.1163178771732833e-8
5475.0;305.2666473521005;-0.250575788;0.015081402378859953;4.694161338684174e-14;0.0065752296009374085;5.611380805758778e-16;1.2508638006292589e-11;0.23397914331886283;4.7506271764678456e-14;0.0;3.1752524364285733e-14;7.815357627313362e-13;6.558727270648743e-15;-2.4493454013353907e-8
5476.0;289.84314572362734;-0.252117764;0.015081402378819433;4.600425182576819e-14;0.0057958397579276994;5.52994231975226e-16;2.2611459967709586e-11;0.23483678087888726;4.706436674656644e-14;0.0;2.904406987480788e-14;7.677431099180186e-13;6.314955780126307e-15;-2.592450460414709e-8
5477.0;289.7404501009118;-0.25792209400000005;0.015081402378819142;4.5998069948086604e-14;0.011818410039477218;5.5294022328609065e-16;2.56070426612848e-11;0.23369651334763747;4.706128445842734e-14;0.0;2.902740656137397e-14;7.676518835458454e-13;6.313376588376335e-15;-2.5934707131437153e-8
5478.0;45.754394313659155;-0.2726424030000001;0.0;3.495277627079454e-14;0.05467077405361294;0.0;2.165325851534663e-11;0.21976964573372174;3.2890504079511155e-14;0.0;0.0;0.0;0.0;-1.311205515197819e-6
5479.0;42.181324094295206;-0.28686545900000004;0.0;3.483014476184227e-14;0.18036537757494403;0.0;2.600041841724462e-11;0.1941379757583546;3.2551354514560204e-14;0.0;0.0;0.0;0.0;-0.0884747244767578
5480.0;42.18533383224074;-0.31169155900000006;0.0;3.4830282590353816e-14;0.397022058934425;0.0;2.822731650792363e-11;0.18055221685299025;3.2551738500476254e-14;0.0;0.0;0.0;0.0;-0.26670736140983015
5481.0;42.18991207656094;-0.329263968;0.0;3.483044010089456e-14;0.6436073756303708;0.0;3.0427280314628226e-11;0.17681954491950527;3.2552177312256923e-14;0.0;0.0;0.0;0.0;-0.4919723393217968
5482.0;0.004562084270744929;-0.34425407100000005;0.0;0.0;0.838097528884258;0.0;2.365817614052075e-11;0.13524468166469386;0.0;0.0;0.0;0.0;0.0;-0.629095704818448
5483.0;0.0045620790808018905;-0.35548239900000006;0.0;0.0;0.8888017935678814;0.0;2.5865548097108237e-11;0.09576874479565219;0.0;0.0;0.0;0.0;0.0;-0.629095704818448
5484.0;0.004562078607289525;-0.357833783;0.0;0.0;0.8812037100560902;0.0;2.7715401311632034e-11;0.1057182122944214;0.0;0.0;0.0;0.0;0.0;-0.629095704818448
5485.0;0.004562078605645583;-0.35581586600000004;0.0;0.0;0.87235003997203;0.0;2.7909714267812532e-11;0.11255396537854807;0.0;0.0;0.0;0.0;0.0;-0.629095704818448
5486.0;0.004562078855171415;-0.354522855;0.0;0.0;0.8561504507153952;0.0;2.8057392222692477e-11;0.12746054364274642;0.0;0.0;0.0;0.0;0.0;-0.629095704818448
5487.0;0.004562080151700281;-0.3504159150000001;0.0;0.0;0.8379511846757847;0.0;3.241781300191014e-11;0.1415528697260672;0.0;0.0;0.0;0.0;0.0;-0.629095704818448
5488.0;0.0045620845869491725;-0.3435419310000001;0.0;0.0;0.7505380411581798;0.0;3.975528015445317e-11;0.22209202941433812;0.0;0.0;0.0;0.0;0.0;-0.629095704818448
5489.0;42.189007526910736;-0.33447420600000005;0.0;3.483041072307024e-14;0.5912889468190379;0.0;5.963073231251893e-11;0.30389610243139886;3.255209546860555e-14;0.0;0.0;0.0;0.0;-0.5615110032281095
5490.0;42.185794720687035;-0.32630147900000006;0.0;3.483030027744835e-14;0.4171728732204602;0.0;5.7063298179691274e-11;0.31552294147507587;3.255178777571743e-14;0.0;0.0;0.0;0.0;-0.4072039608570956
5491.0;42.182347821149705;-0.31495575100000006;0.0;3.4830181767242406e-14;0.2314509491503622;0.0;5.452510396322777e-11;0.32363151574367044;3.25514576110608e-14;0.0;0.0;0.0;0.0;-0.2409473492029931
5492.0;42.179733128424466;-0.30136654600000007;0.0;3.483009122658418e-14;0.0914438855531337;0.0;5.849031097377832e-11;0.28468696918783204;3.255120536531861e-14;0.0;0.0;0.0;0.0;-0.07559748216757023
5493.0;42.17878853442277;-0.29270695199999996;0.0;3.4830058624740215e-14;0.02345260083343177;0.0;5.456585731399619e-11;0.27890766107240333;3.255111453611652e-14;0.0;0.0;0.0;0.0;-0.010486911987365993
5494.0;42.178288443445695;-0.28909101400000004;0.0;3.483004147604979e-14;0.008984258664065027;0.0;4.8350591607755786e-11;0.2977854368246477;3.255106675947943e-14;0.0;0.0;0.0;0.0;-0.018513553497922733
5495.0;42.17825144568877;-0.280401224;0.0;3.4830040277217896e-14;0.008729186230307483;0.0;4.1334982544782645e-11;0.29699602029215677;3.255106341950102e-14;0.0;0.0;0.0;0.0;-0.026159841346447797
5496.0;42.17823190017978;-0.26298986;0.0;3.483003938146692e-14;0.008332404244677283;0.0;4.196159511641316e-11;0.2802331017493925;3.25510609239165e-14;0.0;0.0;0.0;0.0;-0.02641327530527773
5497.0;470.6857537026134;-0.25816693900000004;0.015081402379020744;7.371066219906345e-14;0.0075104999510412305;8.076949929365681e-16;1.738565823963101e-11;0.19644775018971422;4.937429542425968e-14;0.0;0.039187413173574014;1.1193432690740795e-12;1.3736121047142237e-14;-1.95460369804699e-8
5498.0;470.6857218303384;-0.25604278100000005;0.015081402379020744;7.371065813786998e-14;0.0058525219921973445;8.076949634733074e-16;1.8815237398866494e-11;0.19499561510401203;4.9374294901265044e-14;0.0;0.04017311129231804;1.1193432212754478e-12;1.3736119131400016e-14;-1.9546038465819794e-8
5499.0;470.68570047078106;-0.25394554300000005;0.015081402379020744;7.371065498931442e-14;0.004619666342820441;8.076949406308239e-16;1.9150391630545776e-11;0.1828424977769134;4.9374294495793063e-14;0.0;0.05146067508580331;1.1193431842177564e-12;1.3736117646164915e-14;-1.9546039617380343e-8
5500.0;470.59564246941244;-0.252044794;0.015081402379020637;7.36985414864507e-14;0.004676348577031718;8.07607054107711e-16;1.7764994801983734e-11;0.17780387688859237;4.9372734022868127e-14;0.0;0.05463954557307895;1.1192006057859756e-12;1.373040492001375e-14;-1.9550471776676396e-8
5501.0;603.2225096410008;-0.25458338;0.015081402379133158;9.489690833383271e-14;0.005554935106379926;9.478634732958164e-16;1.8550008128974216e-11;0.1666448427471699;5.111831122870067e-14;0.0;0.0605298615557453;1.3490521319044913e-12;3.16434278272775e-14;-1.4946409860045003e-8
5502.0;704.3457861484355;-0.26555845600000005;0.015081402379188301;1.2140669492390085e-13;0.023027478525485787;1.092137374644343e-15;1.8596003707486045e-11;0.1518895769420474;5.207741915387885e-14;0.0;0.06052986155576635;1.5861307694697914e-12;6.047302985182047e-11;-1.267577778581006e-8
5503.0;470.6875759224501;-0.283370875;0.015081402379020748;7.371088740157258e-14;0.10751352344859404;8.076966267454044e-16;1.305408253575621e-11;0.13649108252056458;4.9374324425552845e-14;0.0;0.024345313519745785;1.119345919628355e-12;1.3736227279951442e-14;-1.9545954615008352e-8
5504.0;66.75433975244353;-0.3032352870000001;0.015081402367706302;4.380770117365284e-14;0.2795890080567921;0.0;8.030596172190031e-12;0.13197873991540587;3.386801606608972e-14;0.0;0.0;7.257638288088373e-13;0.0;-0.12339658884629952
5505.0;66.75824273510312;-0.31992195100000004;0.015081402367709065;4.3807874201822385e-14;0.4901097514932253;0.0;7.419019808397791e-12;0.12650155349335301;3.3868310375206834e-14;0.0;0.0;7.257663511304723e-13;0.0;-0.31174080370764545
5506.0;66.76130587120963;-0.3309151490000001;0.015081402367711235;4.380801016288242e-14;0.6549156392164023;0.0;6.49412609353713e-12;0.13198848399119933;3.3868541632181255e-14;0.0;0.0;7.257683331039203e-13;0.0;-0.4710294650628768
5507.0;66.76316919806722;-0.3405957990000001;0.015081402367712556;4.3808092924507173e-14;0.7561940264692805;0.0;4.784303349450752e-12;0.13528259217623576;3.3868682400398996e-14;0.0;0.0;7.257695395611125e-13;0.0;-0.5659151137458004
5508.0;66.76381742865615;-0.34614751900000007;0.015081402367713019;4.3808121949884704e-14;0.7998257835007637;0.0;3.843181163173658e-12;0.14440473956736719;3.386873176903323e-14;0.0;0.0;7.257699626784715e-13;0.0;-0.6131183191544397
5509.0;50.02072672977293;-0.34687685100000004;0.0102989796259103;4.308289145323378e-14;0.8051398171282881;0.0;2.802384956450246e-12;0.160524429493689;3.25918248802226e-14;0.0;0.0;7.151729306625131e-13;0.0;-0.629095471167865
5510.0;38.64344014038125;-0.345794842;0.0;4.2603530846762436e-14;0.7975584639871678;0.0;2.484870402018619e-12;0.17669284694009318;3.170204876708803e-14;0.0;0.0;0.0;0.0;-0.6290956083440048
5511.0;66.76278546028064;-0.3410537990000001;0.015081402367712302;4.3808077039844447e-14;0.7367800923337569;0.0;3.175357756681486e-12;0.19178921788312275;3.386865538246441e-14;0.0;0.0;7.257693080026534e-13;0.0;-0.60254695573776
5512.0;66.76096614052597;-0.33418289200000006;0.015081402367711012;4.380799613013895e-14;0.6348073377959289;0.0;3.378571754617474e-12;0.19069768144253937;3.386851776394769e-14;0.0;0.0;7.257681285416378e-13;0.0;-0.5063580223006481
5513.0;66.75803446527148;-0.325763774;0.015081402367708935;4.380786609725699e-14;0.4766900457288765;0.0;3.2370444868819655e-12;0.19137989350318715;3.386829659000686e-14;0.0;0.0;7.2576623298623e-13;0.0;-0.3573518766419568
5514.0;66.7550903579309;-0.31748668999999996;0.01508140236770685;4.3807735509113084e-14;0.3182184877148313;0.0;3.3165552179511536e-12;0.1909120886009421;3.386807446876651e-14;0.0;0.0;7.257643293348953e-13;0.0;-0.20669969558588935
5515.0;66.75216499178156;-0.30727276800000003;0.015081402367704775;4.3807605586561995e-14;0.15943517027320403;0.0;3.1577214949455178e-12;0.18633152496850633;3.386785347681592e-14;0.0;0.0;7.257624353845281e-13;0.0;-0.05355952304961553
5516.0;470.68656984561756;-0.29805423799999997;0.015081402379020746;7.37107637228659e-14;0.051808282357099396;8.0769572947628e-16;3.1385017905146256e-12;0.18308614608911256;4.9374308498411486e-14;0.0;0.04814003347046932;1.119344463974111e-12;1.3736168937952873e-14;-1.9545999849053003e-8
5517.0;703.5249651169615;-0.294627724;0.015081402379187927;1.2113605526987253e-13;0.014057389228428438;1.0908070067216359e-15;3.722477182852736e-12;0.19784141189425408;5.207065523273382e-14;0.0;0.06052986155576625;1.5839625267410228e-12;3.3892120526357882e-12;-1.2691237793171696e-8
5518.0;608.9099589712317;-0.289096114;0.015081402379136796;9.608145494847045e-14;0.009735308184728002;9.549775096655293e-16;3.801554276018455e-12;0.20370843275936795;5.117933731733062e-14;0.0;0.0605298615557473;1.360781163422546e-12;3.3521529294710547e-14;-1.4796999643945823e-8
5519.0;479.92367861030556;-0.279473662;0.015081402379030839;7.48786598789799e-14;0.009409380974996624;8.161236649313751e-16;3.0016383028955602e-12;0.20273384486641202;4.952018518578501e-14;0.0;0.060529861555097014;1.133028591981877e-12;1.4300832433643278e-14;-1.9134412268034358e-8
5520.0;470.68579381255284;-0.269353883;0.015081402379020744;7.371066758061893e-14;0.009395211606343629;8.076950319789477e-16;2.6136530919407696e-12;0.20381563723120127;4.937429611729648e-14;0.0;0.04112263869049619;1.1193433324129534e-12;1.373612358572561e-14;-1.954603501220859e-8
5521.0;0.00013363658627920402;-0.302151082;0.0;0.0;0.0019106430393435686;0.0;9.039094597032888e-11;0.48717029990013405;0.0;0.0;0.0;0.0;0.0;-0.18694255948378607
5522.0;0.00017068351661578754;-0.2993333760000001;0.0;0.0;0.001448349094427391;0.0;8.930309202546464e-11;0.4773067345479698;0.0;0.0;0.0;0.0;0.0;-0.17943341412029254
5523.0;0.0001303660715622691;-0.29676025600000006;0.0;0.0;0.0007047246830808748;0.0;0.0;0.47736179953892816;0.0;0.0;0.0;0.0;0.0;-0.18131748905751544
5524.0;0.0001299068345376437;-0.2962838200000001;0.0;0.0;0.0006907044160105281;0.0;0.0;0.4724501774801121;0.0;0.0;0.0;0.0;0.0;-0.17686828559452125
5525.0;0.00013054793507458976;-0.304148909;0.0;0.0;0.0007047244866483532;0.0;0.0;0.47019805724887015;0.0;0.0;0.0;0.0;0.0;-0.16676511471167088
5526.0;0.0001729275006607336;-0.32198445100000006;0.0;0.0;0.0017154218200314951;0.0;5.781352054537961e-11;0.4660223101851875;0.0;0.0;0.0;0.0;0.0;-0.14576501943390147
5527.0;0.00013481502660082976;-0.339217731;0.0;0.0;0.014379664010259611;0.0;5.7160670685696667e-11;0.45259534693110315;0.0;0.0;0.0;0.0;0.0;-0.1277700900452239
5528.0;0.00013343656251459528;-0.352206607;0.0;0.0;0.11235621609838192;0.0;6.445035435845955e-11;0.44162881809518545;0.0;0.0;0.0;0.0;0.0;-0.20179110695455912
5529.0;0.00013174465666082266;-0.36455345400000005;0.0;0.0;0.3323580932861452;0.0;6.547618915975888e-11;0.411181217907976;0.0;0.0;0.0;0.0;0.0;-0.3789983770507515
5530.0;0.00012055441312517685;-0.375003615;0.0;0.0;0.5710405916735555;0.0;6.745791073388176e-11;0.399712631991206;0.0;0.0;0.0;0.0;0.0;-0.5957610683639832
5531.0;0.00011816599191378752;-0.38318169700000004;0.0;0.0;0.7220199222715897;0.0;6.427160977527815e-11;0.26237798868369894;0.0;0.0;0.0;0.0;0.0;-0.6012274470617964
5532.0;0.00011815172953099113;-0.3876840210000001;0.0;0.0;0.7374161037778566;0.0;6.32846307070117e-11;0.2515118037653818;0.0;0.0;0.0;0.0;0.0;-0.601255118352886
5533.0;0.00011810263521409836;-0.383902;0.0;0.0;0.7275090924965465;0.0;7.693122926918651e-11;0.25772983794714405;0.0;0.0;0.0;0.0;0.0;-0.6013481576388728
5534.0;0.00011805481950080061;-0.38405717400000006;0.0;0.0;0.7157436106901327;0.0;8.426729458912285e-11;0.2697408728458925;0.0;0.0;0.0;0.0;0.0;-0.6014385322092332
5535.0;0.00012278438390611086;-0.37931666300000005;0.0;0.0;0.6759402682376895;0.0;8.667635679597615e-11;0.29173950758091066;0.0;0.0;0.0;0.0;0.0;-0.5883747840690067
5536.0;0.00012774691454312917;-0.3704306150000001;0.0;0.0;0.5344693246066906;0.0;8.669967054962853e-11;0.3861932787245458;0.0;0.0;0.0;0.0;0.0;-0.5502441298103987
5537.0;0.00013219119899101015;-0.35948515500000006;0.0;0.0;0.33058994825161603;0.0;8.572827685025428e-11;0.3585493938435478;0.0;0.0;0.0;0.0;0.0;-0.32966674926815437
5538.0;0.00013523559436138415;-0.346950019;0.0;0.0;0.13510640991583464;0.0;9.205395043379039e-11;0.32609108366252754;0.0;0.0;0.0;0.0;0.0;-0.1142603246754057
5539.0;0.00017131603597040338;-0.34604658000000005;0.0;0.0;0.027612230387393136;0.0;9.354598752626745e-11;0.32983529330271616;0.0;0.0;0.0;0.0;0.0;-0.01141720861791109
5540.0;0.00015589938515209642;-0.34515360500000003;0.0;0.0;0.005427898905312381;0.0;9.572185805459442e-11;0.3579551581562032;0.0;0.0;0.0;0.0;0.0;-0.018244257591402326
5541.0;0.00014059932201683587;-0.33781877200000004;0.0;0.0;0.002928046679313147;0.0;9.597829791297719e-11;0.3827946305271007;0.0;0.0;0.0;0.0;0.0;-0.047917262983433025
5542.0;0.00013768358120655295;-0.32628709600000005;0.0;0.0;0.0021341663559697093;0.0;9.307195394897552e-11;0.39427776946163406;0.0;0.0;0.0;0.0;0.0;-0.0701379218615034
5543.0;0.00013611446370670994;-0.315546954;0.0;0.0;0.0019161044456616405;0.0;9.478157090481764e-11;0.406913213713668;0.0;0.0;0.0;0.0;0.0;-0.09329529696569094
5544.0;0.00017093501531518495;-0.30589878100000006;0.0;0.0;0.0014343040144072319;0.0;9.238820316623022e-11;0.41592044894813135;0.0;0.0;0.0;0.0;0.0;-0.11146783036022245
5545.0;0.0001324267357185899;-0.28553443300000003;0.0;0.0;0.00021489650063820218;0.0;0.0;0.4062481858648249;0.0;0.0;0.0;0.0;0.0;-0.12094347658208017
5546.0;0.000135890612769176;-0.21868365400000006;0.0;0.0;0.00025601274156013493;0.0;0.0;0.3653747152699831;0.0;0.0;0.0;0.0;0.0;-0.14696172583686165
5547.0;0.00013191536578665777;-0.218376282;0.0;0.0;0.00021489658372476837;0.0;0.0;0.3645054030031807;0.0;0.0;0.0;0.0;0.0;-0.14635876266411596
5548.0;0.00013262318620283495;-0.2736385230000001;0.0;0.0;0.0002148964445221196;0.0;0.0;0.3866539646793118;0.0;0.0;0.0;0.0;0.0;-0.11324519697099635
5549.0;0.0001327505418697498;-0.27193042;0.0;0.0;0.0002148964024073334;0.0;0.0;0.38043102181027966;0.0;0.0;0.0;0.0;0.0;-0.10873037758896278
5550.0;0.00013843086446856443;-0.273445837;0.0;0.0;0.00026973938466258137;0.0;0.0;0.38076812693970497;0.0;0.0;0.0;0.0;0.0;-0.10760680521390321
5551.0;0.00020704209789717659;-0.2781259670000001;0.0;0.0;0.0014848132366198008;0.0;4.530128656934678e-11;0.3895563362750045;0.0;0.0;0.0;0.0;0.0;-0.11293088504536686
5552.0;0.00017893513992341912;-0.28547068300000006;0.0;0.0;0.015699815350036544;0.0;5.041502796487493e-11;0.39801518019809823;0.0;0.0;0.0;0.0;0.0;-0.128261285933562
5553.0;0.00017640376890486642;-0.29700993400000003;0.0;0.0;0.12864842541973157;0.0;5.740950057154309e-11;0.39937791434070596;0.0;0.0;0.0;0.0;0.0;-0.23103313962094335
5554.0;0.00017426433004261274;-0.311892746;0.0;0.0;0.29448183767395825;0.0;6.232892909755766e-11;0.40574201510419217;0.0;0.0;0.0;0.0;0.0;-0.3883476383134703
5555.0;0.0001702816155540663;-0.32166132999999997;0.0;0.0;0.44324297691872605;0.0;6.269419389453483e-11;0.4060617496935105;0.0;0.0;0.0;0.0;0.0;-0.5276595511860926
5556.0;0.00016588072209452976;-0.32721285800000005;0.0;0.0;0.5228467211621152;0.0;6.5872772029382e-11;0.37411791698410224;0.0;0.0;0.0;0.0;0.0;-0.5697675179277826
5557.0;0.00016701680109845174;-0.33259949200000005;0.0;0.0;0.541498822350426;0.0;6.776903504076843e-11;0.35363433991569015;0.0;0.0;0.0;0.0;0.0;-0.5625495156816426
5558.0;0.0001661916388992865;-0.33101353200000005;0.0;0.0;0.47871993144443625;0.0;7.84237955589287e-11;0.4202235715586301;0.0;0.0;0.0;0.0;0.0;-0.5679457382699892
5559.0;0.00017114466182359937;-0.32569397499999997;0.0;0.0;0.369589332685793;0.0;8.26281570466993e-11;0.4678994562805981;0.0;0.0;0.0;0.0;0.0;-0.5118110502954746
5560.0;0.00017463546087321651;-0.31698223900000005;0.0;0.0;0.21575045880320595;0.0;7.997809094420737e-11;0.46345075007506686;0.0;0.0;0.0;0.0;0.0;-0.36223553654611385
5561.0;0.00017617912360982438;-0.32053506100000007;0.0;0.0;0.06226575369041847;0.0;8.405810132237377e-11;0.50390464650277;0.0;0.0;0.0;0.0;0.0;-0.24565205184440533
5562.0;0.0001766067847074086;-0.336495667;0.0;0.0;0.006914888364352919;0.0;8.701123813731069e-11;0.5481827572955417;0.0;0.0;0.0;0.0;0.0;-0.21861873198583992
5563.0;0.00015283820022326738;-0.33787659400000003;0.0;0.0;0.0004488664343038995;0.0;0.0;0.5868304045695149;0.0;0.0;0.0;0.0;0.0;-0.2494171339899405
5564.0;0.0001379335811186621;-0.33502048;0.0;0.0;0.0002834665387963206;0.0;0.0;0.5858902545068884;0.0;0.0;0.0;0.0;0.0;-0.25116768763442276
5565.0;0.0001346810235160055;-0.32904009600000006;0.0;0.0;0.00025601018057653727;0.0;0.0;0.5837414741371275;0.0;0.0;0.0;0.0;0.0;-0.2549718566342668
5566.0;0.00013182679601202125;-0.321559802;0.0;0.0;0.00022858866458522702;0.0;0.0;0.5804586888568516;0.0;0.0;0.0;0.0;0.0;-0.25914199017471595
5567.0;0.000131888293935877;-0.31582349900000006;0.0;0.0;0.00022858872634721293;0.0;0.0;0.5666188865366955;0.0;0.0;0.0;0.0;0.0;-0.2510385005371948
5568.0;0.00013322647064635196;-0.308540882;0.0;0.0;0.0002422960020666575;0.0;0.0;0.5580336539512607;0.0;0.0;0.0;0.0;0.0;-0.24974956440322202
5569.0;0.00010969254141794815;-0.37654580000000004;0.0;0.0;0.00023282398699077598;0.0;0.0;0.6269239583718379;0.0;0.0;0.0;0.0;0.0;-0.250628158396937
5570.0;0.00010809012170652477;-0.37321964;0.0;0.0;0.00021812366614988826;0.0;0.0;0.6273472702664451;0.0;0.0;0.0;0.0;0.0;-0.2543629485775783
5571.0;0.00010808569707949935;-0.37068752000000005;0.0;0.0;0.00021812371549377637;0.0;0.0;0.6266109876813939;0.0;0.0;0.0;0.0;0.0;-0.25615878439245493
5572.0;0.00010966365710062331;-0.36723316000000006;0.0;0.0;0.00023282479866537282;0.0;0.0;0.6201224328096702;0.0;0.0;0.0;0.0;0.0;-0.25313927050886936
5573.0;0.00010963711459876439;-0.36877096;0.0;0.0;0.00023282551705691959;0.0;0.0;0.6248461499316208;0.0;0.0;0.0;0.0;0.0;-0.25632518473386984
5574.0;0.00010964693034363278;-0.37497739999999996;0.0;0.0;0.00023282475799366333;0.0;0.0;0.6372158802383059;0.0;0.0;0.0;0.0;0.0;-0.26248846967368433
5575.0;0.0001184952862130824;-0.3915012;0.0;0.0;0.00030644628290941235;0.0;0.0;0.6474275821430068;0.0;0.0;0.0;0.0;0.0;-0.256249969917205
5576.0;0.0002000045278907065;-0.41331988;0.0;0.0;0.008038950701899975;0.0;0.0;0.652142797033862;0.0;0.0;0.0;0.0;0.0;-0.24687955095339653
5577.0;0.00025715463266046845;-0.42376820000000004;0.0;0.0;0.04367984096214191;0.0;7.061592682521833e-11;0.6282697679521483;0.0;0.0;0.0;0.0;0.0;-0.24819651901406561
5578.0;0.00014005827335376213;-0.43062212;0.0;0.0;0.12289226501559614;0.0;0.0;0.6254214286354066;0.0;0.0;0.0;0.0;0.0;-0.31771219202176715
5579.0;0.00013910114318007756;-0.4378173999999999;0.0;0.0;0.23802344334648382;0.0;0.0;0.6350145864219537;0.0;0.0;0.0;0.0;0.0;-0.43524112304791673
5580.0;0.0001380522899826958;-0.44304767999999994;0.0;0.0;0.31427955074351976;0.0;0.0;0.6410410606555851;0.0;0.0;0.0;0.0;0.0;-0.512293273931165
5581.0;0.00013751620749723854;-0.44328848;0.0;0.0;0.3351113215032161;0.0;0.0;0.643140516367901;0.0;0.0;0.0;0.0;0.0;-0.534983623043627
5582.0;0.00013835076623613783;-0.43949079999999996;0.0;0.0;0.2925508612189717;0.0;0.0;0.6427244899316842;0.0;0.0;0.0;0.0;0.0;-0.49580493662622194
5583.0;0.00013926310698718044;-0.43559216;0.0;0.0;0.22083355255661904;0.0;0.0;0.6322776514174778;0.0;0.0;0.0;0.0;0.0;-0.4175395602963982
5584.0;0.00014010562302721282;-0.42890892;0.0;0.0;0.12402749605762513;0.0;0.0;0.6154533434491448;0.0;0.0;0.0;0.0;0.0;-0.31059254485260157
5585.0;0.00025799987359468397;-0.42618555999999996;0.0;0.0;0.045849681712586444;0.0;7.1452822314016e-11;0.6097763703488364;0.0;0.0;0.0;0.0;0.0;-0.22945547898485857
5586.0;0.00021200320549142647;-0.42904052;0.0;0.0;0.011056400933119498;0.0;0.0;0.6168813714918183;0.0;0.0;0.0;0.0;0.0;-0.19891468438653453
5587.0;0.00015459460392130888;-0.43006195999999997;0.0;0.0;0.000873672280104206;0.0;0.0;0.6198467346858755;0.0;0.0;0.0;0.0;0.0;-0.19067596673829362
5588.0;0.00011696087775131634;-0.42405836;0.0;0.0;0.00029171772530313844;0.0;0.0;0.6038558508604331;0.0;0.0;0.0;0.0;0.0;-0.18010641950392775
5589.0;0.00011329075044710815;-0.4133858;0.0;0.0;0.0002622627894134155;0.0;0.0;0.5922640227335668;0.0;0.0;0.0;0.0;0.0;-0.17915770283480761
5590.0;0.00011322256948035828;-0.40012656;0.0;0.0;0.0002622651806719664;0.0;0.0;0.5894155518356278;0.0;0.0;0.0;0.0;0.0;-0.1895684571115217
5591.0;0.00011324405031630237;-0.38971768;0.0;0.0;0.00026225823775532977;0.0;0.0;0.5854212568428674;0.0;0.0;0.0;0.0;0.0;-0.1959830341145474
5592.0;0.00011323600062156715;-0.38036040000000004;0.0;0.0;0.0002622558892964975;0.0;0.0;0.5835815088818833;0.0;0.0;0.0;0.0;0.0;-0.2035005569563914
5593.0;49.99880502716574;-0.3375342;0.01755555542550924;3.628192181966041e-14;0.0002578869693294507;0.0;9.857247497496534e-11;0.46224582185430085;3.3522502235356925e-14;0.0;0.0;6.213349732985018e-13;0.0;-0.14254106625848845
5594.0;49.99878847609696;-0.33257016;0.017634002466878837;3.628192127358388e-14;0.00025788696932945023;0.0;1.2060930835941432e-10;0.474107860868429;3.3522500791205397e-14;0.0;0.0;6.213349647266359e-13;0.0;-0.15944579527507768
5595.0;49.99876952097696;-0.3335424;0.017637635334345644;3.628192066569054e-14;0.0002730551926728666;0.0;1.3513627956130268e-10;0.4910098285663475;3.352249918357584e-14;0.0;0.0;6.213349551841769e-13;0.0;-0.1753945723361899
5596.0;49.99875187446593;-0.33517548;0.017614143405069733;3.6281920103909294e-14;0.0002578869693294491;0.0;1.4511725377575024e-10;0.5075476957133148;3.3522497697890795e-14;0.0;0.0;6.213349463656044e-13;0.0;-0.19026092766017771
5597.0;49.99874297201167;-0.33833268;0.01759729041705479;3.628191982027682e-14;0.00024271534922792122;0.0;1.5385514834880505e-10;0.5160657498388007;3.352249694779792e-14;0.0;0.0;6.213349419133048e-13;0.0;-0.1955898717257603
5598.0;49.99871775558254;-0.34684604;0.017560042090165817;3.6281919009099807e-14;0.00024271534922792044;0.0;1.5918998066366113e-10;0.5391574391892312;3.352249480256559e-14;0.0;0.0;6.213349291799966e-13;0.0;-0.21013128267849498
5599.0;49.99868435184569;-0.36699956;0.01751852940214472;3.62819179248502e-14;0.0003640730246286485;0.0;1.5955813229192346e-10;0.5690424958448532;3.352249193516338e-14;0.0;0.0;6.213349121600317e-13;0.0;-0.21994310631675754
5600.0;49.99865998680503;-0.39143404000000004;0.017528093432680872;3.628191709569736e-14;0.006735350133978538;0.0;1.6038660508386554e-10;0.5885889885994661;3.352248974239078e-14;0.0;0.0;6.213348991444482e-13;0.0;-0.22143607488224004
5601.0;49.99865187643378;-0.40448652000000007;0.017330419591062553;3.628191676440143e-14;0.03625560170304783;0.0;1.6030988302874014e-10;0.5991000211825046;3.352248886624657e-14;0.0;0.0;6.213348939439637e-13;0.0;-0.2482163052456722
5602.0;49.99867270956112;-0.41136920000000005;0.016511106874552012;3.628191733297864e-14;0.10576320476909595;0.0;1.608009066712447e-10;0.5960626472841368;3.352249036990502e-14;0.0;0.0;6.213349028692425e-13;0.0;-0.3069819850405296
5603.0;49.99868633172067;-0.4154650800000001;0.015370077347965812;3.628191755711026e-14;0.1988748731530216;0.0;1.6064746087474527e-10;0.5937247349729093;3.3522490962638896e-14;0.0;0.0;6.213349063874484e-13;0.0;-0.39251556678347577
5604.0;49.998683666896454;-0.4201704;0.014436191933642251;3.628191726934713e-14;0.2758004609434798;0.0;1.5750293358880947e-10;0.5996844983827154;3.3522490201624654e-14;0.0;0.0;6.213349018703185e-13;0.0;-0.4697591648874406
5605.0;49.998677604217306;-0.41944588000000005;0.013874807390234648;3.628191696337835e-14;0.3243738658520879;0.0;1.5624575986429635e-10;0.606870709264004;3.352248939246026e-14;0.0;0.0;6.213348970673977e-13;0.0;-0.5256803324685038
5606.0;49.998669744980575;-0.41510416000000006;0.013955751076677217;3.628191673916919e-14;0.3147714412720852;0.0;1.50685100577385e-10;0.6136065834981347;3.3522488799517165e-14;0.0;0.0;6.21334893547951e-13;0.0;-0.5272368674997452
5607.0;49.99866505775672;-0.41027032;0.01448618930939202;3.6281916705453096e-14;0.2648631019340688;0.0;1.4097760648197063e-10;0.6158486816300937;3.352248871035372e-14;0.0;0.0;6.213348930186588e-13;0.0;-0.48493666662847107
5608.0;49.99868067724181;-0.40273476;0.015448701686757379;3.628191742147445e-14;0.18402372868734157;0.0;1.4073337085139396e-10;0.5984867956915715;3.352249060393897e-14;0.0;0.0;6.213349042583889e-13;0.0;-0.39523599567329903
5609.0;49.99867971769587;-0.39781916000000006;0.016579802413854174;3.6281917593451274e-14;0.09522025693095311;0.0;1.4748712752136582e-10;0.5894992434872278;3.352249105874856e-14;0.0;0.0;6.213349069578929e-13;0.0;-0.3034946262722883
5610.0;49.99868089636365;-0.39647912;0.017372437754827892;3.628191772339133e-14;0.02985398475025298;0.0;1.4811426769089804e-10;0.5733350584846575;3.352249140238798e-14;0.0;0.0;6.213349089976169e-13;0.0;-0.22409898028331635
5611.0;49.998667847886914;-0.39758812;0.01752524973801212;3.6281917357861915e-14;0.0035042026633256953;0.0;1.4900161731472894e-10;0.5818722775522275;3.352249043570788e-14;0.0;0.0;6.213349032597751e-13;0.0;-0.2053313067017711
5612.0;49.998664990166766;-0.39396559999999997;0.017508714520137216;3.6281917280422785e-14;0.0008495037262316502;0.0;1.4479625956541259e-10;0.5851683527184471;3.352249023091525e-14;0.0;0.0;6.213349020441298e-13;0.0;-0.20957879515212802
5613.0;49.998648845009754;-0.38516868000000004;0.017490348880257217;3.628191676404196e-14;0.00047026247668597047;0.0;1.34450653325761e-10;0.5994737033269019;3.3522488865296603e-14;0.0;0.0;6.213348939383802e-13;0.0;-0.23228368041593533
5614.0;49.998627858118;-0.37319592;0.017452149454089086;3.628191609081509e-14;0.0003792412479720655;0.0;1.187465415064387e-10;0.6181578509161754;3.3522487084884847e-14;0.0;0.0;6.213348833704241e-13;0.0;-0.26281163591596307
5615.0;49.99863663867051;-0.36208492;0.017390903099426532;3.6281916390535985e-14;0.0002578869693294455;0.0;9.610607571189747e-11;0.6120831066298239;3.3522487877524206e-14;0.0;0.0;6.213348880752206e-13;0.0;-0.2676651690602432
5616.0;49.99863899161396;-0.35148108;0.017305470845810834;3.62819164877495e-14;0.0002730551926728626;0.0;7.841441493219814e-11;0.6125621880573201;3.35224881346142e-14;0.0;0.0;6.213348896011621e-13;0.0;-0.2786777968837427
5617.0;69.00401465250961;-0.32203128000000003;0.019393495177911176;6.169948641380779e-14;0.008282660070411174;0.0;8.037177252707733e-11;0.3111533448268784;3.311528166693504e-14;0.0;0.0;9.559925115042721e-13;0.0;-0.016908142010998054
5618.0;69.00405062900897;-0.31538728000000005;0.019393495177911207;6.169948839263303e-14;0.006462296637778971;0.0;8.512131161111793e-11;0.3052510709777487;3.311528349326663e-14;0.0;0.0;9.559925362377996e-13;0.0;-0.015829157605430903
5619.0;69.0042331470246;-0.31332215999999996;0.019393495177911356;6.16994984409315e-14;0.004914986701014168;0.0;8.368471039363929e-11;0.3001728141649818;3.3115292767200455e-14;0.0;0.0;9.559926618324577e-13;0.0;-0.011266546248574769
5620.0;69.0053610126895;-0.31293308;0.019393495177912303;6.169956161664318e-14;0.00326148731219206;0.0;8.606625893276783e-11;0.2945867346547649;3.3115351074216715e-14;0.0;0.0;9.559934514717884e-13;0.0;-0.004403079203930939
5621.0;69.00505356760507;-0.31484972;0.019393495177912046;6.169954441902026e-14;0.0013956124160133627;0.0;8.426504570092133e-11;0.299233818007266;3.311533520196412e-14;0.0;0.0;9.55993236516912e-13;0.0;-0.005271160834786045
5622.0;73.58464821401788;-0.32312628;0.01939349518103414;6.195917306343145e-14;0.0011984085288769624;0.0;8.235542441050653e-11;0.3018687614705423;3.3353339813066354e-14;0.0;2.2834051904870864e-14;9.592351657817485e-13;0.0;-1.9405207087675563e-6
5623.0;141.44461433662465;-0.34113116;0.019393495190646513;6.607837872837517e-14;0.017703050685857414;0.0;8.726462270354705e-11;0.2999716007028459;3.6695019245046783e-14;0.0;2.703340627265728e-14;1.0098209500272775e-12;8.055041058310297e-15;-1.4348568264473877e-7
5624.0;69.00345067389821;-0.3621018;0.019393495177910676;6.169945300913576e-14;0.12184309591017368;0.0;7.50658676276357e-11;0.2963018433919972;3.311525083652986e-14;0.0;0.0;9.559920939758624e-13;0.0;-0.07553570015363792
5625.0;69.00276791137459;-0.38110984000000003;0.019393495177910034;6.169941012654669e-14;0.3666821814046923;0.0;7.007416955102013e-11;0.2847559969615899;3.3115211258524107e-14;0.0;0.0;9.55991557981954e-13;0.0;-0.28979166881259705
5626.0;69.00208933220539;-0.39266784;0.019393495177909385;6.169936706364032e-14;0.6266302983357938;0.0;6.659226206549047e-11;0.25965216772190625;3.31151715140119e-14;0.0;0.0;9.559910197341852e-13;0.0;-0.5130460058788336
5627.0;-0.0018544665315208433;-0.3968438;0.0;0.0;0.819783718274803;0.0;0.0;0.227029841698394;0.0;0.0;0.0;0.0;0.0;-0.6499517159748274
5628.0;-0.0018545132063302792;-0.40060032;0.0;0.0;0.9043498902145995;0.0;0.0;0.14622018861361033;0.0;0.0;0.0;0.0;0.0;-0.6499517159748275
5629.0;-0.0018545105121638905;-0.40411588;0.0;0.0;0.8962639892179853;0.0;0.0;0.1578216504762115;0.0;0.0;0.0;0.0;0.0;-0.6499517159748275
5630.0;-0.0018545219136117865;-0.40290124;0.0;0.0;0.8829884568627487;0.0;0.0;0.16988254155867014;0.0;0.0;0.0;0.0;0.0;-0.6499517159748276
5631.0;-0.001854529885313962;-0.39568008;0.0;0.0;0.8698340610782047;0.0;0.0;0.17581577617265956;0.0;0.0;0.0;0.0;0.0;-0.6499517159748276
5632.0;-0.0018544794894109148;-0.38586044;0.0;0.0;0.7752621599477402;0.0;0.0;0.26056803818405166;0.0;0.0;0.0;0.0;0.0;-0.6499517159748274
5633.0;69.00222373075572;-0.37453936000000004;0.019393495177909524;6.169937622530942e-14;0.5545893557064314;0.0;6.366709337392115e-11;0.30831718790126245;3.311517996969931e-14;0.0;0.0;9.559911342468979e-13;0.0;-0.5078092663688233
5634.0;69.00297669058638;-0.36682568;0.01939349517791023;6.169942330729736e-14;0.2898779495912558;0.0;6.129012769625388e-11;0.2858866267434194;3.3115223423561606e-14;0.0;0.0;9.559917227297588e-13;0.0;-0.22841142890409047
5635.0;69.00413381787554;-0.36255223999999997;0.019393495177911245;6.169949109454742e-14;0.0840553524921309;0.0;6.625425885325533e-11;0.2690134055810312;3.31152859869593e-14;0.0;0.0;9.559925700093093e-13;0.0;-0.010005871558233674
5636.0;510.4368603019281;-0.36574304;0.01939349519332348;1.0341695626459889e-13;0.01686871518206768;1.136101430108142e-15;8.510652557253229e-11;0.27267358129859326;4.760022927309473e-14;0.0;0.056827365894946934;1.4001669373713794e-12;1.999479153947769e-14;-2.7766081260217605e-8
5637.0;510.4366539265995;-0.3610466;0.019393495193323475;1.0341692129880359e-13;0.008540547042962351;1.1361011757971576e-15;7.001342257734588e-11;0.2803771999811623;4.760022548633136e-14;0.0;0.05275393655272706;1.4001666247432232e-12;1.9994773772946757e-14;-2.7766094368075407e-8
5638.0;510.4366405796274;-0.35198992;0.019393495193323475;1.0341691906400553e-13;0.008874280225719657;1.1361011595431393e-15;6.100817616521088e-11;0.2822935221807624;4.7600225244301864e-14;0.0;0.04144723724910022;1.400166604762055e-12;1.9994772637421647e-14;-2.7766095205849165e-8
5639.0;510.4366418014111;-0.34126608;0.019393495193323475;1.0341691932048322e-13;0.008874280225719657;1.1361011614085366e-15;5.2559825069271226e-11;0.28385532542285763;4.760022527207704e-14;0.0;0.02916153176129982;1.4001666070554133e-12;1.9994772767738136e-14;-2.7766095109701774e-8
5640.0;510.436635360746;-0.33034564000000005;0.019393495193323475;1.0341691835131189e-13;0.008677072941706524;1.13610115435973e-15;4.0897077835663784e-11;0.2860495155875861;4.7600225167118805e-14;0.0;0.016240927485609184;1.4001665983898692e-12;1.9994772275294253e-14;-2.776609547302147e-8
5641.0;19.571999567854366;-0.23962316000000006;0.0;0.0;0.006371277105145786;0.0;3.222976559306016e-11;0.2653532281081227;3.079610278834951e-14;0.0;0.0;0.0;0.0;-0.031082982761819842
5642.0;19.572155540091035;-0.23636188;0.0;0.0;0.003549710727483596;0.0;3.513011098634054e-11;0.248671637059464;3.079611565059525e-14;0.0;0.0;0.0;0.0;-0.014839181298429671
5643.0;19.573124674962067;-0.23351476;0.0;0.0;0.0019720609472740178;0.0;3.42721248062597e-11;0.235726877985929;3.0796195760350856e-14;0.0;0.0;0.0;0.0;-0.0031519126320753276
5644.0;49.999737021243455;-0.23074944;0.006932459367559538;3.794395739423131e-14;0.0007281460507588516;0.0;4.440830686795627e-11;0.2230791465546378;3.337114587669018e-14;0.0;0.0;6.455591997170924e-13;0.0;-2.2299403168277507e-7
5645.0;19.576083319519718;-0.23128611999999998;0.0;0.0;0.0006067883728005477;0.0;4.063495840767294e-11;0.23258410655965464;3.0796439587868685e-14;0.0;0.0;0.0;0.0;-0.0008413865281499327
5646.0;19.57220383344414;-0.23306064;0.0;0.0;0.015943363540082665;0.0;4.1288616168307625e-11;0.22999707106363668;3.079611905164447e-14;0.0;0.0;0.0;0.0;-0.011856494925426729
5647.0;19.57178715751718;-0.23871687999999996;0.0;0.0;0.079216215395525;0.0;3.9407387485680745e-11;0.22685430139255416;3.0796082418286986e-14;0.0;0.0;0.0;0.0;-0.06632563433195583
5648.0;19.571334541529165;-0.25196551999999994;0.0;0.0;0.24201752081103114;0.0;3.735936861128023e-11;0.22021424309288415;3.0796039162940765e-14;0.0;0.0;0.0;0.0;-0.2092188164164818
5649.0;19.570777474094896;-0.26875808000000007;0.0;0.0;0.45131398242998916;0.0;3.4818104179842384e-11;0.22167064880707243;3.0795985635685084e-14;0.0;0.0;0.0;0.0;-0.4031541523957399
5650.0;19.570292060323617;-0.2828476;0.0;0.0;0.626129699408549;0.0;3.15121510387155e-11;0.22395107331281564;3.079593927807795e-14;0.0;0.0;0.0;0.0;-0.5661401920414656
5651.0;-0.001845766428706483;-0.29238091999999993;0.0;0.0;0.7101177615584261;0.0;0.0;0.2322302237460026;0.0;0.0;0.0;0.0;0.0;-0.6499516016059095
5652.0;-0.0018561266495636499;-0.29713612;0.0;0.0;0.7348209426586789;0.0;0.0;0.2122850010607917;0.0;0.0;0.0;0.0;0.0;-0.6499516016060768
5653.0;-0.0018561280549870048;-0.29753524000000003;0.0;0.0;0.7573156511474319;0.0;0.0;0.19018941262019518;0.0;0.0;0.0;0.0;0.0;-0.6499516016060768
5654.0;-0.001856140758601017;-0.29613844000000006;0.0;0.0;0.7567744266172064;0.0;0.0;0.1893338384175897;0.0;0.0;0.0;0.0;0.0;-0.649951601606077
5655.0;-0.0018561167766547437;-0.293437;0.0;0.0;0.7167228244408569;0.0;0.0;0.22668399838846506;0.0;0.0;0.0;0.0;0.0;-0.6499516016060767
5656.0;-0.0018561144252345735;-0.28958024;0.0;0.0;0.6310837789957983;0.0;0.0;0.3084662838749781;0.0;0.0;0.0;0.0;0.0;-0.6499516016060767
5657.0;19.570494687025146;-0.28390287999999997;0.0;0.0;0.4972478600216048;0.0;3.972652321261847e-11;0.3415270627477048;3.079596116588603e-14;0.0;0.0;0.0;0.0;-0.5537994673250433
5658.0;19.570929212127147;-0.28077872000000004;0.0;0.0;0.33255033816809587;0.0;3.772989700601595e-11;0.3577583171492056;3.0796003069955174e-14;0.0;0.0;0.0;0.0;-0.4084775780663996
5659.0;19.5713951461216;-0.27320512;0.0;0.0;0.15994940088857393;0.0;3.1501915707660143e-11;0.3547017818191378;3.079604778801683e-14;0.0;0.0;0.0;0.0;-0.2404142133251938
5660.0;19.57172688940882;-0.27251971999999997;0.0;0.0;0.04189873445574171;0.0;3.6783223873777306e-11;0.3459154430771618;3.079607936610927e-14;0.0;0.0;0.0;0.0;-0.11427623705405121
5661.0;19.571815099797558;-0.27124571999999997;0.0;0.0;0.013364514211600915;0.0;3.176530204907934e-11;0.3451010041238609;3.0796087699704334e-14;0.0;0.0;0.0;0.0;-0.08620485001208655
5662.0;19.571828170356827;-0.26921664;0.0;0.0;0.010163704886013973;0.0;3.11551574959703e-11;0.3427822549995254;3.079608888650818e-14;0.0;0.0;0.0;0.0;-0.08271463737338407
5663.0;19.571816626864695;-0.26532136;0.0;0.0;0.010178874807736448;0.0;3.3385948422774894e-11;0.34794674439811496;3.079608794609753e-14;0.0;0.0;0.0;0.0;-0.09178984641013838
5664.0;19.571814796310733;-0.25891384000000006;0.0;0.0;0.01016370488601397;0.0;3.5496065803964525e-11;0.3467011337397404;3.079608777904905e-14;0.0;0.0;0.0;0.0;-0.09693656206422076
5665.0;363.5708581244746;-0.26106904;0.019393495193422677;4.8906231328564474e-14;0.009526578367938972;5.91832064034224e-16;8.479506492278594e-12;0.23130017128363603;4.924909316196152e-14;0.0;3.933848776017713e-14;8.146743933097167e-13;7.284030688494664e-15;-2.1029461415023086e-8
5666.0;307.669954948106;-0.25517664;0.019393495193300272;4.5710812083081866e-14;0.008388849524126723;5.630185704495786e-16;8.176340301410009e-12;0.22993958150389956;4.782748609846602e-14;0.0;2.849318969499609e-14;7.673532825796876e-13;6.382544429796529e-15;-2.4881638927798708e-8
5667.0;263.10649410088354;-0.25229468;0.019393495193156692;4.344705943251268e-14;0.007038743474575002;5.419795035489435e-16;1.2079782258278062e-11;0.2300353974383504;4.641951262822576e-14;0.0;2.335933949267177e-14;7.332883225626391e-13;5.809384934177831e-15;-2.913652924497624e-8
5668.0;245.56245347973612;-0.25385004;0.019393495193082217;4.261605184135354e-14;0.006204411366850592;5.341210743056816e-16;2.2001551377926826e-11;0.23087857941679263;4.578133233644518e-14;0.0;2.1812146029152805e-14;7.206715000293407e-13;5.611018995750186e-15;-3.123969118918331e-8
5669.0;239.89959001163706;-0.25969784;0.01939349519305524;4.235454825607014e-14;0.01265153638642649;5.316328593121241e-16;2.4900833042677914e-11;0.22975753122840745;4.556380659291931e-14;0.0;2.1355581897469764e-14;7.166888339511112e-13;5.549850970525223e-15;-3.198492500206062e-8
5670.0;39.79596138565379;-0.27453808;0.0;3.4804510450239165e-14;0.058524732591176694;0.0;2.0951290264205027e-11;0.21606540260012286;3.271984832408624e-14;0.0;0.0;0.0;0.0;-2.0461574957947687e-7
5671.0;4.888354920824464;-0.28889324000000005;0.0;0.0;0.19308004456322364;0.0;2.0705799430692095e-11;0.19086575742273323;0.0;0.0;0.0;0.0;0.0;-0.09469365572743665
5672.0;4.8877414469616935;-0.31389924;0.0;0.0;0.4250097100968526;0.0;2.2231361011340582e-11;0.1775089880758242;0.0;0.0;0.0;0.0;0.0;-0.28823237522672773
5673.0;4.887036610281364;-0.33154048;0.0;0.0;0.6889777985395219;0.0;2.372171812713468e-11;0.17383923076520671;0.0;0.0;0.0;0.0;0.0;-0.530857813612295
5674.0;-0.0018643041053885338;-0.3465705600000001;0.0;0.0;0.9065186159827922;0.0;0.0;0.09002205018726342;0.0;0.0;0.0;0.0;0.0;-0.6499510356967133
5675.0;-0.0018643111410663277;-0.35783764000000007;0.0;0.0;0.9207996458327665;0.0;0.0;0.08700809904940655;0.0;0.0;0.0;0.0;0.0;-0.6499510356967148
5676.0;-0.0018643012586416108;-0.36019188;0.0;0.0;0.9130399025410559;0.0;0.0;0.09712208128514867;0.0;0.0;0.0;0.0;0.0;-0.6499510356967124
5677.0;-0.0018643001792726906;-0.35815976;0.0;0.0;0.9041553437012214;0.0;0.0;0.10397452001497129;0.0;0.0;0.0;0.0;0.0;-0.6499510356967122
5678.0;-0.001864299014090057;-0.3568618;0.0;0.0;0.8879434461344866;0.0;0.0;0.11888845749875629;0.0;0.0;0.0;0.0;0.0;-0.6499510356967119
5679.0;-0.001864281744478326;-0.35273540000000003;0.0;0.0;0.8687168081673607;0.0;0.0;0.1339886929017492;0.0;0.0;0.0;0.0;0.0;-0.6499510356967078
5680.0;-0.001864259231748651;-0.34582216;0.0;0.0;0.8127576220927721;0.0;0.0;0.1830346344460696;0.0;0.0;0.0;0.0;0.0;-0.6499510356967025
5681.0;4.886994004451326;-0.33671016;0.0;0.0;0.6329712372864015;0.0;4.269608935236403e-11;0.29877389800822163;0.0;0.0;0.0;0.0;0.0;-0.5946286682910762
5682.0;4.887513988390742;-0.32850944000000004;0.0;0.0;0.4465810347763617;0.0;4.1059361447646416e-11;0.3102047653172765;0.0;0.0;0.0;0.0;0.0;-0.42789239673745777
5683.0;4.888033175431505;-0.31712636;0.0;0.0;0.24776683961027796;0.0;3.943874561480645e-11;0.31817666861633603;0.0;0.0;0.0;0.0;0.0;-0.24845731593998535
5684.0;4.888497603728172;-0.30348056;0.0;0.0;0.09789012577576268;0.0;4.1971550938445285e-11;0.2798885369565818;0.0;0.0;0.0;0.0;0.0;-0.07395430437425533
5685.0;4.889496844507724;-0.29475671999999997;0.0;0.0;0.025105867172276027;0.0;3.9466168180333624e-11;0.2742066397567126;0.0;0.0;0.0;0.0;0.0;-0.004210359778406845
5686.0;4.88898705916604;-0.2910910400000001;0.0;0.0;0.009617594486145653;0.0;3.547992436789778e-11;0.2927662283863788;0.0;0.0;0.0;0.0;0.0;-0.010956884958030877
5687.0;4.888858719067562;-0.28232264000000007;0.0;0.0;0.009344540990277856;0.0;3.093934249837957e-11;0.291990117562054;0.0;0.0;0.0;0.0;0.0;-0.018677737219841336
5688.0;4.888871987669548;-0.2647946;0.0;0.0;0.008919788277185736;0.0;3.134729744172172e-11;0.27550973997576317;0.0;0.0;0.0;0.0;0.0;-0.01930008052631603
5689.0;510.43675948501107;-0.25989904;0.019393495193515263;7.351778749243644e-14;0.008039944721332298;8.292748167397034e-16;1.7514456057860986e-11;0.1931366003386866;5.0353375836536894e-14;0.0;0.03935128469759897;1.1251898294753233e-12;1.4215209931890134e-14;-2.1441647360583492e-8
5690.0;510.4367651745255;-0.25775916;0.019393495193515263;7.351778817535885e-14;0.006265089355488464;8.292748219948045e-16;1.8955510962409557e-11;0.19170894116002862;5.035337592753161e-14;0.0;0.040413765020988306;1.1251898376553123e-12;1.4215210278937637e-14;-2.144164705237478e-8
5691.0;510.43676899072517;-0.25566048;0.019393495193515263;7.35177884010071e-14;0.00494532484780268;8.292748237310558e-16;1.9293361530990926e-11;0.1797606660496938;5.0353375957597684e-14;0.0;0.05158327811687824;1.1251898403577114e-12;1.4215210393607165e-14;-2.1441646950537704e-8
5692.0;510.4367984951166;-0.25374984;0.019393495193515263;7.351779189997543e-14;0.005006002836313526;8.292748506556232e-16;1.78972972273571e-11;0.17480697170691803;5.035337642380443e-14;0.0;0.05456489649981506;1.1251898822674375e-12;1.4215212171707824e-14;-2.1441645371424944e-8
5693.0;611.433886234711;-0.25629880000000005;0.0193934951936001;8.69243861740621e-14;0.005946524396104836;9.26828716850317e-16;1.8558304082834217e-11;0.1638360243936668;5.166601540247422e-14;0.0;0.06052986155572421;1.2778740893593086e-12;2.3921443390278204e-14;-1.7323396845091157e-8
5694.0;684.0692322101623;-0.26737616000000003;0.01939349519364441;1.0000997035560389e-13;0.024650776329559178;1.0123703090609379e-15;1.8542851125011644e-11;0.14932946032284836;5.241280653481668e-14;0.0;0.06052986155575358;1.4122994200061911e-12;4.700769139028141e-14;-1.5232302174595894e-8
5695.0;479.161502427168;-0.28534400000000004;0.019393495193480895;7.016294671946698e-14;0.11509257585460982;8.030816056207358e-16;1.3020660173270522e-11;0.13419050932937882;4.986219190286349e-14;0.0;2.2675186450213643e-13;1.0845012886937804e-12;1.2628601471966807e-14;-2.31580662370677e-8
5696.0;125.48294892425221;-0.30534032000000005;0.019393495191110024;4.625111537183171e-14;0.29929834020688667;0.0;8.797892117831138e-12;0.1297542227877529;3.8080361229488124e-14;0.0;1.8421288750168913e-14;7.645918346949537e-13;5.582298664601091e-15;-0.14436773175755166
5697.0;125.48234967986359;-0.32210936;0.01939349519111;4.625108543164816e-14;0.5246595213471532;0.0;8.09865202565524e-12;0.12436935498471154;3.80803205376449e-14;0.0;1.8421256634192936e-14;7.645914009268172e-13;5.582292754212245e-15;-0.3475478970876794
5698.0;125.4818653862249;-0.3331496400000001;0.01939349519110998;4.625106136582667e-14;0.7010832262509886;0.0;7.0458432654966735e-12;0.12976380262600692;3.808028782957285e-14;0.0;1.842123081953023e-14;7.645910522652259e-13;5.582288003464379e-15;-0.5183050078775469
5699.0;125.48146451401372;-0.34287964000000004;0.01939349519110996;4.625104212743527e-14;0.809501126561994;0.0;5.12014322282695e-12;0.1330023882315503;3.808026168243488e-14;0.0;1.8421210183133373e-14;7.64590773542686e-13;5.582284205683508e-15;-0.6202200002134611
5700.0;47.63868840505297;-0.34845684;0.0;4.3020515728115e-14;0.8562086582715853;0.0;3.776678654393847e-12;0.14197078075909692;3.2798611639193393e-14;0.0;0.0;0.0;0.0;-0.6499517443855846
5701.0;-0.0018539127418795791;-0.34917836;0.0;0.0;0.8494450689116042;0.0;0.0;0.14970304159435327;0.0;0.0;0.0;0.0;0.0;-0.6499517738364
5702.0;-0.001853914791949781;-0.34808211999999994;0.0;0.0;0.8414831712027121;0.0;0.0;0.15656869933800968;0.0;0.0;0.0;0.0;0.0;-0.6499517738364
5703.0;65.0977435581149;-0.34331664000000006;0.019393495179601077;4.370524921394063e-14;0.7887186276210879;0.0;3.1805023110042597e-12;0.1885565881400105;3.4068465902269384e-14;0.0;0.0;7.274071855089682e-13;0.0;-0.6499517214021787
5704.0;125.48184649255248;-0.33640612000000003;0.01939349519110998;4.625106110948711e-14;0.6795574113366465;0.0;3.565594772623576e-12;0.1874834496742136;3.8080287481177945e-14;0.0;1.8421230544562905e-14;7.645910485514951e-13;5.5822879528609585e-15;-0.551247513280165
5705.0;125.48231359240863;-0.32795364;0.019393495191109996;4.6251084321084676e-14;0.5102938075830763;0.0;3.4109308068932567e-12;0.18815416297063123;3.80803190282705e-14;0.0;1.842125544292507e-14;7.645913848371203e-13;5.582292534979494e-15;-0.3911271677101581
5706.0;125.48276687563194;-0.31966739999999993;0.019393495191110017;4.6251106944119e-14;0.34065096427833963;0.0;3.49779463603341e-12;0.18769424297483525;3.8080349775359854e-14;0.0;1.8421279709996413e-14;7.645917125958575e-13;5.5822970009146966e-15;-0.22933089557693803
5707.0;125.48326045587291;-0.30943448;0.019393495191110038;4.625113128577857e-14;0.17067438439408758;0.0;3.324424502154611e-12;0.18319088527921737;3.8080382858147146e-14;0.0;1.8421305820630843e-14;7.645920652534549e-13;5.582301806120774e-15;-0.0651035955837499
5708.0;510.4366570309735;-0.30016968;0.019393495193515263;7.351777417491258e-14;0.05546045256282283;8.292747142616989e-16;3.1604436381936458e-12;0.18000020764103786;5.035337406209069e-14;0.0;0.04534408001296024;1.1251896699616071e-12;1.4215203164216632e-14;-2.1441653370893112e-8
5709.0;671.6922990648847;-0.29670663999999997;0.019393495193637592;9.751127107256461e-14;0.015048350051174865;9.967029305789427e-16;3.6512313959224535e-12;0.1945067717118706;5.2294984235607265e-14;0.0;0.06052986155575044;1.387696987154082e-12;4.0368167007041705e-14;-1.5551682100119808e-8
5710.0;571.8765293296472;-0.29109404;0.019393495193570785;8.113327222760113e-14;0.010421588464199567;8.860206546473106e-16;3.715596701246001e-12;0.2002749032527494;5.119559691420546e-14;0.0;0.060529861555679;1.213837475081e-12;1.8873817272209405e-14;-1.87285813555641e-8
5711.0;510.4367635639462;-0.28136432;0.019393495193515263;7.351778809976068e-14;0.010072685359700115;8.292748214130921e-16;3.0110417898177087e-12;0.19931674215294468;5.0353375917456806e-14;0.0;0.05260355256079787;1.1251898367497564e-12;1.4215210240518975e-14;-2.144164708649271e-8
5712.0;510.4367517533601;-0.27116388;0.019393495193515263;7.351778668320823e-14;0.010057517136356695;8.292748105127258e-16;2.6321382877942763e-12;0.2003803007806516;5.0353375728714224e-14;0.0;0.0413547965193101;1.1251898197824208e-12;1.4215209520658585e-14;-2.1441647725794356e-8
5713.0;0.00016375420915684533;-0.30407352;0.0;0.0;0.003107293287183163;0.0;0.0;0.47630227436720496;0.0;0.0;0.0;0.0;0.0;-0.17535218846299372
5714.0;0.00017496898953377768;-0.30124936;0.0;0.0;0.0015521197992129944;0.0;0.0;0.4673468512855366;0.0;0.0;0.0;0.0;0.0;-0.16766627011231391
5715.0;0.00013741947476276828;-0.29866616;0.0;0.0;0.0007564300459939634;0.0;0.0;0.4661929720156653;0.0;0.0;0.0;0.0;0.0;-0.168299060430543
5716.0;0.00013664341536748188;-0.29818320000000004;0.0;0.0;0.0007414225768841194;0.0;0.0;0.46034504237465096;0.0;0.0;0.0;0.0;0.0;-0.1629190729252588
5717.0;0.00013767402647877117;-0.30610424;0.0;0.0;0.0007564357392451307;0.0;0.0;0.45638938016977915;0.0;0.0;0.0;0.0;0.0;-0.15105741506058312
5718.0;0.00017271962583148895;-0.32403536000000005;0.0;0.0;0.00183818749296545;0.0;0.0;0.4490805045478902;0.0;0.0;0.0;0.0;0.0;-0.12690005682279246
5719.0;0.00022311803724157068;-0.34144616;0.0;0.0;0.017783747455415104;0.0;0.0;0.43565608021688756;0.0;0.0;0.0;0.0;0.0;-0.11200888737423387
5720.0;0.00012676314695449404;-0.35453451999999996;0.0;0.0;0.12343982255856421;0.0;0.0;0.4287048592331226;0.0;0.0;0.0;0.0;0.0;-0.19762889253660204
5721.0;0.0001254964843943199;-0.3669264400000001;0.0;0.0;0.36079001575231306;0.0;0.0;0.4038812137368678;0.0;0.0;0.0;0.0;0.0;-0.3977633451591255
5722.0;0.0001177028045200105;-0.3773994;0.0;0.0;0.618137708984404;0.0;0.0;0.37668162860078486;0.0;0.0;0.0;0.0;0.0;-0.6174373693226656
5723.0;0.00010421595127421067;-0.38560292;0.0;0.0;0.7809326559545745;0.0;0.0;0.24211757764835815;0.0;0.0;0.0;0.0;0.0;-0.63746281711101
5724.0;0.0001024988234826708;-0.39012756000000004;0.0;0.0;0.7759815867753392;0.0;0.0;0.25252065816892655;0.0;0.0;0.0;0.0;0.0;-0.6383899448706881
5725.0;0.00010391348599270346;-0.386324;0.0;0.0;0.7640055337142725;0.0;0.0;0.25993847769570805;0.0;0.0;0.0;0.0;0.0;-0.6376354722549109
5726.0;0.00010450431099683148;-0.38647664000000004;0.0;0.0;0.7507436824950021;0.0;0.0;0.2730089571084592;0.0;0.0;0.0;0.0;0.0;-0.6372915444019277
5727.0;0.00011461909215816917;-0.38169968;0.0;0.0;0.7313981103993871;0.0;0.0;0.27634142264780936;0.0;0.0;0.0;0.0;0.0;-0.626056841936734
5728.0;0.00012128355815142571;-0.3727704;0.0;0.0;0.57890586365963;0.0;0.0;0.38831835838607714;0.0;0.0;0.0;0.0;0.0;-0.5944717692799012
5729.0;0.00012573339484411102;-0.3617968;0.0;0.0;0.3590359172691581;0.0;0.0;0.3600908260958338;0.0;0.0;0.0;0.0;0.0;-0.3573485331528785
5730.0;0.00012762434012785742;-0.34924884;0.0;0.0;0.14808082891136268;0.0;0.0;0.3290409770638232;0.0;0.0;0.0;0.0;0.0;-0.12789182391231252
5731.0;0.00023340790810064138;-0.34838779999999997;0.0;0.0;0.03197212146037427;0.0;0.0;0.3310770820439023;0.0;0.0;0.0;0.0;0.0;-0.014678236586740613
5732.0;0.00019333290306565394;-0.3474698;0.0;0.0;0.007984321717478676;0.0;0.0;0.35756580128873067;0.0;0.0;0.0;0.0;0.0;-0.018098156823318428
5733.0;0.0001813735141339625;-0.34003891999999997;0.0;0.0;0.005316889648596463;0.0;0.0;0.3808208976091643;0.0;0.0;0.0;0.0;0.0;-0.046115589809968625
5734.0;0.00017603517915430042;-0.32838256;0.0;0.0;0.004468943029428126;0.0;0.0;0.3906523329954233;0.0;0.0;0.0;0.0;0.0;-0.06675517479898117
5735.0;0.0001645013805450134;-0.31753844;0.0;0.0;0.0029560941762689715;0.0;0.0;0.4032772353299258;0.0;0.0;0.0;0.0;0.0;-0.08871127374732463
5736.0;0.00017561595021714656;-0.30783916000000006;0.0;0.0;0.0015370860753675037;0.0;0.0;0.4113674423540195;0.0;0.0;0.0;0.0;0.0;-0.10508216155078473
5737.0;0.000115752296202285;-0.28736088000000004;0.0;0.0;0.00023129916381172603;0.0;0.0;0.4053398486517136;0.0;0.0;0.0;0.0;0.0;-0.11822881414668795
5738.0;0.0001204684708418467;-0.22013544000000002;0.0;0.0;0.0002754281866516463;0.0;0.0;0.36519105875809044;0.0;0.0;0.0;0.0;0.0;-0.14534942669165823
5739.0;0.00011541885182264126;-0.21981852;0.0;0.0;0.0002313059689096065;0.0;0.0;0.36523643186565935;0.0;0.0;0.0;0.0;0.0;-0.14566767405737022
5740.0;0.00011581766859772449;-0.27541828;0.0;0.0;0.00023131096372461515;0.0;0.0;0.38553404894464155;0.0;0.0;0.0;0.0;0.0;-0.11036564455601416
5741.0;0.00011589026728881367;-0.2736982;0.0;0.0;0.00023130813783196264;0.0;0.0;0.37965818915991584;0.0;0.0;0.0;0.0;0.0;-0.1062098829900321
5742.0;0.00012291681549810789;-0.27522431999999997;0.0;0.0;0.000290143658457777;0.0;0.0;0.3797561166956982;0.0;0.0;0.0;0.0;0.0;-0.10484045470180371
5743.0;0.0002065081642974612;-0.27993812;0.0;0.0;0.001591528206620842;0.0;0.0;0.3891112076775873;0.0;0.0;0.0;0.0;0.0;-0.11078432698721524
5744.0;0.0002707039159375902;-0.28734788;0.0;0.0;0.02168547151676455;0.0;5.081461675728807e-11;0.39585332557793745;0.0;0.0;0.0;0.0;0.0;-0.13020861004428422
5745.0;0.00014968316791155045;-0.29895424;0.0;0.0;0.14327042156687966;0.0;0.0;0.39767153577524994;0.0;0.0;0.0;0.0;0.0;-0.24200974770017541
5746.0;0.00014819104969757385;-0.31391856;0.0;0.0;0.3220942867124671;0.0;0.0;0.4036053836979334;0.0;0.0;0.0;0.0;0.0;-0.41180293215494107
5747.0;0.000144919153699974;-0.32373479999999993;0.0;0.0;0.4824944715433692;0.0;0.0;0.40303161400962;0.0;0.0;0.0;0.0;0.0;-0.5618126349916822
5748.0;0.00014076075992008067;-0.32931388000000006;0.0;0.0;0.5683297238052124;0.0;0.0;0.3638155139481863;0.0;0.0;0.0;0.0;0.0;-0.6028521073462403
5749.0;0.0001411936859658003;-0.33472612;0.0;0.0;0.5884525922129725;0.0;0.0;0.3466773399642516;0.0;0.0;0.0;0.0;0.0;-0.6004246242000447
5750.0;0.00014174426896191016;-0.33313652000000005;0.0;0.0;0.5208961794634873;0.0;0.0;0.4091835044607557;0.0;0.0;0.0;0.0;0.0;-0.596964055090559
5751.0;0.00014583084794722907;-0.32779099999999994;0.0;0.0;0.40329610911429875;0.0;0.0;0.4661319206692902;0.0;0.0;0.0;0.0;0.0;-0.541658510470479
5752.0;0.00014848523755084457;-0.31903004;0.0;0.0;0.23726064870510863;0.0;0.0;0.4624457216865412;0.0;0.0;0.0;0.0;0.0;-0.3806981931119381
5753.0;0.0003067464518175641;-0.32261096000000006;0.0;0.0;0.0720779149443703;0.0;8.468537319743346e-11;0.5027593484401722;0.0;0.0;0.0;0.0;0.0;-0.2522408400181935
5754.0;0.0002295901138158213;-0.33868511999999995;0.0;0.0;0.012127727806313538;0.0;0.0;0.5462581457210717;0.0;0.0;0.0;0.0;0.0;-0.21971925228320746
5755.0;0.0001386308443327264;-0.34007584;0.0;0.0;0.00048225623782872945;0.0;0.0;0.5857863068635448;0.0;0.0;0.0;0.0;0.0;-0.24621097188841
5756.0;0.00012357148412197783;-0.33718879999999996;0.0;0.0;0.00030483924234125833;0.0;0.0;0.5845407573180397;0.0;0.0;0.0;0.0;0.0;-0.24767503447225944
5757.0;0.00011995168873608688;-0.33116356;0.0;0.0;0.00027539480207190774;0.0;0.0;0.5825882412995382;0.0;0.0;0.0;0.0;0.0;-0.2517183214778358
5758.0;0.00011651672651062073;-0.32361971999999994;0.0;0.0;0.00024598475384606113;0.0;0.0;0.5790598440688504;0.0;0.0;0.0;0.0;0.0;-0.25570438052043115
5759.0;0.00011655672127720113;-0.31784064;0.0;0.0;0.000245983817824405;0.0;0.0;0.5660548502185645;0.0;0.0;0.0;0.0;0.0;-0.24847847451548688
5760.0;0.0001182162852369554;-0.31051652;0.0;0.0;0.0002606859156468767;0.0;0.0;0.557942540807338;0.0;0.0;0.0;0.0;0.0;-0.24770496958956437
5761.0;8.653559201509005e-5;-0.37895807000000004;0.0;0.0;0.00025553383215135293;0.0;0.0;0.6260072287330555;0.0;0.0;0.0;0.0;0.0;-0.24733160035528265
5762.0;8.47428261963635e-5;-0.375611456;0.0;0.0;0.0002393555670544612;0.0;0.0;0.6263304123570322;0.0;0.0;0.0;0.0;0.0;-0.2509852562482476
5763.0;8.474022815609079e-5;-0.37306373300000006;0.0;0.0;0.0002393558814311167;0.0;0.0;0.6256325009059241;0.0;0.0;0.0;0.0;0.0;-0.25283506643359954
5764.0;8.653116740795852e-5;-0.36959021400000003;0.0;0.0;0.00025553417331850107;0.0;0.0;0.6189283632387569;0.0;0.0;0.0;0.0;0.0;-0.24962058913120264
5765.0;8.652614421084391e-5;-0.371138584;0.0;0.0;0.0002555346273613961;0.0;0.0;0.6234060162536122;0.0;0.0;0.0;0.0;0.0;-0.25254986996777307
5766.0;8.651831917749292e-5;-0.37738036;0.0;0.0;0.0002555357461792283;0.0;0.0;0.6362065445991402;0.0;0.0;0.0;0.0;0.0;-0.25910861757968884
5767.0;9.499856824707445e-5;-0.39401710500000003;0.0;0.0;0.0003365402136635552;0.0;0.0;0.6461150698458569;0.0;0.0;0.0;0.0;0.0;-0.2524612892783562
5768.0;0.00020986723767180032;-0.41601625200000003;0.0;0.0;0.00881448501984307;0.0;0.0;0.6504789269508213;0.0;0.0;0.0;0.0;0.0;-0.2433037290751199
5769.0;0.00017419701111060133;-0.42658598000000014;0.0;0.0;0.04777618553710623;0.0;0.0;0.6244371884650245;0.0;0.0;0.0;0.0;0.0;-0.24565918697163652
5770.0;0.00016248035486138935;-0.433477973;0.0;0.0;0.13348331431982757;0.0;0.0;0.6195444991560509;0.0;0.0;0.0;0.0;0.0;-0.3195817148213754
5771.0;0.00016213829930854202;-0.440677985;0.0;0.0;0.2591333219774386;0.0;0.0;0.6256464978129841;0.0;0.0;0.0;0.0;0.0;-0.4441336140398147
5772.0;0.00016184977276617748;-0.44591999700000007;0.0;0.0;0.3423882322427774;0.0;0.0;0.629382787612797;0.0;0.0;0.0;0.0;0.0;-0.5258827167573151
5773.0;0.00016173024936415802;-0.44614634200000003;0.0;0.0;0.3651370154110185;0.0;0.0;0.6309197558424023;0.0;0.0;0.0;0.0;0.0;-0.5499420874740858
5774.0;0.00016192485092573263;-0.44231099500000004;0.0;0.0;0.31865602646388763;0.0;0.0;0.6318265975464733;0.0;0.0;0.0;0.0;0.0;-0.5082033450778078
5775.0;0.00016219105143102253;-0.4383942390000001;0.0;0.0;0.24036899371823484;0.0;0.0;0.623455617844625;0.0;0.0;0.0;0.0;0.0;-0.4254621671691551
5776.0;0.00016249811463583936;-0.43168241800000007;0.0;0.0;0.13471904759478032;0.0;0.0;0.6097371208284694;0.0;0.0;0.0;0.0;0.0;-0.3128056301212219
5777.0;0.00016651015043298852;-0.42896649900000006;0.0;0.0;0.050118498505025276;0.0;0.0;0.6060406137423239;0.0;0.0;0.0;0.0;0.0;-0.227224540605501
5778.0;0.00024022393881819118;-0.4318808330000001;0.0;0.0;0.012121013945558392;0.0;0.0;0.614117715564511;0.0;0.0;0.0;0.0;0.0;-0.19438418127702656
5779.0;0.00013416308103632215;-0.4329195840000001;0.0;0.0;0.0009594510637054783;0.0;0.0;0.6172158811431522;0.0;0.0;0.0;0.0;0.0;-0.1852830759855757
5780.0;9.366601985562637e-5;-0.4268705190000001;0.0;0.0;0.00032030392386166406;0.0;0.0;0.6002859299458981;0.0;0.0;0.0;0.0;0.0;-0.1737626098714438
5781.0;9.03340672943267e-5;-0.41609399500000005;0.0;0.0;0.00028789404281988893;0.0;0.0;0.5885985696235038;0.0;0.0;0.0;0.0;0.0;-0.17281940691998068
5782.0;9.030743360428516e-5;-0.40270992400000005;0.0;0.0;0.00028789690058803025;0.0;0.0;0.5856041044146159;0.0;0.0;0.0;0.0;0.0;-0.18320899935153764
5783.0;9.029229060580554e-5;-0.39220989700000003;0.0;0.0;0.000287898692163711;0.0;0.0;0.5820254405555713;0.0;0.0;0.0;0.0;0.0;-0.19013035431251993
5784.0;9.027572433920332e-5;-0.38278506000000007;0.0;0.0;0.0002879005801958722;0.0;0.0;0.5804602640260379;0.0;0.0;0.0;0.0;0.0;-0.19799000608513212
5785.0;46.19840398633249;-0.33980825500000006;0.0;3.6212250311155206e-14;0.00028250131274712903;0.0;9.784789451529456e-11;0.47022703143799816;3.343178251931896e-14;0.0;0.0;0.0;0.0;-0.13160306195531143
5786.0;46.19831793151446;-0.33481591400000005;0.0;3.621224763112516e-14;0.00028250131274712534;0.0;1.2002772060304054e-10;0.4822938822967909;3.343177510187247e-14;0.0;0.0;0.0;0.0;-0.14866220804892216
5787.0;46.198201987194956;-0.33581498500000007;0.0;3.621224402189664e-14;0.00029911728609376213;0.0;1.34685168667397e-10;0.49948768204639543;3.343176511270287e-14;0.0;0.0;0.0;0.0;-0.1648735811173685
5788.0;46.19808985882581;-0.3374693170000001;0.0;3.6212240532928785e-14;0.00028250131274711564;0.0;1.4476868956036246e-10;0.5163110946272595;3.343175545637169e-14;0.0;0.0;0.0;0.0;-0.18002610510502104
5789.0;46.19803173547072;-0.340652347;0.0;3.6212238721570457e-14;0.00026588161843454455;0.0;1.536036471805225e-10;0.5249762228246075;3.343175044312e-14;0.0;0.0;0.0;0.0;-0.1854915918559387
5790.0;46.197878744465804;-0.34920289100000007;0.0;3.62122339614122e-14;0.00026588161843453805;0.0;1.5900065150279916e-10;0.5484666169412804;3.343173726853764e-14;0.0;0.0;0.0;0.0;-0.2004315680473856
5791.0;46.197684596357334;-0.36949122400000006;0.0;3.621222791751285e-14;0.00039882242858841287;0.0;1.5937309161140734e-10;0.5788676737191628;3.343172054096333e-14;0.0;0.0;0.0;0.0;-0.21067740212773725
5792.0;46.19761076276851;-0.39410501600000003;0.0;3.621222545269032e-14;0.00737821403142721;0.0;1.602114090364662e-10;0.5987516593140054;3.3431713719121616e-14;0.0;0.0;0.0;0.0;-0.21292558671220066
5793.0;46.19778678132057;-0.4072787080000001;0.0;3.621223016731729e-14;0.0397160628455207;0.0;1.6013385025309362e-10;0.6094441770506587;3.3431726767702716e-14;0.0;0.0;0.0;0.0;-0.24277527801829482
5794.0;46.198383275037735;-0.41421620500000006;0.0;3.6212246929987e-14;0.1158579058146032;0.0;1.6063100899227879e-10;0.6063543593734163;3.3431773161351986e-14;0.0;0.0;0.0;0.0;-0.3088731698117184
5795.0;46.19917199966343;-0.4183103070000001;0.0;3.621226906215385e-14;0.2178567335678969;0.0;1.6047607896686812e-10;0.6039760802978781;3.343183441589792e-14;0.0;0.0;0.0;0.0;-0.40437734403651626
5796.0;46.19977169529038;-0.42301803500000007;0.0;3.621228573560559e-14;0.30212458006923154;0.0;1.572945408191722e-10;0.6100387459267945;3.343188056242537e-14;0.0;0.0;0.0;0.0;-0.48998180302432287
5797.0;46.2001249489609;-0.42226405200000006;0.0;3.621229547953552e-14;0.35533413421700594;0.0;1.5602282202075777e-10;0.6173490350635157;3.343190753031956e-14;0.0;0.0;0.0;0.0;-0.5512440872137493
5798.0;46.2000019313267;-0.41788348900000005;0.0;3.6212291904430216e-14;0.34481519424150037;0.0;1.5039852070899785e-10;0.6242012119691921;3.3431897635643236e-14;0.0;0.0;0.0;0.0;-0.5519602642406147
5799.0;46.19957742421673;-0.41302215300000006;0.0;3.621227998618496e-14;0.29014329118203297;0.0;1.405859859170079e-10;0.6264820225226645;3.343186464996727e-14;0.0;0.0;0.0;0.0;-0.5044425043557486
5800.0;46.19902098218612;-0.40544615400000006;0.0;3.621226476003878e-14;0.20158810308811392;0.0;1.4033898113575575e-10;0.6088203635112591;3.3431822509074866e-14;0.0;0.0;0.0;0.0;-0.4058208592677646
5801.0;46.19834077584284;-0.4005218390000001;0.0;3.62122458888142e-14;0.10430867316504262;0.0;1.4716437801008118e-10;0.5996776308068514;3.343177027972373e-14;0.0;0.0;0.0;0.0;-0.3043441360592931
5802.0;46.1979055448767;-0.39921929800000006;0.0;3.621223403162481e-14;0.03270343557502267;0.0;1.4779821468641237e-10;0.5832343524254838;3.343173746286208e-14;0.0;0.0;0.0;0.0;-0.21761366506089916
5803.0;46.19763183898924;-0.400353673;0.0;3.6212226194046095e-14;0.0038386656587604657;0.0;1.4869524062705544e-10;0.5919189764698418;3.343171577095928e-14;0.0;0.0;0.0;0.0;-0.19630549063668204
5804.0;46.19758861095307;-0.39669591500000007;0.0;3.621222492130392e-14;0.0009305856692040427;0.0;1.4444404446343327e-10;0.5952719621920074;3.343171224841549e-14;0.0;0.0;0.0;0.0;-0.20040883948437255
5805.0;46.19749222552779;-0.3878080720000001;0.0;3.6212221942724276e-14;0.0005151472653956582;0.0;1.3399256869883946e-10;0.6098243112501556;3.343170400465515e-14;0.0;0.0;0.0;0.0;-0.22343385247343125
5806.0;46.19737072749257;-0.37572966800000007;0.0;3.621221817844907e-14;0.000415438401935043;0.0;1.1814971111345645e-10;0.6288310622914315;3.343169358633876e-14;0.0;0.0;0.0;0.0;-0.2544195528633567
5807.0;46.197413755428705;-0.36453519300000004;0.0;3.621221953378935e-14;0.0002825013127470868;0.0;9.537027856403292e-11;0.6226514305079415;3.343169733749136e-14;0.0;0.0;0.0;0.0;-0.2593015930759208
5808.0;46.197413850647514;-0.35385135700000003;0.0;3.621221954795966e-14;0.0002991172860937285;0.0;7.763925931466904e-11;0.6231387838312552;3.3431697376708124e-14;0.0;0.0;0.0;0.0;-0.2704895151277453
5809.0;71.60980377713864;-0.324126212;0.02370558799304256;6.180971929182002e-14;0.009073208895622072;0.0;8.129371298975852e-11;0.31652576776794655;3.3485709486674773e-14;0.0;0.0;9.624256163513124e-13;0.0;-0.025103316900433114
5810.0;71.6098424921723;-0.31743163700000004;0.02370558799304259;6.180972140031632e-14;0.007079098603796386;0.0;8.610984978077706e-11;0.31052158432356797;3.34857114876998e-14;0.0;0.0;9.624256429797039e-13;0.0;-0.023799892931400286
5811.0;71.60994414080051;-0.31535318900000003;0.023705587993042662;6.180972664517294e-14;0.005384103739454775;0.0;8.465292829927007e-11;0.3053556455242333;3.3485716465218746e-14;0.0;0.0;9.624257092177424e-13;0.0;-0.019017405465494918
5812.0;71.61020848837322;-0.314969107;0.02370558799304285;6.180974004140577e-14;0.003572784038305904;0.0;8.706800110249049e-11;0.2996731158803109;3.348572917862287e-14;0.0;0.0;9.624258784002693e-13;0.0;-0.011906886549935984
5813.0;71.61012475693373;-0.31689756300000005;0.02370558799304279;6.180973574872532e-14;0.001528818384508422;0.0;8.524129933800923e-11;0.3044004365101134;3.3485725104750275e-14;0.0;0.0;9.624258241874723e-13;0.0;-0.012662453830534059
5814.0;71.61061411108672;-0.32522558700000004;0.02370558799304313;6.18097600276686e-14;0.001312792126172404;0.0;8.230439493714549e-11;0.30708087532459527;3.348574814613523e-14;0.0;0.0;9.624261308090565e-13;0.0;-0.006796001505332839
5815.0;77.52285240310825;-0.3433858390000001;0.023705587996381262;6.211538881851893e-14;0.019392740446775115;0.0;7.975623281148754e-11;0.305150957878387;3.3773517181122295e-14;0.0;2.302033859968233e-14;9.662815785327728e-13;0.0;-1.662219955633213e-6
5816.0;71.61062822242177;-0.36454539500000005;0.023705587993043127;6.18097597948415e-14;0.13347256222960804;0.0;7.591556447479995e-11;0.30141783795668803;3.348574792517623e-14;0.0;0.0;9.624261278686363e-13;0.0;-0.09394922345554277
5817.0;71.61269084730473;-0.38365961100000007;0.02370558799304454;6.18098608190931e-14;0.4016806197381192;0.0;7.085810221471355e-11;0.28967263911285407;3.348584379968003e-14;0.0;0.0;9.624274037150116e-13;0.0;-0.33123947762322825
5818.0;71.6149918258014;-0.39524123600000005;0.02370558799304612;6.180997397890259e-14;0.6864398090410334;0.0;6.733168873036244e-11;0.2641353631808604;3.3485951190535627e-14;0.0;0.0;9.624288328216176e-13;0.0;-0.5788175646296725
5819.0;-0.006335044980249639;-0.39941917000000005;0.0;0.0;0.8917509718605767;0.0;0.0;0.2410643760710632;0.0;0.0;0.0;0.0;0.0;-0.7333064064488878
5820.0;-0.006335043070958993;-0.40317732800000006;0.0;0.0;0.934682644315941;0.0;0.0;0.20189086176122437;0.0;0.0;0.0;0.0;0.0;-0.7333064064488878
5821.0;-0.006335061630892308;-0.4066985020000001;0.0;0.0;0.9275088881598572;0.0;0.0;0.21258579220056353;0.0;0.0;0.0;0.0;0.0;-0.7333064064488879
5822.0;-0.006335036674994808;-0.40547694600000006;0.0;0.0;0.9138722845286655;0.0;0.0;0.22500083946879681;0.0;0.0;0.0;0.0;0.0;-0.7333064064488878
5823.0;-0.006335012676278061;-0.398205582;0.0;0.0;0.9001083400782575;0.0;0.0;0.23149341958781078;0.0;0.0;0.0;0.0;0.0;-0.7333064064488878
5824.0;-0.006335007598146083;-0.3883225010000001;0.0;0.0;0.8429176146896415;0.0;0.0;0.27880106369108343;0.0;0.0;0.0;0.0;0.0;-0.7333064064488877
5825.0;71.61407703301278;-0.3769493690000001;0.023705587993045472;6.180992761904817e-14;0.6075228287530314;0.0;6.436924693083466e-11;0.31364064130758185;3.348590719421006e-14;0.0;0.0;9.624282473385272e-13;0.0;-0.5677152954548158
5826.0;71.61205085968867;-0.369246497;0.023705587993044102;6.18098295698518e-14;0.3175457121864555;0.0;6.196223582016218e-11;0.29082279052759796;3.348581414343349e-14;0.0;0.0;9.624270090650734e-13;0.0;-0.26268624964187504
5827.0;71.61072191171979;-0.365013671;0.023705587993043207;6.180976561982798e-14;0.09207812049121906;0.0;6.698817098760372e-11;0.2736582336557598;3.348575345324769e-14;0.0;0.0;9.624262014330135e-13;0.0;-0.0243348929274813
5828.0;554.1618819358648;-0.3682829410000001;0.02370558800792796;1.0329013610113069e-13;0.018478770750649524;1.1675820931633144e-15;8.67641655593156e-11;0.2773816065470835;4.8324137329521535e-14;0.0;0.04874370656790147;1.4104077108951813e-12;2.0596246907857092e-14;-2.8022698374935655e-8
5829.0;554.1617654537465;-0.36353244;0.02370558800792796;1.0329011960388256e-13;0.009355710212001506;1.1675819660468993e-15;7.138079707707238e-11;0.2852182371301437;4.8324135492619966e-14;0.0;0.04527749816468721;1.4104075606746326e-12;2.0596237991360614e-14;-2.8022704685477255e-8
5830.0;554.1617577692032;-0.3543577680000001;0.02370558800792796;1.0329011842278335e-13;0.009721296974804021;1.167581956945893e-15;6.220224032620147e-11;0.2871676468524037;4.832413536110956e-14;0.0;0.03378784198538177;1.4104075499196302e-12;2.059623735299044e-14;-2.802270513727361e-8
5831.0;554.1617494692598;-0.34351490700000004;0.02370558800792796;1.0329011718976725e-13;0.009721296974804021;1.1675819474454329e-15;5.3591164630406745e-11;0.2887564164366797;4.832413522381696e-14;0.0;0.021356149539773252;1.4104075386923078e-12;2.0596236686567208e-14;-2.8022705608926964e-8
5832.0;509.18759365228783;-0.3324919310000001;0.023705588007862707;9.722169450246762e-14;0.009505266995479014;1.1199307408928098e-15;4.13830480051015e-11;0.290988491836365;4.756668737391683e-14;0.0;2.4403417402734193e-13;1.3537585647136307e-12;1.7616675112792396e-14;-3.072790920885008e-8
5833.0;0.0001690839583871755;-0.24128423900000007;0.0;0.0;0.004748415033558181;0.0;0.0;0.24139718674644686;0.0;0.0;0.0;0.0;0.0;-0.004895828519392813
5834.0;0.0001659767442296553;-0.238005977;0.0;0.0;0.003838132342939648;0.0;0.0;0.2367607952780953;0.0;0.0;0.0;0.0;0.0;-0.002628969186508579
5835.0;0.00018154659274187597;-0.235145004;0.0;0.0;0.0012315962852121364;0.0;0.0;0.23736884968936992;0.0;0.0;0.0;0.0;0.0;-0.0034936929645219936
5836.0;49.99858278677108;-0.232364851;0.004634103561985145;3.7988788763292233e-14;0.0007976448591131977;0.0;4.4544213111079194e-11;0.2269308664366307;3.35988745292651e-14;0.0;0.0;6.491101543823616e-13;0.0;-1.8049167011862481e-7
5837.0;0.00012292753953478647;-0.23290472300000004;0.0;0.0;0.0006312648171801405;0.0;0.0;0.2350172036261622;0.0;0.0;0.0;0.0;0.0;-0.002779387734749121
5838.0;0.0002605173827654683;-0.23468928100000006;0.0;0.0;0.01741166927885623;0.0;0.0;0.2197452393527333;0.0;0.0;0.0;0.0;0.0;-0.0025024684515038156
5839.0;0.00014278017961632503;-0.240387927;0.0;0.0;0.07817538806033307;0.0;0.0;0.20504517982213627;0.0;0.0;0.0;0.0;0.0;-0.04285915949176806
5840.0;0.0001401749912136205;-0.253719083;0.0;0.0;0.25745684220299414;0.0;0.0;0.19852598128124976;0.0;0.0;0.0;0.0;0.0;-0.20228947330318156
5841.0;0.0001396501487808564;-0.27060423200000006;0.0;0.0;0.485515218246841;0.0;0.0;0.20092603375909748;0.0;0.0;0.0;0.0;0.0;-0.415862595094196
5842.0;0.0001389978225627817;-0.284768715;0.0;0.0;0.6735309147483647;0.0;0.0;0.20481276243205573;0.0;0.0;0.0;0.0;0.0;-0.5936003418334176
5843.0;0.00013702546141514685;-0.29436236800000004;0.0;0.0;0.7641302731420334;0.0;0.0;0.21642905912381616;0.0;0.0;0.0;0.0;0.0;-0.6862217544969982
5844.0;0.00013693867245756567;-0.299137973;0.0;0.0;0.7948596747041609;0.0;0.0;0.19180485337037267;0.0;0.0;0.0;0.0;0.0;-0.6875513198757088
5845.0;0.00013693731498617018;-0.29953222100000004;0.0;0.0;0.8200614267169812;0.0;0.0;0.16701770621782994;0.0;0.0;0.0;0.0;0.0;-0.6875716763319568
5846.0;0.0001369023505015533;-0.29814060100000006;0.0;0.0;0.811199485022072;0.0;0.0;0.17499271045895157;0.0;0.0;0.0;0.0;0.0;-0.6880763488324417
5847.0;0.0001369628503622205;-0.295426575;0.0;0.0;0.7755970837444612;0.0;0.0;0.20699411500779835;0.0;0.0;0.0;0.0;0.0;-0.6871893956309006
5848.0;0.0001368325342573961;-0.29155342100000003;0.0;0.0;0.6830806829665311;0.0;0.0;0.29755708981744006;0.0;0.0;0.0;0.0;0.0;-0.6891090848031709
5849.0;0.00013917819199459416;-0.285842902;0.0;0.0;0.5349250217839112;0.0;0.0;0.31605668095195494;0.0;0.0;0.0;0.0;0.0;-0.5651642338864272
5850.0;0.00013967876780423706;-0.2827124630000001;0.0;0.0;0.3574962986894602;0.0;0.0;0.32861762587180837;0.0;0.0;0.0;0.0;0.0;-0.40342704457213985
5851.0;0.00014012468853708582;-0.27510547300000004;0.0;0.0;0.16599515088729455;0.0;0.0;0.32456627980475833;0.0;0.0;0.0;0.0;0.0;-0.215481675986831
5852.0;0.0001412816366472805;-0.274448913;0.0;0.0;0.03659021868883017;0.0;0.0;0.3170450401204417;0.0;0.0;0.0;0.0;0.0;-0.07921241306529046
5853.0;0.00014250321269492828;-0.273186113;0.0;0.0;0.004317554311260702;0.0;0.0;0.31546787822212524;0.0;0.0;0.0;0.0;0.0;-0.04662575923931594
5854.0;0.00014268083425420577;-0.27112668100000004;0.0;0.0;0.003071444963966194;0.0;0.0;0.31198754520946276;0.0;0.0;0.0;0.0;0.0;-0.043958803833000645
5855.0;0.00014211656330258315;-0.26717171900000003;0.0;0.0;0.0034274508115197336;0.0;0.0;0.3172242334753193;0.0;0.0;0.0;0.0;0.0;-0.053506288903406134
5856.0;0.00014185701828808953;-0.26069588600000004;0.0;0.0;0.003761708365235579;0.0;0.0;0.3163739772971441;0.0;0.0;0.0;0.0;0.0;-0.05946604430904561
5857.0;326.7523780863808;-0.26284139100000004;0.023705588007891198;4.545729944298892e-14;0.010435854527067013;5.730390424841416e-16;8.333266553938658e-12;0.2352938366809013;4.8367235187042e-14;0.0;2.7944684170603144e-14;7.677964436652832e-13;6.429401155701028e-15;-2.5565196713154133e-8
5858.0;271.61219787700975;-0.256912381;0.023705588007716195;4.29534698707729e-14;0.00918953373414093;5.48649362616202e-16;7.995429460980016e-12;0.2339097547424959;4.6670193541759455e-14;0.0;2.249104902134844e-14;7.296143639247833e-13;5.782854976640502e-15;-3.075603785662185e-8
5859.0;227.4105184634108;-0.254013572;0.02370558800749735;4.113673027999815e-14;0.007710565128075376;5.305458975552552e-16;1.1780995249761314e-11;0.2340072250500449;4.498537499832095e-14;0.0;1.944856946227381e-14;7.015808546170714e-13;5.351479406993955e-15;-3.673493355124804e-8
5860.0;208.3061949754939;-0.25558231600000003;0.023705588007364956;4.039826673872379e-14;0.006796599151276784;5.230867639634898e-16;2.155520813406592e-11;0.23486496554209096;4.414741124143752e-14;0.0;1.8374471325703816e-14;6.901073464140027e-13;5.184362824974017e-15;-4.010382931564534e-8
5861.0;193.62161499815636;-0.26147358600000004;0.023705588007239233;3.984830977341551e-14;0.013859078062750165;0.0;2.4239053422169876e-11;0.23372456115809626;4.345191860902213e-14;0.0;1.7626124668731412e-14;6.815333289844807e-13;5.062820432243222e-15;-4.314566052816444e-8
5862.0;10.65707809492326;-0.27643375700000006;0.0;0.0;0.06411069871204202;0.0;1.831096058127765e-11;0.21979602206658702;3.046857412386988e-14;0.0;0.0;0.0;0.0;-7.848432404944433e-7
5863.0;0.0001384724333565696;-0.29092102100000006;0.0;0.0;0.19775289157418308;0.0;0.0;0.16287959944296534;0.0;0.0;0.0;0.0;0.0;-0.06973657841272325
5864.0;0.0001370077071052638;-0.31610692100000004;0.0;0.0;0.4446490488534538;0.0;0.0;0.15102386600625128;0.0;0.0;0.0;0.0;0.0;-0.2795906609773226
5865.0;0.00013641090543361085;-0.33381699200000003;0.0;0.0;0.7256593808393316;0.0;0.0;0.14784220703164067;0.0;0.0;0.0;0.0;0.0;-0.5397090834762629
5866.0;0.00013503189014819927;-0.3488870490000001;0.0;0.0;0.9203079263525877;0.0;0.0;0.09781365799875769;0.0;0.0;0.0;0.0;0.0;-0.6692586101649209
5867.0;0.0001350491881496413;-0.3601928810000001;0.0;0.0;0.9205689162089243;0.0;0.0;0.10830548125772016;0.0;0.0;0.0;0.0;0.0;-0.6687055964463027
5868.0;0.00013506379455141437;-0.362549977;0.0;0.0;0.9124329444717537;0.0;0.0;0.11833256657020345;0.0;0.0;0.0;0.0;0.0;-0.6682396182967467
5869.0;0.00013506532459866795;-0.360503654;0.0;0.0;0.9034649559601875;0.0;0.0;0.12520516497024797;0.0;0.0;0.0;0.0;0.0;-0.6681905516316976
5870.0;0.00013506650984781093;-0.3592007450000001;0.0;0.0;0.8871346992919878;0.0;0.0;0.140195186156841;0.0;0.0;0.0;0.0;0.0;-0.6681532254883287
5871.0;0.00013510042504427948;-0.3550548850000001;0.0;0.0;0.8669830802807732;0.0;0.0;0.1550946337688739;0.0;0.0;0.0;0.0;0.0;-0.6670469239692539
5872.0;0.00013515524939447288;-0.348102389;0.0;0.0;0.841028433455831;0.0;0.0;0.1722422099610345;0.0;0.0;0.0;0.0;0.0;-0.6651923651713045
5873.0;0.00013612204763704494;-0.338946114;0.0;0.0;0.6707702554368241;0.0;0.0;0.26420452081755347;0.0;0.0;0.0;0.0;0.0;-0.5960530620715593
5874.0;0.00013674172691807452;-0.330717401;0.0;0.0;0.472280859424084;0.0;0.0;0.27425109041435963;0.0;0.0;0.0;0.0;0.0;-0.4158391347744959
5875.0;0.00013716094567428876;-0.31929696900000004;0.0;0.0;0.26056897868764295;0.0;0.0;0.281185423327042;0.0;0.0;0.0;0.0;0.0;-0.22248214481006381
5876.0;0.00013958651922928124;-0.30559457400000006;0.0;0.0;0.10164455387096423;0.0;0.0;0.24760841068691378;0.0;0.0;0.0;0.0;0.0;-0.043683832226918726
5877.0;0.00031274166233850414;-0.296806488;0.0;0.0;0.02745632773150923;0.0;0.0;0.27191706865310705;0.0;0.0;0.0;0.0;0.0;-0.002597059571831135
5878.0;0.00020706142580419922;-0.2930910660000001;0.0;0.0;0.010483101112232917;0.0;0.0;0.28621202222121683;0.0;0.0;0.0;0.0;0.0;-0.0036331868632104784
5879.0;0.0002053519198534576;-0.284244056;0.0;0.0;0.010164032821967471;0.0;0.0;0.28016909415396785;0.0;0.0;0.0;0.0;0.0;-0.006118397639525003
5880.0;0.00022269845000546433;-0.2665993400000001;0.0;0.0;0.009706552322525886;0.0;0.0;0.2628254080548914;0.0;0.0;0.0;0.0;0.0;-0.0059613054489757455
5881.0;554.1623387645585;-0.26163114100000007;0.02370558800812063;7.342804224924103e-14;0.008807327277148757;8.513573949109819e-16;1.7863670617353884e-11;0.19647132747459628;5.1114353918888774e-14;0.0;0.03267161165878094;1.1325472962705856e-12;1.464287333649543e-14;-2.1910860310727477e-8
5882.0;554.162332835581;-0.25947553900000003;0.02370558800812063;7.342804177032607e-14;0.006863068626328932;8.513573910161043e-16;1.9332773653626375e-11;0.19501901810640634;5.111435385332663e-14;0.0;0.03391217125408358;1.1325472904399963e-12;1.464287307761698e-14;-2.1910860537553954e-8
5883.0;554.1623991933262;-0.25737541700000005;0.02370558800812063;7.342804901305247e-14;0.005417337548465529;8.513574499189976e-16;1.967719334923447e-11;0.18286444218530926;5.111435484483669e-14;0.0;0.04541212094117379;1.1325473786186904e-12;1.4642876992685436e-14;-2.1910857107207403e-8
5884.0;554.1624321363632;-0.255454886;0.02370558800812063;7.342805254682297e-14;0.005483807023301001;8.513574786579703e-16;1.8253968499857416e-11;0.17782521657130426;5.111435532860164e-14;0.0;0.04846438442825515;1.132547421641388e-12;1.4642878902868422e-14;-2.1910855433521928e-8
5885.0;616.996263447228;-0.25801422000000007;0.023705588008173135;8.043930103267482e-14;0.0065140978368919645;9.068097693930105e-16;1.877349446674937e-11;0.16666484314384933;5.192089115543891e-14;0.0;0.06052986155567083;1.2157450844928704e-12;1.9175827556232388e-14;-1.9254507725159135e-8
5886.0;671.8408082432359;-0.26919386400000006;0.023705588008210297;8.774477784335835e-14;0.02700360043443736;9.614420944416787e-16;1.8714803948153185e-11;0.15190780643982166;5.252584358376679e-14;0.0;0.060529861555728696;1.2979135988965626e-12;2.6277284266183252e-14;-1.7420157812466572e-8
5887.0;297.00398642756807;-0.28731712500000006;0.023705588007627367;5.409504974563985e-14;0.1260777303641517;6.807768001915881e-16;1.20015922048961e-11;0.13650746392033;4.565085390353478e-14;0.0;3.03333195264817e-14;8.803594938338647e-13;7.442675781229827e-15;-5.259351263379865e-8
5888.0;141.76769439550668;-0.3074453530000001;0.023705588005991388;4.6667653457786716e-14;0.32786524373874903;0.0;9.037859706576633e-12;0.13199457975257406;3.9007692478366453e-14;0.0;1.8914964456288312e-14;7.744380842263513e-13;5.739104694498998e-15;-0.17592167482726712
5889.0;141.76959400822705;-0.32429676900000004;0.023705588005991436;4.66677279285915e-14;0.5747363040082818;0.0;8.31728793973316e-12;0.12651673596903704;3.900779272666529e-14;0.0;1.8915047183541097e-14;7.744391714021347e-13;5.739119957275385e-15;-0.4004096028185159
5890.0;141.77101175740225;-0.3353841310000001;0.023705588005991474;4.66677832335706e-14;0.7679989895600616;0.0;7.232525232772645e-12;0.1320043249978329;3.9007867174451996e-14;0.0;1.8915108620384683e-14;7.744399787816978e-13;5.73913129203923e-15;-0.5880304340802126
5891.0;141.77175795403375;-0.3451634810000001;0.023705588005991495;4.666781214546848e-14;0.8867649716451285;0.0;5.249577062760729e-12;0.13529882853546077;3.900790609348238e-14;0.0;1.891514073795166e-14;7.744404008571194e-13;5.7391372175467405e-15;-0.7002861410592528
5892.0;3.6517970962763857;-0.350766161;0.0;0.0;0.9379305619722426;0.0;3.6712952141219214e-12;0.14442207074284014;0.0;0.0;0.0;0.0;0.0;-0.7333064697762175
5893.0;-0.006334981227650607;-0.35147986900000006;0.0;0.0;0.9346139560112331;0.0;0.0;0.15026206803452544;0.0;0.0;0.0;0.0;0.0;-0.7333064709794707
5894.0;-0.006334999447418059;-0.350369398;0.0;0.0;0.918608556440137;0.0;0.0;0.1651569970716696;0.0;0.0;0.0;0.0;0.0;-0.7333064709794705
5895.0;69.83359880209474;-0.34557948100000013;0.023705587996548087;4.3875018919797565e-14;0.8639988611613696;0.0;3.240056180646507e-12;0.19181223605978243;3.457475452361473e-14;0.0;0.0;7.333161543537458e-13;0.0;-0.733306425109072
5896.0;141.77044692103794;-0.33862934800000005;0.02370558800599146;4.666775949167756e-14;0.7444186163822967;0.0;3.6509659379910874e-12;0.19072056861525144;3.9007835214797454e-14;0.0;1.8915082246110717e-14;7.744396321814406e-13;5.739126426132313e-15;-0.6199266901578969
5897.0;141.76905773034332;-0.33014350600000003;0.023705588005991422;4.666770514450737e-14;0.5589994367691147;0.0;3.492070945679662e-12;0.19140286255369163;3.900776205614346e-14;0.0;1.891502187337602e-14;7.744388387845386e-13;5.7391152876784606e-15;-0.4437160377659206
5898.0;141.76765462346947;-0.32184811;0.023705588005991384;4.6667650262983354e-14;0.3731648206126073;0.0;3.5812988935579552e-12;0.19093500150639306;3.900768817768966e-14;0.0;1.8914960907293926e-14;7.744380375864963e-13;5.7391040397257665e-15;-0.265749493208418
5899.0;141.766305703469;-0.31159619200000005;0.023705588005991346;4.666759764577821e-14;0.18696461397233163;0.0;3.4032066095201045e-12;0.1863538881234329;3.9007617346877004e-14;0.0;1.8914902456801512e-14;7.744372694442456e-13;5.739093255860978e-15;-0.08526056872732009
5900.0;554.1628246008796;-0.302285122;0.02370558800812063;7.342809015681419e-14;0.06075394465870252;8.513577845282976e-16;3.223979830967703e-12;0.1831081197397149;5.111436047730658e-14;0.0;0.03475352347219999;1.1325478795342471e-12;1.4642899233027558e-14;-2.191083762047282e-8
5901.0;654.5201707344713;-0.298785556;0.023705588008199285;8.529839425961044e-14;0.016484658598444786;9.434880486101614e-16;3.642632527055415e-12;0.19786515644375247;5.234352664438555e-14;0.0;0.060529861555717254;1.270903307477558e-12;2.352483666493194e-14;-1.795999395481588e-8
5902.0;585.2772969752741;-0.29309196600000004;0.023705588008148162;7.674010555226325e-14;0.011416289978747999;8.779381179949086e-16;3.744718017524081e-12;0.2037328814575381;5.153044153464385e-14;0.0;0.060529861555544205;1.1723862978181353e-12;1.6583447576367963e-14;-2.0508070102589166e-8
5903.0;554.1623190896606;-0.283254978;0.02370558800812063;7.342803998028622e-14;0.011034085382106016;8.513573764581496e-16;3.0715171043717293e-12;0.20275817659640577;5.1114353608274376e-14;0.0;0.0457821922831036;1.1325472686470959e-12;1.4642872110007917e-14;-2.19108613853639e-8
5904.0;554.1623121689034;-0.27297387700000003;0.02370558800812063;7.34280392394749e-14;0.01101746940875937;8.513573704335242e-16;2.684859123191179e-12;0.20384009879585538;5.1114353506859125e-14;0.0;0.034435771456711485;1.1325472596277253e-12;1.4642871709563643e-14;-2.191086173623239e-8
5905.0;0.0001575157102178901;-0.305995958;0.0;0.0;0.003408907157203277;0.0;0.0;0.4476033052622074;0.0;0.0;0.0;0.0;0.0;-0.14503993237616217
5906.0;0.00015600326669582514;-0.30316534400000006;0.0;0.0;0.001703553344272285;0.0;0.0;0.4392832783269639;0.0;0.0;0.0;0.0;0.0;-0.13784598699923473
5907.0;0.00012003812387022364;-0.3005720640000001;0.0;0.0;0.0008309617357716061;0.0;0.0;0.43697123045144737;0.0;0.0;0.0;0.0;0.0;-0.13725399907029326
5908.0;0.00011884012539989042;-0.30008258000000004;0.0;0.0;0.0008145095819279972;0.0;0.0;0.43031491964480334;0.0;0.0;0.0;0.0;0.0;-0.13107071078134006
5909.0;0.0001200366434083839;-0.30805957100000003;0.0;0.0;0.0008309549525717182;0.0;0.0;0.42475672543724735;0.0;0.0;0.0;0.0;0.0;-0.11755202625900833
5910.0;0.0001536164439075126;-0.32608626900000004;0.0;0.0;0.002017502777779669;0.0;0.0;0.4145321115301279;0.0;0.0;0.0;0.0;0.0;-0.09048785295054373
5911.0;0.00027927261190303985;-0.34367458900000003;0.0;0.0;0.019491737528114554;0.0;0.0;0.4018014298926308;0.0;0.0;0.0;0.0;0.0;-0.07764101773527715
5912.0;0.0001499488857166558;-0.35686243300000003;0.0;0.0;0.1340907430447353;0.0;0.0;0.3977102348786447;0.0;0.0;0.0;0.0;0.0;-0.1749666083122423
5913.0;0.00014934074226282675;-0.3692994260000001;0.0;0.0;0.39315073065945605;0.0;0.0;0.37494356171381615;0.0;0.0;0.0;0.0;0.0;-0.39882275372031223
5914.0;0.00014763621075854346;-0.37979518500000004;0.0;0.0;0.6743015046635015;0.0;0.0;0.37097427284828904;0.0;0.0;0.0;0.0;0.0;-0.6655079697432523
5915.0;0.0001462194826560362;-0.38802414300000004;0.0;0.0;0.7980969480665536;0.0;0.0;0.2835974891800709;0.0;0.0;0.0;0.0;0.0;-0.6936972510530981
5916.0;0.00014618800312833988;-0.3925710990000001;0.0;0.0;0.7912422329513775;0.0;0.0;0.2953565903846183;0.0;0.0;0.0;0.0;0.0;-0.6940546719848565
5917.0;0.0001466361428804326;-0.38874600000000004;0.0;0.0;0.7756655886912378;0.0;0.0;0.3012327320189765;0.0;0.0;0.0;0.0;0.0;-0.6881794008525282
5918.0;0.00014686852146541884;-0.3888961060000001;0.0;0.0;0.7601657275898449;0.0;0.0;0.3130878317667429;0.0;0.0;0.0;0.0;0.0;-0.6843846022780435
5919.0;0.0001469378055713784;-0.38408269700000003;0.0;0.0;0.766660495655338;0.0;0.0;0.3005364439586542;0.0;0.0;0.0;0.0;0.0;-0.683141411793295
5920.0;0.00014841549036417585;-0.37511018500000004;0.0;0.0;0.6313223434472167;0.0;0.0;0.3664387001899006;0.0;0.0;0.0;0.0;0.0;-0.6226784680512785
5921.0;0.00014940514055678076;-0.36410844500000006;0.0;0.0;0.39117858823609986;0.0;0.0;0.3411615523814849;0.0;0.0;0.0;0.0;0.0;-0.36825960138811353
5922.0;0.00015027228135766797;-0.351547661;0.0;0.0;0.16094774195237904;0.0;0.0;0.3155951196111503;0.0;0.0;0.0;0.0;0.0;-0.12502336188441043
5923.0;0.0002985018401704135;-0.35072902000000006;0.0;0.0;0.03503534089739922;0.0;0.0;0.3187149015439051;0.0;0.0;0.0;0.0;0.0;-0.003051604103572216
5924.0;0.00020445855333004148;-0.349785995;0.0;0.0;0.00875325623499463;0.0;0.0;0.3436476895062093;0.0;0.0;0.0;0.0;0.0;-0.0026515648231732044
5925.0;0.00018074169002951491;-0.34225906800000006;0.0;0.0;0.005830760819088662;0.0;0.0;0.36303155941291276;0.0;0.0;0.0;0.0;0.0;-0.026627874788529213
5926.0;0.0001747281865151769;-0.33047802400000004;0.0;0.0;0.004901361871518686;0.0;0.0;0.3716848312390331;0.0;0.0;0.0;0.0;0.0;-0.046132296055523055
5927.0;0.00015505329893074503;-0.31952992599999996;0.0;0.0;0.0032431540219383767;0.0;0.0;0.38328995984516967;0.0;0.0;0.0;0.0;0.0;-0.0670271823041511
5928.0;0.00015593459671774893;-0.3097795390000001;0.0;0.0;0.0016870293908168362;0.0;0.0;0.38984132522145465;0.0;0.0;0.0;0.0;0.0;-0.08177350032997474
5929.0;9.267181550611051e-5;-0.28918732700000005;0.0;0.0;0.0002537223343630372;0.0;0.0;0.3915198984156756;0.0;0.0;0.0;0.0;0.0;-0.1026157786098851
5930.0;9.777935707400457e-5;-0.22158722600000003;0.0;0.0;0.00030227699984826584;0.0;0.0;0.35135462188875893;0.0;0.0;0.0;0.0;0.0;-0.13009893789965205
5931.0;9.246761527128633e-5;-0.22126075800000003;0.0;0.0;0.00025374280588686847;0.0;0.0;0.35223223792753994;0.0;0.0;0.0;0.0;0.0;-0.13125459077229187
5932.0;9.275191746042715e-5;-0.27719803700000006;0.0;0.0;0.00025371414887471994;0.0;0.0;0.3712662819028323;0.0;0.0;0.0;0.0;0.0;-0.09435149036788056
5933.0;9.279607047020917e-5;-0.27546598;0.0;0.0;0.00025370974988677964;0.0;0.0;0.3655853165666397;0.0;0.0;0.0;0.0;0.0;-0.09040260273547313
5934.0;9.989598346368692e-5;-0.277002803;0.0;0.0;0.000318438634037221;0.0;0.0;0.36539173588852714;0.0;0.0;0.0;0.0;0.0;-0.08873680681140002
5935.0;0.00018559154028410243;-0.28175027300000005;0.0;0.0;0.0017466788142501558;0.0;0.0;0.3755157503011757;0.0;0.0;0.0;0.0;0.0;-0.09554276916790364
5936.0;0.00033083032258406466;-0.28922507700000005;0.0;0.0;0.023768066100064184;0.0;0.0;0.38267897341029117;0.0;0.0;0.0;0.0;0.0;-0.11724927511585106
5937.0;0.0001717230277862584;-0.30089854600000004;0.0;0.0;0.15571345054125016;0.0;0.0;0.38521560630907287;0.0;0.0;0.0;0.0;0.0;-0.2400650573992921
5938.0;0.00017110120236004235;-0.31594437400000003;0.0;0.0;0.35093210986205964;0.0;0.0;0.39071497837453534;0.0;0.0;0.0;0.0;0.0;-0.425737080921271
5939.0;0.00017023760721858797;-0.32580827;0.0;0.0;0.5261640891052682;0.0;0.0;0.3891384166973035;0.0;0.0;0.0;0.0;0.0;-0.5895283444294022
5940.0;0.00016938772525827857;-0.33141490200000007;0.0;0.0;0.6199379191806776;0.0;0.0;0.35478539054451236;0.0;0.0;0.0;0.0;0.0;-0.6433422618925473
5941.0;0.00016893825126364204;-0.3368527480000001;0.0;0.0;0.6419094967826209;0.0;0.0;0.3533435731197559;0.0;0.0;0.0;0.0;0.0;-0.6584340416179175
5942.0;0.00016963617907837005;-0.33525950800000004;0.0;0.0;0.5680401479917525;0.0;0.0;0.39946397754045976;0.0;0.0;0.0;0.0;0.0;-0.6322785452839567
5943.0;0.00017046194744859295;-0.329888025;0.0;0.0;0.43953548334548787;0.0;0.0;0.45469131732975787;0.0;0.0;0.0;0.0;0.0;-0.5643729501090907
5944.0;0.00017122262897629385;-0.32107784100000003;0.0;0.0;0.25825146308216185;0.0;0.0;0.4516746707464852;0.0;0.0;0.0;0.0;0.0;-0.3888826932117468
5945.0;0.00017181681432765455;-0.3246868590000001;0.0;0.0;0.07841602368384111;0.0;0.0;0.49253056815035046;0.0;0.0;0.0;0.0;0.0;-0.24629426880408548
5946.0;0.0002591794357223011;-0.340874573;0.0;0.0;0.013295421571745866;0.0;0.0;0.535784298841028;0.0;0.0;0.0;0.0;0.0;-0.20823356561458872
5947.0;0.0001139079894606851;-0.34227508600000006;0.0;0.0;0.0005299067345399171;0.0;0.0;0.5747939510947473;0.0;0.0;0.0;0.0;0.0;-0.2330777457403647
5948.0;0.00010089189904137377;-0.33935712;0.0;0.0;0.00033470620486253367;0.0;0.0;0.5732458522050016;0.0;0.0;0.0;0.0;0.0;-0.2342524616715586
5949.0;9.743350222201177e-5;-0.3332870240000001;0.0;0.0;0.00030231129571535025;0.0;0.0;0.5714435980262305;0.0;0.0;0.0;0.0;0.0;-0.23848794697196263
5950.0;9.382182093302187e-5;-0.325679638;0.0;0.0;0.00026994813011271693;0.0;0.0;0.5676297958926401;0.0;0.0;0.0;0.0;0.0;-0.24224922732705434
5951.0;9.383525612562257e-5;-0.31985778100000006;0.0;0.0;0.00026994684187877456;0.0;0.0;0.5551857530990799;0.0;0.0;0.0;0.0;0.0;-0.23562704778924626
5952.0;9.562728863208767e-5;-0.312492158;0.0;0.0;0.0002861264179018193;0.0;0.0;0.5473782827880738;0.0;0.0;0.0;0.0;0.0;-0.23520134524520053
5953.0;1.9066011128757865e-5;-0.38137034000000003;0.0;0.0;0.0002644884341198067;0.0;0.0;0.6280898890086649;0.0;0.0;0.0;0.0;0.0;-0.2470021217137188
5954.0;1.7578010746540132e-5;-0.378003272;0.0;0.0;0.00024786142160185086;0.0;0.0;0.6283614696766987;0.0;0.0;0.0;0.0;0.0;-0.25062415097167806
5955.0;1.7580009833578184e-5;-0.375439946;0.0;0.0;0.00024786159834103963;0.0;0.0;0.6276858709322886;0.0;0.0;0.0;0.0;0.0;-0.25251187694913213
5956.0;1.906370910331932e-5;-0.371947268;0.0;0.0;0.0002644887835562255;0.0;0.0;0.6209029572679327;0.0;0.0;0.0;0.0;0.0;-0.2492382603040146
5957.0;1.9062682586063113e-5;-0.373506208;0.0;0.0;0.00026448917857843017;0.0;0.0;0.6252381734944849;0.0;0.0;0.0;0.0;0.0;-0.2520145345303604
5958.0;1.9074667324880116e-5;-0.37978332;0.0;0.0;0.00026448954268357594;0.0;0.0;0.6381985734613361;0.0;0.0;0.0;0.0;0.0;-0.25869781819829524
5959.0;2.5740747689678055e-5;-0.39653301;0.0;0.0;0.00034774370668515833;0.0;0.0;0.6479130318335824;0.0;0.0;0.0;0.0;0.0;-0.25174586195762644
5960.0;7.820369555248309e-5;-0.418712624;0.0;0.0;0.009073461000418111;0.0;0.0;0.6522196085214937;0.0;0.0;0.0;0.0;0.0;-0.24260047132095525
5961.0;-6.552525121551387e-6;-0.42940376;0.0;0.0;0.04852033630165741;0.0;0.0;0.6261511166573924;0.0;0.0;0.0;0.0;0.0;-0.24529010938614226
5962.0;-6.642722608114901e-6;-0.43633382600000004;0.0;0.0;0.13473881135597218;0.0;0.0;0.622383392999087;0.0;0.0;0.0;0.0;0.0;-0.32081073629255424
5963.0;-6.643730816868309e-6;-0.44353856999999997;0.0;0.0;0.2611095403484004;0.0;0.0;0.6300134931553483;0.0;0.0;0.0;0.0;0.0;-0.4476067377952794
5964.0;-6.636701957988883e-6;-0.44879231399999997;0.0;0.0;0.3448388621019645;0.0;0.0;0.6347043289848899;0.0;0.0;0.0;0.0;0.0;-0.5307730813359915
5965.0;-6.6331967275795145e-6;-0.44900420399999996;0.0;0.0;0.3677183171075285;0.0;0.0;0.6364614439502747;0.0;0.0;0.0;0.0;0.0;-0.555197733354938
5966.0;-6.63912989605248e-6;-0.44513119;0.0;0.0;0.32097741420896597;0.0;0.0;0.6369276049084902;0.0;0.0;0.0;0.0;0.0;-0.5127960511398497
5967.0;-6.6446444692178325e-6;-0.44119631800000003;0.0;0.0;0.24223898647940695;0.0;0.0;0.6276168698268129;0.0;0.0;0.0;0.0;0.0;-0.42868182564021984
5968.0;-6.644012808173453e-6;-0.434455916;0.0;0.0;0.1359878429078489;0.0;0.0;0.6127322894438236;0.0;0.0;0.0;0.0;0.0;-0.31428657886130407
5969.0;-6.5676294016262155e-6;-0.43174743800000004;0.0;0.0;0.050877847133157114;0.0;0.0;0.6079401397549212;0.0;0.0;0.0;0.0;0.0;-0.227092983800897
5970.0;8.001214603768381e-5;-0.43472114599999995;0.0;0.0;0.012476218959909557;0.0;0.0;0.6155127432594663;0.0;0.0;0.0;0.0;0.0;-0.19328829968345707
5971.0;5.714835417361351e-5;-0.43577720799999997;0.0;0.0;0.0009887161833516524;0.0;0.0;0.6184473891930792;0.0;0.0;0.0;0.0;0.0;-0.18367787588657386
5972.0;2.451405146811737e-5;-0.429682678;0.0;0.0;0.0003310702469490321;0.0;0.0;0.6005487261351563;0.0;0.0;0.0;0.0;0.0;-0.1712152810995468
5973.0;2.188821674276782e-5;-0.41880218999999996;0.0;0.0;0.0002977614064292085;0.0;0.0;0.5888454292249238;0.0;0.0;0.0;0.0;0.0;-0.17035915283107916
5974.0;2.1902032255895486e-5;-0.40529328800000003;0.0;0.0;0.0002977634107388466;0.0;0.0;0.586053015022702;0.0;0.0;0.0;0.0;0.0;-0.18107562725555762
5975.0;2.1919286495126252e-5;-0.394702114;0.0;0.0;0.0002977621223111192;0.0;0.0;0.5829413135839514;0.0;0.0;0.0;0.0;0.0;-0.18855509190931916
5976.0;2.1934038462441277e-5;-0.38520972000000003;0.0;0.0;0.0002977620814708518;0.0;0.0;0.5815847940742642;0.0;0.0;0.0;0.0;0.0;-0.1966909581189025
5977.0;34.11708237278936;-0.34208231000000006;0.0;3.597787481522045e-14;0.00029118583644566166;0.0;9.387307307435306e-11;0.4697753289758103;3.2771180197880934e-14;0.0;0.0;0.0;0.0;-0.12904649602566085
5978.0;34.11714755952472;-0.33706166800000004;0.0;3.5977876895555055e-14;0.00029118583644566806;0.0;1.1571819654755113e-10;0.4818305883567068;3.2771186320149994e-14;0.0;0.0;0.0;0.0;-0.14612743355217975
5979.0;34.11723851673275;-0.33808757;0.0;3.5977879813539275e-14;0.0003083126103517146;0.0;1.3026477642197579e-10;0.49900787165540944;3.277119490755541e-14;0.0;0.0;0.0;0.0;-0.16230330956411962
5980.0;34.11732693952114;-0.33976315400000007;0.0;3.59778826538392e-14;0.00029118583644568584;0.0;1.4031364347270355e-10;0.5158151235811571;3.277120326634152e-14;0.0;0.0;0.0;0.0;-0.17742510765618924
5981.0;34.117374116192586;-0.342972014;0.0;3.597788415855263e-14;0.00027405522718551307;0.0;1.4914234709839195e-10;0.5244719280125828;3.277120769459719e-14;0.0;0.0;0.0;0.0;-0.18285962144945697
5982.0;34.117496737762046;-0.35155974200000006;0.0;3.597788810480878e-14;0.0002740552271855252;0.0;1.5454570845688316e-10;0.5479397571379945;3.277121930811767e-14;0.0;0.0;0.0;0.0;-0.19774995176344232
5983.0;34.11765517282074;-0.371982888;0.0;3.597789320955885e-14;0.0004110828421733093;0.0;1.5491908584288596e-10;0.578311610507151;3.2771234330994715e-14;0.0;0.0;0.0;0.0;-0.20784899863392553
5984.0;34.117763341524366;-0.396775992;0.0;3.5977896818931565e-14;0.007605031670193856;0.0;1.5575922428680617e-10;0.5981764954449781;3.277124495308915e-14;0.0;0.0;0.0;0.0;-0.21012343792380633
5985.0;34.117833315785134;-0.410070896;0.0;3.59778996985569e-14;0.040936995660039534;0.0;1.5568151278660473e-10;0.6088587418950753;3.277125342759168e-14;0.0;0.0;0.0;0.0;-0.24084746130805834
5986.0;34.11785222820442;-0.41706320999999996;0.0;3.597790177329551e-14;0.1194195559118473;0.0;1.5617952611212161e-10;0.6057718923123032;3.277125953337933e-14;0.0;0.0;0.0;0.0;-0.30924957825090627
5987.0;34.11788768366284;-0.4211555340000001;0.0;3.597790487294968e-14;0.22455398440226518;0.0;1.5602399393588318e-10;0.60339589782366;3.277126865540515e-14;0.0;0.0;0.0;0.0;-0.40791475588118736
5988.0;34.11795706708583;-0.42586567000000003;0.0;3.5977908735976844e-14;0.3114123540245572;0.0;1.5283664448884282e-10;0.6094527396253451;3.2771280023971115e-14;0.0;0.0;0.0;0.0;-0.49612260843864037
5989.0;34.11801659078282;-0.42508222400000006;0.0;3.5977911695740955e-14;0.3662576516498091;0.0;1.515632864752149e-10;0.61675600646139;3.277128873430494e-14;0.0;0.0;0.0;0.0;-0.5590578857192443
5990.0;34.11804515598008;-0.42066281800000005;0.0;3.5977912428223524e-14;0.3554153432918676;0.0;1.4593704798340098e-10;0.6236016011313139;3.2771290889938426e-14;0.0;0.0;0.0;0.0;-0.5594836273996122
5991.0;34.11803058829998;-0.415773986;0.0;3.5977910916656775e-14;0.29906274190174986;0.0;1.361417781588626e-10;0.6258802207266461;3.2771286441528305e-14;0.0;0.0;0.0;0.0;-0.510299527167497
5992.0;34.1178982705624;-0.40815754800000004;0.0;3.5977904948344284e-14;0.20778523121668216;0.0;1.3589563366115897e-10;0.608235527594113;3.2771268877285846e-14;0.0;0.0;0.0;0.0;-0.4089859366195995
5993.0;34.11780729357473;-0.40322451800000003;0.0;3.5977900136021545e-14;0.10751528209949243;0.0;1.4270591120619187e-10;0.59910157744493;3.277125471501591e-14;0.0;0.0;0.0;0.0;-0.30451088744406113
5994.0;34.1176911738804;-0.4019594760000001;0.0;3.5977895003019705e-14;0.03370878944885273;0.0;1.4333904487746087e-10;0.5826740945598464;3.277123960900964e-14;0.0;0.0;0.0;0.0;-0.21553467413607966
5995.0;34.11772454319603;-0.40311922600000005;0.0;3.597789551332996e-14;0.003956672140272779;0.0;1.4423534606234946e-10;0.5913503761104729;3.277124111081097e-14;0.0;0.0;0.0;0.0;-0.19330285452574525
5996.0;34.11773870503218;-0.39942622999999994;0.0;3.5977895926219104e-14;0.0009591933021244307;0.0;1.3999025169287985e-10;0.5947001409376147;3.2771242325911824e-14;0.0;0.0;0.0;0.0;-0.19734964645027878
5997.0;34.1178086763276;-0.3904474640000001;0.0;3.597789820795724e-14;0.0005309836832550524;0.0;1.295765501040763e-10;0.6092385109357397;3.2771249040880026e-14;0.0;0.0;0.0;0.0;-0.22044505442976634
5998.0;34.117900238008026;-0.378263416;0.0;3.5977901202889453e-14;0.00042820961607936806;0.0;1.1386119834687027e-10;0.6282270039959439;3.277125785472048e-14;0.0;0.0;0.0;0.0;-0.2515233130922283
5999.0;34.11786030610036;-0.366985466;0.0;3.597789996574997e-14;0.00029118583644573923;0.0;9.144845502917898e-11;0.6220533083979644;3.277125421391975e-14;0.0;0.0;0.0;0.0;-0.25648808453635896
6000.0;34.11785631660762;-0.356221634;0.0;3.5977899881047564e-14;0.00030831261035177643;0.0;7.419257284181332e-11;0.6225401935672137;3.2771253964649196e-14;0.0;0.0;0.0;0.0;-0.2677563377337986
6001.0;74.4474853267859;-0.326221144;0.028017680808777156;6.197832490800922e-14;0.009352133282521675;0.0;8.322894103301682e-11;0.3162217115163232;3.388888601056612e-14;0.0;2.2867565724068702e-14;9.700226589318925e-13;0.0;-0.02737941626202982
6002.0;74.44746962948653;-0.31947599400000004;0.02801768080877714;6.197832376034863e-14;0.007296720975381856;0.0;8.81675929157022e-11;0.31022329572089424;3.3888884891881085e-14;0.0;2.2867564667848725e-14;9.70022644280766e-13;0.0;-0.026068069755172334
6003.0;74.44751381981844;-0.317384218;0.028017680808777163;6.197832544150194e-14;0.00554961936370677;0.0;8.667347127717888e-11;0.3050623193484684;3.388888653058646e-14;0.0;2.286756621505563e-14;9.70022665742484e-13;0.0;-0.021249601402757355
6004.0;74.44765638679215;-0.31700513399999997;0.028017680808777243;6.197833147710525e-14;0.0036826169109499306;0.0;8.915020527320042e-11;0.29938524837122993;3.3888892413789016e-14;0.0;2.2867571769765293e-14;9.700227427933241e-13;0.0;-0.014082161722548657
6005.0;74.44765758900762;-0.318945406;0.028017680808777246;6.197833175392884e-14;0.0015758166113837185;0.0;8.727683607694159e-11;0.3041080279129531;3.388889268362357e-14;0.0;2.286757202453147e-14;9.7002274632735e-13;0.0;-0.014759962586646991
6006.0;74.44801329045374;-0.327324894;0.028017680808777458;6.197834791512112e-14;0.001353149373834533;0.0;8.426517021376162e-11;0.3067858918843684;3.388890843673146e-14;0.0;2.2867586898072425e-14;9.700229526423247e-13;0.0;-0.00883576287815331
6007.0;74.44828360559586;-0.34564051800000006;0.02801768080877763;6.19783612947231e-14;0.019988903094497266;0.0;8.04140381135401e-11;0.30485782832657227;3.388892147847378e-14;0.0;2.2867599211653468e-14;9.700231234470562e-13;0.0;-0.007227214177374767
6008.0;74.44724573477373;-0.36698899;0.028017680808777062;6.197831783036029e-14;0.13757571393954401;0.0;7.771514932880406e-11;0.3011282944587662;3.388887911162859e-14;0.0;2.2867559210342174e-14;9.70022568578127e-13;0.0;-0.09973501556993856
6009.0;74.44725849071071;-0.38620938200000005;0.028017680808777198;6.197832825774093e-14;0.4140288993710984;0.0;7.253141034249086e-11;0.289394378112278;3.388888927571538e-14;0.0;2.2867568806907232e-14;9.70022701694752e-13;0.0;-0.3452290091557295
6010.0;74.44723313353173;-0.397814632;0.028017680808777312;6.197833679112919e-14;0.7075420238274712;0.0;6.891769329782316e-11;0.26388163341655796;3.388889759363198e-14;0.0;2.2867576660389785e-14;9.700228106325775e-13;0.0;-0.6016132557430294
6011.0;0.001908864446687316;-0.40199454;0.0;0.0;0.915094596724277;0.0;4.4613342346019465e-11;0.24663897548620928;0.0;0.0;0.0;0.0;0.0;-0.7597441876929579
6012.0;0.0019088575167236221;-0.40575433600000005;0.0;0.0;0.9541611351802951;0.0;4.6479451542076895e-11;0.21133223344869612;0.0;0.0;0.0;0.0;0.0;-0.7597441876929579
6013.0;0.0019088592769771115;-0.409281124;0.0;0.0;0.9463836725946335;0.0;4.499149640040634e-11;0.22263648404367697;0.0;0.0;0.0;0.0;0.0;-0.7597441876929579
6014.0;0.001908856152436442;-0.408052652;0.0;0.0;0.9327186452698484;0.0;4.716177402674427e-11;0.23507303939494123;0.0;0.0;0.0;0.0;0.0;-0.7597441876929579
6015.0;0.0019088536418446214;-0.400731084;0.0;0.0;0.9188081456326015;0.0;4.919230225114197e-11;0.24166197102946807;0.0;0.0;0.0;0.0;0.0;-0.7597441876929579
6016.0;0.0019088593612860115;-0.39078456200000006;0.0;0.0;0.8595783849888212;0.0;4.777011007471199e-11;0.29094520934426504;0.0;0.0;0.0;0.0;0.0;-0.7597441876929579
6017.0;74.44745399535827;-0.379359378;0.02801768080877744;6.197834673014046e-14;0.6261990142701802;0.0;6.588304692715816e-11;0.3133393565230119;3.38889072816739e-14;0.0;2.2867585807504762e-14;9.700229375146389e-13;0.0;-0.5882048589022943
6018.0;74.44722562393844;-0.37166731399999997;0.028017680808777135;6.19783235088938e-14;0.32730755544611706;0.0;6.34178605545741e-11;0.2905434246857623;3.3888884646778745e-14;0.0;2.2867564436430914e-14;9.70022641070685e-13;0.0;-0.2741993036907351
6019.0;74.44728722874933;-0.367475102;0.028017680808777045;6.197831657964705e-14;0.09490874343894536;0.0;6.856645386036052e-11;0.27339535617396993;3.388887789249523e-14;0.0;2.2867558059281375e-14;9.700225526114732e-13;0.0;-0.028837194551558597
6020.0;602.2641653211857;-0.37082284200000004;0.028017680823229568;1.0337091800196631e-13;0.01904683656536191;1.195965386393763e-15;8.938039054002076e-11;0.2771151523745113;4.909819443981999e-14;0.0;0.04654553330702124;1.4235203829448636e-12;2.1244002700270833e-14;-2.825973542110886e-8
6021.0;602.2641971158106;-0.36601828;0.028017680823229568;1.03370922337333e-13;0.009643319123630607;1.1959654213825336e-15;7.354407267143135e-11;0.2849442550506431;4.9098194933698516e-14;0.0;0.0433118038348691;1.4235204231388103e-12;2.1244005189202366e-14;-2.8259733738312216e-8
6022.0;602.2642049067393;-0.356725616;0.028017680823229568;1.0337092369181055e-13;0.010020144585427772;1.195965432314202e-15;6.409491845211897e-11;0.28689179216007554;4.9098195087995165e-14;0.0;0.031693827334513106;1.4235204356958256e-12;2.1244005966807072e-14;-2.8259733212564464e-8
6023.0;602.2318184432612;-0.34576373400000004;0.02801768082322952;1.0336576815129044e-13;0.010020144585427755;1.1959238234758371e-15;5.522935654868388e-11;0.2884790355642624;4.909760772456e-14;0.0;0.02042736136434638;1.4234726372860204e-12;2.1241046435980268e-14;-2.82617346051185e-8
6024.0;465.89195919585967;-0.33463822200000004;0.02801768082301016;8.817730026679098e-14;0.009797473512447115;1.0676275466293567e-15;4.193568093212021e-11;0.2907089668210296;4.67273065188959e-14;0.0;8.85195358906093e-14;1.2737460240477075e-12;1.4344715054082116e-14;-3.742753205867506e-8
6025.0;-7.8795643598075e-6;-0.24294531800000002;0.0;0.0;0.006398912026591406;0.0;0.0;0.24183352502849714;0.0;0.0;0.0;0.0;0.0;-0.005310376824467152
6026.0;6.529904244407766e-5;-0.23965007400000002;0.0;0.0;0.003952795906664309;0.0;0.0;0.23915636835385057;0.0;0.0;0.0;0.0;0.0;-0.0034830515322869337
6027.0;6.5198025192827135e-6;-0.236775248;0.0;0.0;0.0012589585468936707;0.0;0.0;0.2388995450618036;0.0;0.0;0.0;0.0;0.0;-0.003414421033712237
6028.0;50.00122990138083;-0.23398026200000002;0.0063455535222541265;3.807153991532512e-14;0.0008221656879355828;0.0;4.522292720088491e-11;0.22671287549984157;3.3865216544295434e-14;0.0;0.0;6.534372472410595e-13;0.0;-1.9852958931560544e-7
6029.0;0.00017090173241819553;-0.23452332599999998;0.0;0.0;0.0006575272981184833;0.0;0.0;0.23595544547271735;0.0;0.0;0.0;0.0;0.0;-0.0021232586936352337
6030.0;8.651503324978737e-6;-0.23631792200000004;0.0;0.0;0.017872737355486668;0.0;0.0;0.22191008450419086;0.0;0.0;0.0;0.0;0.0;-0.003492459537152411
6031.0;-7.299257050531711e-6;-0.24205897399999998;0.0;0.0;0.0787643332384789;0.0;0.0;0.20282235635157977;0.0;0.0;0.0;0.0;0.0;-0.03954405153987865
6032.0;-7.205375767914705e-6;-0.25547264599999997;0.0;0.0;0.259579104635952;0.0;0.0;0.19619015464091458;0.0;0.0;0.0;0.0;0.0;-0.20031214123731558
6033.0;-7.189350773335212e-6;-0.27245038400000005;0.0;0.0;0.48813302953246257;0.0;0.0;0.19913422405217546;0.0;0.0;0.0;0.0;0.0;-0.4148322553185042
6034.0;-7.168333340212959e-6;-0.28668983;0.0;0.0;0.6772516588679295;0.0;0.0;0.20316289721547165;0.0;0.0;0.0;0.0;0.0;-0.5937399641889837
6035.0;-7.10371519263255e-6;-0.29634381600000004;0.0;0.0;0.7683723825410363;0.0;0.0;0.22007392069715748;0.0;0.0;0.0;0.0;0.0;-0.6921173821919622
6036.0;-7.0961769972939385e-6;-0.301139826;0.0;0.0;0.7961282212797816;0.0;0.0;0.2011869571384138;0.0;0.0;0.0;0.0;0.0;-0.6961902110841717
6037.0;-7.096174696442833e-6;-0.30152920200000005;0.0;0.0;0.820396164505743;0.0;0.0;0.1773295985452691;0.0;0.0;0.0;0.0;0.0;-0.6962114195148458
6038.0;-7.094829852975234e-6;-0.30014276200000006;0.0;0.0;0.8196559548428092;0.0;0.0;0.17697204550216367;0.0;0.0;0.0;0.0;0.0;-0.6965000940423547
6039.0;-7.097456756792724e-6;-0.29741615;0.0;0.0;0.7768583138722681;0.0;0.0;0.21635827487108347;0.0;0.0;0.0;0.0;0.0;-0.6958153009500991
6040.0;-7.09667027108866e-6;-0.29352660199999997;0.0;0.0;0.6785766139536482;0.0;0.0;0.31110833255424714;0.0;0.0;0.0;0.0;0.0;-0.6961732033489514
6041.0;-7.175585991784852e-6;-0.287782924;0.0;0.0;0.5379041041705463;0.0;0.0;0.3133008101983686;0.0;0.0;0.0;0.0;0.0;-0.5634372675688372
6042.0;-7.189595813965143e-6;-0.28464620600000007;0.0;0.0;0.3600699009827081;0.0;0.0;0.3252629512464818;0.0;0.0;0.0;0.0;0.0;-0.4007020395976633
6043.0;-7.202679019033346e-6;-0.277005826;0.0;0.0;0.16731435553888002;0.0;0.0;0.3211366561002891;0.0;0.0;0.0;0.0;0.0;-0.21146070200337855
6044.0;-7.245490498142634e-6;-0.27637810599999996;0.0;0.0;0.03681523333174065;0.0;0.0;0.3138311749057274;0.0;0.0;0.0;0.0;0.0;-0.07428417154181477
6045.0;-7.310106494096374e-6;-0.275126506;0.0;0.0;0.00425014585359011;0.0;0.0;0.3122675934784467;0.0;0.0;0.0;0.0;0.0;-0.04140752457813094
6046.0;-7.3167865239060046e-6;-0.273036722;0.0;0.0;0.0036488026888477658;0.0;0.0;0.3084476184584402;0.0;0.0;0.0;0.0;0.0;-0.039076047416283254
6047.0;-7.291754454550708e-6;-0.269022078;0.0;0.0;0.004018561880450041;0.0;0.0;0.3136608785905213;0.0;0.0;0.0;0.0;0.0;-0.04867351126526783
6048.0;-7.27970631581612e-6;-0.262477932;0.0;0.0;0.004365383584044373;0.0;0.0;0.312835293757936;0.0;0.0;0.0;0.0;0.0;-0.054738804330856636
6049.0;286.17410274683795;-0.264613742;0.02801768082299228;4.277150709240357e-14;0.010756668735058181;5.57083334574995e-16;8.233558710569581e-12;0.23506781223267373;4.713988018073564e-14;0.0;2.2114322769668397e-14;7.308181435011546e-13;5.817753310864298e-15;-3.211157190316823e-8
6050.0;230.8950595853905;-0.258648122;0.02801768082271514;4.073447059947157e-14;0.009472034125341585;5.359680067154249e-16;7.849856446311036e-12;0.23368505985036475;4.5072750914829346e-14;0.0;1.8822289287608967e-14;6.989852298756995e-13;5.32658419890634e-15;-3.980233210647467e-8
6051.0;185.9569407549714;-0.255732464;0.02801768082232371;3.921599266993579e-14;0.007947599751119179;0.0;1.1474842252481557e-11;0.23378243652743522;4.300324064073165e-14;0.0;1.6790527775333402e-14;6.750405629205735e-13;4.98451339761337e-15;-4.9424357317833514e-8
6052.0;165.0651680710374;-0.257314592;0.028017680822037684;3.854810602020251e-14;0.0070055370554020615;0.0;2.0981962528720144e-11;0.23463935306962447;4.1901456457847997e-14;0.0;1.598845913737322e-14;6.644510123067849e-13;4.8400617205739654e-15;-5.5679835640537276e-8
6053.0;147.60578534845257;-0.263249332;0.0280176808217046;3.800696712599023e-14;0.014285127423595037;0.0;2.343622629358269e-11;0.23350004416383385;4.0906152087195066e-14;0.0;1.5374515671984955e-14;6.558453657219586e-13;4.725580396211268e-15;-6.226799501019176e-8
6054.0;8.851878857656452;-0.27832943400000004;0.0;0.0;0.06608156012613411;0.0;1.8601028596470445e-11;0.21958488489677763;0.0;0.0;0.0;0.0;0.0;-1.0410015857170972e-6
6055.0;-7.804246890698351e-6;-0.29294880200000006;0.0;0.0;0.20705504801146923;0.0;0.0;0.1593716487795667;0.0;0.0;0.0;0.0;0.0;-0.07349218926148371
6056.0;-7.762947246542134e-6;-0.31831460200000006;0.0;0.0;0.4543135780363771;0.0;0.0;0.15064729674090818;0.0;0.0;0.0;0.0;0.0;-0.2866601806534457
6057.0;-7.74427962564966e-6;-0.33609350400000004;0.0;0.0;0.7357915941443645;0.0;0.0;0.14877476081422672;0.0;0.0;0.0;0.0;0.0;-0.5484866065204149
6058.0;-7.705995558800107e-6;-0.35120353800000004;0.0;0.0;0.9273735761431897;0.0;0.0;0.09219953943186283;0.0;0.0;0.0;0.0;0.0;-0.6683831019515346
6059.0;-7.708288874141636e-6;-0.36254812200000003;0.0;0.0;0.9261031861580961;0.0;0.0;0.10341611509345394;0.0;0.0;0.0;0.0;0.0;-0.6669847095825329
6060.0;-7.70975262194643e-6;-0.364908074;0.0;0.0;0.9175026409778835;0.0;0.0;0.1133546878724645;0.0;0.0;0.0;0.0;0.0;-0.6659627894205723
6061.0;-7.709896725440949e-6;-0.36284754799999996;0.0;0.0;0.9084079417628896;0.0;0.0;0.12028460923378317;0.0;0.0;0.0;0.0;0.0;-0.6658585379942636
6062.0;-7.709972355046527e-6;-0.3615396900000001;0.0;0.0;0.891964802150822;0.0;0.0;0.13534612971935334;0.0;0.0;0.0;0.0;0.0;-0.6657847771690429
6063.0;-7.713046647721993e-6;-0.35737437000000005;0.0;0.0;0.8710058998732728;0.0;0.0;0.14981708684252537;0.0;0.0;0.0;0.0;0.0;-0.6634621612871964
6064.0;-7.71764775456233e-6;-0.35038261800000003;0.0;0.0;0.8443644902469895;0.0;0.0;0.1654598625738969;0.0;0.0;0.0;0.0;0.0;-0.6594552944007032
6065.0;-7.739563795525553e-6;-0.341182068;0.0;0.0;0.6830149422500525;0.0;0.0;0.25953191767242556;0.0;0.0;0.0;0.0;0.0;-0.6013784858986283
6066.0;-7.759142755204716e-6;-0.332925362;0.0;0.0;0.4833382794634936;0.0;0.0;0.2680636406948811;0.0;0.0;0.0;0.0;0.0;-0.41849039793739906
6067.0;-7.77004650305278e-6;-0.32146757800000003;0.0;0.0;0.26814184877423747;0.0;0.0;0.27431018162897997;0.0;0.0;0.0;0.0;0.0;-0.22099840650780644
6068.0;-7.84234681633502e-6;-0.307708588;0.0;0.0;0.10613419530768528;0.0;0.0;0.24410242297186338;0.0;0.0;0.0;0.0;0.0;-0.0425426862733899
6069.0;-8.392782484768356e-6;-0.29885625599999993;0.0;0.0;0.02797083783670482;0.0;0.0;0.2740571209804896;0.0;0.0;0.0;0.0;0.0;-0.003198205798298699
6070.0;7.187454755440198e-5;-0.29509109200000005;0.0;0.0;0.010792610474260503;0.0;0.0;0.2876747220662556;0.0;0.0;0.0;0.0;0.0;-0.0033977205703240826
6071.0;-7.258157239193241e-6;-0.286165472;0.0;0.0;0.010319205853474636;0.0;0.0;0.28289306992154534;0.0;0.0;0.0;0.0;0.0;-0.007066032118248547
6072.0;-6.826068631149082e-6;-0.26840408000000004;0.0;0.0;0.009860842752242078;0.0;0.0;0.26566839946023524;0.0;0.0;0.0;0.0;0.0;-0.007144332735987081
6073.0;602.2637148331369;-0.263363242;0.02801768082342304;7.348571929621676e-14;0.009078078054495639;8.722838914556607e-16;1.8426661718068368e-11;0.19628259612485732;5.192582348141451e-14;0.0;0.029921969094164558;1.142288494720838e-12;1.510336764307354e-14;-2.142789341501121e-8
6074.0;602.2637065823499;-0.261191918;0.02801768082342304;7.348571822990098e-14;0.007074049904428072;8.722838823670743e-16;1.9939916631991645e-11;0.19483168185238348;5.192582333221342e-14;0.0;0.03120624157981952;1.1422884815262732e-12;1.510336703083064e-14;-2.1427893892623974e-8
6075.0;602.2636420548815;-0.259090354;0.02801768082342304;7.348571087181035e-14;0.005583874831145461;8.722838196523042e-16;2.0294668609470625e-11;0.18268878167832067;5.192582230264821e-14;0.0;0.04274308287588446;1.1422883904760216e-12;1.510336280605736e-14;-2.1427897188385456e-8
6076.0;602.2636152029876;-0.257159932;0.02801768082342304;7.348570786459119e-14;0.005652387679800822;8.7228379402121625e-16;1.882870154759586e-11;0.17765439676989853;5.1925821881870156e-14;0.0;0.045780725425084136;1.1422883532642678e-12;1.5103361079411536e-14;-2.142789853534918e-8
6077.0;624.9279399430358;-0.25972964000000004;0.028017680823441794;7.564972374341716e-14;0.006714351216543757;8.905774080831485e-16;1.9203730158079505e-11;0.1665047440535369;5.221177875657497e-14;0.0;0.06052986155541694;1.1688612569867562e-12;1.6415382872329387e-14;-2.05265296073387e-8
6078.0;673.0257773034023;-0.27101156800000004;0.028017680823477085;8.069297637747689e-14;0.02783373261625989;9.320729606579554e-16;1.9126709491965407e-11;0.151761883033519;5.276877258400141e-14;0.0;0.06052986155567437;1.2292090010249357e-12;2.0128478527638712e-14;-1.8846775707637494e-8
6079.0;214.64777992782817;-0.28929024999999997;0.028017680822302788;4.9309089043253054e-14;0.1299535535765874;6.452384227987125e-16;1.1399075811057463e-11;0.1363763341608142;4.252988658389844e-14;0.0;2.2135729754998476e-14;8.171766829653709e-13;6.379768339087819e-15;-9.963481509080615e-8
6080.0;128.92723437110766;-0.30955038600000007;0.02801768082056952;4.5961603621876604e-14;0.3379443252593526;0.0;9.044253578314841e-12;0.13186778509239547;3.8315285266730575e-14;0.0;1.8127680120155363e-14;7.680584816396033e-13;5.6572989934430245e-15;-0.18814905469261956
6081.0;128.92731364278754;-0.326484178;0.028017680820569532;4.5961613700403515e-14;0.5924045813618818;0.0;8.331589230599904e-12;0.12639520335327079;3.831530068339325e-14;0.0;1.8127690720836047e-14;7.68058631014153e-13;5.657301062515773e-15;-0.42020079614783223
6082.0;128.92741829892765;-0.33761862200000003;0.028017680820569543;4.596162354404506e-14;0.7916084589118727;0.0;7.2579746920928835e-12;0.13187752097632252;3.831531574074612e-14;0.0;1.8127701074470083e-14;7.680587769076166e-13;5.657303083367285e-15;-0.6137551478259626
6083.0;128.9273633660581;-0.34744732200000006;0.028017680820569546;4.5961625368533264e-14;0.9140254898293043;0.0;5.290751584113631e-12;0.13516885979720836;3.831531853157919e-14;0.0;1.812770299348508e-14;7.680588039485644e-13;5.657303457925814e-15;-0.7296358952063638
6084.0;21.134686017014648;-0.35307548200000005;0.0;0.0;0.9667639890681914;0.0;3.840820135675125e-12;0.14428333817747557;3.161422642486558e-14;0.0;0.0;0.0;0.0;-0.7597442396651884
6085.0;0.0019089679669542594;-0.35378137800000004;0.0;0.0;0.9685473304349803;0.0;2.836082053044023e-12;0.1449730444442538;0.0;0.0;0.0;0.0;0.0;-0.7597442505429312
6086.0;0.0019091052743300226;-0.35265667599999995;0.0;0.0;0.950866884705175;0.0;2.5483632855594772e-12;0.16152879542189744;0.0;0.0;0.0;0.0;0.0;-0.7597442505429313
6087.0;70.6954271158522;-0.3478423220000001;0.02801768081119415;4.393443520715625e-14;0.8905595141178566;0.0;3.325265604754418e-12;0.19162798025676403;3.483923742405311e-14;0.0;0.0;7.378327949223049e-13;0.0;-0.759744180924392
6088.0;128.9277005980016;-0.340852576;0.028017680820569556;4.5961635511619845e-14;0.7673031888196384;0.0;3.696841764999148e-12;0.19053736147348968;3.831533404695505e-14;0.0;1.812771366208732e-14;7.680589542799553e-13;5.6573055402544554e-15;-0.6449014951969395
6089.0;128.92763994850978;-0.332333372;0.02801768082056955;4.5961627753066365e-14;0.5761839386362501;0.0;3.5378443464248602e-12;0.19121899999692568;3.831532217908299e-14;0.0;1.8127705501561068e-14;7.680588392898561e-13;5.657303947460025e-15;-0.4629832299104473
6090.0;128.92755350490407;-0.32402882;0.02801768082056954;4.596161900625985e-14;0.38463648075166956;0.0;3.6271494292904853e-12;0.1907515883793128;3.831530879951413e-14;0.0;1.8127696301584634e-14;7.680587096527663e-13;5.6573021517817775e-15;-0.2792725149630755
6091.0;128.9274761613675;-0.313757904;0.02801768082056953;4.5961610397707205e-14;0.19271219356993785;0.0;3.4488725404724387e-12;0.18617487563701193;3.831529563141351e-14;0.0;1.8127687247031894e-14;7.680585820648097e-13;5.6573003844877806e-15;-0.09304028175441166
6092.0;602.2636682503293;-0.304400564;0.02801768082342304;7.34857175755268e-14;0.06262161429620225;8.722838767898656e-16;3.3295643210195256e-12;0.18293222515483654;5.192582324065325e-14;0.0;0.03077175573334493;1.1422884734290022e-12;1.5103366655112928e-14;-2.1427894185724654e-8
6093.0;669.2682335787083;-0.30086447199999994;0.028017680823474517;8.027334726810429e-14;0.016991422340640203;9.286794231569993e-16;3.7152343792173745e-12;0.19767508617486185;5.2727363254827765e-14;0.0;0.06052986155566754;1.2242714977268403e-12;1.9777553409844818e-14;-1.896838631217529e-8
6094.0;602.4239674318682;-0.295089892;0.028017680823423187;7.350117784224379e-14;0.011767244279502227;8.724156403626749e-16;3.824767875147186e-12;0.20353717462235565;5.192798557593691e-14;0.0;0.05375240784257381;1.1424797709219895e-12;1.5112246795442136e-14;-2.1420973108769077e-8
6095.0;602.2637444831664;-0.285145636;0.02801768082342304;7.348572288649162e-14;0.011373290126121904;8.722839220561937e-16;3.1719999820710846e-12;0.2025634060676395;5.19258239837781e-14;0.0;0.0431254191034469;1.1422885391476746e-12;1.5103369704491637e-14;-2.142789180689224e-8
6096.0;602.2637500142017;-0.274783874;0.02801768082342304;7.348572351112203e-14;0.011356163352215865;8.722839273800582e-16;2.7723742873590237e-12;0.20364428896715842;5.1925824071179746e-14;0.0;0.03169942186348253;1.1422885468768503e-12;1.5103370063132594e-14;-2.1427891527114006e-8
6097.0;6.995438247026705e-5;-0.307918396;0.0;0.0;0.0035098296627978785;0.0;0.0;0.4440325136560724;0.0;0.0;0.0;0.0;0.0;-0.13964046628452192
6098.0;7.484377737057305e-5;-0.30508132800000004;0.0;0.0;0.0017544403078460875;0.0;0.0;0.4359846330868788;0.0;0.0;0.0;0.0;0.0;-0.13267464740797416
6099.0;4.925235429472483e-5;-0.30247796800000004;0.0;0.0;0.000856119759648899;0.0;0.0;0.43322517541937006;0.0;0.0;0.0;0.0;0.0;-0.1316195492600981
6100.0;4.826903377040998e-5;-0.30198196000000005;0.0;0.0;0.0008391958039555287;0.0;0.0;0.4262703127360461;0.0;0.0;0.0;0.0;0.0;-0.12514375155662444
6101.0;4.939589697575562e-5;-0.31001490200000004;0.0;0.0;0.0008561282576665783;0.0;0.0;0.4200803902439134;0.0;0.0;0.0;0.0;0.0;-0.11093787766136703
6102.0;7.269870218563386e-5;-0.32813717800000003;0.0;0.0;0.002077702175820493;0.0;0.0;0.40844566945548183;0.0;0.0;0.0;0.0;0.0;-0.08240314667301257
6103.0;5.809992286229937e-5;-0.345903018;0.0;0.0;0.020061547327980316;0.0;0.0;0.3967843515717157;0.0;0.0;0.0;0.0;0.0;-0.07096133285238539
6104.0;-6.645848686218743e-6;-0.359190346;0.0;0.0;0.1353203968533316;0.0;0.0;0.39437282258007106;0.0;0.0;0.0;0.0;0.0;-0.17052204236068827
6105.0;-6.637508904750356e-6;-0.371672412;0.0;0.0;0.3958542495655958;0.0;0.0;0.3750837053574642;0.0;0.0;0.0;0.0;0.0;-0.3992845467251178
6106.0;-6.582111022806602e-6;-0.38219097;0.0;0.0;0.6786013702006041;0.0;0.0;0.3749092302744892;0.0;0.0;0.0;0.0;0.0;-0.6713382803207383
6107.0;-6.5436739554028465e-6;-0.390445366;0.0;0.0;0.805203617960075;0.0;0.0;0.283111412328203;0.0;0.0;0.0;0.0;0.0;-0.6978881328871139
6108.0;-6.5438215579290224e-6;-0.39501463800000003;0.0;0.0;0.7982195201839968;0.0;0.0;0.2946752710813051;0.0;0.0;0.0;0.0;0.0;-0.6978986217647257
6109.0;-6.548467721891591e-6;-0.39116799999999996;0.0;0.0;0.7853496669926026;0.0;0.0;0.303345068027282;0.0;0.0;0.0;0.0;0.0;-0.6975452070306511
6110.0;-6.555622579649558e-6;-0.391315572;0.0;0.0;0.770467062323718;0.0;0.0;0.3159595939253911;0.0;0.0;0.0;0.0;0.0;-0.6951295786498126
6111.0;-6.557486055764402e-6;-0.386465714;0.0;0.0;0.7762547091442682;0.0;0.0;0.30431977164858715;0.0;0.0;0.0;0.0;0.0;-0.6941272699861234
6112.0;-6.612819756693594e-6;-0.37744997;0.0;0.0;0.6354479288766665;0.0;0.0;0.37153322283109885;0.0;0.0;0.0;0.0;0.0;-0.6295499696615473
6113.0;-6.6447729352225936e-6;-0.36642009;0.0;0.0;0.3939389562418253;0.0;0.0;0.34519516507874737;0.0;0.0;0.0;0.0;0.0;-0.3727330489839002
6114.0;-6.6650867515642026e-6;-0.353846482;0.0;0.0;0.16242018983358394;0.0;0.0;0.31954023202827797;0.0;0.0;0.0;0.0;0.0;-0.1281331858282636
6115.0;2.7885082147777413e-5;-0.35307024;0.0;0.0;0.036063842514066656;0.0;0.0;0.3217216704068356;0.0;0.0;0.0;0.0;0.0;-0.004740366004842918
6116.0;7.204430182077476e-5;-0.35210219;0.0;0.0;0.00901190007887668;0.0;0.0;0.3461960331193468;0.0;0.0;0.0;0.0;0.0;-0.0031341259981214715
6117.0;7.312143737617981e-5;-0.344479216;0.0;0.0;0.006002592510559057;0.0;0.0;0.36432563196480455;0.0;0.0;0.0;0.0;0.0;-0.025867014615044988
6118.0;7.390889630561542e-5;-0.33257348800000003;0.0;0.0;0.005045979507513847;0.0;0.0;0.37172355941684243;0.0;0.0;0.0;0.0;0.0;-0.0442133986540993
6119.0;6.905666518006002e-5;-0.32152141199999995;0.0;0.0;0.0033392745507397703;0.0;0.0;0.3832788899135892;0.0;0.0;0.0;0.0;0.0;-0.06511350262682573
6120.0;7.48035237055647e-5;-0.31171991800000004;0.0;0.0;0.0017374482649226972;0.0;0.0;0.389230340735799;0.0;0.0;0.0;0.0;0.0;-0.0792649409536372
6121.0;1.8489595844112716e-5;-0.29101377400000006;0.0;0.0;0.00026285025868975334;0.0;0.0;0.3906937758580348;0.0;0.0;0.0;0.0;0.0;-0.09996259385149883
6122.0;2.3121951876677548e-5;-0.22303901200000004;0.0;0.0;0.0003127585741460024;0.0;0.0;0.3512236669579888;0.0;0.0;0.0;0.0;0.0;-0.12851701078532543
6123.0;1.8613147396342154e-5;-0.22270299600000001;0.0;0.0;0.00026286515116275184;0.0;0.0;0.3525195651799434;0.0;0.0;0.0;0.0;0.0;-0.13009906207759311
6124.0;1.8435055136707668e-5;-0.27897779400000006;0.0;0.0;0.00026284902080474427;0.0;0.0;0.3704337483981112;0.0;0.0;0.0;0.0;0.0;-0.09173858345943013
6125.0;1.8410958612767733e-5;-0.27723376;0.0;0.0;0.0002628456861724959;0.0;0.0;0.3649976800023731;0.0;0.0;0.0;0.0;0.0;-0.08804656846337737
6126.0;2.4399205693119745e-5;-0.27878128599999996;0.0;0.0;0.0003293855694200358;0.0;0.0;0.3648018274765828;0.0;0.0;0.0;0.0;0.0;-0.08636970704340445
6127.0;9.581000793067399e-5;-0.28356242600000003;0.0;0.0;0.0017992744402939129;0.0;0.0;0.3749415900040784;0.0;0.0;0.0;0.0;0.0;-0.09319997297910372
6128.0;5.6642701673988854e-5;-0.291102274;0.0;0.0;0.02444921307412254;0.0;0.0;0.3823463820999723;0.0;0.0;0.0;0.0;0.0;-0.1157167461689105
6129.0;-6.576835576687268e-6;-0.302842852;0.0;0.0;0.15703319226239898;0.0;0.0;0.3860797302036761;0.0;0.0;0.0;0.0;0.0;-0.24029418118500195
6130.0;-6.5701882419762735e-6;-0.317970188;0.0;0.0;0.35337603419729524;0.0;0.0;0.39287692473020225;0.0;0.0;0.0;0.0;0.0;-0.42830672088051913
6131.0;-6.5438057131538235e-6;-0.32788174;0.0;0.0;0.5296002370579338;0.0;0.0;0.3923519558153467;0.0;0.0;0.0;0.0;0.0;-0.5940942010610633
6132.0;-6.503027607234358e-6;-0.333515924;0.0;0.0;0.6239118904099806;0.0;0.0;0.37208995133272205;0.0;0.0;0.0;0.0;0.0;-0.6625094236886457
6133.0;-6.50580740635745e-6;-0.33897937600000005;0.0;0.0;0.6460169213513739;0.0;0.0;0.3535727610002291;0.0;0.0;0.0;0.0;0.0;-0.6606338231967984
6134.0;-6.514431257402943e-6;-0.33738249600000003;0.0;0.0;0.571767387417743;0.0;0.0;0.4200966018836656;0.0;0.0;0.0;0.0;0.0;-0.654505043144911
6135.0;-6.556062787839987e-6;-0.33198504999999995;0.0;0.0;0.44255065535238397;0.0;0.0;0.45715155648680067;0.0;0.0;0.0;0.0;0.0;-0.5677409599327261
6136.0;-6.5756905979981505e-6;-0.323125642;0.0;0.0;0.26023118226105635;0.0;0.0;0.4530629262638316;0.0;0.0;0.0;0.0;0.0;-0.3901924462423726
6137.0;-6.548416848851273e-6;-0.32676275800000004;0.0;0.0;0.07937719480683195;0.0;0.0;0.492161161179452;0.0;0.0;0.0;0.0;0.0;-0.24479970308968138
6138.0;8.685867809322189e-5;-0.34306402599999997;0.0;0.0;0.01368504279886741;0.0;0.0;0.5342256592290987;0.0;0.0;0.0;0.0;0.0;-0.20486869384479572
6139.0;3.518292260327858e-5;-0.344474332;0.0;0.0;0.0005468312003592964;0.0;0.0;0.5723775413180576;0.0;0.0;0.0;0.0;0.0;-0.22846963007023072
6140.0;2.606817950412735e-5;-0.34152543999999996;0.0;0.0;0.00034605319098896605;0.0;0.0;0.5707057616478177;0.0;0.0;0.0;0.0;0.0;-0.22954583076655896
6141.0;2.3306556111501802e-5;-0.33541048800000006;0.0;0.0;0.0003127596976582549;0.0;0.0;0.5690073932613934;0.0;0.0;0.0;0.0;0.0;-0.23392910507282513
6142.0;2.0325449923279263e-5;-0.327739556;0.0;0.0;0.00027949719732327965;0.0;0.0;0.5651152599904471;0.0;0.0;0.0;0.0;0.0;-0.23767464705516328
6143.0;2.0320684121145308e-5;-0.321874922;0.0;0.0;0.00027949630113699745;0.0;0.0;0.5531514618695027;0.0;0.0;0.0;0.0;0.0;-0.2315754884981048
6144.0;2.1818246302580003e-5;-0.314467796;0.0;0.0;0.00029612483222374157;0.0;0.0;0.5456215512658338;0.0;0.0;0.0;0.0;0.0;-0.23146932532382794
6145.0;0.0004909677480777999;-0.38378261000000014;0.0;0.0;0.00026792773426881795;0.0;0.0;0.6298179902295232;0.0;0.0;0.0;0.0;0.0;-0.24633445709299326
6146.0;0.0004899777144440883;-0.38039508800000005;0.0;0.0;0.00025108976952366736;0.0;0.0;0.6300487371751877;0.0;0.0;0.0;0.0;0.0;-0.24993588762920707
6147.0;0.0004899833324327232;-0.3778161590000001;0.0;0.0;0.00025108962515230885;0.0;0.0;0.6293919004351227;0.0;0.0;0.0;0.0;0.0;-0.2518579784323432
6148.0;0.0004909754253304802;-0.3743043220000001;0.0;0.0;0.0002679276080699325;0.0;0.0;0.6225481502288845;0.0;0.0;0.0;0.0;0.0;-0.24854290337645588
6149.0;0.000490984044706013;-0.375873832;0.0;0.0;0.0002679274372501382;0.0;0.0;0.6267669129415715;0.0;0.0;0.0;0.0;0.0;-0.25119215406510575
6150.0;0.0004910018905553179;-0.38218628;0.0;0.0;0.00026792685753373807;0.0;0.0;0.6398514321146234;0.0;0.0;0.0;0.0;0.0;-0.2579642201954266
6151.0;0.0004955388177662428;-0.39904891500000006;0.0;0.0;0.0003523265933768167;0.0;9.993562210607535e-11;0.6494028020792926;0.0;0.0;0.0;0.0;0.0;-0.25073737650449046
6152.0;0.0006596054687448092;-0.42140899600000004;0.0;0.0;0.009224256928451509;0.0;9.877061818770676e-11;0.6535894379234533;0.0;0.0;0.0;0.0;0.0;-0.24143666026520938
6153.0;0.0004567035698432253;-0.4322215400000001;0.0;0.0;0.04921127710095974;0.0;0.0;0.626988507725407;0.0;0.0;0.0;0.0;0.0;-0.24401046765753034
6154.0;0.0004567820981031014;-0.43918967900000005;0.0;0.0;0.13689096991243174;0.0;0.0;0.6226823137676921;0.0;0.0;0.0;0.0;0.0;-0.3204157750847623
6155.0;0.00045700836971322175;-0.44639915500000005;0.0;0.0;0.26532389924948746;0.0;0.0;0.6295430577837164;0.0;0.0;0.0;0.0;0.0;-0.44849990019024266
6156.0;0.00045719506307348207;-0.4516646310000001;0.0;0.0;0.35040609277676804;0.0;0.0;0.6336546842087657;0.0;0.0;0.0;0.0;0.0;-0.5324281861572189
6157.0;0.0004572673541090103;-0.451862066;0.0;0.0;0.373655494368646;0.0;0.0;0.6352384829184776;0.0;0.0;0.0;0.0;0.0;-0.5570639289423781
6158.0;0.00045714834589166155;-0.4479513850000001;0.0;0.0;0.3261675162256776;0.0;0.0;0.6360724430309677;0.0;0.0;0.0;0.0;0.0;-0.514320628864998
6159.0;0.0004569730009876402;-0.4439983970000001;0.0;0.0;0.24614760256039658;0.0;0.0;0.6272838791151634;0.0;0.0;0.0;0.0;0.0;-0.42946519384044984
6160.0;0.00045676872182356205;-0.43722941400000004;0.0;0.0;0.13816773180966513;0.0;0.0;0.6131307100697007;0.0;0.0;0.0;0.0;0.0;-0.31410120209122666
6161.0;0.0004566381051767015;-0.434528377;0.0;0.0;0.05161123939555196;0.0;0.0;0.6088880015919563;0.0;0.0;0.0;0.0;0.0;-0.22600310298383636
6162.0;0.0007167995745944141;-0.43756145900000004;0.0;0.0;0.012684426822784702;0.0;8.04808545655787e-11;0.6167480421462117;0.0;0.0;0.0;0.0;0.0;-0.19190334807551915
6163.0;0.0005282973163503986;-0.4386348320000001;0.0;0.0;0.0010034840322305522;0.0;7.787412334445832e-11;0.6198437832862299;0.0;0.0;0.0;0.0;0.0;-0.18224416257174642
6164.0;0.0004944302847284947;-0.4324948370000001;0.0;0.0;0.000335425077473557;0.0;0.0;0.6020309945040317;0.0;0.0;0.0;0.0;0.0;-0.1699028179239747
6165.0;0.0004926299639862169;-0.42151038500000004;0.0;0.0;0.0003016517134202118;0.0;0.0;0.5903354792400289;0.0;0.0;0.0;0.0;0.0;-0.16915797413276734
6166.0;0.0004926869967734267;-0.40787665200000006;0.0;0.0;0.0003016500784019657;0.0;0.0;0.5875754086797733;0.0;0.0;0.0;0.0;0.0;-0.18003162142892504
6167.0;0.0004927210831300594;-0.397194331;0.0;0.0;0.00030164901596384925;0.0;0.0;0.5842940690316311;0.0;0.0;0.0;0.0;0.0;-0.1874325933335829
6168.0;0.0004927563236313085;-0.38763438000000006;0.0;0.0;0.0003016479488345973;0.0;0.0;0.5828424026171776;0.0;0.0;0.0;0.0;0.0;-0.19554086831093612
6169.0;23.638755034191735;-0.34435636500000005;0.0;3.589122450158941e-14;0.00029546215734851803;0.0;9.390020592764856e-11;0.4705757586530548;3.2245916234966895e-14;0.0;0.0;0.0;0.0;-0.12776988821979413
6170.0;23.638540342185298;-0.3393074220000001;0.0;3.58912191050219e-14;0.00029546215734847585;0.0;1.1594954485754765e-10;0.48265155846420565;3.22458997571357e-14;0.0;0.0;0.0;0.0;-0.14489359303185678
6171.0;23.638222093572587;-0.34036015500000005;0.0;3.5891211090856684e-14;0.0003128404531330758;0.0;1.3075865694775803e-10;0.4998581093861429;3.224587528674615e-14;0.0;0.0;0.0;0.0;-0.1610633602595268
6172.0;23.6379054441073;-0.3420569910000001;0.0;3.5891203114880315e-14;0.00029546215734835106;0.0;1.4104225231944096e-10;0.5166939984548204;3.2245850932949484e-14;0.0;0.0;0.0;0.0;-0.17618364621224009
6173.0;23.637745975516015;-0.345291681;0.0;3.589119909987527e-14;0.0002780799698839445;0.0;1.5011051900531516e-10;0.5253655528374525;3.2245838673552e-14;0.0;0.0;0.0;0.0;-0.18160241076727554
6174.0;23.63729860581076;-0.35391659300000006;0.0;3.589118782362799e-14;0.0002780799698838565;0.0;1.5567426374556077e-10;0.5488733677725545;3.224580424269134e-14;0.0;0.0;0.0;0.0;-0.19648340123740912
6175.0;23.636722545382376;-0.374474552;0.0;3.589117329335962e-14;0.0004171199570401191;0.0;1.5605820697742751e-10;0.5792969704169535;3.224575987596496e-14;0.0;0.0;0.0;0.0;-0.20648564001279984
6176.0;23.636737348854275;-0.3994469680000001;0.0;3.589117340269327e-14;0.0077167183098318035;0.0;1.5692433570025335e-10;0.599195702265136;3.2245760209802614e-14;0.0;0.0;0.0;0.0;-0.20871043317836055
6177.0;23.63835991319593;-0.41286308400000005;0.0;3.589121309720063e-14;0.04153819178040992;0.0;1.568463009057429e-10;0.6098961497286859;3.224588141290231e-14;0.0;0.0;0.0;0.0;-0.23981758126005787
6178.0;23.64272522193598;-0.4199102150000001;0.0;3.589132029920661e-14;0.12117333810026706;0.0;1.573657524687856e-10;0.606804040597649;3.224620874142319e-14;0.0;0.0;0.0;0.0;-0.3093189380984559
6179.0;23.64853979559187;-0.4240007610000001;0.0;3.589146306920386e-14;0.2278517590032872;0.0;1.5721312956320583e-10;0.6044239977557078;3.224664466849872e-14;0.0;0.0;0.0;0.0;-0.4095339401225882
6180.0;23.65318589523188;-0.4287133050000001;0.0;3.5891577044116635e-14;0.3159857208896304;0.0;1.539336154000239e-10;0.6104911595457613;3.2246992670716376e-14;0.0;0.0;0.0;0.0;-0.49902779652318174
6181.0;23.656051032515194;-0.42790039600000007;0.0;3.589164728591934e-14;0.37163647039792574;0.0;1.5262567960673756e-10;0.6178068700993852;3.224720714014993e-14;0.0;0.0;0.0;0.0;-0.5628102002477798
6182.0;23.655318588872763;-0.42344214700000005;0.0;3.589162921091749e-14;0.3606349331167843;0.0;1.468363540215908e-10;0.624664128679261;3.2247151951818645e-14;0.0;0.0;0.0;0.0;-0.5631229034995094
6183.0;23.652174922777203;-0.418525819;0.0;3.5891551995911943e-14;0.30345474374976833;0.0;1.367840702664495e-10;0.6269466307150612;3.224691619070846e-14;0.0;0.0;0.0;0.0;-0.5131376465278118
6184.0;23.6475062230447;-0.4108689420000001;0.0;3.5891437610722834e-14;0.21083674179117073;0.0;1.3652661137197597e-10;0.6092718735600796;3.224656693513042e-14;0.0;0.0;0.0;0.0;-0.41049713814740263
6185.0;23.642186537398732;-0.4059271970000001;0.0;3.5891307145107073e-14;0.10909423945928351;0.0;1.4350136511697652e-10;0.6001223604719286;3.224616857709017e-14;0.0;0.0;0.0;0.0;-0.3045409416843311
6186.0;23.638456209906625;-0.40469965400000013;0.0;3.589121578179188e-14;0.03420383294436909;0.0;1.4414675254924198e-10;0.5836668875158065;3.2245889610014996e-14;0.0;0.0;0.0;0.0;-0.2144190529519636
6187.0;23.636659332255363;-0.4058847790000001;0.0;3.5891171560762377e-14;0.004014779381482227;0.0;1.4506478435211743e-10;0.5923579522038527;3.224575458564815e-14;0.0;0.0;0.0;0.0;-0.19173327264015155
6188.0;23.63642566205929;-0.40215654500000003;0.0;3.5891165776774645e-14;0.0009732799056656147;0.0;1.4070838941413825e-10;0.5957134245490683;3.224573692480327e-14;0.0;0.0;0.0;0.0;-0.1957750120835096
6189.0;23.63610992969226;-0.39308685600000004;0.0;3.589115782805202e-14;0.0005387816484117274;0.0;1.3005286507625305e-10;0.6102765658412419;3.2245712654139067e-14;0.0;0.0;0.0;0.0;-0.21897214069758936
6190.0;23.63572110558496;-0.3807971640000001;0.0;3.5891148021493854e-14;0.00043449825282459753;0.0;1.140624369767587e-10;0.6292974125659351;3.224568271073e-14;0.0;0.0;0.0;0.0;-0.2501768625486567
6191.0;23.635809075596814;-0.36943573900000004;0.0;3.5891150232760485e-14;0.00029546215734793814;0.0;9.146492539418106e-11;0.6231131978775044;3.22456894626281e-14;0.0;0.0;0.0;0.0;-0.2552155567957661
6192.0;23.635781798540197;-0.35859191100000004;0.0;3.589114953531798e-14;0.0003128404531325952;0.0;7.424332098782348e-11;0.6236009126291413;3.2245687333053226e-14;0.0;0.0;0.0;0.0;-0.26656446098082215
6193.0;75.77985645775583;-0.32831607600000007;0.03340233559061086;6.215749796802596e-14;0.009489477661735711;0.0;9.010206267885068e-11;0.3167605078876493;3.411204783036434e-14;0.0;2.291538766550128e-14;9.779918658732424e-13;0.0;-0.032930105815130395
6194.0;75.77987526489709;-0.32152035100000004;0.03340233559061087;6.215749894064496e-14;0.007403879800229388;0.0;9.54475494410126e-11;0.3107518716533737;3.41120487988959e-14;0.0;2.2915388559201776e-14;9.779918784292237e-13;0.0;-0.03163200687738587
6195.0;75.77993111536928;-0.319415247;0.033402335590610906;6.215750149500858e-14;0.005631120450445098;0.0;9.383036462968215e-11;0.3055821017185803;3.4112051342516674e-14;0.0;2.2915390906297582e-14;9.779919114041584e-13;0.0;-0.026795215831022692
6196.0;75.78007296366678;-0.319041161;0.033402335590610996;6.215750784748911e-14;0.0037366994092890697;0.0;9.6511103189557e-11;0.2998953578279045;3.4112057668282665e-14;0.0;2.2915396743326857e-14;9.779919934100172e-13;0.0;-0.0195893235264482
6197.0;75.77984890583329;-0.32099324900000004;0.03340233559061086;6.215749786442966e-14;0.0015989588770692722;0.0;9.448337579620012e-11;0.30462618430754235;3.411204772720506e-14;0.0;2.2915387570311392e-14;9.779918645361049e-13;0.0;-0.02022968132663422
6198.0;75.77995542478054;-0.329424201;0.03340233559061092;6.215750242176105e-14;0.001373021573469909;0.0;9.122356768119747e-11;0.30730861097449136;3.4112052265373164e-14;0.0;2.291539175785185e-14;9.779919233678784e-13;0.0;-0.014256515914367872
6199.0;75.78106101130088;-0.34789519700000004;0.033402335590611607;6.215755094649658e-14;0.02028245788090218;0.0;8.705533511005153e-11;0.30537726227335793;3.4112100585996217e-14;0.0;2.2915436345250977e-14;9.779925497865864e-13;0.0;-0.012765061186844522
6200.0;75.78698855395415;-0.36943258500000004;0.033402335590615326;6.215781252011624e-14;0.1395961354276897;0.0;8.413558756074475e-11;0.3016413738155864;3.4112361057337935e-14;0.0;2.2915676696363355e-14;9.779959265074189e-13;0.0;-0.10680968713163363
6201.0;75.80233042880664;-0.3887591530000001;0.03340233559062492;6.215848854348687e-14;0.42010928130107467;0.0;7.852772109842504e-11;0.2898874645612139;3.411303421623946e-14;0.0;2.2916297885273134e-14;9.780046534370028e-13;0.0;-0.3562613548101653
6202.0;75.81889704508329;-0.40038802800000006;0.033402335590635275;6.215921883706274e-14;0.7179329065483528;0.0;7.461921353246167e-11;0.2643312498134229;3.411376138996067e-14;0.0;2.2916968965041145e-14;9.780140809056408e-13;0.0;-0.6169212725444344
6203.0;-0.016132197732351052;-0.4045699100000001;0.0;0.0;0.9300349507820458;0.0;0.0;0.2503111814275782;0.0;0.0;0.0;0.0;0.0;-0.7757432427789618
6204.0;-0.016132187059960255;-0.4083313440000001;0.0;0.0;0.9631218169936145;0.0;0.0;0.2209857516705171;0.0;0.0;0.0;0.0;0.0;-0.7757432427789618
6205.0;-0.01613219958558403;-0.41186374600000003;0.0;0.0;0.9552641589135866;0.0;0.0;0.23237580999725418;0.0;0.0;0.0;0.0;0.0;-0.7757432427789618
6206.0;-0.01613218165117812;-0.4106283580000001;0.0;0.0;0.9415084728189304;0.0;0.0;0.24489611067234823;0.0;0.0;0.0;0.0;0.0;-0.7757432427789618
6207.0;-0.016132164028789094;-0.40325658600000003;0.0;0.0;0.9274679863584424;0.0;0.0;0.25156482753011083;0.0;0.0;0.0;0.0;0.0;-0.7757432427789618
6208.0;-0.01613217179279391;-0.3932466230000001;0.0;0.0;0.8776795584852888;0.0;0.0;0.2913432904909475;0.0;0.0;0.0;0.0;0.0;-0.7757432427789618
6209.0;75.81348123301679;-0.38176938700000007;0.03340233559063188;6.215897914282184e-14;0.6353953026856768;0.0;7.133290044366256e-11;0.31387324177547826;3.4113522722620876e-14;0.0;2.291674870313843e-14;9.780109866622312e-13;0.0;-0.6025349229650254
6210.0;75.79754383744185;-0.37408813100000005;0.03340233559062193;6.215827766571031e-14;0.33211435745604934;0.0;6.866122946386821e-11;0.2910384689449995;3.4112824234427135e-14;0.0;2.2916104110313008e-14;9.780019311752672e-13;0.0;-0.2840826453824912
6211.0;75.78534353132181;-0.369936533;0.033402335590614306;6.21577405976554e-14;0.09630256258885149;0.0;7.423224053865579e-11;0.2738611825877728;3.411228943829809e-14;0.0;2.2915610608956834e-14;9.779949980426762e-13;0.0;-0.03523247867789703
6212.0;655.1662853771439;-0.3733627430000001;0.03340233560571;1.0372305420777289e-13;0.0193265562686343;1.230689146937379e-15;9.701929124995023e-11;0.2775873167867328;4.970513605922648e-14;0.0;0.043099345546688275;1.439765012337228e-12;2.1981591046778387e-14;-2.8431393942379265e-8
6213.0;655.1656041886912;-0.36850412000000005;0.03340233560571;1.0372297034895525e-13;0.00978493982555531;1.2306884349234913e-15;7.987587294012554e-11;0.2854297591291789;4.970512636880722e-14;0.0;0.03994113147415955;1.4397642218761968e-12;2.1981539850356922e-14;-2.8431426639722456e-8
6214.0;655.1654741966277;-0.3590934640000001;0.03340233560571;1.0372295335151165e-13;0.010167299303775478;1.2306882906047082e-15;6.964546287254691e-11;0.28738061456208314;4.9705124404641005e-14;0.0;0.028197655892492346;1.439764061656482e-12;2.1981529473311514e-14;-2.8431433267201037e-8
6215.0;563.2304565297334;-0.34801256100000005;0.03340233560558977;9.379439472893964e-14;0.010167299303731912;1.1440251285272612e-15;5.940340091109774e-11;0.28897056240101393;4.831091196461012e-14;0.0;1.4452372468296445e-13;1.3424209520751074e-12;1.6846873946908696e-14;-3.347404348646669e-8
6216.0;410.0492542971547;-0.3367845130000001;0.033402335605252666;8.086697344313795e-14;0.009941358108336707;1.0236226314668689e-15;4.464516391659452e-11;0.2912042931403051;4.5281596147421746e-14;0.0;5.416634799785565e-14;1.2038769358544588e-12;1.2122711002701818e-14;-4.762562014894751e-8
6217.0;0.00045458042742950114;-0.2446063970000001;0.0;0.0;0.006041285474307379;0.0;0.0;0.24558674458225754;0.0;0.0;0.0;0.0;0.0;-0.007053828612775521
6218.0;0.0005974484451045933;-0.24129417100000003;0.0;0.0;0.004019081719250073;0.0;0.0;0.2399192088879566;0.0;0.0;0.0;0.0;0.0;-0.0026822429823278454
6219.0;0.00041101779543207184;-0.238405492;0.0;0.0;0.0018096816313075326;0.0;0.0;0.2389756504144113;0.0;0.0;0.0;0.0;0.0;-0.0024224453675758457
6220.0;49.995768746911914;-0.23559567300000003;0.007679771472430608;3.820823533245387e-14;0.0008342399207479238;0.0;4.877940613156007e-11;0.2270991616724792;3.4032052373631905e-14;0.0;0.0;0.0;0.0;-2.1843621121733376e-7
6221.0;0.0006356185857074569;-0.23614192900000003;0.0;0.0;0.0006714571214885547;0.0;0.0;0.23627784892049894;0.0;0.0;0.0;0.0;0.0;-0.0008587669874343772
6222.0;0.0004154288203511642;-0.23794656300000003;0.0;0.0;0.01798901779240567;0.0;0.0;0.22220881290903363;0.0;0.0;0.0;0.0;0.0;-0.0022943311089079475
6223.0;0.0004690901445712432;-0.24373002100000002;0.0;0.0;0.08340461426306771;0.0;3.691769301762504e-11;0.20447689179583978;0.0;0.0;0.0;0.0;0.0;-0.04417947731205453
6224.0;0.00047120258702650037;-0.25722620900000004;0.0;0.0;0.26482429234341764;0.0;3.525417446012325e-11;0.19894954833178857;0.0;0.0;0.0;0.0;0.0;-0.20657499765470666
6225.0;0.00047160759286230507;-0.2742965360000001;0.0;0.0;0.4947498725966431;0.0;3.3163652055378327e-11;0.20284806916071701;0.0;0.0;0.0;0.0;0.0;-0.4233286497803169
6226.0;0.00047201961212151326;-0.288610945;0.0;0.0;0.6863944725008975;0.0;3.039704573830914e-11;0.20695490827825805;0.0;0.0;0.0;0.0;0.0;-0.6047655527340493
6227.0;0.00047253836389165763;-0.29832526400000003;0.0;0.0;0.7765136095259209;0.0;3.311027864094061e-11;0.20307704269060145;0.0;0.0;0.0;0.0;0.0;-0.681292337470469
6228.0;0.00047257114668602853;-0.303141679;0.0;0.0;0.8149358073117219;0.0;3.3377153971102695e-11;0.172205183385269;0.0;0.0;0.0;0.0;0.0;-0.6840262500246544
6229.0;0.0004725813159176341;-0.30352618300000006;0.0;0.0;0.828769538694105;0.0;3.327929972832069e-11;0.15961964384365637;0.0;0.0;0.0;0.0;0.0;-0.6848899342891486
6230.0;0.00047258913434838884;-0.30214492300000007;0.0;0.0;0.8164402581388291;0.0;3.071729694312731e-11;0.17117766963015243;0.0;0.0;0.0;0.0;0.0;-0.6854999369939417
6231.0;0.0004725756729886967;-0.299405725;0.0;0.0;0.7927119482693504;0.0;3.52096980148773e-11;0.19109100700725315;0.0;0.0;0.0;0.0;0.0;-0.6844241669330756
6232.0;0.00047261051027147876;-0.295499783;0.0;0.0;0.6975114800080101;0.0;3.5129635393198535e-11;0.2850836106173347;0.0;0.0;0.0;0.0;0.0;-0.6871222327652925
6233.0;0.000471905242602055;-0.28972294600000004;0.0;0.0;0.5461215602521023;0.0;3.7175678441695804e-11;0.3152441323544935;0.0;0.0;0.0;0.0;0.0;-0.5716698990863229
6234.0;0.00047158139199839186;-0.28657994900000006;0.0;0.0;0.36448045712108906;0.0;3.5556633904738145e-11;0.32759973833255807;0.0;0.0;0.0;0.0;0.0;-0.4055274986446489
6235.0;0.00047123109459057134;-0.27890617900000003;0.0;0.0;0.17278223289552141;0.0;3.0388148836023666e-11;0.3215644671147106;0.0;0.0;0.0;0.0;0.0;-0.21546787923801217
6236.0;0.0004702201728263883;-0.278307299;0.0;0.0;0.04100736862359436;0.0;3.478269295854541e-11;0.31405268325422303;0.0;0.0;0.0;0.0;0.0;-0.07678041138266539
6237.0;0.00046904762524839114;-0.277066899;0.0;0.0;0.008236032822074161;0.0;3.0610541891641176e-11;0.31243740758389366;0.0;0.0;0.0;0.0;0.0;-0.04363454366628813
6238.0;0.0004687775649666296;-0.27494676300000004;0.0;0.0;0.004582316112758196;0.0;3.0094582881593863e-11;0.3101314614208101;0.0;0.0;0.0;0.0;0.0;-0.03979509361069304
6239.0;0.00046934465182139933;-0.270872437;0.0;0.0;0.0049259160334915505;0.0;3.197160566876897e-11;0.31511754620017435;0.0;0.0;0.0;0.0;0.0;-0.049198937632208006
6240.0;0.0004696167905483359;-0.26425997800000006;0.0;0.0;0.005309656336423612;0.0;3.3724086696563114e-11;0.3143904267969665;0.0;0.0;0.0;0.0;0.0;-0.055467937768453185
6241.0;232.5282906418587;-0.26638609300000005;0.033402335605091225;4.03805231279503e-14;0.010914639964262198;5.422314882455772e-16;8.508916695631908e-12;0.23546833401734213;4.490277546289593e-14;0.0;1.8191716747844546e-14;6.971113856001697e-13;5.299449549101014e-15;-4.34810346654431e-8
6242.0;176.9982601112127;-0.26038386300000005;0.03340233560452635;3.8710914690999964e-14;0.00961113935484396;0.0;8.035289809995825e-12;0.23408322562359105;4.232115975951431e-14;0.0;1.6078871467573737e-14;6.704413734395784e-13;4.921870708428064e-15;-5.7133460768484565e-8
6243.0;131.2032545266643;-0.257451356;0.033402335603478515;3.7434444926677865e-14;0.008064317308458854;0.0;1.1537749942460929e-11;0.23418076821650655;3.975498477156672e-14;0.0;1.4673593607716182e-14;6.499099071148603e-13;4.648755954949234e-15;-7.709337412113355e-8
6244.0;108.69860029843636;-0.25904686800000004;0.033402335602364115;3.6837776101179344e-14;0.007108419585668216;0.0;2.0779279594030925e-11;0.2350391448213651;3.8343156482724944e-14;0.0;1.4069627285256882e-14;6.402711025581096e-13;0.0;-9.30618375225166e-8
6245.0;89.32446861453131;-0.265025078;0.033402335600379966;3.633889445811446e-14;0.01449491720054011;0.0;2.2809130563257108e-11;0.23389789469682762;3.705117820426949e-14;0.0;1.35879335007574e-14;6.321917486340297e-13;0.0;-1.1326860763815209e-7
6246.0;9.396965810746892;-0.2802251110000001;0.0;0.0;0.06705202649845678;0.0;2.0170334292738384e-11;0.21995902599731637;0.0;0.0;0.0;0.0;0.0;-1.080408516747355e-6
6247.0;0.0004683491350486895;-0.29497658300000007;0.0;0.0;0.20801871207592862;0.0;2.2675459626199727e-11;0.14162250653677871;0.0;0.0;0.0;0.0;0.0;-0.0546916417606536
6248.0;0.00046998909014997513;-0.3205222830000001;0.0;0.0;0.46265697250956633;0.0;2.4285607444095827e-11;0.13488466566095045;0.0;0.0;0.0;0.0;0.0;-0.2770458743583747
6249.0;0.0004704239348978064;-0.33837001600000005;0.0;0.0;0.7492553791593226;0.0;2.58512755937988e-11;0.1370397946893896;0.0;0.0;0.0;0.0;0.0;-0.547951544896792
6250.0;0.0004710389636216833;-0.35352002700000007;0.0;0.0;0.9334721075423336;0.0;2.7078902314750105e-11;0.0984750335630523;0.0;0.0;0.0;0.0;0.0;-0.678453304300861
6251.0;0.0004710252775761863;-0.3649033630000001;0.0;0.0;0.932487673787049;0.0;2.960532156978542e-11;0.1095787543854168;0.0;0.0;0.0;0.0;0.0;-0.6771892595606973
6252.0;0.0004710143937894231;-0.36726617100000003;0.0;0.0;0.923816664134039;0.0;3.172253262862465e-11;0.11955861607109589;0.0;0.0;0.0;0.0;0.0;-0.6761353070079409
6253.0;0.0004710133152821895;-0.36519144200000003;0.0;0.0;0.9146860747106192;0.0;3.194492871070422e-11;0.12650850343052353;0.0;0.0;0.0;0.0;0.0;-0.6760293342831999
6254.0;0.0004710125546533509;-0.36387863500000006;0.0;0.0;0.8981662598564714;0.0;3.211394975863968e-11;0.14163728098950665;0.0;0.0;0.0;0.0;0.0;-0.6759511042375937
6255.0;0.0004709917257478632;-0.35969385500000006;0.0;0.0;0.877123614420853;0.0;3.7104520479719446e-11;0.15640903686270796;0.0;0.0;0.0;0.0;0.0;-0.6738650011941
6256.0;0.00047095911955107213;-0.35266284700000006;0.0;0.0;0.8498147529959074;0.0;4.5502204511547675e-11;0.1732274601888901;0.0;0.0;0.0;0.0;0.0;-0.6704055813502077
6257.0;0.0004705598924133506;-0.34341802200000004;0.0;0.0;0.6949783999404877;0.0;4.519084813321113e-11;0.24566018139092075;0.0;0.0;0.0;0.0;0.0;-0.5972469029635308
6258.0;0.0004701832796996482;-0.3351333230000001;0.0;0.0;0.4905853558632762;0.0;4.3562905948057775e-11;0.25161933491143695;0.0;0.0;0.0;0.0;0.0;-0.40709782760923735
6259.0;0.00046982247564281756;-0.3236381870000001;0.0;0.0;0.27185907814047794;0.0;4.194386002223161e-11;0.25498710179849804;0.0;0.0;0.0;0.0;0.0;-0.20323456162538328
6260.0;0.00046589642919861565;-0.30982260200000006;0.0;0.0;0.10751445833116985;0.0;4.44702691353201e-11;0.22678465468101394;0.0;0.0;0.0;0.0;0.0;-0.02450424046984938
6261.0;0.0004185455097683616;-0.300906024;0.0;0.0;0.02821515270044175;0.0;0.0;0.27496998580004467;0.0;0.0;0.0;0.0;0.0;-0.002319997328054191
6262.0;0.00043689697303550947;-0.2970911180000001;0.0;0.0;0.010723244983101982;0.0;0.0;0.28978690225607107;0.0;0.0;0.0;0.0;0.0;-0.0034550362185533337
6263.0;0.0004513094846380691;-0.28808688800000004;0.0;0.0;0.010228268326898975;0.0;0.0;0.28371850636426016;0.0;0.0;0.0;0.0;0.0;-0.005891845646427362
6264.0;0.0004490829734838718;-0.27020882;0.0;0.0;0.009785475227952782;0.0;0.0;0.2656937696427566;0.0;0.0;0.0;0.0;0.0;-0.005303014264877168
6265.0;655.1672220347041;-0.26509534300000004;0.03340233560590422;7.373651392878977e-14;0.009211397689542499;8.970618331388918e-16;2.010700298517e-11;0.19661703347277737;5.256421146378416e-14;0.0;0.025911436338144567;1.154831635625326e-12;1.5627871890564252e-14;-2.1090592579816286e-8
6266.0;655.1671411578346;-0.262908297;0.03340233560590422;7.373650697194394e-14;0.007177938607069916;8.970617708435685e-16;2.174872111539571e-11;0.1951636470508062;5.256421047683975e-14;0.0;0.027211256386395325;1.1548315481958507e-12;1.5627867642823785e-14;-2.1090595558146057e-8
6267.0;655.1672925014453;-0.26080529100000005;0.03340233560590422;7.373652067770065e-14;0.0056658789899739145;8.97061893572251e-16;2.2133516372327583e-11;0.1830000571191671;5.2564212421229564e-14;0.0;0.03878302350341015;1.1548317204419444e-12;1.5627876011342188e-14;-2.109058969050769e-8
6268.0;655.1673914590261;-0.2588649780000001;0.03340233560590422;7.373652950045996e-14;0.0057353980106321905;8.970619725760774e-16;2.054322650686433e-11;0.17795709434204726;5.2564213672887924e-14;0.0;0.04181574242439987;1.1548318313213697e-12;1.5627881398381776e-14;-2.1090585913356262e-8
6269.0;655.1676699453445;-0.26144506000000006;0.03340233560590422;7.373655108970027e-14;0.006812957424634422;8.970621658977387e-16;2.0857495548510264e-11;0.1667884442190963;5.256421673567924e-14;0.0;0.05449288653144282;1.1548321026426076e-12;1.562789458044511e-14;-2.1090576670698913e-8
6270.0;672.095591766075;-0.27282927200000007;0.03340233560591721;7.520212399220961e-14;0.02824249568835125;9.101177325113122e-16;2.0656589735891692e-11;0.1520204634817014;5.276415890432166e-14;0.0;0.06052986155523842;1.1731576567488241e-12;1.655761110053795e-14;-2.049296495747835e-8
6271.0;131.6411813195709;-0.291263375;0.03340233560283903;4.596336458341498e-14;0.13186203687316783;0.0;1.1181092901636475e-11;0.13660869984374713;3.837193904670564e-14;0.0;1.8026824916276448e-14;7.721530067224805e-13;5.70914292189375e-15;-5.786860419639689e-7
6272.0;116.87039385273245;-0.3116554190000001;0.03340233560205867;4.548099032531383e-14;0.34290733767645964;0.0;9.608703702801536e-12;0.1320924688554212;3.758081700777446e-14;0.0;1.7533694806670058e-14;7.649145267464804e-13;5.609019724116296e-15;-0.1954151078854485
6273.0;116.88445374115886;-0.32867158700000004;0.0334023356020596;4.5481456762071405e-14;0.6011045685299996;0.0;8.858437661159575e-12;0.12661056262314613;3.75816028253675e-14;0.0;1.7534163517653496e-14;7.649215356750784e-13;5.6091158490344854e-15;-0.4311315497626466
6274.0;116.89526283441135;-0.3398531130000001;0.03340233560206032;4.5481815194181135e-14;0.8032339318596156;0.0;7.727087187090846e-12;0.13210222132789592;3.758220665732e-14;0.0;1.7534523707892602e-14;7.649269216553589e-13;5.609189716878725e-15;-0.6275837316048091
6275.0;116.90172199857572;-0.34973116300000007;0.03340233560206075;4.548202946697673e-14;0.9274487655484467;0.0;5.649510288857909e-12;0.13539916811733374;3.758256762014277e-14;0.0;1.7534739036069334e-14;7.649301414204279e-13;5.6092338758793755e-15;-0.7452247970772424
6276.0;48.85918980574017;-0.3553848030000001;0.0;4.337923210984003e-14;0.9809617764688822;0.0;4.260827386990788e-12;0.14452917626018372;3.36349147499932e-14;0.0;0.0;0.0;0.0;-0.775743255230986
6277.0;-0.016131463206385657;-0.35608288700000007;0.0;0.0;0.9830347579869773;0.0;0.0;0.14882430228807178;0.0;0.0;0.0;0.0;0.0;-0.7757433048117537
6278.0;-0.016131501112701188;-0.354943954;0.0;0.0;0.9716031746328004;0.0;0.0;0.15911694168132218;0.0;0.0;0.0;0.0;0.0;-0.7757433048117536
6279.0;56.537903674305944;-0.35010516300000005;0.03340233556201339;4.3605614524516415e-14;0.903638171151995;0.0;3.5579459035854065e-12;0.19195448680773594;3.4097223232945554e-14;0.0;0.0;7.365839695710056e-13;0.0;-0.7757432399107393
6280.0;116.8927854488295;-0.34307580400000004;0.03340233560206016;4.5481732001765726e-14;0.7785717172997368;0.0;3.959668298814221e-12;0.19086200976681963;3.7582066509510336e-14;0.0;1.75344401065991e-14;7.649256715655267e-13;5.609172572016029e-15;-0.658452201836039
6281.0;116.88230878067213;-0.33452323800000006;0.03340233560205946;4.5481384484048916e-14;0.5846457112665091;0.0;3.79064920405336e-12;0.19154480970438262;3.758148105943602e-14;0.0;1.7534090886207285e-14;7.649204495879681e-13;5.6091009536393816e-15;-0.47374897374831054
6282.0;116.87181022987669;-0.32620952999999997;0.03340233560205877;4.548103627408291e-14;0.3902852089218675;0.0;3.8855471969107394e-12;0.19107660168451668;3.7580894420602995e-14;0.0;1.753374097878573e-14;7.649152171980668e-13;5.609029193340675e-15;-0.2872213155768677
6283.0;116.8613988623814;-0.315919616;0.033402335602058075;4.548069101751358e-14;0.19554234320732608;0.0;3.695993469012342e-12;0.18649209088114493;3.758031273514397e-14;0.0;1.7533394047663566e-14;7.649100291773064e-13;5.608958042416394e-15;-0.09817168844968606
6284.0;655.170405378622;-0.306516006;0.03340233560590422;7.373679111597664e-14;0.06354126829277096;8.970643152206385e-16;3.653440886960274e-12;0.18324391538839638;5.2564250787154e-14;0.0;0.026370672660427908;1.154835119153787e-12;1.5628041137847118e-14;-2.109047391298196e-8
6285.0;670.2478153308865;-0.302943388;0.03340233560591581;7.503716829462438e-14;0.017240956461369614;9.086550357959726e-16;4.0087254623020436e-12;0.19801189612579334;5.274242417768697e-14;0.0;0.06052986155516902;1.1711043217801068e-12;1.64493660567559e-14;-2.055737670959013e-8
6286.0;655.1672165863323;-0.29708781800000006;0.03340233560590422;7.373651306356531e-14;0.011940056707797148;8.970618253912428e-16;4.197583654471456e-12;0.20388397272991968;5.256421134103831e-14;0.0;0.047908695028478186;1.15483162475183e-12;1.562787136226726e-14;-2.109059295023197e-8
6287.0;655.1672128907682;-0.2870362940000001;0.03340233560590422;7.373651278295883e-14;0.011540316987952444;8.970618228786009e-16;3.480130998809172e-12;0.2029085450134675;5.2564211301227014e-14;0.0;0.039232286510480566;1.1548316212253523e-12;1.5627871190934243e-14;-2.1090593070364118e-8
6288.0;655.1671907595127;-0.27659387100000005;0.03340233560590422;7.373651080851668e-14;0.01152293869216777;8.970618051981201e-16;3.040411500071123e-12;0.20399126958217903;5.256421102112298e-14;0.0;0.02772460458948399;1.1548315964115883e-12;1.5627869985376662e-14;-2.1090593915651658e-8
6289.0;0.0005798795612556401;-0.309840834;0.0;0.0;0.0035665805122001757;0.0;1.0346750576099604e-10;0.4346965841920199;0.0;0.0;0.0;0.0;0.0;-0.12845154306020412
6290.0;0.0005617268722762026;-0.3069973120000001;0.0;0.0;0.0017817385579758157;0.0;1.0222206610234894e-10;0.4268535730565852;0.0;0.0;0.0;0.0;0.0;-0.12166764994489858
6291.0;0.0005227531363834328;-0.30438387200000006;0.0;0.0;0.0008683556885752992;0.0;9.675106699407354e-11;0.42375588919286516;0.0;0.0;0.0;0.0;0.0;-0.12026942858381368
6292.0;0.0005216215969450523;-0.30388134000000006;0.0;0.0;0.0008511602856913665;0.0;9.075530927822577e-11;0.41661055324279256;0.0;0.0;0.0;0.0;0.0;-0.11360941504393547
6293.0;0.0005225884925460366;-0.31197023300000004;0.0;0.0;0.0008683677335797661;0.0;8.217975900737208e-11;0.4099534775711141;0.0;0.0;0.0;0.0;0.0;-0.09888071772550128
6294.0;0.0005639923543357771;-0.3301880870000001;0.0;0.0;0.002110449721616854;0.0;6.617620402431216e-11;0.3976449005278504;0.0;0.0;0.0;0.0;0.0;-0.06959695031297608
6295.0;0.0008185926906071116;-0.34813144700000004;0.0;0.0;0.02039650185852289;0.0;6.542924936045354e-11;0.3871443080761568;0.0;0.0;0.0;0.0;0.0;-0.0594405654356482
6296.0;0.00046212592060986766;-0.361518259;0.0;0.0;0.13748687311117191;0.0;7.3773116625566e-11;0.38613863986828517;0.0;0.0;0.0;0.0;0.0;-0.1621363986754365
6297.0;0.0004626328455017278;-0.37404539800000014;0.0;0.0;0.40211517756912585;0.0;7.494736782323462e-11;0.3708134287292448;0.0;0.0;0.0;0.0;0.0;-0.39891219764639785
6298.0;0.0004635291290207449;-0.38458675500000006;0.0;0.0;0.6890944293994156;0.0;7.721580677590559e-11;0.3731753768278181;0.0;0.0;0.0;0.0;0.0;-0.6777117573644068
6299.0;0.00046419558869971797;-0.39286658900000004;0.0;0.0;0.8147886080292864;0.0;7.35685316002494e-11;0.29531044651280636;0.0;0.0;0.0;0.0;0.0;-0.7172609427503163
6300.0;0.0004641955913936251;-0.3974581770000001;0.0;0.0;0.807521325935507;0.0;7.243876302617375e-11;0.3071812076620838;0.0;0.0;0.0;0.0;0.0;-0.717272833711812
6301.0;0.00046417958912869575;-0.39359000000000005;0.0;0.0;0.794301217248083;0.0;8.8059783066986e-11;0.3160488408069411;0.0;0.0;0.0;0.0;0.0;-0.7167885395850253
6302.0;0.000464150348140845;-0.3937350380000001;0.0;0.0;0.7797029414768902;0.0;9.64573801485693e-11;0.3297345151776149;0.0;0.0;0.0;0.0;0.0;-0.7157309099204732
6303.0;0.0004641301214289115;-0.38884873100000006;0.0;0.0;0.7857307253207005;0.0;9.921505895550261e-11;0.318010224478599;0.0;0.0;0.0;0.0;0.0;-0.7149207173363173
6304.0;0.00046321748788701083;-0.37978975500000006;0.0;0.0;0.6454819933562778;0.0;9.924173075375553e-11;0.37229901293818585;0.0;0.0;0.0;0.0;0.0;-0.6380200569900947
6305.0;0.0004625943251548034;-0.36873173500000006;0.0;0.0;0.4003268400850619;0.0;9.81297546777145e-11;0.34390359732303727;0.0;0.0;0.0;0.0;0.0;-0.37552770175332767
6306.0;0.0004619093939533712;-0.356145303;0.0;0.0;0.16513594780724597;0.0;1.0537085735332243e-10;0.31706446463818166;0.0;0.0;0.0;0.0;0.0;-0.12608431535732526
6307.0;0.00115803493416556;-0.35541146;0.0;0.0;0.03666122293989421;0.0;1.0708029665933194e-10;0.32126865896374773;0.0;0.0;0.0;0.0;0.0;-0.002559054032158356
6308.0;0.0006289240055733357;-0.35441838500000006;0.0;0.0;0.009162142021317552;0.0;0.0;0.3475433300802113;0.0;0.0;0.0;0.0;0.0;-0.002328195271695154
6309.0;0.000609927458209604;-0.346699364;0.0;0.0;0.006101517662253194;0.0;1.0986356445388536e-10;0.3594693063540411;0.0;0.0;0.0;0.0;0.0;-0.01890206874393686
6310.0;0.0005998232302476442;-0.3346689520000001;0.0;0.0;0.005128651917727402;0.0;1.0653656918087008e-10;0.36543543237368126;0.0;0.0;0.0;0.0;0.0;-0.035925056782603375
6311.0;0.0005770720651859396;-0.323512898;0.0;0.0;0.0033932177598849033;0.0;1.084935804658178e-10;0.3765583561427291;0.0;0.0;0.0;0.0;0.0;-0.05646813054682368
6312.0;0.0005611630239165273;-0.3136602970000001;0.0;0.0;0.0017645013001606723;0.0;1.0575367033253238e-10;0.38228829756031435;0.0;0.0;0.0;0.0;0.0;-0.07042231890627709
6313.0;0.0004917066232386827;-0.29284022100000007;0.0;0.0;0.00026649847366490444;0.0;0.0;0.3874152284683915;0.0;0.0;0.0;0.0;0.0;-0.0948744834480967
6314.0;0.0004953179509399781;-0.22449079800000005;0.0;0.0;0.0003170301947216485;0.0;0.0;0.3482108013929693;0.0;0.0;0.0;0.0;0.0;-0.1240698954673535
6315.0;0.0004921939335635337;-0.224145234;0.0;0.0;0.00026649024675635805;0.0;0.0;0.3498138955033671;0.0;0.0;0.0;0.0;0.0;-0.12596801689691364
6316.0;0.000491522858761777;-0.28075755100000005;0.0;0.0;0.0002665016494527258;0.0;0.0;0.3670696711133542;0.0;0.0;0.0;0.0;0.0;-0.08661164235279932
6317.0;0.000491428185153907;-0.27900154;0.0;0.0;0.00026650314477688104;0.0;0.0;0.36167734103076277;0.0;0.0;0.0;0.0;0.0;-0.08297534641031638
6318.0;0.0004955660038193242;-0.280559769;0.0;0.0;0.0003339225975885159;0.0;0.0;0.36124669985080343;0.0;0.0;0.0;0.0;0.0;-0.08105389975724966
6319.0;0.0005762851098900322;-0.2853745790000001;0.0;0.0;0.0018277146794199162;0.0;5.185380298534162e-11;0.371919900626751;0.0;0.0;0.0;0.0;0.0;-0.08840728179224637
6320.0;0.0004598412476703992;-0.29297947100000005;0.0;0.0;0.024713610444690684;0.0;0.0;0.3795158158135466;0.0;0.0;0.0;0.0;0.0;-0.11128428808106604
6321.0;0.0004568349333026565;-0.30478715800000006;0.0;0.0;0.15942488673919414;0.0;0.0;0.3847705764196883;0.0;0.0;0.0;0.0;0.0;-0.239442317657098
6322.0;0.00045729695880626127;-0.319996002;0.0;0.0;0.3588820193783281;0.0;0.0;0.3933138227701526;0.0;0.0;0.0;0.0;0.0;-0.43223370972694064
6323.0;0.000457850155164426;-0.32995521;0.0;0.0;0.5377537230417093;0.0;0.0;0.3942680082069645;0.0;0.0;0.0;0.0;0.0;-0.6021002193696605
6324.0;0.0004585358922989123;-0.3356169460000001;0.0;0.0;0.6334828371611079;0.0;0.0;0.37887059219102415;0.0;0.0;0.0;0.0;0.0;-0.6767699604576344
6325.0;0.00045869792823236005;-0.3411060040000001;0.0;0.0;0.6559291684549353;0.0;0.0;0.37152194354199425;0.0;0.0;0.0;0.0;0.0;-0.6863785311870796
6326.0;0.000458363474480472;-0.3395054840000001;0.0;0.0;0.5806856563353303;0.0;0.0;0.4232334645397069;0.0;0.0;0.0;0.0;0.0;-0.664447169619769
6327.0;0.0004577095898499818;-0.334082075;0.0;0.0;0.4495724019337411;0.0;0.0;0.4585177833828467;0.0;0.0;0.0;0.0;0.0;-0.5740418512720679
6328.0;0.0004572096572688743;-0.32517344300000006;0.0;0.0;0.2643831069402252;0.0;0.0;0.4528225291652721;0.0;0.0;0.0;0.0;0.0;-0.3920660889600213
6329.0;0.0004568800366173035;-0.3288386570000001;0.0;0.0;0.08061041810328745;0.0;0.0;0.49009418401953053;0.0;0.0;0.0;0.0;0.0;-0.24189995422634533
6330.0;0.0007441459577278732;-0.34525347900000003;0.0;0.0;0.013913656044141949;0.0;9.959802821788224e-11;0.5310815404616952;0.0;0.0;0.0;0.0;0.0;-0.19977560539461864
6331.0;0.0005058970109157042;-0.34667357800000004;0.0;0.0;0.0005545650638959667;0.0;0.0;0.5685526105265855;0.0;0.0;0.0;0.0;0.0;-0.2224663202190958
6332.0;0.0004979115917457374;-0.34369376;0.0;0.0;0.00035077696446759576;0.0;0.0;0.5667699067951922;0.0;0.0;0.0;0.0;0.0;-0.22345963076943431
6333.0;0.000495987150404016;-0.3375339520000001;0.0;0.0;0.0003170138722768817;0.0;0.0;0.5651493845776495;0.0;0.0;0.0;0.0;0.0;-0.2279651434403588
6334.0;0.0004939246195420008;-0.329799474;0.0;0.0;0.00028330927865176847;0.0;0.0;0.5611766847069977;0.0;0.0;0.0;0.0;0.0;-0.23169321394336004
6335.0;0.0004939012936971422;-0.32389206300000006;0.0;0.0;0.0002833097187850553;0.0;0.0;0.5495503831029223;0.0;0.0;0.0;0.0;0.0;-0.22597432915030582
6336.0;0.0004949526232372095;-0.316443434;0.0;0.0;0.00030015578499751824;0.0;0.0;0.542209514034401;0.0;0.0;0.0;0.0;0.0;-0.22609893325853575
6337.0;9.8957392340132e-5;-0.38619488;0.0;0.0;0.000269218725889103;0.0;0.0;0.634489034767494;0.0;0.0;0.0;0.0;0.0;-0.24857465289563688
6338.0;9.88835387455749e-5;-0.382786904;0.0;0.0;0.000252501678367542;0.0;0.0;0.6347401834567555;0.0;0.0;0.0;0.0;0.0;-0.25221703091671177
6339.0;9.887998812237896e-5;-0.38019237200000006;0.0;0.0;0.0002525011138074995;0.0;0.0;0.6340663082457096;0.0;0.0;0.0;0.0;0.0;-0.25413768628864775
6340.0;9.895440197367168e-5;-0.37666137600000005;0.0;0.0;0.00026921804589564985;0.0;0.0;0.627159989838716;0.0;0.0;0.0;0.0;0.0;-0.25077911026831673
6341.0;9.895043970989514e-5;-0.378241456;0.0;0.0;0.00026921721115275856;0.0;0.0;0.6314834326598815;0.0;0.0;0.0;0.0;0.0;-0.25352247100913156
6342.0;9.893622145067329e-5;-0.38458924;0.0;0.0;0.00026921517679677736;0.0;0.0;0.6446830670730985;0.0;0.0;0.0;0.0;0.0;-0.26037431641310343
6343.0;9.941755893190808e-5;-0.40156482;0.0;0.0;0.00035298174843283463;0.0;0.0;0.6544281635171975;0.0;0.0;0.0;0.0;0.0;-0.25322774244931767
6344.0;0.00012114772586126199;-0.424105368;0.0;0.0;0.009158491901495085;0.0;0.0;0.6584872993447806;0.0;0.0;0.0;0.0;0.0;-0.2435534787386694
6345.0;0.00013629160987288876;-0.43503932;0.0;0.0;0.04972183646940355;0.0;0.0;0.6302696074863227;0.0;0.0;0.0;0.0;0.0;-0.2449686011833717
6346.0;2.527430956565595e-5;-0.44204553199999996;0.0;0.0;0.13868423283056727;0.0;0.0;0.6226656516180133;0.0;0.0;0.0;0.0;0.0;-0.3193182661477777
6347.0;2.5601814523549832e-5;-0.44925974;0.0;0.0;0.2685472064297494;0.0;0.0;0.6249888709863617;0.0;0.0;0.0;0.0;0.0;-0.4442901892410545
6348.0;2.5897111214933435e-5;-0.454536948;0.0;0.0;0.3545852366700264;0.0;0.0;0.6260955573729686;0.0;0.0;0.0;0.0;0.0;-0.5261576479780244
6349.0;2.6013414896551925e-5;-0.45471992800000005;0.0;0.0;0.37809750317330465;0.0;0.0;0.6269212303371312;0.0;0.0;0.0;0.0;0.0;-0.5503125879947288
6350.0;2.5826055351064288e-5;-0.45077158000000006;0.0;0.0;0.3300776709252747;0.0;0.0;0.6294189406301962;0.0;0.0;0.0;0.0;0.0;-0.5087388457485119
6351.0;2.5547188095983292e-5;-0.44680047600000006;0.0;0.0;0.24915529394925492;0.0;0.0;0.623384362736528;0.0;0.0;0.0;0.0;0.0;-0.4257530419621534
6352.0;2.5254964328589284e-5;-0.4400029120000001;0.0;0.0;0.1399800995309619;0.0;0.0;0.612879373601042;0.0;0.0;0.0;0.0;0.0;-0.3128704782216873
6353.0;0.00014473367286891084;-0.437309316;0.0;0.0;0.052191067118295825;0.0;0.0;0.6117748078460209;0.0;0.0;0.0;0.0;0.0;-0.22667308653123078
6354.0;0.00012563963447369866;-0.440401772;0.0;0.0;0.012592982980940456;0.0;0.0;0.6209327281608008;0.0;0.0;0.0;0.0;0.0;-0.1931373476063918
6355.0;0.00011476213094194394;-0.441492456;0.0;0.0;0.000999215525664647;0.0;0.0;0.6241050553086908;0.0;0.0;0.0;0.0;0.0;-0.18362426074356497
6356.0;9.95985141387719e-5;-0.43530699600000006;0.0;0.0;0.00033623330277165835;0.0;0.0;0.6064005180306746;0.0;0.0;0.0;0.0;0.0;-0.1714411994528823
6357.0;9.941915140329793e-5;-0.42421858;0.0;0.0;0.00030271440547506665;0.0;0.0;0.5945757072956367;0.0;0.0;0.0;0.0;0.0;-0.17067123099224848
6358.0;9.938425070792089e-5;-0.41046001600000004;0.0;0.0;0.0003027086301980611;0.0;0.0;0.5911828933100848;0.0;0.0;0.0;0.0;0.0;-0.1810369667158022
6359.0;9.935631987022211e-5;-0.399686548;0.0;0.0;0.0003027047170849713;0.0;0.0;0.5880407117069887;0.0;0.0;0.0;0.0;0.0;-0.18866824352086986
6360.0;9.93295849344543e-5;-0.39005904;0.0;0.0;0.00030270068712632354;0.0;0.0;0.5868317717682526;0.0;0.0;0.0;0.0;0.0;-0.19708680171446813
6361.0;15.225378477644227;-0.34663042000000005;0.0;0.0;0.00029389548414999626;0.0;8.572750747357032e-11;0.4745026655137816;3.187790526254614e-14;0.0;0.0;0.0;0.0;-0.12852675695661975
6362.0;15.225121655253519;-0.341553176;0.0;0.0;0.00029389548414985987;0.0;1.0539687012539581e-10;0.4866792366465828;3.1877886596474064e-14;0.0;0.0;0.0;0.0;-0.14578101507543637
6363.0;15.224743246260571;-0.34263274;0.0;0.0;0.00031118163258248;0.0;1.1869009906397996e-10;0.5040293744865347;3.187785891504854e-14;0.0;0.0;0.0;0.0;-0.1620692267848112
6364.0;15.22437144946886;-0.34435082800000005;0.0;0.0;0.00029389548414945844;0.0;1.2796608675860972e-10;0.5210057573377477;3.187783166048214e-14;0.0;0.0;0.0;0.0;-0.177310491881334
6365.0;15.224184032931705;-0.347611348;0.0;0.0;0.00027660546467222954;0.0;1.3617798505004676e-10;0.5297496749600463;3.1877817952871544e-14;0.0;0.0;0.0;0.0;-0.18277680222013873
6366.0;15.223658078668693;-0.35627344400000005;0.0;0.0;0.0002766054646719472;0.0;1.4123098377590182e-10;0.5534536602206891;3.1877779317907425e-14;0.0;0.0;0.0;0.0;-0.19781891746357344
6367.0;15.22296742449811;-0.376966216;0.0;0.0;0.00041490820078939506;0.0;1.415794579650926e-10;0.5841311447359194;3.18777285696054e-14;0.0;0.0;0.0;0.0;-0.20794218274272874
6368.0;15.222208954038805;-0.402117944;0.0;0.0;0.007675800879235398;0.0;1.423658194197243e-10;0.6041959294782259;3.187767555044218e-14;0.0;0.0;0.0;0.0;-0.21011949853316622
6369.0;15.220520013065174;-0.4156552720000001;0.0;0.0;0.04131793805283354;0.0;1.4228973046776295e-10;0.6149856710879203;3.187756414172316e-14;0.0;0.0;0.0;0.0;-0.2410290138289403
6370.0;15.217181946984988;-0.42275722;0.0;0.0;0.12053082387410903;0.0;1.4275091078937377e-10;0.6118677586205662;3.1877348805968165e-14;0.0;0.0;0.0;0.0;-0.31005713100482146
6371.0;15.212671212587168;-0.426845988;0.0;0.0;0.22664358896709913;0.0;1.425967391589557e-10;0.6094678545630923;3.1877057457674585e-14;0.0;0.0;0.0;0.0;-0.4097282426567407
6372.0;15.20876032857608;-0.43156094000000006;0.0;0.0;0.3143102259044979;0.0;1.3960291423933678e-10;0.6155856462014213;3.1876803173601035e-14;0.0;0.0;0.0;0.0;-0.49883654712926806
6373.0;15.206210414093212;-0.4307185680000001;0.0;0.0;0.36966589071313766;0.0;1.3840721824592853e-10;0.6229624056158098;3.187663670549397e-14;0.0;0.0;0.0;0.0;-0.5624358655830717
6374.0;15.206521341382059;-0.42622147600000004;0.0;0.0;0.35872268841136373;0.0;1.331591113456979e-10;0.6298768873213421;3.187665535221939e-14;0.0;0.0;0.0;0.0;-0.5628993164845718
6375.0;15.208909971768422;-0.42127765200000006;0.0;0.0;0.3018456935054232;0.0;1.2408069006858632e-10;0.6321784366045642;3.187680927298288e-14;0.0;0.0;0.0;0.0;-0.5132423370341371
6376.0;15.21327155813937;-0.413580336;0.0;0.0;0.20971879284433068;0.0;1.238602795808155e-10;0.6143561853981575;3.187709497630596e-14;0.0;0.0;0.0;0.0;-0.41094956815530387
6377.0;15.21783675719499;-0.40862987600000006;0.0;0.0;0.10851577391577717;0.0;1.3017416769282405e-10;0.605130320553538;3.1877392266189414e-14;0.0;0.0;0.0;0.0;-0.3054263609684821
6378.0;15.22141501638544;-0.40743983200000006;0.0;0.0;0.0340224692064772;0.0;1.307683007435078e-10;0.5885375283486628;3.187762707611863e-14;0.0;0.0;0.0;0.0;-0.21549723643870694
6379.0;15.222513268369928;-0.408650332;0.0;0.0;0.0039934912559080995;0.0;1.316031155138518e-10;0.5973011190878906;3.1877696417803427e-14;0.0;0.0;0.0;0.0;-0.19300812475813645
6380.0;15.222563469912371;-0.40488686;0.0;0.0;0.0009681191452619591;0.0;1.2766277379959302e-10;0.6006845925086688;3.187769891811758e-14;0.0;0.0;0.0;0.0;-0.19712828967591006
6381.0;15.222242495907661;-0.395726248;0.0;0.0;0.0005359247884742062;0.0;1.1805300017303269e-10;0.6153692617342582;3.187767504865051e-14;0.0;0.0;0.0;0.0;-0.22054104649739395
6382.0;15.221802153384242;-0.383330912;0.0;0.0;0.00043219434922162005;0.0;1.0370614714129923e-10;0.6345488354909764;3.187764247152341e-14;0.0;0.0;0.0;0.0;-0.2520119639307533
6383.0;15.221926362479543;-0.371886012;0.0;0.0;0.0002938954841481405;0.0;8.356081422901647e-11;0.628313014159734;3.1877651335990714e-14;0.0;0.0;0.0;0.0;-0.25708220105097884
6384.0;15.221897552807185;-0.360962188;0.0;0.0;0.0003111816325809461;0.0;6.826922295031466e-11;0.6288047988413863;3.1877649050127175e-14;0.0;0.0;0.0;0.0;-0.26851474888480886
6385.0;62.351795838577964;-0.330411008;0.04094303675971884;6.190339073522203e-14;0.009439160285340876;0.0;8.603637292682392e-11;0.31940384212003703;3.3642622232314e-14;0.0;0.0;9.801821337135339e-13;0.0;-0.03988526135619849
6386.0;62.352032110932065;-0.32356470800000003;0.04094303675971955;6.190340022697738e-14;0.007364621179089375;0.0;9.119507042603112e-11;0.313345064427298;3.364263204677481e-14;0.0;0.0;9.801822579455153e-13;0.0;-0.03859746614981774
6387.0;62.3522574736351;-0.321446276;0.04094303675972024;6.190340926009744e-14;0.0056012617774623;0.0;8.963321727369842e-11;0.30813215328802085;3.3642641387009095e-14;0.0;0.0;9.80182376174647e-13;0.0;-0.03373917010371716
6388.0;62.3525449089103;-0.32107718799999996;0.040943036759721115;6.190342084910785e-14;0.0037168857881498714;0.0;9.222296467823294e-11;0.3023979540977615;3.364265337002001e-14;0.0;0.0;9.801825278564104e-13;0.0;-0.026489703434712675
6389.0;62.35251939620666;-0.323041092;0.040943036759721;6.190341931365868e-14;0.0015904804945110257;0.0;9.026387580791894e-11;0.3071682588433781;3.3642651782366376e-14;0.0;0.0;9.801825077596438e-13;0.0;-0.02716864921905887
6390.0;62.352566278618525;-0.33152350799999997;0.040943036759721135;6.19034211043165e-14;0.001365741209661847;0.0;8.711788456073297e-11;0.3098730700881344;3.364265363390274e-14;0.0;0.0;9.801825311967725e-13;0.0;-0.02116725821704463
6391.0;62.35183878308009;-0.350149876;0.04094303675971913;6.190339457595247e-14;0.02017491138622102;0.0;8.31013233985875e-11;0.30792560447845463;3.3642626203625084e-14;0.0;0.0;9.801821839827473e-13;0.0;-0.019411320748621202
6392.0;62.346424253724;-0.37187618;0.040943036759703906;6.190319342848483e-14;0.13885593544649735;0.0;8.028997419803654e-11;0.30415854041133905;3.3642418216437636e-14;0.0;0.0;9.801795512810973e-13;0.0;-0.11264715179483216
6393.0;62.334639372878165;-0.391308924;0.040943036759671016;6.190275919774994e-14;0.4178816774999856;0.0;7.490040606840702e-11;0.292306545979285;3.364196921383948e-14;0.0;0.0;9.801738678767572e-13;0.0;-0.3605111683863902
6394.0;62.32244023354079;-0.402961424;0.04094303675963702;6.19023113160736e-14;0.7141261111679564;0.0;7.115105051031546e-11;0.26653706721778136;3.3641506086619416e-14;0.0;0.0;9.80168005785068e-13;0.0;-0.6194643900573741
6395.0;-0.02095778650616649;-0.40714528000000005;0.0;0.0;0.929909497269729;0.0;0.0;0.24331921900774225;0.0;0.0;0.0;0.0;0.0;-0.7659527084048051
6396.0;-0.020957781134578926;-0.41090835200000003;0.0;0.0;0.965477775783076;0.0;0.0;0.21151401629890176;0.0;0.0;0.0;0.0;0.0;-0.7659527084048051
6397.0;-0.02095779930462461;-0.414446368;0.0;0.0;0.9568479566873634;0.0;0.0;0.2236818487122837;0.0;0.0;0.0;0.0;0.0;-0.7659527084048051
6398.0;-0.0209577734645696;-0.41320406400000004;0.0;0.0;0.9424070577041734;0.0;0.0;0.23688044765083136;0.0;0.0;0.0;0.0;0.0;-0.765952708404804
6399.0;-0.0209577368092368;-0.405782088;0.0;0.0;0.9279915486141103;0.0;0.0;0.24387398441578498;0.0;0.0;0.0;0.0;0.0;-0.7659527084048052
6400.0;-0.02095774403647316;-0.39570868400000003;0.0;0.0;0.8795692836882093;0.0;0.0;0.2822228423084963;0.0;0.0;0.0;0.0;0.0;-0.7659527084048051
6401.0;62.324855313988316;-0.38417939600000006;0.04094303675964337;6.190239486019991e-14;0.6320261579076727;0.0;6.801088811309979e-11;0.3164924820657141;3.3641592475242133e-14;0.0;0.0;9.801690992522838e-13;0.0;-0.6060657435035146
6402.0;62.33837312492504;-0.376508948;0.04094303675968145;6.190289691464704e-14;0.33035334136318023;0.0;6.54662189066582e-11;0.2934671553776282;3.364211161661458e-14;0.0;0.0;9.801756703783786e-13;0.0;-0.28890448313659706
6403.0;62.3490304595801;-0.37239796399999997;0.04094303675971147;6.190329330240446e-14;0.09579192413290238;0.0;7.079331321834199e-11;0.276146526312204;3.364252148665747e-14;0.0;0.0;9.801808584727582e-13;0.0;-0.04103147442897114
6404.0;713.3491715754452;-0.37590264400000006;0.04094303679527499;1.0450468014494879e-13;0.019224078384644065;1.2741654032145561e-15;9.8023803281112e-11;0.27990375472239004;5.014664411283747e-14;0.0;0.036457433471265725;1.4599517270847708e-12;2.287297421737282e-14;-2.8227499600122402e-8
6405.0;713.3623582767698;-0.37098996;0.040943036795275;1.0450673060258118e-13;0.009733055779872445;1.2741838026145894e-15;8.070303286816791e-11;0.287811641448825;5.014688173799108e-14;0.0;0.03254540576821584;1.4599713027637464e-12;2.287430955199933e-14;-2.8226725189312823e-8
6406.0;650.3321315056176;-0.36146131200000003;0.0409430367952044;9.800293436038375e-14;0.010113387820290984;1.2148483754103346e-15;6.99711220806305e-11;0.2897787765719628;4.9294829399508766e-14;0.0;2.321868189837662e-13;1.3962870267104877e-12;1.9103395247110404e-14;-3.111380424456292e-8
6407.0;489.47453282977784;-0.350261388;0.04094303679493167;8.452739826888461e-14;0.010113387820193666;1.085367490704457e-15;5.889174210240328e-11;0.2913819923639432;4.657905644735937e-14;0.0;6.52438897721614e-14;1.2537819122257402e-12;1.3435092803495541e-14;-4.217112611840397e-8
6408.0;336.7251385292672;-0.3389308040000001;0.04094303679438919;7.475674656423234e-14;0.00988864466412162;9.855141207796444e-16;4.34422336516184e-11;0.29363436335913085;4.30383646259241e-14;0.0;3.877109143769977e-14;1.141073924524779e-12;1.048163450821284e-14;-6.3820037063835e-8
6409.0;2.81524158471945e-5;-0.24626747600000004;0.0;0.0;0.006976138095066189;0.0;0.0;0.2506792847004099;0.0;0.0;0.0;0.0;0.0;-0.01139989080327048
6410.0;1.8100803243111598e-5;-0.24293826799999999;0.0;0.0;0.003943138126319191;0.0;0.0;0.24437008859262838;0.0;0.0;0.0;0.0;0.0;-0.0053898738322106215
6411.0;-5.485856386354003e-5;-0.240035736;0.0;0.0;0.0015965284637428272;0.0;0.0;0.2404044020950564;0.0;0.0;0.0;0.0;0.0;-0.0019905611095330914
6412.0;49.994923914653434;-0.23721108400000004;0.007383000072234203;3.843416967090774e-14;0.0008298164142998143;0.0;4.842939602580581e-11;0.2289942810869049;3.410527329194902e-14;0.0;0.0;0.0;0.0;-2.4017578292992647e-7
6413.0;0.0001884513651723898;-0.23776053200000002;0.0;0.0;0.0006656615988571177;0.0;0.0;0.2382322727384597;0.0;0.0;0.0;0.0;0.0;-0.001162302660974611
6414.0;6.242511092043252e-7;-0.239575204;0.0;0.0;0.017900167285538744;0.0;0.0;0.225980350274779;0.0;0.0;0.0;0.0;0.0;-0.004321769300375786
6415.0;3.822871310106137e-5;-0.245401068;0.0;0.0;0.08461942370745813;0.0;0.0;0.1927618039004093;0.0;0.0;0.0;0.0;0.0;-0.03199039845282189
6416.0;4.309949490655309e-5;-0.258979772;0.0;0.0;0.2692544502291214;0.0;0.0;0.1873706966233861;0.0;0.0;0.0;0.0;0.0;-0.1976548277526655
6417.0;4.377214939660377e-5;-0.276142688;0.0;0.0;0.5018442189753674;0.0;0.0;0.19177736310347956;0.0;0.0;0.0;0.0;0.0;-0.41748823626016135
6418.0;4.4463816537669684e-5;-0.29053206;0.0;0.0;0.6958764975151225;0.0;0.0;0.1960187446146763;0.0;0.0;0.0;0.0;0.0;-0.6013724090332607
6419.0;4.5926596048390746e-5;-0.30030671200000003;0.0;0.0;0.7893944953874115;0.0;0.0;0.2079701676732897;0.0;0.0;0.0;0.0;0.0;-0.6970669249081066
6420.0;4.6287689881370725e-5;-0.305143532;0.0;0.0;0.827461310039805;0.0;0.0;0.18385485356036513;0.0;0.0;0.0;0.0;0.0;-0.7061815404596539
6421.0;4.7154171595402834e-5;-0.305523164;0.0;0.0;0.8531879760353586;0.0;0.0;0.1732852745221113;0.0;0.0;0.0;0.0;0.0;-0.7209588348547114
6422.0;4.7241543739938996e-5;-0.30414708400000007;0.0;0.0;0.8409179964235686;0.0;0.0;0.18535110253104659;0.0;0.0;0.0;0.0;0.0;-0.7221307459557623
6423.0;4.668159158848691e-5;-0.3013953;0.0;0.0;0.8070828392280298;0.0;0.0;0.2081367874513521;0.0;0.0;0.0;0.0;0.0;-0.7138331636373592
6424.0;4.6391526029892385e-5;-0.297472964;0.0;0.0;0.7112669442563139;0.0;0.0;0.29454953759577557;0.0;0.0;0.0;0.0;0.0;-0.7083524082224931
6425.0;4.4240105033586534e-5;-0.291662968;0.0;0.0;0.5529537956168491;0.0;0.0;0.2996587665459218;0.0;0.0;0.0;0.0;0.0;-0.560958859550577
6426.0;4.371255092173842e-5;-0.28851369200000004;0.0;0.0;0.3698825612071912;0.0;0.0;0.3098894424519762;0.0;0.0;0.0;0.0;0.0;-0.3912676644082214
6427.0;4.3092763052418004e-5;-0.28080653200000005;0.0;0.0;0.17538501884709762;0.0;0.0;0.30274524669976544;0.0;0.0;0.0;0.0;0.0;-0.19733318676127604
6428.0;4.076348618542757e-5;-0.280236492;0.0;0.0;0.0411004830214404;0.0;0.0;0.2963130990597048;0.0;0.0;0.0;0.0;0.0;-0.05718691936058531
6429.0;3.6110578903301806e-5;-0.27900729199999996;0.0;0.0;0.008249661897634503;0.0;0.0;0.29423493518427757;0.0;0.0;0.0;0.0;0.0;-0.02348788162461599
6430.0;3.472245587273673e-5;-0.276856804;0.0;0.0;0.007275130092997997;0.0;0.0;0.28953786792071373;0.0;0.0;0.0;0.0;0.0;-0.019966995346481504
6431.0;3.804292066512724e-5;-0.272722796;0.0;0.0;0.008172633645203055;0.0;0.0;0.2955502830888254;0.0;0.0;0.0;0.0;0.0;-0.03101038904270803
6432.0;3.9049732174641294e-5;-0.26604202400000004;0.0;0.0;0.00864567337021543;0.0;0.0;0.2946421131968542;0.0;0.0;0.0;0.0;0.0;-0.037255869943381204
6433.0;161.84589160975702;-0.268158444;0.04094303679363006;3.823476505712532e-14;0.010856765752353718;0.0;7.889976720698347e-12;0.23743329332406143;4.1177690219388485e-14;0.0;1.5333046089053955e-14;6.660082540680909e-13;4.850344927093684e-15;-6.875072734103065e-8
6434.0;105.8564551435708;-0.262119604;0.040943036791296974;3.6854775380554093e-14;0.009560176875058862;0.0;7.360874889889008e-12;0.23603662634153758;3.796271957576064e-14;0.0;1.3919746746500552e-14;6.435373726912173e-13;0.0;-1.05181945725612e-7
6435.0;58.858005638660785;-0.259170248;0.04094303676606835;3.577111369991049e-14;0.008021556757435686;0.0;1.0161975640914457e-11;0.23613498291732088;3.490226556353638e-14;0.0;0.0;6.257975721393221e-13;0.0;-1.894229409796043e-7
6436.0;50.16658237314286;-0.260779144;0.014243140213504512;3.55823267786474e-14;0.007070727623764077;0.0;1.7949678332040542e-11;0.23700052258763596;3.432354862048673e-14;0.0;0.0;0.0;0.0;-2.2142010914039603e-7
6437.0;49.98528304723969;-0.26680082400000005;0.016626950651445593;3.5577557552132674e-14;0.01441805878645439;0.0;2.0381811150950358e-11;0.23584974884688892;3.4308770125745124e-14;0.0;0.0;0.0;0.0;-2.2237420429912196e-7
6438.0;15.34889725526445;-0.28212078800000007;0.0;0.0;0.0666964872275288;0.0;2.0867227896736508e-11;0.22179456170639683;3.1895024317023314e-14;0.0;0.0;0.0;0.0;-7.257497856138002e-7
6439.0;4.237757596271939e-5;-0.297004364;0.0;0.0;0.20484397817232933;0.0;0.0;0.13386765115577362;0.0;0.0;0.0;0.0;0.0;-0.04171641759187767
6440.0;4.591349011180297e-5;-0.32272996400000004;0.0;0.0;0.4690828048206817;0.0;0.0;0.12302730094871321;0.0;0.0;0.0;0.0;0.0;-0.26938872380791734
6441.0;4.6647691559084686e-5;-0.34064652800000006;0.0;0.0;0.765785774844679;0.0;0.0;0.12142187979481647;0.0;0.0;0.0;0.0;0.0;-0.5465695885712116
6442.0;4.795293324488319e-5;-0.3558365160000001;0.0;0.0;0.9464737552650506;0.0;0.0;0.09501015888496862;0.0;0.0;0.0;0.0;0.0;-0.6856556364905837
6443.0;4.792865636421216e-5;-0.36725860400000004;0.0;0.0;0.9457791900242302;0.0;0.0;0.10605361990044732;0.0;0.0;0.0;0.0;0.0;-0.6845824487408088
6444.0;4.790915101141804e-5;-0.369624268;0.0;0.0;0.93675590960014;0.0;0.0;0.11653846852448836;0.0;0.0;0.0;0.0;0.0;-0.6836783566219816
6445.0;4.790705836449923e-5;-0.367535336;0.0;0.0;0.9272604807282538;0.0;0.0;0.12384667282177918;0.0;0.0;0.0;0.0;0.0;-0.6835800644428601
6446.0;4.7905461153843095e-5;-0.36621758000000004;0.0;0.0;0.9099175803271432;0.0;0.0;0.13979469807584613;0.0;0.0;0.0;0.0;0.0;-0.6835029456054843
6447.0;4.7861740078515555e-5;-0.36201334;0.0;0.0;0.8880506386691172;0.0;0.0;0.15533299982603638;0.0;0.0;0.0;0.0;0.0;-0.6813785540062016
6448.0;4.7796170560146154e-5;-0.3549430760000001;0.0;0.0;0.8601429588254521;0.0;0.0;0.17272637881725653;0.0;0.0;0.0;0.0;0.0;-0.6779345297803862
6449.0;4.6885783416798904e-5;-0.34565397600000003;0.0;0.0;0.7038499075180894;0.0;0.0;0.23492792431875814;0.0;0.0;0.0;0.0;0.0;-0.5931322804513393
6450.0;4.625510124931076e-5;-0.3373412840000001;0.0;0.0;0.496676978406917;0.0;0.0;0.2416582326064518;0.0;0.0;0.0;0.0;0.0;-0.4010024560911359
6451.0;4.565560529638072e-5;-0.325808796;0.0;0.0;0.27565760553353075;0.0;0.0;0.24541860060222204;0.0;0.0;0.0;0.0;0.0;-0.19527603741824812
6452.0;3.425533572313113e-5;-0.311936616;0.0;0.0;0.10895784214939738;0.0;0.0;0.21696197665890418;0.0;0.0;0.0;0.0;0.0;-0.013993670985421224
6453.0;-3.795846882430668e-5;-0.30295579199999995;0.0;0.0;0.028422400900758604;0.0;0.0;0.27659112144670567;0.0;0.0;0.0;0.0;0.0;-0.0020804872967979814
6454.0;5.481161091122535e-6;-0.29909114400000003;0.0;0.0;0.010848012138172852;0.0;0.0;0.2914124522438129;0.0;0.0;0.0;0.0;0.0;-0.0031867393194547843
6455.0;1.3268978327347068e-5;-0.290008304;0.0;0.0;0.01037841642361304;0.0;0.0;0.28481334906267064;0.0;0.0;0.0;0.0;0.0;-0.005197397454045177
6456.0;1.5095918802755467e-5;-0.27201356;0.0;0.0;0.009901563967407115;0.0;0.0;0.26758020200449306;0.0;0.0;0.0;0.0;0.0;-0.005481852458333334
6457.0;689.6399082480409;-0.266827444;0.04094303679545223;7.24894739928732e-14;0.009162554815993712;9.100823686698815e-16;2.0233061967632643e-11;0.1982577826266092;5.276160641484097e-14;0.0;4.398010470688342e-13;1.1480351858304418e-12;1.5141122417386342e-14;-2.1825966315470164e-8
6458.0;700.6260092982862;-0.264624676;0.04094303679546062;7.33194141720826e-14;0.007139878026088293;9.179784013947521e-16;2.192960653780077e-11;0.1967922678427165;5.2889085544225214e-14;0.0;8.232067331994688e-13;1.1587003304115296e-12;1.5643822269530424e-14;-2.144444159568158e-8
6459.0;713.3646485097139;-0.262520228;0.04094303679546991;7.429420600064613e-14;0.005635836012746093;9.271979182797043e-16;2.2362805594398648e-11;0.1845271739897983;5.3031520581350104e-14;0.0;0.03146087589027237;1.1711515990311777e-12;1.6262669181222722e-14;-2.102340999330989e-8
6460.0;713.3647576346025;-0.26057002399999996;0.04094303679546991;7.42942152727503e-14;0.005704986413044136;9.27198005695691e-16;2.075604702569718e-11;0.1794421282010328;5.3031521900510926e-14;0.0;0.03452659579482656;1.1711517170797772e-12;1.6262675220613777e-14;-2.1023406119200508e-8
6461.0;713.3649627929692;-0.26316048000000003;0.04094303679546991;7.429423315088276e-14;0.006776832134079998;9.271981742480792e-16;2.1073570471285783e-11;0.1681802768283476;5.303152444405738e-14;0.0;0.04730664919454489;1.1711519446963072e-12;1.6262686865555812e-14;-2.102339864929035e-8
6462.0;713.3643793166458;-0.27464697600000004;0.04094303679546991;7.429419320757498e-14;0.028092741580244874;9.271977976684508e-16;2.080895540852062e-11;0.1532890587931919;5.303151876125872e-14;0.0;0.05235877728269775;1.171151436155386e-12;1.62626608484508e-14;-2.1023415338569596e-8
6463.0;113.83407857292873;-0.2932365;0.04094303679096719;4.547443298119344e-14;0.1311628464776265;0.0;1.0869884660445708e-11;0.13774868555456976;3.72664379108881e-14;0.0;1.7317108484463147e-14;7.686723726038657e-13;5.642849492777123e-15;-0.015445578444047007
6464.0;113.82484434312045;-0.313760452;0.0409430367909665;4.5474173834664675e-14;0.3410890924659465;0.0;9.545738109074999e-12;0.1331947670778501;3.726598250962947e-14;0.0;1.7316854395842874e-14;7.686684371092946e-13;5.642795424639834e-15;-0.20038369329020864
6465.0;113.81391330679192;-0.330858996;0.04094303679096569;4.547386778595474e-14;0.5979172482757403;0.0;8.806761246060439e-12;0.12766711489542446;3.726544467056629e-14;0.0;1.7316554326336457e-14;7.686637893337373e-13;5.6427315714082625e-15;-0.43469936692931377
6466.0;113.80512291588802;-0.34208760400000005;0.04094303679096504;4.547362077900909e-14;0.7989748330040597;0.0;7.69165168700155e-12;0.133204600933716;3.7265010576712836e-14;0.0;1.731631214975289e-14;7.686600381838103e-13;5.6426800369284206e-15;-0.63015476156575
6467.0;113.79943262764512;-0.3520150040000001;0.04094303679096461;4.547346014365141e-14;0.9225310251253408;0.0;5.639516077896113e-12;0.13652906040890364;3.726472826755899e-14;0.0;1.7316154657937e-14;7.686575987060713e-13;5.642646522856104e-15;-0.7471599213361894
6468.0;39.82247793846857;-0.357694124;0.0;4.339448982968396e-14;0.9757602865736315;0.0;4.2576651364960935e-12;0.1457352575412617;3.322514938725655e-14;0.0;0.0;0.0;0.0;-0.7659527605214496
6469.0;-0.020957530513281353;-0.35838439600000005;0.0;0.0;0.9734592273575557;0.0;0.0;0.15100853536791367;0.0;0.0;0.0;0.0;0.0;-0.7659528022120868
6470.0;-0.02095757191736965;-0.35723123199999995;0.0;0.0;0.9577368555332393;0.0;0.0;0.16557774298150219;0.0;0.0;0.0;0.0;0.0;-0.7659528022120868
6471.0;49.91729838079667;-0.352368004;0.025888887775111225;4.366645116606125e-14;0.8988466849507145;0.0;3.566064730327776e-12;0.19355632748357732;3.3794702362060574e-14;0.0;0.0;0.0;0.0;-0.7659527413299854
6472.0;113.80483708087814;-0.345299032;0.040943036790965004;4.547360760470785e-14;0.7744433883303096;0.0;3.96402965000443e-12;0.19245473383292244;3.726498742367223e-14;0.0;1.731629923319868e-14;7.686598381134287e-13;5.642677288309027e-15;-0.6616512513289536
6473.0;113.8131472806496;-0.336713104;0.04094303679096562;4.547384063226237e-14;0.5815456630974443;0.0;3.796075466549865e-12;0.1931432316665426;3.7265396950797866e-14;0.0;1.7316527703446956e-14;7.686633769667277e-13;5.642725906158107e-15;-0.4779427680740886
6474.0;113.82147674758123;-0.32839023999999994;0.04094303679096624;4.5474074233207345e-14;0.3882157454433138;0.0;3.89046649216406e-12;0.19267111649835475;3.726580747549928e-14;0.0;1.7316756739578757e-14;7.686669245234144e-13;5.642774643977456e-15;-0.29237793950244617
6475.0;113.82994023900633;-0.318081328;0.04094303679096687;4.547431201803832e-14;0.1945054918776943;0.0;3.702043117594213e-12;0.1880483484184464;3.7266225342457765e-14;0.0;1.7316989881646297e-14;7.686705356136725e-13;5.642824255062849e-15;-0.10426825517883573
6476.0;713.362161852065;-0.308631448;0.0409430367954699;7.429401983783639e-14;0.06320434459927986;9.271961631640032e-16;3.691269177093183e-12;0.1847730672314907;5.303149409551803e-14;0.0;0.019733044833531947;1.171149228884926e-12;1.6262547924567928e-14;-2.1023487777151993e-8
6477.0;713.3638022832456;-0.30502230399999997;0.0409430367954699;7.429413909422306e-14;0.017149537342948416;9.271972874961242e-16;4.031352885918491e-12;0.1996642852666463;5.303151106244319e-14;0.0;0.04730724178028656;1.1711507472072003e-12;1.626262560176145e-14;-2.1023437948506342e-8
6478.0;713.3638970071687;-0.29908574400000004;0.0409430367954699;7.429414481395485e-14;0.011876745286500033;9.271973414207876e-16;4.24105577281317e-12;0.20558536375300784;5.3031511876201504e-14;0.0;0.040724693256242464;1.1711508200282523e-12;1.6262629327298918e-14;-2.1023435558652503e-8
6479.0;713.3639353401974;-0.28892695200000007;0.0409430367954699;7.429414788260671e-14;0.011479125162100347;9.271973703513084e-16;3.516169074057128e-12;0.20460179619143581;5.3031512312784846e-14;0.0;0.031947286016257403;1.1711508590972334e-12;1.6262631326061315e-14;-2.1023434276490343e-8
6480.0;713.3639113292461;-0.278403868;0.0409430367954699;7.429414583298159e-14;0.01146183901366746;9.271973510280785e-16;3.071893954108068e-12;0.20569355598659023;5.303151202118106e-14;0.0;0.02034973777118575;1.1711508330021666e-12;1.6262629991040274e-14;-2.1023435132876774e-8
6481.0;0.00011516058433938782;-0.311763272;0.0;0.0;0.003541510311078103;0.0;0.0;0.432186132377931;0.0;0.0;0.0;0.0;0.0;-0.12397443760908033
6482.0;0.00011867816039186887;-0.30891329600000006;0.0;0.0;0.001769154204697748;0.0;0.0;0.42437484990610425;0.0;0.0;0.0;0.0;0.0;-0.11724129529690429
6483.0;9.154076779110316e-5;-0.306289776;0.0;0.0;0.0008619148459315621;0.0;0.0;0.42105676757242266;0.0;0.0;0.0;0.0;0.0;-0.11563914443586312
6484.0;9.081047961723927e-5;-0.30578072000000006;0.0;0.0;0.0008448506522386539;0.0;0.0;0.4137085389826194;0.0;0.0;0.0;0.0;0.0;-0.1087828966327994
6485.0;9.189642607197387e-5;-0.31392556400000005;0.0;0.0;0.0008620427213264253;0.0;0.0;0.40687038645322166;0.0;0.0;0.0;0.0;0.0;-0.09381714390803905
6486.0;0.00011782167768239498;-0.332238996;0.0;0.0;0.002095853490845616;0.0;0.0;0.3939358360658873;0.0;0.0;0.0;0.0;0.0;-0.06380328781451479
6487.0;0.0001076217233361519;-0.350359876;0.0;0.0;0.02024846873063909;0.0;0.0;0.3817169533341005;0.0;0.0;0.0;0.0;0.0;-0.051617977455132885
6488.0;3.702936859332519e-5;-0.363846172;0.0;0.0;0.13928607765493595;0.0;0.0;0.38139197578383743;0.0;0.0;0.0;0.0;0.0;-0.15684296395431693
6489.0;3.7839894114769434e-5;-0.37641838400000005;0.0;0.0;0.4070292927411615;0.0;0.0;0.36347692921637564;0.0;0.0;0.0;0.0;0.0;-0.39409878175549573
6490.0;3.945326574831566e-5;-0.38698254;0.0;0.0;0.6975983639847193;0.0;0.0;0.36653866337638247;0.0;0.0;0.0;0.0;0.0;-0.6771651585045957
6491.0;4.313085697240778e-5;-0.395287812;0.0;0.0;0.826704329983474;0.0;0.0;0.30691356290369587;0.0;0.0;0.0;0.0;0.0;-0.7383400474876168
6492.0;4.323456863309635e-5;-0.3999017160000001;0.0;0.0;0.8189762268389006;0.0;0.0;0.3198497918852535;0.0;0.0;0.0;0.0;0.0;-0.7389342470416989
6493.0;4.200118435626469e-5;-0.396012;0.0;0.0;0.801741761142345;0.0;0.0;0.32441142296338377;0.0;0.0;0.0;0.0;0.0;-0.7301513829588868
6494.0;4.1534562773353715e-5;-0.396154504;0.0;0.0;0.7851846925238589;0.0;0.0;0.3363532849879587;0.0;0.0;0.0;0.0;0.0;-0.7253937645070626
6495.0;4.140421620368042e-5;-0.391231748;0.0;0.0;0.7913152213362109;0.0;0.0;0.32374356448819375;0.0;0.0;0.0;0.0;0.0;-0.7238373544746299
6496.0;3.885253948428983e-5;-0.38212954000000005;0.0;0.0;0.653357339268117;0.0;0.0;0.3632134253731016;0.0;0.0;0.0;0.0;0.0;-0.634452001783297
6497.0;3.780467488084482e-5;-0.37104338;0.0;0.0;0.40518881790955896;0.0;0.0;0.3379556066129958;0.0;0.0;0.0;0.0;0.0;-0.3721119966158489
6498.0;3.6721224906796965e-5;-0.35844412400000003;0.0;0.0;0.16731296734413129;0.0;0.0;0.31416108563247797;0.0;0.0;0.0;0.0;0.0;-0.12304106348821403
6499.0;-2.237772109600389e-5;-0.35775268;0.0;0.0;0.036401359061696385;0.0;0.0;0.32320783801632297;0.0;0.0;0.0;0.0;0.0;-0.0018791613256127907
6500.0;8.902782788746446e-5;-0.35673458;0.0;0.0;0.009099316002840023;0.0;0.0;0.34940679933109664;0.0;0.0;0.0;0.0;0.0;-0.0017944574116075627
6501.0;0.00011476241471108871;-0.348919512;0.0;0.0;0.006058879442062556;0.0;0.0;0.357059618677604;0.0;0.0;0.0;0.0;0.0;-0.014210986329264593
6502.0;0.00011440049673721824;-0.336764416;0.0;0.0;0.0050927271698920865;0.0;0.0;0.364210971909894;0.0;0.0;0.0;0.0;0.0;-0.03255023866263456
6503.0;0.00011566434748580396;-0.325504384;0.0;0.0;0.0033696679392537275;0.0;0.0;0.37533788396907275;0.0;0.0;0.0;0.0;0.0;-0.053213481600830996
6504.0;0.00011954686746863796;-0.3156006760000001;0.0;0.0;0.001752308134669403;0.0;0.0;0.3804946254962989;0.0;0.0;0.0;0.0;0.0;-0.06665700676811771
6505.0;0.00010557828254821559;-0.294666668;0.0;0.0;0.00026813628431650755;0.0;0.0;0.38587160124648534;0.0;0.0;0.0;0.0;0.0;-0.09148542851281602
6506.0;0.00010572333967004093;-0.225942584;0.0;0.0;0.00031829382780933175;0.0;0.0;0.3467251527603788;0.0;0.0;0.0;0.0;0.0;-0.12111323838272388
6507.0;0.00010531277691031085;-0.22558747199999998;0.0;0.0;0.0002681090158005843;0.0;0.0;0.3485617469600619;0.0;0.0;0.0;0.0;0.0;-0.12325466460897513
6508.0;0.00010568104775702358;-0.28253730800000004;0.0;0.0;0.00026814634286829265;0.0;0.0;0.36559045979979643;0.0;0.0;0.0;0.0;0.0;-0.08333368657416801
6509.0;0.00010572793094094415;-0.28076932;0.0;0.0;0.000268151164141163;0.0;0.0;0.3603779105784181;0.0;0.0;0.0;0.0;0.0;-0.07988914435312552
6510.0;0.00010627636426683167;-0.28233825199999996;0.0;0.0;0.0003350942188514669;0.0;0.0;0.3600413461463698;0.0;0.0;0.0;0.0;0.0;-0.07805072262493151
6511.0;0.00014881641847323888;-0.28718673200000006;0.0;0.0;0.001817374295718694;0.0;0.0;0.37046894283754506;0.0;0.0;0.0;0.0;0.0;-0.08511415550875291
6512.0;0.00013956331764574377;-0.294856668;0.0;0.0;0.0246913363755632;0.0;0.0;0.3786566434957497;0.0;0.0;0.0;0.0;0.0;-0.10850643673628559
6513.0;1.878882565073994e-5;-0.306731464;0.0;0.0;0.16150393729025955;0.0;0.0;0.38405416759688615;0.0;0.0;0.0;0.0;0.0;-0.23884193049600455
6514.0;1.952597089266485e-5;-0.322021816;0.0;0.0;0.36329846346556577;0.0;0.0;0.3930218590131229;0.0;0.0;0.0;0.0;0.0;-0.43431366980403335
6515.0;2.0508485369819912e-5;-0.33202867999999996;0.0;0.0;0.5443884070646292;0.0;0.0;0.3942340687444248;0.0;0.0;0.0;0.0;0.0;-0.6066087948958034
6516.0;2.2047859437740973e-5;-0.33771796800000004;0.0;0.0;0.6413256865038773;0.0;0.0;0.38176378355026763;0.0;0.0;0.0;0.0;0.0;-0.6853862364385314
6517.0;2.2758217132017554e-5;-0.34323263200000004;0.0;0.0;0.664049358682441;0.0;0.0;0.3801937880128697;0.0;0.0;0.0;0.0;0.0;-0.7010251229211603
6518.0;2.16637876360813e-5;-0.341628472;0.0;0.0;0.5878092934346311;0.0;0.0;0.42701367155266706;0.0;0.0;0.0;0.0;0.0;-0.6732092964390989
6519.0;2.026785439784593e-5;-0.33617909999999995;0.0;0.0;0.45505464400161794;0.0;0.0;0.45895512956737844;0.0;0.0;0.0;0.0;0.0;-0.5778457161072169
6520.0;1.940623103180523e-5;-0.327221244;0.0;0.0;0.2676983618828647;0.0;0.0;0.4529593544515036;0.0;0.0;0.0;0.0;0.0;-0.39345165940898796
6521.0;1.96935624727596e-5;-0.3309145560000001;0.0;0.0;0.08182666723253164;0.0;0.0;0.4899998644525076;0.0;0.0;0.0;0.0;0.0;-0.2409273158703687
6522.0;0.0001292272875463254;-0.347442932;0.0;0.0;0.013813183121727437;0.0;0.0;0.5311056567809992;0.0;0.0;0.0;0.0;0.0;-0.19749035746887608
6523.0;0.0001053003518249939;-0.348872824;0.0;0.0;0.0005540598977783253;0.0;0.0;0.5682032291092945;0.0;0.0;0.0;0.0;0.0;-0.21989705392612138
6524.0;0.00010559811148193583;-0.34586207999999996;0.0;0.0;0.00035176785438804925;0.0;0.0;0.5663281450862652;0.0;0.0;0.0;0.0;0.0;-0.22083015863774982
6525.0;0.00010530564626606818;-0.33965741600000005;0.0;0.0;0.0003182499584670853;0.0;0.0;0.5647572610439081;0.0;0.0;0.0;0.0;0.0;-0.225430357269358
6526.0;0.00010498439291383493;-0.331859392;0.0;0.0;0.0002847848136433762;0.0;0.0;0.5607040695504837;0.0;0.0;0.0;0.0;0.0;-0.2291416592241576
6527.0;0.00010499439664901136;-0.325909204;0.0;0.0;0.00028478611590384125;0.0;0.0;0.5492765138146515;0.0;0.0;0.0;0.0;0.0;-0.22366429623602024
6528.0;0.00010514131227449523;-0.318419072;0.0;0.0;0.00030151357482970136;0.0;0.0;0.5420375764568006;0.0;0.0;0.0;0.0;0.0;-0.22393224920167942
6529.0;6.569287753984294e-5;-0.38860715;0.0;0.0;0.00026789638831462893;0.0;0.0;0.6405088587780393;0.0;0.0;0.0;0.0;0.0;-0.2521770768860093
6530.0;6.623068454494972e-5;-0.38517872;0.0;0.0;0.00025131341944987465;0.0;0.0;0.6408549565754049;0.0;0.0;0.0;0.0;0.0;-0.25593498769970546
6531.0;6.622425482917753e-5;-0.382568585;0.0;0.0;0.0002513132000986644;0.0;0.0;0.64012064355208;0.0;0.0;0.0;0.0;0.0;-0.25781080882947405
6532.0;6.56773323485564e-5;-0.37901843;0.0;0.0;0.00026789600914206693;0.0;0.0;0.6331181043704437;0.0;0.0;0.0;0.0;0.0;-0.25437504167396946
6533.0;6.566030833541919e-5;-0.38060907999999993;0.0;0.0;0.00026789554535105016;0.0;0.0;0.6378240550277221;0.0;0.0;0.0;0.0;0.0;-0.2574903410712138
6534.0;6.56451503986804e-5;-0.38699219999999995;0.0;0.0;0.00026789483347103163;0.0;0.0;0.6511898868283968;0.0;0.0;0.0;0.0;0.0;-0.2644730495463888
6535.0;6.364265390691311e-5;-0.404080725;0.0;0.0;0.00035096784277032395;0.0;0.0;0.6615831478217962;0.0;0.0;0.0;0.0;0.0;-0.2578610194809706
6536.0;6.703430112967829e-5;-0.42680173999999993;0.0;0.0;0.009069754529566272;0.0;0.0;0.6655397579793093;0.0;0.0;0.0;0.0;0.0;-0.24781667809584107
6537.0;-1.4034001587785359e-5;-0.4378571;0.0;0.0;0.04923621724864742;0.0;0.0;0.6354545061635907;0.0;0.0;0.0;0.0;0.0;-0.2468454223734304
6538.0;-0.0002426174784439764;-0.444901385;0.0;0.0;0.139025603805847;0.0;0.0;0.6230867398481562;0.0;0.0;0.0;0.0;0.0;-0.31722306778892284
6539.0;-7.832419389559959e-5;-0.452120325;0.0;0.0;0.2690623970085352;0.0;0.0;0.6195699807741754;0.0;0.0;0.0;0.0;0.0;-0.43652368018777565
6540.0;-7.805263717457691e-5;-0.4574092649999999;0.0;0.0;0.3549098666494263;0.0;0.0;0.616967542736413;0.0;0.0;0.0;0.0;0.0;-0.5144797316244043
6541.0;-7.794011595398828e-5;-0.45757779;0.0;0.0;0.3783638759772823;0.0;0.0;0.6167441935675947;0.0;0.0;0.0;0.0;0.0;-0.5375418514387611
6542.0;-7.811806137628208e-5;-0.45359177500000003;0.0;0.0;0.3304692304712501;0.0;0.0;0.621360865011384;0.0;0.0;0.0;0.0;0.0;-0.4982499173717697
6543.0;-7.836552573716515e-5;-0.449602555;0.0;0.0;0.24971124582634677;0.0;0.0;0.6187306224643714;0.0;0.0;0.0;0.0;0.0;-0.41885094854512384
6544.0;-0.00023439538376240714;-0.44277641;0.0;0.0;0.1403073786200286;0.0;0.0;0.6127083152818542;0.0;0.0;0.0;0.0;0.0;-0.3102512907761269
6545.0;-2.4569713588922057e-5;-0.440090255;0.0;0.0;0.051681586040738386;0.0;0.0;0.6159962150670751;0.0;0.0;0.0;0.0;0.0;-0.2275996465100384
6546.0;6.70661564433443e-5;-0.443242085;0.0;0.0;0.012470485930787223;0.0;0.0;0.6272608437599574;0.0;0.0;0.0;0.0;0.0;-0.19649841049632813
6547.0;7.25060225768872e-5;-0.44435008;0.0;0.0;0.000991020921619106;0.0;0.0;0.6312172956658435;0.0;0.0;0.0;0.0;0.0;-0.1878670564224053
6548.0;6.438451685918604e-5;-0.43811915500000004;0.0;0.0;0.0003343396327958158;0.0;0.0;0.6122389412249226;0.0;0.0;0.0;0.0;0.0;-0.17446176514468534
6549.0;6.515567955434823e-5;-0.426926775;0.0;0.0;0.00030110025606406763;0.0;0.0;0.5999796829217121;0.0;0.0;0.0;0.0;0.0;-0.17336158599291185
6550.0;6.507893758081256e-5;-0.41304337999999996;0.0;0.0;0.0003010975976694877;0.0;0.0;0.5973590443987572;0.0;0.0;0.0;0.0;0.0;-0.1846243334378296
6551.0;6.503991079088172e-5;-0.40217876499999994;0.0;0.0;0.00030109602603747696;0.0;0.0;0.5942784720553672;0.0;0.0;0.0;0.0;0.0;-0.1924083702917346
6552.0;6.499805625125496e-5;-0.3924837;0.0;0.0;0.00030109443863826315;0.0;0.0;0.5928282699287625;0.0;0.0;0.0;0.0;0.0;-0.20065322746709144
6553.0;6.731900934139632;-0.348904475;0.0;0.0;0.00029093521633738375;0.0;7.718621531633394e-11;0.47801780225393786;0.0;0.0;0.0;0.0;0.0;-0.12952689680520246
6554.0;6.731843814933846;-0.34379893;0.0;0.0;0.00029093521633725484;0.0;9.355192547582277e-11;0.49028457796450264;0.0;0.0;0.0;0.0;0.0;-0.1469007563453168
6555.0;6.73177498037281;-0.34490532500000004;0.0;0.0;0.00030804725037958055;0.0;1.045135754314909e-10;0.5077632463933146;0.0;0.0;0.0;0.0;0.0;-0.16329178849793688
6556.0;6.731712412093797;-0.346644665;0.0;0.0;0.00029093521633694524;0.0;1.121316831656919e-10;0.5248653910398923;0.0;0.0;0.0;0.0;0.0;-0.1786389540695522
6557.0;6.731678877538295;-0.34993101499999996;0.0;0.0;0.00027381935024098825;0.0;1.1886096978337352e-10;0.5336740839908545;0.0;0.0;0.0;0.0;0.0;-0.1841450740845925
6558.0;6.731597179707762;-0.358630295;0.0;0.0;0.00027381935024079087;0.0;1.2299727121715132e-10;0.5575536694232066;0.0;0.0;0.0;0.0;0.0;-0.19932716450568544
6559.0;6.731490622061394;-0.37945787999999997;0.0;0.0;0.00041072903476686433;0.0;1.2328329638515106e-10;0.5884584141012009;0.0;0.0;0.0;0.0;0.0;-0.2095433467917541
6560.0;6.731099041471345;-0.40478892;0.0;0.0;0.007598486514434741;0.0;1.2392688261572435e-10;0.6086718396567428;0.0;0.0;0.0;0.0;0.0;-0.21161502875940655
6561.0;6.729549953039605;-0.41844746;0.0;0.0;0.04090176392266488;0.0;1.2386341970184767e-10;0.6195415121497259;0.0;0.0;0.0;0.0;0.0;-0.24213070972796566
6562.0;6.725996084728823;-0.425604225;0.0;0.0;0.11931677950861541;0.0;1.2423689821042558e-10;0.6164005020488442;0.0;0.0;0.0;0.0;0.0;-0.31024903303578455
6563.0;6.721231008899735;-0.429691215;0.0;0.0;0.2243607258610946;0.0;1.241058132625199e-10;0.6139828193959143;0.0;0.0;0.0;0.0;0.0;-0.40878986920210314
6564.0;6.717268837486535;-0.434408575;0.0;0.0;0.31114434232122884;0.0;1.2165309032299893e-10;0.6201459319054093;0.0;0.0;0.0;0.0;0.0;-0.49702096261003315
6565.0;6.71475255846488;-0.43353674;0.0;0.0;0.36594243828422546;0.0;1.2067257203519624e-10;0.6275773386799591;0.0;0.0;0.0;0.0;0.0;-0.5601236068712216
6566.0;6.715225125317469;-0.42900080499999993;0.0;0.0;0.35510946117252257;0.0;1.1637704144751273e-10;0.6345430431719312;0.0;0.0;0.0;0.0;0.0;-0.5607923607805203
6567.0;6.717783977192468;-0.424029485;0.0;0.0;0.2988053586797252;0.0;1.0893595265660985e-10;0.6368616424340883;0.0;0.0;0.0;0.0;0.0;-0.5117771078383818
6568.0;6.721987500348692;-0.41629172999999997;0.0;0.0;0.20760640441457734;0.0;1.0875771061877688e-10;0.618907363202114;0.0;0.0;0.0;0.0;0.0;-0.41035892293554316
6569.0;6.726565897477892;-0.41133255500000004;0.0;0.0;0.10742275090480564;0.0;1.1394041355813942e-10;0.6096131527424848;0.0;0.0;0.0;0.0;0.0;-0.30583819150952063
6570.0;6.72997290708961;-0.41018001;0.0;0.0;0.033679778542854304;0.0;1.1442979360775081e-10;0.5928974403987287;0.0;0.0;0.0;0.0;0.0;-0.21652977162024833
6571.0;6.731295702905872;-0.41141588500000004;0.0;0.0;0.003953266882404286;0.0;1.151153873321699e-10;0.6017259522059414;0.0;0.0;0.0;0.0;0.0;-0.19439606043894023
6572.0;6.731422707910572;-0.407617175;0.0;0.0;0.0009583677728728427;0.0;1.118850514986244e-10;0.6051344905475391;0.0;0.0;0.0;0.0;0.0;-0.19860843352636798
6573.0;6.731398342927854;-0.39836563999999997;0.0;0.0;0.000530526685250736;0.0;1.0399233229972796e-10;0.6199279444525464;0.0;0.0;0.0;0.0;0.0;-0.22222617465092973
6574.0;6.7313477446556;-0.38586465999999997;0.0;0.0;0.0004278410688089882;0.0;9.215615649355354e-11;0.6392496013403487;0.0;0.0;0.0;0.0;0.0;-0.2539468403299073
6575.0;6.731387600162207;-0.37433628499999994;0.0;0.0;0.0002909352163361182;0.0;7.537156855214553e-11;0.6329675847687497;0.0;0.0;0.0;0.0;0.0;-0.2590550482129545
6576.0;6.731395384315043;-0.363332465;0.0;0.0;0.0003080472503786128;0.0;6.243744569823632e-11;0.6334630126130852;0.0;0.0;0.0;0.0;0.0;-0.2705707873930762
6577.0;53.20971098754375;-0.33250594;0.050639784238304245;6.208909956116057e-14;0.009344084527993105;0.0;8.306025923791854e-11;0.32176999991583816;3.333624867129812e-14;0.0;0.0;9.885591456006059e-13;0.0;-0.049257679734492854
6578.0;53.209824762865466;-0.325609065;0.05063978423830976;6.208910363230201e-14;0.0072904411761091446;0.0;8.804139636503531e-11;0.31566633852985104;3.3336252933782434e-14;0.0;0.0;9.885591995011422e-13;0.0;-0.04799705004087127
6579.0;53.20993992236552;-0.32347730499999994;0.05063978423831535;6.208910775068484e-14;0.0055448431773917825;0.0;8.653237655290054e-11;0.31041480991418346;3.3336257245729565e-14;0.0;0.0;9.885592540268202e-13;0.0;-0.04313159382167352
6580.0;53.210078189938976;-0.32311321499999995;0.0506397842383222;6.208911280629561e-14;0.0036794475281896463;0.0;8.903485595662618e-11;0.304638131522585;3.3336262538949585e-14;0.0;0.0;9.885593209614482e-13;0.0;-0.035853980801953345
6581.0;53.21015526974169;-0.325088935;0.050639784238326026;6.208911562739267e-14;0.0015744604100712378;0.0;8.714159803127774e-11;0.30944377489684255;3.3336265492637877e-14;0.0;0.0;9.885593583117548e-13;0.0;-0.03657905952561231
6582.0;53.21020097856596;-0.33362281499999996;0.05063978423832849;6.208911744850349e-14;0.0013519848072509014;0.0;8.410380166527166e-11;0.3121686235029877;3.3336267399338464e-14;0.0;0.0;9.885593824224153e-13;0.0;-0.030548451402028994
6583.0;53.20938342770198;-0.352404555;0.05063978423828853;6.208908797082699e-14;0.019971699986947238;0.0;8.022983806981018e-11;0.3102067309818963;3.3336236536216837e-14;0.0;0.0;9.885589921488829e-13;0.0;-0.028424964185927718
6584.0;53.203857244747645;-0.37431977499999997;0.050639784238016676;6.208888786206878e-14;0.13745731176534418;0.0;7.752102251855398e-11;0.3064117603374793;3.333602702135443e-14;0.0;0.0;9.885563427814047e-13;0.0;-0.12019804541376194
6585.0;53.191315691215195;-0.393858695;0.05063978423739826;6.208843527088648e-14;0.4136725725169365;0.0;7.23347141260596e-11;0.29447196580622315;3.333555314961074e-14;0.0;0.0;9.885503506244564e-13;0.0;-0.3649375086744435
6586.0;53.178048146427706;-0.40553481999999996;0.05063978423673839;6.208795631956801e-14;0.7069330899502004;0.0;6.873166321580833e-11;0.2685115856057578;3.333505166842805e-14;0.0;0.0;9.885440094485748e-13;0.0;-0.6205639229882411
6587.0;-0.021642810771654423;-0.40972065;0.0;0.0;0.9274362562543268;0.0;0.0;0.23617019997251731;0.0;0.0;0.0;0.0;0.0;-0.7538223027351121
6588.0;-0.021642634984335274;-0.41348535999999997;0.0;0.0;0.9650502517894959;0.0;0.0;0.2023209172695258;0.0;0.0;0.0;0.0;0.0;-0.7538223027351126
6589.0;-0.02164281601037419;-0.41702899;0.0;0.0;0.9567463474605735;0.0;0.0;0.2141684516043476;0.0;0.0;0.0;0.0;0.0;-0.7538223027351137
6590.0;-0.02164255238157427;-0.41577977;0.0;0.0;0.9426023334475702;0.0;0.0;0.2270632456738135;0.0;0.0;0.0;0.0;0.0;-0.7538223027351136
6591.0;-0.02164230752770701;-0.40830758999999994;0.0;0.0;0.9283426923018246;0.0;0.0;0.23385070685498766;0.0;0.0;0.0;0.0;0.0;-0.7538223027351109
6592.0;-0.021642406871816827;-0.398170745;0.0;0.0;0.877417407079608;0.0;0.0;0.2746391434896862;0.0;0.0;0.0;0.0;0.0;-0.7538223027351126
6593.0;53.18158204188259;-0.386589405;0.050639784236915585;6.208808452902805e-14;0.6256600868552542;0.0;6.571833123950105e-11;0.31883707237740533;3.33351859098531e-14;0.0;0.0;9.885457069063234e-13;0.0;-0.6085638220841051
6594.0;53.195257356939294;-0.378929765;0.0506397842375929;6.208857732565119e-14;0.32702586382528415;0.0;6.327860323114178e-11;0.2956411730503462;3.333570188467799e-14;0.0;0.0;9.88552231384188e-13;0.0;-0.29438730587015527
6595.0;53.205980878509116;-0.37485939499999993;0.0506397842381205;6.208896420797731e-14;0.09482706185917618;0.0;6.838976224479858e-11;0.27819223199836945;3.333610695610802e-14;0.0;0.0;9.885573535737794e-13;0.0;-0.04880745215591924
6596.0;700.8483949856341;-0.378442545;0.050639784391474804;9.855051191579209e-14;0.019030444232976475;1.2558602219922239e-15;9.899049133802564e-11;0.2819772941230744;4.948717566938744e-14;0.0;2.105374655051631e-13;1.4144240783845842e-12;1.9614841335010985e-14;-3.137882171098727e-8
6597.0;735.1003023624472;-0.37347579999999997;0.05063978439151254;1.0169920597214083e-13;0.00963501976683603;1.2865313008123403e-15;8.164575245605486e-11;0.28994376282430523;4.993343891189546e-14;0.0;3.8173019285387193e-13;1.4461249436555953e-12;2.140734327924809e-14;-2.985713068935126e-8
6598.0;591.6951358054104;-0.36382916;0.050639784391322384;8.967789965644022e-14;0.0100115209202098;1.1669607906968444e-15;7.012489698051229e-11;0.2919254705714705;4.786719214244079e-14;0.0;8.655814160529831e-14;1.3209365120649424e-12;1.547609237273844e-14;-3.748368452210677e-8
6599.0;429.65526755460286;-0.352510215;0.05063978439093454;7.910290258333553e-14;0.01001152092007473;1.0559699122970988e-15;5.847748146705086e-11;0.2935405630569711;4.4776699941642014e-14;0.0;4.6196457622787126e-14;1.2011818338123099e-12;1.1786307222421473e-14;-5.273374486396825e-8
6600.0;276.68248990395614;-0.34107709500000005;0.050639784390058784;7.117360931885042e-14;0.00978904148492819;9.689071000469458e-16;4.215349171273995e-11;0.2958096197161362;4.087388409125557e-14;0.0;3.207560552762524e-14;1.1052110397691035e-12;9.62073878630759e-15;-8.592808855780451e-8
6601.0;5.7859661038635806e-5;-0.247928555;0.0;0.0;0.007126761893829676;0.0;0.0;0.25255550976693075;0.0;0.0;0.0;0.0;0.0;-0.011761469064730185
6602.0;7.872846591556234e-5;-0.244582365;0.0;0.0;0.003952777061932891;0.0;0.0;0.246724555101305;0.0;0.0;0.0;0.0;0.0;-0.006103710409176401
6603.0;-0.0001569267691366881;-0.24166597999999995;0.0;0.0;0.0016430231857197154;0.0;0.0;0.24209470984771164;0.0;0.0;0.0;0.0;0.0;-0.002092492545241848
6604.0;49.9991901616639;-0.238826495;0.007295231367178814;3.877704501734013e-14;0.0008214581045138832;0.0;4.832642665169551e-11;0.23069068085411373;3.410289027058015e-14;0.0;0.0;0.0;0.0;-2.641917369746179e-7
6605.0;0.000491337492841242;-0.23937913499999997;0.0;0.0;0.0006617207112674848;0.0;0.0;0.24005766366317607;0.0;0.0;0.0;0.0;0.0;-0.001360589899205775
6606.0;7.087377413451726e-5;-0.241203845;0.0;0.0;0.017913689409416747;0.0;0.0;0.2283169993486063;0.0;0.0;0.0;0.0;0.0;-0.0050371562062214974
6607.0;-6.151025207993505e-5;-0.24707211499999998;0.0;0.0;0.08459632819819106;0.0;0.0;0.19654482528922437;0.0;0.0;0.0;0.0;0.0;-0.034077699604146194
6608.0;-5.677687818591514e-5;-0.26073333499999995;0.0;0.0;0.26908245705672346;0.0;0.0;0.19027592702985738;0.0;0.0;0.0;0.0;0.0;-0.1986331117755685
6609.0;-5.607839757161013e-5;-0.27798884;0.0;0.0;0.5001820347216432;0.0;0.0;0.19437909778357088;0.0;0.0;0.0;0.0;0.0;-0.41658026377115415
6610.0;-5.530920337519263e-5;-0.29245317499999995;0.0;0.0;0.6930711670982603;0.0;0.0;0.19828060155178465;0.0;0.0;0.0;0.0;0.0;-0.5989064636051105
6611.0;-5.343710520136609e-5;-0.3022881599999999;0.0;0.0;0.786137098423289;0.0;0.0;0.21151910158778775;0.0;0.0;0.0;0.0;0.0;-0.6953756492019827
6612.0;-5.302447657689028e-5;-0.30714538499999994;0.0;0.0;0.8240131122441906;0.0;0.0;0.1860272315690427;0.0;0.0;0.0;0.0;0.0;-0.7029025070673619
6613.0;-5.225539201128092e-5;-0.307520145;0.0;0.0;0.8491747881354541;0.0;0.0;0.1713710909785104;0.0;0.0;0.0;0.0;0.0;-0.71303316510018
6614.0;-5.176587844457266e-5;-0.306149245;0.0;0.0;0.844150170082284;0.0;0.0;0.17978136718948082;0.0;0.0;0.0;0.0;0.0;-0.7177896454913855
6615.0;-5.282416620057852e-5;-0.303384875;0.0;0.0;0.8037517701104498;0.0;0.0;0.20556299804414033;0.0;0.0;0.0;0.0;0.0;-0.7059374115143069
6616.0;-5.2588678692417484e-5;-0.29944614499999994;0.0;0.0;0.7084122258878793;0.0;0.0;0.30013228160273153;0.0;0.0;0.0;0.0;0.0;-0.7091058452804314
6617.0;-5.555196807194143e-5;-0.29360298999999995;0.0;0.0;0.5510113757502115;0.0;0.0;0.30414373560505953;0.0;0.0;0.0;0.0;0.0;-0.5615600242594231
6618.0;-5.613412738947935e-5;-0.29044743500000003;0.0;0.0;0.3690258688087023;0.0;0.0;0.3147356977179577;0.0;0.0;0.0;0.0;0.0;-0.3933221109185792
6619.0;-5.678373143824252e-5;-0.282706885;0.0;0.0;0.17428409485551807;0.0;0.0;0.3081275273506723;0.0;0.0;0.0;0.0;0.0;-0.1997127988747939
6620.0;-5.902162874564149e-5;-0.28216568499999994;0.0;0.0;0.04131205569743462;0.0;0.0;0.3018383133870353;0.0;0.0;0.0;0.0;0.0;-0.060993029227741025
6621.0;-6.2257261124469e-5;-0.28094768499999995;0.0;0.0;0.010047257231003049;0.0;0.0;0.3010637586789219;0.0;0.0;0.0;0.0;0.0;-0.030172084613253845
6622.0;-6.42078308467548e-5;-0.278766845;0.0;0.0;0.008459944349524776;0.0;0.0;0.2934081772150317;0.0;0.0;0.0;0.0;0.0;-0.02311027885222284
6623.0;-6.144024203398523e-5;-0.274573155;0.0;0.0;0.009439127933082382;0.0;0.0;0.29949968163368795;0.0;0.0;0.0;0.0;0.0;-0.0343743095924528
6624.0;-6.038022180372758e-5;-0.26782407;0.0;0.0;0.010200508505956581;0.0;0.0;0.2996381045993122;0.0;0.0;0.0;0.0;0.0;-0.04202306938665388
6625.0;104.83096328047601;-0.26993079499999995;0.05063978438700618;3.704846001365669e-14;0.01074741119223909;0.0;7.40158331942237e-12;0.23919220966728771;3.762467155313866e-14;0.0;1.3829019287214874e-14;6.501292580405519e-13;0.0;-1.1695862339748484e-7
6626.0;48.76572784535666;-0.26385534499999996;0.036652928397181386;3.586382162957706e-14;0.009463882179927226;0.0;6.86194861539596e-12;0.2377851961137201;3.4194436142311883e-14;0.0;0.0;0.0;0.0;-2.5228185434165946e-7
6627.0;50.01952628924784;-0.26088914;0.01511783568282417;3.589560774584665e-14;0.007940759784108782;0.0;1.0056176390712201e-11;0.2378842813195898;3.4292982492326076e-14;0.0;0.0;0.0;0.0;-2.4444962840343255e-7
6628.0;49.99850515002425;-0.26251142;0.016737688806903947;3.589515557017922e-14;0.006999507858511977;0.0;1.7987865635267895e-11;0.2387562329461592;3.429158286700739e-14;0.0;0.0;0.0;0.0;-2.44557540817653e-7
6629.0;49.99859472176219;-0.26857657;0.016689288232327133;3.589515789343835e-14;0.014272833172505477;0.0;2.042058296395395e-11;0.23759693422262138;3.429159005838558e-14;0.0;0.0;0.0;0.0;-2.44556986117996e-7
6630.0;21.783173017457703;-0.284016465;0.0;0.0;0.06602468817258242;0.0;2.162211983888978e-11;0.22343762563430364;3.248049493563937e-14;0.0;0.0;0.0;0.0;-5.624421170150741e-7
6631.0;-5.492290562671114e-5;-0.299032145;0.0;0.0;0.206067447924137;0.0;0.0;0.12452884739811633;0.0;0.0;0.0;0.0;0.0;-0.031571514697505645
6632.0;-4.98641336377609e-5;-0.324937645;0.0;0.0;0.4709342565325924;0.0;0.0;0.11908994739918663;0.0;0.0;0.0;0.0;0.0;-0.2650932832089542
6633.0;-4.905011022466369e-5;-0.34292303999999996;0.0;0.0;0.7624114327738597;0.0;0.0;0.12810121324217813;0.0;0.0;0.0;0.0;0.0;-0.5475962248465586
6634.0;-4.716382387870615e-5;-0.358153005;0.0;0.0;0.9536006194011641;0.0;0.0;0.09669541308421424;0.0;0.0;0.0;0.0;0.0;-0.6921493857109712
6635.0;-4.720257508805152e-5;-0.369613845;0.0;0.0;0.9532847698295934;0.0;0.0;0.10751229285974218;0.0;0.0;0.0;0.0;0.0;-0.6911895815402727
6636.0;-4.723496448508822e-5;-0.371982365;0.0;0.0;0.9445609469502932;0.0;0.0;0.11776431149711968;0.0;0.0;0.0;0.0;0.0;-0.6903492620886802
6637.0;-4.7238403899007905e-5;-0.36987922999999995;0.0;0.0;0.9352388392120017;0.0;0.0;0.12489256285617334;0.0;0.0;0.0;0.0;0.0;-0.6902585412190553
6638.0;-4.724097921797109e-5;-0.368556525;0.0;0.0;0.9182542719499337;0.0;0.0;0.1404850009019948;0.0;0.0;0.0;0.0;0.0;-0.6901891173922614
6639.0;-4.7328561524901465e-5;-0.364332825;0.0;0.0;0.8965866122287669;0.0;0.0;0.15552995678405984;0.0;0.0;0.0;0.0;0.0;-0.687790126477107
6640.0;-4.7482225458667554e-5;-0.357223305;0.0;0.0;0.8682644224896775;0.0;0.0;0.17207627982072046;0.0;0.0;0.0;0.0;0.0;-0.6831238024192515
6641.0;-4.880490512062205e-5;-0.34788992999999996;0.0;0.0;0.7011977964441994;0.0;0.0;0.23765018008946545;0.0;0.0;0.0;0.0;0.0;-0.590964634340659
6642.0;-4.95178318593705e-5;-0.33954924500000006;0.0;0.0;0.4953857928844965;0.0;0.0;0.23783299580851774;0.0;0.0;0.0;0.0;0.0;-0.3936762249679338
6643.0;-5.0196802111843734e-5;-0.327979405;0.0;0.0;0.2755956716721929;0.0;0.0;0.2347406398547182;0.0;0.0;0.0;0.0;0.0;-0.18236367616513985
6644.0;-9.132129686985972e-5;-0.31405063;0.0;0.0;0.10969795376670946;0.0;0.0;0.20875655648449268;0.0;0.0;0.0;0.0;0.0;-0.004415875907437719
6645.0;5.180647421727084e-5;-0.30500555999999995;0.0;0.0;0.02824750857276534;0.0;0.0;0.27914345736499563;0.0;0.0;0.0;0.0;0.0;-0.0023975659336150793
6646.0;7.119055022178242e-5;-0.3010911700000001;0.0;0.0;0.010786497597976537;0.0;0.0;0.29460788708923796;0.0;0.0;0.0;0.0;0.0;-0.004312598479110853
6647.0;4.055955429268574e-5;-0.29192971999999995;0.0;0.0;0.010477641343123302;0.0;0.0;0.28899776529727206;0.0;0.0;0.0;0.0;0.0;-0.007553498998383694
6648.0;5.1408368155803836e-5;-0.27381829999999996;0.0;0.0;0.009999588382822854;0.0;0.0;0.26995636292975106;0.0;0.0;0.0;0.0;0.0;-0.006145992833894326
6649.0;633.6366841563072;-0.268559545;0.05063978439163124;6.603313420184275e-14;0.00907026516268106;8.691197300454189e-16;2.00874996177812e-11;0.1997264850531817;5.1634114527201783e-14;0.0;7.948932838739095e-14;1.0715031072247063e-12;1.1971479691516445e-14;-2.624457276189109e-8
6650.0;644.2103071455506;-0.266341055;0.050639784391641914;6.663498668612227e-14;0.00706796174498209;8.754196545789222e-16;2.180292471879661e-11;0.19825011367092124;5.177931483746056e-14;0.0;8.581127221977643e-14;1.0797111280989012e-12;1.2243730845450004e-14;-2.5761788992960873e-8
6651.0;777.3914299179906;-0.264235165;0.050639784391749584;7.525406611358014e-14;0.005579069165290219;9.631756206137046e-16;2.2697597035494797e-11;0.18589415946002028;5.3352651237617984e-14;0.0;0.02202698990004248;1.193899485704668e-12;1.7146632424892987e-14;-2.093215328657501e-8
6652.0;777.3869172766383;-0.26227506999999994;0.05063978439174958;7.525359998589003e-14;0.005647523049540578;9.631709957063437e-16;2.10673872776795e-11;0.18077144342703902;5.3352585587126506e-14;0.0;0.025273814724926243;1.1938934800243506e-12;1.7146303427834103e-14;-2.0932340976668846e-8
6653.0;777.386905362916;-0.2648759;0.05063978439174958;7.52535987067885e-14;0.006708572625621074;9.63170983015099e-16;2.138954277749872e-11;0.16942616376104935;5.335258540697077e-14;0.0;0.038159653684096836;1.1938934635442245e-12;1.714630252504078e-14;-2.0932341491717308e-8
6654.0;777.3859959006061;-0.27646468;0.05063978439174958;7.525353067339728e-14;0.027809777992906185;9.631703079882613e-16;2.1121065701295215e-11;0.15442463092375458;5.335257582485401e-14;0.0;0.04364942437856243;1.1938925869869264e-12;1.7146254507193298e-14;-2.0932368886393165e-8
6655.0;108.42136155631836;-0.2952096249999999;0.05063978438624234;4.557743091617388e-14;0.12984171128461125;0.0;1.0813343693188608e-11;0.138769133912479;3.6775491822039694e-14;0.0;1.7071877641695817e-14;7.745537803658337e-13;0.0;-0.023637266961949396
6656.0;108.41171815627855;-0.315865485;0.05063978438624133;4.5577166778797576e-14;0.33765347928683154;0.0;9.509424669997095e-12;0.13418147980617345;3.677501261765162e-14;0.0;1.7071627069428053e-14;7.745497245721114e-13;0.0;-0.20620503062451526
6657.0;108.40017918288085;-0.333046405;0.05063978438624012;4.557685134686904e-14;0.5918947385458214;0.0;8.78090773726358e-12;0.12861287853178238;3.677444033704148e-14;0.0;1.707132784274512e-14;7.745448811501412e-13;0.0;-0.43770044620531484
6658.0;108.3911002277516;-0.34432209500000005;0.05063978438623918;4.557660324653603e-14;0.7909271747042472;0.0;7.680187912275607e-12;0.13419138651167872;3.677399020198702e-14;0.0;1.7071092492976045e-14;7.745410715917504e-13;0.0;-0.6310389717562048
6659.0;108.38392861195437;-0.35429884500000003;0.050639784386238444;4.557641015188086e-14;0.913238849509188;0.0;5.648776380341671e-12;0.1375404737297655;3.6773639857553334e-14;0.0;1.7070909324711434e-14;7.745381066370841e-13;0.0;-0.7467359442963885
6660.0;30.900872115843043;-0.36000344500000003;0.0;4.358358584473339e-14;0.9659319602666198;0.0;4.278347409926406e-12;0.1468148707775608;3.2822745661964195e-14;0.0;0.0;0.0;0.0;-0.7538223961121131
6661.0;-0.02164764509446874;-0.360685905;0.0;0.0;0.9645748893508029;0.0;0.0;0.14999675342725538;0.0;0.0;0.0;0.0;0.0;-0.7538224315419512
6662.0;-0.021647687639087223;-0.35951851;0.0;0.0;0.950820932660952;0.0;0.0;0.16258331613356822;0.0;0.0;0.0;0.0;0.0;-0.7538224315419513
6663.0;49.91804156705612;-0.354630845;0.023827703234865064;4.4056075727600943e-14;0.889793069385293;0.0;3.6077186582851322e-12;0.19499020132236003;3.381583100080878e-14;0.0;0.0;0.0;0.0;-0.7538223546455938
6664.0;108.39199829378092;-0.34752225999999997;0.05063978438623928;4.5576628440601176e-14;0.7666428225247474;0.0;3.982778126598374e-12;0.19388044701721385;3.6774035912754265e-14;0.0;1.7071116392068185e-14;7.745414584444773e-13;0.0;-0.6632467047348798
6665.0;108.4007038673994;-0.33890296999999997;0.050639784386240186;4.5576866433827544e-14;0.57568805583741;0.0;3.81531600653548e-12;0.19457404527325148;3.677446770935591e-14;0.0;1.7071342154469386e-14;7.745451128087926e-13;0.0;-0.4816022967124027
6666.0;108.40940428204509;-0.3305709499999999;0.05063978438624109;4.557710420502539e-14;0.38430544997847477;0.0;3.909443518027168e-12;0.19409843265500665;3.677489909297147e-14;0.0;1.7071567709864146e-14;7.745487637594369e-13;0.0;-0.29807297080222905
6667.0;108.41815385463033;-0.32024304;0.050639784386242004;4.5577343316643566e-14;0.19254633913404265;0.0;3.721519648301725e-12;0.1894414189046054;3.677533289825037e-14;0.0;1.7071794540455714e-14;7.74552435287543e-13;0.0;-0.111981677699509
6668.0;721.7120716786214;-0.31074688999999994;0.05063978439170981;7.139873193777781e-14;0.06256772008072213;9.24482114233015e-16;3.692475238945211e-12;0.1861418742897244;5.274770597838854e-14;0.0;2.054833240199448e-13;1.1435989500052283e-12;1.469009923799527e-14;-2.2707861133328302e-8
6669.0;777.3863472946576;-0.30710121999999995;0.05063978439174958;7.525355800053262e-14;0.01697679896517425;9.631705791276052e-16;4.093629872555996e-12;0.2011434071270226;5.335257967372863e-14;0.0;0.038397680700057814;1.1938929390759406e-12;1.714627379461857e-14;-2.0932357882693223e-8
6670.0;777.3865650025315;-0.30108366999999997;0.05063978439174958;7.525357436945709e-14;0.011757117003064721;9.631707415401563e-16;4.3065893927931095e-12;0.2071083492248181;5.335258197920055e-14;0.0;0.03163454677912435;1.1938931499765979e-12;1.714628534777587e-14;-2.0932351291498727e-8
6671.0;777.3865864893895;-0.29081760999999995;0.05063978439174958;7.525357591518705e-14;0.01136350189955185;9.63170756876723e-16;3.570423208434469e-12;0.20611749535122725;5.335258219690738e-14;0.0;0.022753056849560874;1.1938931698924187e-12;1.7146286438746318e-14;-2.09323506690875e-8
6672.0;757.3077243047165;-0.280213865;0.050639784391736005;7.382092083485149e-14;0.011346389865504137;9.488955256793774e-16;3.10335186920879e-12;0.20721734295125313;5.314280993134603e-14;0.0;5.713897587746062e-13;1.1753478845872816e-12;1.6174042862846806e-14;-2.1537507367619753e-8
6673.0;6.46063904110917e-5;-0.31368570999999995;0.0;0.0;0.003509201585957445;0.0;0.0;0.42946696710386334;0.0;0.0;0.0;0.0;0.0;-0.11929751481633126
6674.0;7.475714473012006e-5;-0.31082928000000004;0.0;0.0;0.001755177811840041;0.0;0.0;0.42191745890862375;0.0;0.0;0.0;0.0;0.0;-0.11285113337694039
6675.0;5.4713433045425354e-5;-0.30819568;0.0;0.0;0.000857965947088595;0.0;0.0;0.418443120888808;0.0;0.0;0.0;0.0;0.0;-0.11111251858847983
6676.0;5.416844557378398e-5;-0.3076801;0.0;0.0;0.0008410698008758441;0.0;0.0;0.4111002859712901;0.0;0.0;0.0;0.0;0.0;-0.10426833918477005
6677.0;5.510569030552675e-5;-0.315880895;0.0;0.0;0.0008579863949454489;0.0;0.0;0.40398630831516513;0.0;0.0;0.0;0.0;0.0;-0.0889705465072521
6678.0;7.243872929800911e-5;-0.334289905;0.0;0.0;0.0020782302664530774;0.0;0.0;0.39090092507311464;0.0;0.0;0.0;0.0;0.0;-0.058696987034381296
6679.0;4.3456595619748345e-5;-0.352588305;0.0;0.0;0.02005099645951024;0.0;0.0;0.3823050072067485;0.0;0.0;0.0;0.0;0.0;-0.04977610608185154
6680.0;-0.00010704560484002505;-0.366174085;0.0;0.0;0.13974657837125823;0.0;0.0;0.38229716232435784;0.0;0.0;0.0;0.0;0.0;-0.15587915097005958
6681.0;-6.439637344302852e-5;-0.37879136999999996;0.0;0.0;0.407152999315782;0.0;0.0;0.371948255764706;0.0;0.0;0.0;0.0;0.0;-0.40031915227904963
6682.0;-6.21021461792211e-5;-0.38937832499999997;0.0;0.0;0.6963084318704021;0.0;0.0;0.3814276118335619;0.0;0.0;0.0;0.0;0.0;-0.6883666727424957
6683.0;-5.82479009589636e-5;-0.397709035;0.0;0.0;0.8306320970606758;0.0;0.0;0.29714836396096556;0.0;0.0;0.0;0.0;0.0;-0.7300797555293672
6684.0;-5.823912666746517e-5;-0.402345255;0.0;0.0;0.8229939287594683;0.0;0.0;0.3094678727907184;0.0;0.0;0.0;0.0;0.0;-0.7301248741549133
6685.0;-5.833311830191308e-5;-0.39843399999999995;0.0;0.0;0.8098526945455103;0.0;0.0;0.31825547529317505;0.0;0.0;0.0;0.0;0.0;-0.7296825158353674
6686.0;-5.83658406743579e-5;-0.39857397;0.0;0.0;0.7956820523900495;0.0;0.0;0.33240457018795116;0.0;0.0;0.0;0.0;0.0;-0.7295210052074607
6687.0;-5.83751066054575e-5;-0.393614765;0.0;0.0;0.8022198777937402;0.0;0.0;0.32084965372490143;0.0;0.0;0.0;0.0;0.0;-0.7294631215204881
6688.0;-6.308419400026492e-5;-0.384469325;0.0;0.0;0.6527538426011628;0.0;0.0;0.3790459014755781;0.0;0.0;0.0;0.0;0.0;-0.647339512480266
6689.0;-6.443652457253636e-5;-0.37335502499999995;0.0;0.0;0.40545945659529836;0.0;0.0;0.34873589039599195;0.0;0.0;0.0;0.0;0.0;-0.38084959630319154
6690.0;-7.374963299985196e-5;-0.3607429449999999;0.0;0.0;0.1676842883894006;0.0;0.0;0.3209858928248677;0.0;0.0;0.0;0.0;0.0;-0.12793696464762472
6691.0;3.584983418812568e-5;-0.36009389999999997;0.0;0.0;0.036043787187336;0.0;0.0;0.3282098628008036;0.0;0.0;0.0;0.0;0.0;-0.0041711004501549034
6692.0;7.194113386195235e-5;-0.359050775;0.0;0.0;0.009009007970127231;0.0;0.0;0.35405198275433386;0.0;0.0;0.0;0.0;0.0;-0.004021354906438094
6693.0;6.475721491397803e-5;-0.35113965999999996;0.0;0.0;0.006000742498282947;0.0;0.0;0.359789681523945;0.0;0.0;0.0;0.0;0.0;-0.014658944140893367
6694.0;6.367201657070577e-5;-0.33885988;0.0;0.0;0.0050444570511423625;0.0;0.0;0.3645158725490635;0.0;0.0;0.0;0.0;0.0;-0.03070803506200345
6695.0;6.665294477069317e-5;-0.3274958699999999;0.0;0.0;0.003338867362171319;0.0;0.0;0.3752105947920242;0.0;0.0;0.0;0.0;0.0;-0.05106083077756134
6696.0;7.602922183762299e-5;-0.317541055;0.0;0.0;0.0017382611446668686;0.0;0.0;0.3803694323552035;0.0;0.0;0.0;0.0;0.0;-0.06457453174574984
6697.0;7.81269247915135e-5;-0.29649311500000003;0.0;0.0;0.00026672130826110987;0.0;0.0;0.3876200001702592;0.0;0.0;0.0;0.0;0.0;-0.09140215304092437
6698.0;7.589461256506195e-5;-0.22739437;0.0;0.0;0.0003164615236660006;0.0;0.0;0.35004216321885356;0.0;0.0;0.0;0.0;0.0;-0.12297283671273751
6699.0;7.750408713548673e-5;-0.22702970999999997;0.0;0.0;0.00026670187613116614;0.0;0.0;0.3521892469355753;0.0;0.0;0.0;0.0;0.0;-0.1254347234635025
6700.0;7.833557182326478e-5;-0.28431706500000004;0.0;0.0;0.0002667279090174414;0.0;0.0;0.36751792895158614;0.0;0.0;0.0;0.0;0.0;-0.08347615990120587
6701.0;7.843414436425731e-5;-0.28253709999999993;0.0;0.0;0.0002667309549700152;0.0;0.0;0.3625379795240186;0.0;0.0;0.0;0.0;0.0;-0.08027618839327028
6702.0;7.639781350101511e-5;-0.284116735;0.0;0.0;0.0003331027670199416;0.0;0.0;0.36211136078008443;0.0;0.0;0.0;0.0;0.0;-0.07833643835452417
6703.0;0.00010931369618659352;-0.28899888500000004;0.0;0.0;0.0018009628607033924;0.0;0.0;0.3727507906499218;0.0;0.0;0.0;0.0;0.0;-0.08556379383216445
6704.0;6.725297118754777e-5;-0.296733865;0.0;0.0;0.024450485973429376;0.0;0.0;0.3812539366920893;0.0;0.0;0.0;0.0;0.0;-0.10898113460589921
6705.0;-8.883260075680908e-5;-0.30867576999999996;0.0;0.0;0.16204811423585264;0.0;0.0;0.3869033426937913;0.0;0.0;0.0;0.0;0.0;-0.24028894224683803
6706.0;-8.83012404606435e-5;-0.32404763;0.0;0.0;0.36341839117395053;0.0;0.0;0.3966781079611857;0.0;0.0;0.0;0.0;0.0;-0.43606201005505435
6707.0;-8.717092098909423e-5;-0.33410214999999993;0.0;0.0;0.5438917043957516;0.0;0.0;0.398878295390516;0.0;0.0;0.0;0.0;0.0;-0.6086808395136359
6708.0;-8.418770042810877e-5;-0.33981899;0.0;0.0;0.6403810879936422;0.0;0.0;0.40038619762183464;0.0;0.0;0.0;0.0;0.0;-0.700960865152881
6709.0;-8.242457705598215e-5;-0.34535926;0.0;0.0;0.6629833156054628;0.0;0.0;0.3988536543438324;0.0;0.0;0.0;0.0;0.0;-0.7164900087918084
6710.0;-8.500527462288474e-5;-0.34375146;0.0;0.0;0.5872999691248973;0.0;0.0;0.4454459471507427;0.0;0.0;0.0;0.0;0.0;-0.6890071467981116
6711.0;-8.748826429335525e-5;-0.3382761249999999;0.0;0.0;0.4550491731769863;0.0;0.0;0.4611697600949863;0.0;0.0;0.0;0.0;0.0;-0.5779558431354044
6712.0;-8.840873155443663e-5;-0.329269045;0.0;0.0;0.268161256401192;0.0;0.0;0.45437506669109795;0.0;0.0;0.0;0.0;0.0;-0.3932804417062503
6713.0;-0.00011277062894135545;-0.332990455;0.0;0.0;0.08124173444727009;0.0;0.0;0.4891587686629445;0.0;0.0;0.0;0.0;0.0;-0.23742600760924049
6714.0;7.451593752666802e-5;-0.34963238499999993;0.0;0.0;0.013678873854232358;0.0;0.0;0.5276218748158573;0.0;0.0;0.0;0.0;0.0;-0.19167860009000676
6715.0;6.937915879907892e-5;-0.35107206999999996;0.0;0.0;0.000550116961939888;0.0;0.0;0.5624990372117794;0.0;0.0;0.0;0.0;0.0;-0.21198595829441488
6716.0;7.433726507135576e-5;-0.3480303999999999;0.0;0.0;0.0003496628314554671;0.0;0.0;0.5605739910814888;0.0;0.0;0.0;0.0;0.0;-0.2129018229807267
6717.0;7.515727580634232e-5;-0.34178088;0.0;0.0;0.00031643496958425006;0.0;0.0;0.5591464767778138;0.0;0.0;0.0;0.0;0.0;-0.217690535872631
6718.0;7.612740256579724e-5;-0.33391930999999997;0.0;0.0;0.00028325403645449403;0.0;0.0;0.5551592125447837;0.0;0.0;0.0;0.0;0.0;-0.22153159303167252
6719.0;7.615149587575316e-5;-0.327926345;0.0;0.0;0.00028325480473325094;0.0;0.0;0.5445451135829444;0.0;0.0;0.0;0.0;0.0;-0.21691046203635433
6720.0;7.561835477632828e-5;-0.32039470999999997;0.0;0.0;0.0002998410174365388;0.0;0.0;0.5378008365688218;0.0;0.0;0.0;0.0;0.0;-0.21771443818768102
6721.0;0.00017966379560927415;-0.39101942;0.0;0.0;0.00026959345289927043;0.0;0.0;0.6445663622603408;0.0;0.0;0.0;0.0;0.0;-0.25382358310125985
6722.0;0.00018086481007398297;-0.387570536;0.0;0.0;0.0002529666613566919;0.0;0.0;0.6449132827613913;0.0;0.0;0.0;0.0;0.0;-0.2576027597163108
6723.0;0.00018085277502540348;-0.38494479800000003;0.0;0.0;0.0002529665261722682;0.0;0.0;0.6441760274792758;0.0;0.0;0.0;0.0;0.0;-0.25949124169824445
6724.0;0.00017968275079952289;-0.3813754840000001;0.0;0.0;0.0002695937794909162;0.0;0.0;0.6371435336385634;0.0;0.0;0.0;0.0;0.0;-0.25604469053347023
6725.0;0.000179687654020064;-0.382976704;0.0;0.0;0.00026959393886971027;0.0;0.0;0.6418669729567288;0.0;0.0;0.0;0.0;0.0;-0.2591669093685727
6726.0;0.0001796112114661239;-0.38939515999999996;0.0;0.0;0.00026959291361742236;0.0;0.0;0.6552888608983861;0.0;0.0;0.0;0.0;0.0;-0.2661703376557905
6727.0;0.0001750206935091483;-0.40659663;0.0;0.0;0.00035286677368630813;0.0;0.0;0.6657207272580368;0.0;0.0;0.0;0.0;0.0;-0.25948403832022043
6728.0;0.00016473942234740066;-0.429498112;0.0;0.0;0.009079026507598268;0.0;0.0;0.6695065096590533;0.0;0.0;0.0;0.0;0.0;-0.2490955755940474
6729.0;3.7438687841924684e-5;-0.4406748800000001;0.0;0.0;0.049277885285536505;0.0;0.0;0.6384383090247399;0.0;0.0;0.0;0.0;0.0;-0.24704991166929335
6730.0;-9.058195383848501e-5;-0.447757238;0.0;0.0;0.13913872274016642;0.0;0.0;0.6241022477310112;0.0;0.0;0.0;0.0;0.0;-0.3154937278383993
6731.0;-0.00026439575815597805;-0.45498090999999996;0.0;0.0;0.27090574126174183;0.0;0.0;0.6170217045574091;0.0;0.0;0.0;0.0;0.0;-0.43295551345510097
6732.0;-0.00014196878726525653;-0.460281582;0.0;0.0;0.3528938805378781;0.0;0.0;0.6146014198055142;0.0;0.0;0.0;0.0;0.0;-0.5072254712322654
6733.0;-0.00014190619881392406;-0.46043565200000003;0.0;0.0;0.3738172072255144;0.0;0.0;0.6151394053562764;0.0;0.0;0.0;0.0;0.0;-0.5285327032986038
6734.0;-0.00014194833866023476;-0.45641197;0.0;0.0;0.3323863115517977;0.0;0.0;0.617537835688347;0.0;0.0;0.0;0.0;0.0;-0.4935239387639706
6735.0;-0.00029612131199890956;-0.4524046340000001;0.0;0.0;0.25122772064884963;0.0;0.0;0.6167347108447322;0.0;0.0;0.0;0.0;0.0;-0.4155687912928008
6736.0;-9.27501493396944e-5;-0.44554990800000005;0.0;0.0;0.14042218116679495;0.0;0.0;0.6136571989127789;0.0;0.0;0.0;0.0;0.0;-0.30853951166409993
6737.0;3.081797364223128e-5;-0.4428711940000001;0.0;0.0;0.05172527542176602;0.0;0.0;0.6188514941969878;0.0;0.0;0.0;0.0;0.0;-0.22771418888256054
6738.0;0.00015888778326383153;-0.446082398;0.0;0.0;0.012482285938778509;0.0;0.0;0.6314211513051242;0.0;0.0;0.0;0.0;0.0;-0.1978295503316837
6739.0;0.0001734529538982;-0.447207704;0.0;0.0;0.0009935884461039321;0.0;0.0;0.63626010704578;0.0;0.0;0.0;0.0;0.0;-0.1900541700606502
6740.0;0.0001765120593917332;-0.440931314;0.0;0.0;0.000336198724743514;0.0;0.0;0.6188845461786904;0.0;0.0;0.0;0.0;0.0;-0.17829653167816759
6741.0;0.00017832000639308922;-0.42963497000000006;0.0;0.0;0.00030287951830136324;0.0;0.0;0.6066351019620547;0.0;0.0;0.0;0.0;0.0;-0.17731010081632154
6742.0;0.0001782252486985352;-0.41562674400000005;0.0;0.0;0.0003028784508939022;0.0;0.0;0.6042477872906412;0.0;0.0;0.0;0.0;0.0;-0.18893100527039008
6743.0;0.00017816463364427369;-0.404670982;0.0;0.0;0.0003028775093985826;0.0;0.0;0.5996533360451871;0.0;0.0;0.0;0.0;0.0;-0.19529231178637252
6744.0;0.00017810188623922256;-0.39490836000000007;0.0;0.0;0.00030287662776295945;0.0;0.0;0.5974146654920476;0.0;0.0;0.0;0.0;0.0;-0.2028162588363553
6745.0;0.0001777673338120921;-0.35117853000000004;0.0;0.0;0.00027142011993501036;0.0;0.0;0.4814367843648371;0.0;0.0;0.0;0.0;0.0;-0.1305364589672465
6746.0;0.00017747530176283894;-0.34604468400000005;0.0;0.0;0.00027141709396809354;0.0;0.0;0.494195413154647;0.0;0.0;0.0;0.0;0.0;-0.14842891777838937
6747.0;0.00017626328582975514;-0.3471779100000001;0.0;0.0;0.00028807859379491725;0.0;0.0;0.5119846508315915;0.0;0.0;0.0;0.0;0.0;-0.16510158739768313
6748.0;0.00017705883009126478;-0.34893850200000004;0.0;0.0;0.00027141312856128713;0.0;0.0;0.5292941286520596;0.0;0.0;0.0;0.0;0.0;-0.1806337940264216
6749.0;0.00017796747372813488;-0.352250682;0.0;0.0;0.000254755863770314;0.0;0.0;0.5382884035437169;0.0;0.0;0.0;0.0;0.0;-0.18629922434669594
6750.0;0.00017782838690733895;-0.36098714600000004;0.0;0.0;0.00025475467508663015;0.0;0.0;0.5622644196294911;0.0;0.0;0.0;0.0;0.0;-0.2015387692773685
6751.0;0.00017037265274457593;-0.38194954400000003;0.0;0.0;0.00038832502258433324;0.0;0.0;0.5931476658343726;0.0;0.0;0.0;0.0;0.0;-0.21159325714951596
6752.0;0.0001617359120858993;-0.4074598960000001;0.0;0.0;0.007546474882299793;0.0;0.0;0.6133110000183073;0.0;0.0;0.0;0.0;0.0;-0.21340537427654369
6753.0;5.1700475734915935e-5;-0.421239648;0.0;0.0;0.0408480818692315;0.0;0.0;0.6239453675950172;0.0;0.0;0.0;0.0;0.0;-0.24356201932956054
6754.0;-7.699154538097974e-5;-0.42845123;0.0;0.0;0.11926101072588355;0.0;0.0;0.6200468309370047;0.0;0.0;0.0;0.0;0.0;-0.3108662676506937
6755.0;-0.00011622116629233446;-0.432536442;0.0;0.0;0.22429382390491728;0.0;0.0;0.616744975487552;0.0;0.0;0.0;0.0;0.0;-0.40851669416661174
6756.0;-0.00028069027327143846;-0.4372562100000001;0.0;0.0;0.31107461010093185;0.0;0.0;0.6223256168071637;0.0;0.0;0.0;0.0;0.0;-0.4961541004296312
6757.0;-4.79250417636514e-5;-0.4363549120000001;0.0;0.0;0.36585802666375733;0.0;0.0;0.6294716360742882;0.0;0.0;0.0;0.0;0.0;-0.5589799427329764
6758.0;-7.193186037167438e-5;-0.43178013400000004;0.0;0.0;0.35502723092935323;0.0;0.0;0.6363552457412441;0.0;0.0;0.0;0.0;0.0;-0.5596078092726001
6759.0;-0.00025959187944318103;-0.426781318;0.0;0.0;0.2987363472718585;0.0;0.0;0.6387274099786716;0.0;0.0;0.0;0.0;0.0;-0.5106916878241133
6760.0;-0.00011879598310549552;-0.41900312400000006;0.0;0.0;0.20754161300360766;0.0;0.0;0.6213418584473314;0.0;0.0;0.0;0.0;0.0;-0.40989409789440684
6761.0;-6.720562161315383e-5;-0.41403523400000003;0.0;0.0;0.10736786155020818;0.0;0.0;0.6130769002751915;0.0;0.0;0.0;0.0;0.0;-0.3064188665589155
6762.0;7.53081135888232e-5;-0.412920188;0.0;0.0;0.033625434885537674;0.0;0.0;0.5971022444231258;0.0;0.0;0.0;0.0;0.0;-0.2178157431681738
6763.0;0.00018174546138531765;-0.41418143800000007;0.0;0.0;0.003907433681642026;0.0;0.0;0.6061316397193205;0.0;0.0;0.0;0.0;0.0;-0.19586523867125732
6764.0;0.000172338592477042;-0.41034749;0.0;0.0;0.0009287234815563937;0.0;0.0;0.6094504682279575;0.0;0.0;0.0;0.0;0.0;-0.20003958806680705
6765.0;0.0001649120904190392;-0.40100503200000004;0.0;0.0;0.0005060126244804295;0.0;0.0;0.6240306131577843;0.0;0.0;0.0;0.0;0.0;-0.22353858074356533
6766.0;0.0001694082348521951;-0.38839840800000003;0.0;0.0;0.00040508747070450607;0.0;0.0;0.6429911711691831;0.0;0.0;0.0;0.0;0.0;-0.25500466291756246
6767.0;0.00017693309890209164;-0.376786558;0.0;0.0;0.00027141179406521185;0.0;0.0;0.6362055520499165;0.0;0.0;0.0;0.0;0.0;-0.2596971392712029
6768.0;0.00017595123589350052;-0.365702742;0.0;0.0;0.0002880753323477272;0.0;0.0;0.6362906538029605;0.0;0.0;0.0;0.0;0.0;-0.27088272523310575
6769.0;50.01083183220172;-0.334600872;0.03980000979698446;6.291913791573076e-14;0.009349830793984918;0.0;8.215018020390886e-11;0.33131429963544257;3.328606500334853e-14;0.0;0.0;0.0;0.0;-0.04558354240046664
6770.0;50.01082069911499;-0.327653422;0.03997288734613662;6.291913946596982e-14;0.007294924527333315;0.0;8.705803857886365e-11;0.32502959224246014;3.3286066606267845e-14;0.0;0.0;0.0;0.0;-0.044369013741300846
6771.0;50.01081468524651;-0.325508334;0.03998927949681918;6.291914081689632e-14;0.005548253050356488;0.0;8.557081816432583e-11;0.3196222934707562;3.328606800310206e-14;0.0;0.0;0.0;0.0;-0.03938058341468453
6772.0;50.010810704832224;-0.325149242;0.04010997123905732;6.291914226876308e-14;0.003681710251767035;0.0;8.803725213029799e-11;0.31367426799904347;3.328606950430724e-14;0.0;0.0;0.0;0.0;-0.032050225294049293
6773.0;50.01088732444836;-0.3271367780000001;0.039969863179911656;6.291914346598585e-14;0.0015754286443621915;0.0;8.617114351494171e-11;0.3186224557395319;3.328607074221453e-14;0.0;0.0;0.0;0.0;-0.03276090937913919
6774.0;50.010923982548476;-0.335722122;0.03986944420001624;6.291914355674146e-14;0.001352816227267858;0.0;8.317798399885186e-11;0.32142812844921287;3.328607083605187e-14;0.0;0.0;0.0;0.0;-0.026656038254435462
6775.0;50.0105714300801;-0.3546592340000001;0.04007570022375134;6.291913152571206e-14;0.01998398184369563;0.0;7.936294008194143e-11;0.3194080425283511;3.328605839617957e-14;0.0;0.0;0.0;0.0;-0.024536898856247907
6776.0;50.00833608533451;-0.37676337;0.0414333990144338;6.291905494572596e-14;0.13754184293157656;0.0;7.669733145941487e-11;0.315500505960239;3.3285979213685355e-14;0.0;0.0;0.0;0.0;-0.11743895157941134
6777.0;50.00315968259243;-0.396408466;0.043781500459361605;6.291887537770656e-14;0.4139269658608106;0.0;7.159624432127015e-11;0.3032065548027338;3.3285793542234634e-14;0.0;0.0;0.0;0.0;-0.3642301328827646
6778.0;49.9975573620722;-0.408108216;0.045375356672453925;6.291868517166787e-14;0.7073678276746566;0.0;6.805456222098432e-11;0.27647614119475267;3.3285596869728476e-14;0.0;0.0;0.0;0.0;-0.6208416405824838
6779.0;-0.007869229554954392;-0.41229602000000004;0.0;0.0;0.9338254539335955;0.0;0.0;0.23827261984245704;0.0;0.0;0.0;0.0;0.0;-0.7595810867314237
6780.0;-0.007869148045475428;-0.416062368;0.0;0.0;0.9560353425757644;0.0;0.0;0.21982907549448266;0.0;0.0;0.0;0.0;0.0;-0.7595810867314187
6781.0;-0.00786909867880052;-0.419611612;0.0;0.0;0.9475232880277182;0.0;0.0;0.23189037958510508;0.0;0.0;0.0;0.0;0.0;-0.7595810867314229
6782.0;-0.00786917125648794;-0.418355476;0.0;0.0;0.9330957357599774;0.0;0.0;0.24506178780286372;0.0;0.0;0.0;0.0;0.0;-0.7595810867314227
6783.0;-0.007869287568103173;-0.410833092;0.0;0.0;0.9185465617858408;0.0;0.0;0.252088571164939;0.0;0.0;0.0;0.0;0.0;-0.7595810867314188
6784.0;-0.007869345725593804;-0.40063280600000006;0.0;0.0;0.8829905156387431;0.0;0.0;0.27744433091092024;0.0;0.0;0.0;0.0;0.0;-0.7595810867314191
6785.0;49.9994610686423;-0.38899941400000004;0.04430352233326553;6.291873649284175e-14;0.6260448446863054;0.0;6.509125640145027e-11;0.3282943759833561;3.3285649935826926e-14;0.0;0.0;0.0;0.0;-0.6093390043429895
6786.0;50.004762226798945;-0.381350582;0.04295987603261924;6.291893184868801e-14;0.32722697264540024;0.0;6.269114453078278e-11;0.3044104429194531;3.328585193278402e-14;0.0;0.0;0.0;0.0;-0.29297323352761173
6787.0;50.00891211850831;-0.377320826;0.041140143129104585;6.291908386395452e-14;0.0948853769971458;0.0;6.771431034835588e-11;0.28644393365653176;3.3286009114706265e-14;0.0;0.0;0.0;0.0;-0.044898493849001075
6788.0;642.4327641962102;-0.38098244600000003;0.05063978439157919;9.143312661695628e-14;0.019042147252836632;1.2151979815625032e-15;9.987460491510617e-11;0.29034126779983466;4.8097855148362174e-14;0.0;8.61408623057341e-14;1.3540481393900253e-12;1.6224633790113488e-14;-3.769638045933585e-8
6789.0;676.4683679887825;-0.37596164;0.05063978439162872;9.386994171271438e-14;0.0096409449478679;1.2410886072999193e-15;8.229970082859543e-11;0.29854403685539516;4.8597262471680424e-14;0.0;1.0324891128628953e-13;1.3805631550917068e-12;1.7307101498793105e-14;-3.572114094453704e-8
6790.0;531.5933582083297;-0.36619700800000005;0.05063978439136872;8.42842522658603e-14;0.010017677635513122;1.137659291169905e-15;7.029635473294541e-11;0.3005845257589737;4.625191365196858e-14;0.0;5.589285767481165e-14;1.2734961271838153e-12;1.3472531689830258e-14;-4.6011603835640756e-8
6791.0;368.2802641998664;-0.354759042;0.05063978439079151;7.557855235358404e-14;0.010017677635318576;1.0399131716768305e-15;5.786418866041191e-11;0.30224752490686213;4.281062127990974e-14;0.0;3.684410504977226e-14;1.169699220700959e-12;1.078020946171977e-14;-6.822025539444049e-8
6792.0;214.5930767313746;-0.3432233860000001;0.0506397843891993;6.887921975693786e-14;0.009795061383360223;9.620817299636924e-16;4.0321096218755444e-11;0.3045838860283095;3.8637535709089065e-14;0.0;2.7896311419021255e-14;1.08545802659654e-12;9.07366043864953e-15;-1.259194879827317e-7
6793.0;0.00013354588448056818;-0.24958963400000006;0.0;0.0;0.00713412063874447;0.0;0.0;0.25345704555133963;0.0;0.0;0.0;0.0;0.0;-0.011007839986278623
6794.0;0.0001693844026897268;-0.246226462;0.0;0.0;0.003957402963786558;0.0;0.0;0.24866572796729028;0.0;0.0;0.0;0.0;0.0;-0.006403705769245051
6795.0;0.00024394213648183625;-0.243296224;0.0;0.0;0.002184975121936667;0.0;0.0;0.2435167658719347;0.0;0.0;0.0;0.0;0.0;-0.0024171166316620594
6796.0;48.83969768944763;-0.240441906;0.0;3.934383056197405e-14;0.0008219632705594379;0.0;4.8197101593164754e-11;0.23753339770521364;3.4040663964339606e-14;0.0;0.0;0.0;0.0;-2.9737407551047577e-7
6797.0;0.00020045931291257056;-0.24099773800000002;0.0;0.0;0.0006574597544111332;0.0;0.0;0.24197294872062425;0.0;0.0;0.0;0.0;0.0;-0.001646940865820192
6798.0;0.00013397629308515338;-0.24283248600000004;0.0;0.0;0.01792890370397629;0.0;0.0;0.2301300121804676;0.0;0.0;0.0;0.0;0.0;-0.005234856318919491
6799.0;-8.119195026465161e-5;-0.24874316199999996;0.0;0.0;0.08931042615276563;0.0;0.0;0.19266789731106668;0.0;0.0;0.0;0.0;0.0;-0.033239941102570905
6800.0;-0.00011800340620243352;-0.262486898;0.0;0.0;0.2727381028400119;0.0;0.0;0.18789153525819488;0.0;0.0;0.0;0.0;0.0;-0.19815037047973574
6801.0;-0.00011629382760943695;-0.27983499200000006;0.0;0.0;0.5080412864230844;0.0;0.0;0.19088367577743715;0.0;0.0;0.0;0.0;0.0;-0.41909747522768076
6802.0;-0.00011575247602362641;-0.29437429;0.0;0.0;0.7037533054453465;0.0;0.0;0.19406605820368797;0.0;0.0;0.0;0.0;0.0;-0.6034524982617396
6803.0;-0.00011418471566567599;-0.304269608;0.0;0.0;0.7981381834992285;0.0;0.0;0.20816258291857007;0.0;0.0;0.0;0.0;0.0;-0.7020383763675859
6804.0;-0.00011361269909504991;-0.309147238;0.0;0.0;0.8365443451557587;0.0;0.0;0.18499088051177556;0.0;0.0;0.0;0.0;0.0;-0.7123951357423751
6805.0;-0.00011233260655947393;-0.30951712600000003;0.0;0.0;0.8488535316862887;0.0;0.0;0.1862377969959711;0.0;0.0;0.0;0.0;0.0;-0.7255812016234438
6806.0;-0.00011213628780106419;-0.30815140600000007;0.0;0.0;0.8360592157816611;0.0;0.0;0.1989876786353389;0.0;0.0;0.0;0.0;0.0;-0.726902465953003
6807.0;-0.0001124545364367752;-0.30537445;0.0;0.0;0.8155660647327247;0.0;0.0;0.21438676929170994;0.0;0.0;0.0;0.0;0.0;-0.7245853984662666
6808.0;-0.00011376568728999393;-0.301419326;0.0;0.0;0.7193544160246206;0.0;0.0;0.2920221137431272;0.0;0.0;0.0;0.0;0.0;-0.7099643710880288
6809.0;-0.0001159504789255353;-0.295543012;0.0;0.0;0.559694125102971;0.0;0.0;0.29626647609979984;0.0;0.0;0.0;0.0;0.0;-0.5604250435713876
6810.0;-0.00011644486367268354;-0.2923811780000001;0.0;0.0;0.3746023158170193;0.0;0.0;0.30670836166100374;0.0;0.0;0.0;0.0;0.0;-0.3889370205176742
6811.0;-0.00015844131730241746;-0.28460723800000004;0.0;0.0;0.18035810567824107;0.0;0.0;0.2985309926784789;0.0;0.0;0.0;0.0;0.0;-0.19428924903885206
6812.0;-0.00011850673054800593;-0.284094878;0.0;0.0;0.04588536590462307;0.0;0.0;0.29310667584764294;0.0;0.0;0.0;0.0;0.0;-0.0549049951897122
6813.0;-0.0001228417309048514;-0.282888078;0.0;0.0;0.010937071136836372;0.0;0.0;0.2914722436268624;0.0;0.0;0.0;0.0;0.0;-0.01952970385367071
6814.0;-0.0001316803251510803;-0.280676886;0.0;0.0;0.010865271803082808;0.0;0.0;0.27822089173784453;0.0;0.0;0.0;0.0;0.0;-0.008419096102145373
6815.0;-0.00012094092971520454;-0.27642351400000004;0.0;0.0;0.011023577143201237;0.0;0.0;0.2916577506446917;0.0;0.0;0.0;0.0;0.0;-0.026266030096943692
6816.0;-0.00011292825505690298;-0.26960611600000006;0.0;0.0;0.01134184950836164;0.0;0.0;0.29156368309477837;0.0;0.0;0.0;0.0;0.0;-0.033307501560213636
6817.0;55.89766866469172;-0.271703146;0.050639784335223176;3.6547295352199706e-14;0.010754020451686774;0.0;7.031375245491282e-12;0.24628709775565677;3.459705024986326e-14;0.0;0.0;6.464976584043149e-13;0.0;-2.423966175807705e-7
6818.0;49.97456367801247;-0.26559108600000003;0.011964752505427171;3.644092487160921e-14;0.009469702117555597;0.0;6.960984056702837e-12;0.24483834955006362;3.427443333549595e-14;0.0;0.0;0.0;0.0;-2.6920484313226207e-7
6819.0;50.00733556606166;-0.26260803200000005;0.010020108867722947;3.644169659152551e-14;0.007945643057675271;0.0;1.016108157231496e-11;0.2449403738083523;3.4276786194557426e-14;0.0;0.0;0.0;0.0;-2.689883880287591e-7
6820.0;50.007327911399436;-0.26424369600000003;0.011700305983588559;3.644169626084512e-14;0.007003812296929905;0.0;1.811200106591116e-11;0.24583818915020697;3.427678518639955e-14;0.0;0.0;0.0;0.0;-2.689884807026524e-7
6821.0;50.007039763557465;-0.27035231600000004;0.01172581485748745;3.644169037746727e-14;0.014281610437200854;0.0;2.054448508761082e-11;0.24464450345931654;3.4276767249526765e-14;0.0;0.0;0.0;0.0;-2.6899012954607475e-7
6822.0;-0.00014604726568655466;-0.28591214200000004;0.0;0.0;0.0632233021040264;0.0;0.0;0.22642470492996172;0.0;0.0;0.0;0.0;0.0;-0.003747214154960238
6823.0;-0.00011645711112570582;-0.30105992600000003;0.0;0.0;0.2062082753824377;0.0;0.0;0.11767374951252421;0.0;0.0;0.0;0.0;0.0;-0.022829118664733885
6824.0;-0.0001115655619774567;-0.32714532600000007;0.0;0.0;0.47818963224398375;0.0;0.0;0.11174169709581992;0.0;0.0;0.0;0.0;0.0;-0.26279230543125
6825.0;-0.00011103429680714942;-0.3451995520000001;0.0;0.0;0.7740717773533068;0.0;0.0;0.11819343467029561;0.0;0.0;0.0;0.0;0.0;-0.547071879753523
6826.0;-0.0001095358657230025;-0.36046949400000006;0.0;0.0;0.9463291782278269;0.0;0.0;0.11187272133623113;0.0;0.0;0.0;0.0;0.0;-0.6977384218958592
6827.0;-0.00010959291704100488;-0.37196908600000006;0.0;0.0;0.9452854694118223;0.0;0.0;0.12303082308928794;0.0;0.0;0.0;0.0;0.0;-0.6963532288394223
6828.0;-0.00010963996409580552;-0.374340462;0.0;0.0;0.9359872100457204;0.0;0.0;0.1334737986625835;0.0;0.0;0.0;0.0;0.0;-0.6951265741941749
6829.0;-0.00010964517846486787;-0.37222312399999996;0.0;0.0;0.9263859153040661;0.0;0.0;0.14081603079275132;0.0;0.0;0.0;0.0;0.0;-0.694984850166326
6830.0;-0.00010964959580531262;-0.37089547;0.0;0.0;0.9089943934816244;0.0;0.0;0.1567563523040048;0.0;0.0;0.0;0.0;0.0;-0.694861304362563
6831.0;-0.00010974901166488192;-0.36665231000000004;0.0;0.0;0.8866980170217502;0.0;0.0;0.17195905742856712;0.0;0.0;0.0;0.0;0.0;-0.6920108042510985
6832.0;-0.00010989472883261259;-0.359503534;0.0;0.0;0.8580561935821233;0.0;0.0;0.18865659499781712;0.0;0.0;0.0;0.0;0.0;-0.6872153113565523
6833.0;-0.00011091789921599901;-0.350125884;0.0;0.0;0.712122872241487;0.0;0.0;0.22578552051527898;0.0;0.0;0.0;0.0;0.0;-0.5877887077830668
6834.0;-0.00011139307106720642;-0.34175720600000004;0.0;0.0;0.5027805774474075;0.0;0.0;0.22743472226736483;0.0;0.0;0.0;0.0;0.0;-0.38846436374210214
6835.0;-0.00011200885359381906;-0.33015001400000005;0.0;0.0;0.2790795805089061;0.0;0.0;0.22619129600029364;0.0;0.0;0.0;0.0;0.0;-0.1751272157845525
6836.0;-3.8682676666613536e-5;-0.316164644;0.0;0.0;0.11038108293252397;0.0;0.0;0.2082547541765619;0.0;0.0;0.0;0.0;0.0;-0.002479355642451555
6837.0;0.00013431430728800249;-0.30705532799999996;0.0;0.0;0.028271250864415256;0.0;0.0;0.2807727203357246;0.0;0.0;0.0;0.0;0.0;-0.002000183824334052
6838.0;0.00014863937133876337;-0.303091196;0.0;0.0;0.01079658347137176;0.0;0.0;0.2959790322595872;0.0;0.0;0.0;0.0;0.0;-0.0036924560101480345
6839.0;0.00012382834384393296;-0.293851136;0.0;0.0;0.010487907414431638;0.0;0.0;0.28919636590254144;0.0;0.0;0.0;0.0;0.0;-0.00583973715074909
6840.0;0.0001289445355314752;-0.27562304000000004;0.0;0.0;0.010009140669653738;0.0;0.0;0.27095051727750175;0.0;0.0;0.0;0.0;0.0;-0.005343380670398108
6841.0;593.3469814366548;-0.270291646;0.0506397843917843;6.264253971259755e-14;0.00907584304051698;8.522666568602923e-16;2.0020286371368445e-11;0.20565074597189123;5.054324942557735e-14;0.0;4.937905985732092e-14;1.0349665412798826e-12;1.057594863113708e-14;-3.0758843710628486e-8
6842.0;603.9859375945382;-0.268057434;0.050639784391797914;6.313777256505775e-14;0.007072308280213614;8.578090776115112e-16;2.1759811836324072e-11;0.20413058265447975;5.0708559974047965e-14;0.0;5.153717439074693e-14;1.0420044912077882e-12;1.0769517649533421e-14;-3.0153185421172656e-8
6843.0;773.3842642736154;-0.265950102;0.050639784391960596;7.221850973968882e-14;0.005582500086628316;9.568002148654133e-16;2.287845110336102e-11;0.19140812774326;5.2901813660757495e-14;0.0;1.6925181400508678e-13;1.1674620118223265e-12;1.5195332572529833e-14;-2.297520396225706e-8
6844.0;823.2512338268049;-0.26398011600000004;0.050639784391994895;7.54084681855386e-14;0.005650996067500706;9.904309634322285e-16;2.138654730379885e-11;0.1861334623762523;5.3420378506603e-14;0.0;5.165287644776088e-13;1.209906769328711e-12;1.7286439385672694e-14;-2.1474295297058414e-8
6845.0;847.8022947024724;-0.26659132;0.05063978439201005;7.706551493506223e-14;0.0067126981498644555;1.007675237679609e-15;2.1787602051529922e-11;0.17445166050631467;5.3656191379553224e-14;0.0;0.035208345063925485;1.2316199225549922e-12;1.8528011979129848e-14;-2.0812632915997137e-8
6846.0;847.8011143781998;-0.27828238400000005;0.05063978439201005;7.706543952498578e-14;0.02782687997864118;1.007674456374199e-15;2.151432114392903e-11;0.1590051541609487;5.3656181105848847e-14;0.0;0.04122031157517794;1.231618939631573e-12;1.8527952714236822e-14;-2.081266147021872e-8
6847.0;99.5845476387118;-0.29718275000000005;0.05063978438473019;4.592803292024958e-14;0.12992155913838968;0.0;1.0761244851957067e-11;0.1428852858416137;3.617398634765755e-14;0.0;1.6789734726971833e-14;7.858367221394846e-13;0.0;-0.02565237412139849
6848.0;99.57749154862054;-0.31797051800000004;0.05063978438472894;4.592783537977327e-14;0.3378611236981074;0.0;9.480073157874851e-12;0.13816155333827765;3.617362100119355e-14;0.0;1.6789556229929226e-14;7.858336478459136e-13;0.0;-0.20801178754523877
6849.0;99.56895638593362;-0.335233814;0.05063978438472744;4.592759686869387e-14;0.5922587319358846;0.0;8.763103778728785e-12;0.1324277769400515;3.617317987188222e-14;0.0;1.6789340714975375e-14;7.858299359287495e-13;0.0;-0.43933298728823056
6850.0;99.56258438128161;-0.34655658600000006;0.050639784384726286;4.592741455695353e-14;0.7914135656871699;0.0;7.677913427776606e-12;0.13817175389518796;3.617284267757171e-14;0.0;1.678917598310628e-14;7.858270986317298e-13;0.0;-0.6328341542954043
6851.0;99.5508656824547;-0.35658268600000004;0.05063978438472516;4.592723653208156e-14;0.9138004576520055;0.0;5.6677698121274404e-12;0.14162018130100296;3.6172513406678074e-14;0.0;1.6789015126593297e-14;7.858243280482741e-13;0.0;-0.7490627512156264
6852.0;31.399257708658908;-0.36231276600000006;0.0;4.429621626380705e-14;0.9665259727251259;0.0;4.347395846495634e-12;0.15116967430294495;3.294873521263099e-14;0.0;0.0;0.0;0.0;-0.7595811865116672
6853.0;-0.00786923768427418;-0.362987414;0.0;0.0;0.9688704541768633;0.0;0.0;0.15391912617595582;0.0;0.0;0.0;0.0;0.0;-0.7595812357294682
6854.0;-0.007869178825176966;-0.36180578799999996;0.0;0.0;0.9591491868023023;0.0;0.0;0.16245877019717958;0.0;0.0;0.0;0.0;0.0;-0.7595812357294683
6855.0;49.95758073236537;-0.35689368600000004;0.026327258348168396;4.4727661109889675e-14;0.890340259239765;0.0;3.66238371679777e-12;0.20077397521148355;3.383909176394608e-14;0.0;0.0;0.0;0.0;-0.7595811267334602
6856.0;99.56529260702347;-0.34974548800000005;0.050639784384726605;4.592746510850935e-14;0.7671142795285244;0.0;4.010166395452174e-12;0.19963130351904793;3.6172936175655885e-14;0.0;1.6789221659907168e-14;7.858278853601085e-13;0.0;-0.6667387024442087
6857.0;99.57161507544426;-0.341092836;0.05063978438472773;4.592764333471175e-14;0.5760420827165363;0.0;3.843003357237042e-12;0.2003454751959838;3.6173265812127e-14;0.0;1.6789382700697704e-14;7.858306590736156e-13;0.0;-0.4850979484816396
6858.0;99.57789219281399;-0.33275166;0.05063978438472885;4.5927820711764785e-14;0.38454178362767105;0.0;3.936967821710999e-12;0.19985575501836364;3.617359387279885e-14;0.0;1.6789542976046684e-14;7.858334195697072e-13;0.0;-0.30151461340832775
6859.0;99.58405956204396;-0.322404752;0.05063978438472996;4.5927996821670824e-14;0.19266474801665676;0.0;3.749320836216625e-12;0.19506060553422586;3.617391958467116e-14;0.0;1.678970210822413e-14;7.858361603428144e-13;0.0;-0.11526055842155555
6860.0;689.1490484589413;-0.31286233199999997;0.05063978439189044;6.739690624995065e-14;0.06260619691630795;9.048528337068132e-16;3.666489047190093e-12;0.19166319025789277;5.1904417018294295e-14;0.0;7.9221301864425e-14;1.1016985867220641e-12;1.2615754428007246e-14;-2.605788750671117e-8
6861.0;847.8030193061439;-0.309180136;0.05063978439201005;7.706553336145873e-14;0.01698723906914723;1.0076754285909152e-15;4.173139039328657e-12;0.20710969660326933;5.365619388991875e-14;0.0;0.03490802323493748;1.2316201627316393e-12;1.8528026460500052e-14;-2.0812625938814524e-8
6862.0;847.8033806707255;-0.303081596;0.05063978439201005;7.706555476087805e-14;0.01176434719552787;1.007675650304602e-15;4.39026429026774e-12;0.21325157003464826;5.365619680532005e-14;0.0;0.027896172256171296;1.2316204416592166e-12;1.8528043278400225e-14;-2.0812617835902682e-8
6863.0;847.8195490446159;-0.29270826800000005;0.050639784392010063;7.706720517302013e-14;0.011370490033272654;1.0076927497347667e-15;3.639677308624719e-12;0.2122313255828478;5.365642164346501e-14;0.0;0.018434884570488676;1.2316419536259378e-12;1.8529340408833882e-14;-2.0811992938258418e-8
6864.0;718.1205372889541;-0.282023862;0.05063978439191652;6.897811531407945e-14;0.011353367475926242;9.22039190898864e-16;3.0799881572607768e-12;0.2133637967187569;5.226559360882941e-14;0.0;9.69189956483084e-14;1.1234781186023934e-12;1.3396445022961988e-14;-2.4909809592672505e-8
6865.0;0.00014264197954675024;-0.315608148;0.0;0.0;0.0035138938222990155;0.0;0.0;0.43295545265423147;0.0;0.0;0.0;0.0;0.0;-0.12086728759721446
6866.0;0.00015496282737539034;-0.3127452640000001;0.0;0.0;0.0017583764127364777;0.0;0.0;0.42525656313635224;0.0;0.0;0.0;0.0;0.0;-0.1142765486598301
6867.0;0.0001327160962241612;-0.31010158400000004;0.0;0.0;0.0008603485948615071;0.0;0.0;0.42173215249155344;0.0;0.0;0.0;0.0;0.0;-0.11249713507932618
6868.0;0.00013247424205293753;-0.30957948;0.0;0.0;0.0008434379857074558;0.0;0.0;0.41431234519618715;0.0;0.0;0.0;0.0;0.0;-0.10558248886099861
6869.0;0.00013352641065467557;-0.31783622600000005;0.0;0.0;0.0008603618871628996;0.0;0.0;0.40705635785338684;0.0;0.0;0.0;0.0;0.0;-0.090086741506233
6870.0;0.0001531068281626051;-0.33634081400000004;0.0;0.0;0.0020816958517642595;0.0;0.0;0.3940841359239537;0.0;0.0;0.0;0.0;0.0;-0.059831817587063144
6871.0;9.584280211245745e-5;-0.354816734;0.0;0.0;0.020068386359445464;0.0;0.0;0.3805746285541641;0.0;0.0;0.0;0.0;0.0;-0.045833460439500186
6872.0;-9.478294306452164e-5;-0.368501998;0.0;0.0;0.1398786776503988;0.0;0.0;0.3843061868094918;0.0;0.0;0.0;0.0;0.0;-0.15569166415021862
6873.0;0.00012171727281358062;-0.3811643560000001;0.0;0.0;0.41152718840287156;0.0;7.816444773964547e-11;0.37035216039223173;0.0;0.0;0.0;0.0;0.0;-0.40074091540791196
6874.0;-0.00012235635741864937;-0.39177411;0.0;0.0;0.7059614249496514;0.0;0.0;0.37492412389149976;0.0;0.0;0.0;0.0;0.0;-0.6891202587987877
6875.0;-0.00011688832269523307;-0.400130258;0.0;0.0;0.8189531721575546;0.0;0.0;0.31805487283160394;0.0;0.0;0.0;0.0;0.0;-0.7368860558229069
6876.0;-0.00011687073174358091;-0.40478879400000006;0.0;0.0;0.8106989552731131;0.0;0.0;0.33101556164963836;0.0;0.0;0.0;0.0;0.0;-0.7369339901381499
6877.0;-0.00011856505753111433;-0.400856;0.0;0.0;0.7946591213759393;0.0;0.0;0.336709397971566;0.0;0.0;0.0;0.0;0.0;-0.7305209539778172
6878.0;-0.00011939930234824276;-0.40099343600000004;0.0;0.0;0.7773718359335856;0.0;0.0;0.34908251091666825;0.0;0.0;0.0;0.0;0.0;-0.7254694340352196
6879.0;-0.00011959307757467854;-0.395997782;0.0;0.0;0.783718508838777;0.0;0.0;0.33626586884318715;0.0;0.0;0.0;0.0;0.0;-0.7239951401133207
6880.0;-0.00015004818186033756;-0.38680911000000007;0.0;0.0;0.6611083041738269;0.0;0.0;0.37525157055202113;0.0;0.0;0.0;0.0;0.0;-0.6495601104825116
6881.0;0.0003588628292288975;-0.37566667000000004;0.0;0.0;0.4093369308638177;0.0;1.0234213715349377e-10;0.34689233095457955;0.0;0.0;0.0;0.0;0.0;-0.38057161724990046
6882.0;-0.00011435006840204408;-0.36304176600000004;0.0;0.0;0.16787423402189783;0.0;0.0;0.32098677337507026;0.0;0.0;0.0;0.0;0.0;-0.12582877774831594
6883.0;0.0001419433286031763;-0.36243512;0.0;0.0;0.036076803542339206;0.0;0.0;0.3277779001523217;0.0;0.0;0.0;0.0;0.0;-0.0014359754245037199
6884.0;0.00025737211101019714;-0.36136697;0.0;0.0;0.009019438212408096;0.0;0.0;0.3537246173525821;0.0;0.0;0.0;0.0;0.0;-0.0013939471208333763
6885.0;0.00015292882846814157;-0.353359808;0.0;0.0;0.006007441895739079;0.0;0.0;0.35871805634856296;0.0;0.0;0.0;0.0;0.0;-0.011372916687732932
6886.0;0.00014201696516391663;-0.34095534400000005;0.0;0.0;0.005050312690760412;0.0;0.0;0.367899070322422;0.0;0.0;0.0;0.0;0.0;-0.03200050672679928
6887.0;0.0001466929344356813;-0.32948735599999995;0.0;0.0;0.0033433906118569734;0.0;0.0;0.37770519489393445;0.0;0.0;0.0;0.0;0.0;-0.05156746597351898
6888.0;0.0001572089838617429;-0.31948143400000006;0.0;0.0;0.001741425878206002;0.0;0.0;0.3826768466786159;0.0;0.0;0.0;0.0;0.0;-0.06494380170949203
6889.0;0.00019744610554377797;-0.29831956200000004;0.0;0.0;0.0002683736730378226;0.0;0.0;0.38857091848161096;0.0;0.0;0.0;0.0;0.0;-0.09052766447047716
6890.0;0.0001933064189832747;-0.22884615600000002;0.0;0.0;0.00031824885006134074;0.0;0.0;0.3508410292963083;0.0;0.0;0.0;0.0;0.0;-0.12232100568991394
6891.0;0.00019657652633211874;-0.228471948;0.0;0.0;0.0002683653700018213;0.0;0.0;0.35324387922267164;0.0;0.0;0.0;0.0;0.0;-0.12504817211062375
6892.0;0.0001977668626680109;-0.28609682200000003;0.0;0.0;0.0002683769328587942;0.0;0.0;0.3679726741919185;0.0;0.0;0.0;0.0;0.0;-0.08215218522596651
6893.0;0.00019790796047868122;-0.28430488;0.0;0.0;0.00026837823540407205;0.0;0.0;0.36288376305581205;0.0;0.0;0.0;0.0;0.0;-0.07885522711564909
6894.0;0.00019388537554843212;-0.28589521799999995;0.0;0.0;0.0003349134906743794;0.0;0.0;0.36219881307265006;0.0;0.0;0.0;0.0;0.0;-0.07664648916277429
6895.0;0.00022037265964889793;-0.2908110380000001;0.0;0.0;0.001804299348556703;0.0;0.0;0.3736347103296937;0.0;0.0;0.0;0.0;0.0;-0.08463795133492148
6896.0;0.000140191934350227;-0.29861106200000004;0.0;0.0;0.024471526267529367;0.0;0.0;0.38230843502559875;0.0;0.0;0.0;0.0;0.0;-0.10817871267853557
6897.0;-0.00016053283364556335;-0.310620076;0.0;0.0;0.1625273430635564;0.0;0.0;0.38905546276423336;0.0;0.0;0.0;0.0;0.0;-0.2409755840461871
6898.0;0.00026307846814037264;-0.326073444;0.0;0.0;0.36720176128115584;0.0;0.0;0.3991142387722485;0.0;0.0;0.0;0.0;0.0;-0.44026318728641856
6899.0;-0.00018901345276568004;-0.33617561999999995;0.0;0.0;0.550917081982576;0.0;0.0;0.40158965431704846;0.0;0.0;0.0;0.0;0.0;-0.6163445013258507
6900.0;-0.00014740933856294164;-0.34192001200000005;0.0;0.0;0.6490259063207079;0.0;0.0;0.3931958804518406;0.0;0.0;0.0;0.0;0.0;-0.7003144069774155
6901.0;-0.00014525274779255453;-0.347485888;0.0;0.0;0.6720169607694587;0.0;0.0;0.3917427641213635;0.0;0.0;0.0;0.0;0.0;-0.7162862848868924
6902.0;-0.0003018592566973418;-0.34587444800000006;0.0;0.0;0.5947907888818114;0.0;0.0;0.43919736188826736;0.0;0.0;0.0;0.0;0.0;-0.6881279085040531
6903.0;0.00022163543859507907;-0.34037314999999996;0.0;0.0;0.45999422947845836;0.0;9.864024422324467e-11;0.46382930488694596;0.0;0.0;0.0;0.0;0.0;-0.5834794494729351
6904.0;-0.0003043691900722139;-0.331316846;0.0;0.0;0.2699266085262656;0.0;0.0;0.4568662789696973;0.0;0.0;0.0;0.0;0.0;-0.39548687578990716
6905.0;-2.4754587872817145e-5;-0.33506635400000007;0.0;0.0;0.08130959409840305;0.0;0.0;0.4910132358223726;0.0;0.0;0.0;0.0;0.0;-0.2372662151264991
6906.0;0.00017178256665090918;-0.351821838;0.0;0.0;0.013691588295949101;0.0;0.0;0.5287950201692664;0.0;0.0;0.0;0.0;0.0;-0.19067415384212755
6907.0;0.00018010483080216897;-0.353271316;0.0;0.0;0.0005523343147421192;0.0;0.0;0.5635606888110223;0.0;0.0;0.0;0.0;0.0;-0.21084967876473099
6908.0;0.0001903253996563026;-0.35019871999999996;0.0;0.0;0.0003515372048200459;0.0;0.0;0.5615719816112631;0.0;0.0;0.0;0.0;0.0;-0.21173262396473766
6909.0;0.0001920875238608811;-0.34390434400000003;0.0;0.0;0.0003182323423539428;0.0;0.0;0.5601655061194516;0.0;0.0;0.0;0.0;0.0;-0.21658720459756092
6910.0;0.00019417713588156882;-0.33597922799999996;0.0;0.0;0.00028497007871958234;0.0;0.0;0.5561103894515471;0.0;0.0;0.0;0.0;0.0;-0.22042393220459133
6911.0;0.000194203391747108;-0.329943486;0.0;0.0;0.00028497024946186214;0.0;0.0;0.5455565298529085;0.0;0.0;0.0;0.0;0.0;-0.21590581668417044
6912.0;0.0001930719580409973;-0.32237034800000003;0.0;0.0;0.0003015971695492179;0.0;0.0;0.5388501219079277;0.0;0.0;0.0;0.0;0.0;-0.21678917662311523
6913.0;0.00023257667287877298;-0.3934316900000001;0.0;0.0;0.0002724274085932798;0.0;0.0;0.6511965651166267;0.0;0.0;0.0;0.0;0.0;-0.2580473441223011
6914.0;0.00023417393802611927;-0.38996235200000007;0.0;0.0;0.00025560701009854747;0.0;0.0;0.6515545365998184;0.0;0.0;0.0;0.0;0.0;-0.26185782011202163
6915.0;0.00023415017828723334;-0.3873210110000001;0.0;0.0;0.00025560663881326435;0.0;0.0;0.6508645680420823;0.0;0.0;0.0;0.0;0.0;-0.2638091918538737
6916.0;0.00023253712074778094;-0.38373253800000007;0.0;0.0;0.00027242698734574074;0.0;0.0;0.6446808623261038;0.0;0.0;0.0;0.0;0.0;-0.2612307908589649
6917.0;0.000232504243782807;-0.385344328;0.0;0.0;0.00027242659917604015;0.0;0.0;0.6490528139182079;0.0;0.0;0.0;0.0;0.0;-0.2639909505367331
6918.0;0.00023244044457008364;-0.39179812;0.0;0.0;0.000272425377343348;0.0;0.0;0.660823900900234;0.0;0.0;0.0;0.0;0.0;-0.26930824496781425
6919.0;0.00022625464960294853;-0.40911253500000005;0.0;0.0;0.00035670217740308194;0.0;0.0;0.6703670968807933;0.0;0.0;0.0;0.0;0.0;-0.2616213637282974
6920.0;0.00022022165451354337;-0.43219448400000005;0.0;0.0;0.009203613965744371;0.0;0.0;0.6731307099994365;0.0;0.0;0.0;0.0;0.0;-0.2501502723916822
6921.0;7.735904171866242e-5;-0.4434926600000001;0.0;0.0;0.04996167096461227;0.0;0.0;0.6425792929124999;0.0;0.0;0.0;0.0;0.0;-0.24905905301295714
6922.0;-6.402326704817241e-5;-0.450613091;0.0;0.0;0.14107316104854928;0.0;0.0;0.6221024585908176;0.0;0.0;0.0;0.0;0.0;-0.31257473093343585
6923.0;-0.0001224035115010403;-0.45784149500000004;0.0;0.0;0.27467122270618677;0.0;0.0;0.6044487433353462;0.0;0.0;0.0;0.0;0.0;-0.4212927452372055
6924.0;4.7628034950388096e-5;-0.46315389900000004;0.0;0.0;0.34873593459594104;0.0;0.0;0.5995852736350238;0.0;0.0;0.0;0.0;0.0;-0.4851805132002561
6925.0;4.762421862914147e-5;-0.4632935140000001;0.0;0.0;0.3671886181116585;0.0;0.0;0.5994841193632631;0.0;0.0;0.0;0.0;0.0;-0.5033924220522744
6926.0;4.7633809904536065e-5;-0.4592321650000001;0.0;0.0;0.3306749220721305;0.0;0.0;0.6026373680738453;0.0;0.0;0.0;0.0;0.0;-0.474093332239665
6927.0;-0.00011732257393254076;-0.45520671300000015;0.0;0.0;0.25471838451048384;0.0;0.0;0.6058692742043474;0.0;0.0;0.0;0.0;0.0;-0.4053949686297441
6928.0;-6.502712053058288e-5;-0.4483234060000001;0.0;0.0;0.1423744586695379;0.0;0.0;0.6125409296285057;0.0;0.0;0.0;0.0;0.0;-0.30660421044285796
6929.0;7.054556561616131e-5;-0.44565213300000006;0.0;0.0;0.052443097625115516;0.0;0.0;0.6247325390896313;0.0;0.0;0.0;0.0;0.0;-0.23153427013997058
6930.0;0.00021160579951356003;-0.4489227110000001;0.0;0.0;0.01265418786568892;0.0;0.0;0.6399343643879047;0.0;0.0;0.0;0.0;0.0;-0.2036765822183649
6931.0;0.00022432862758443983;-0.4500653280000001;0.0;0.0;0.0010061434828711202;0.0;0.0;0.6462642197988485;0.0;0.0;0.0;0.0;0.0;-0.19721602606712807
6932.0;0.0002286391242735193;-0.4437434730000001;0.0;0.0;0.00033983784475548253;0.0;0.0;0.6263836141905418;0.0;0.0;0.0;0.0;0.0;-0.18299008864848598
6933.0;0.0002310171424382767;-0.43234316500000003;0.0;0.0;0.0003061161172585037;0.0;0.0;0.6158831364722971;0.0;0.0;0.0;0.0;0.0;-0.18385617301257273
6934.0;0.00023068857582162557;-0.4182101080000001;0.0;0.0;0.00030611092435818294;0.0;0.0;0.6186446159028887;0.0;0.0;0.0;0.0;0.0;-0.2007506974546169
6935.0;0.00023054720178152535;-0.40716319900000003;0.0;0.0;0.0003061090305709104;0.0;0.0;0.6138341393715241;0.0;0.0;0.0;0.0;0.0;-0.20698712634841027
6936.0;0.00023041814524330808;-0.3973330200000001;0.0;0.0;0.00030610715617449176;0.0;0.0;0.610724945153639;0.0;0.0;0.0;0.0;0.0;-0.213708107361593
6937.0;0.00019160062463876099;-0.3534525850000001;0.0;0.0;0.00027376749380543725;0.0;0.0;0.47941117696611313;0.0;0.0;0.0;0.0;0.0;-0.12624132169756927
6938.0;0.00019098086282470225;-0.3482904380000001;0.0;0.0;0.00027375542319264454;0.0;0.0;0.494682695286124;0.0;0.0;0.0;0.0;0.0;-0.1466749641594734
6939.0;0.00018942834579359743;-0.34945049500000014;0.0;0.0;0.00029059841001934897;0.0;0.0;0.5136575268405198;0.0;0.0;0.0;0.0;0.0;-0.16450658929614684
6940.0;0.0001902659616624782;-0.3512323390000001;0.0;0.0;0.0002737409750979852;0.0;0.0;0.5315272945194477;0.0;0.0;0.0;0.0;0.0;-0.18057763536660307
6941.0;0.0001914090286696134;-0.35457034900000006;0.0;0.0;0.0002568982986840312;0.0;0.0;0.5413103326677173;0.0;0.0;0.0;0.0;0.0;-0.1870058036508317
6942.0;0.00019118817634339276;-0.3633439970000001;0.0;0.0;0.0002568938267833156;0.0;0.0;0.5648672002336266;0.0;0.0;0.0;0.0;0.0;-0.20178901470736768
6943.0;0.0001833790853834019;-0.38444120800000003;0.0;0.0;0.00039203388659479646;0.0;0.0;0.5943074248133742;0.0;0.0;0.0;0.0;0.0;-0.21026726280329544
6944.0;0.00018597322529920605;-0.4101308720000001;0.0;0.0;0.007648553180378165;0.0;0.0;0.613882255471516;0.0;0.0;0.0;0.0;0.0;-0.2114091501003131
6945.0;6.853940007009462e-5;-0.42403183600000016;0.0;0.0;0.04141342165152504;0.0;0.0;0.6251829824348936;0.0;0.0;0.0;0.0;0.0;-0.2425740270835963
6946.0;-6.583226653830509e-5;-0.43129823500000003;0.0;0.0;0.1209177587474636;0.0;0.0;0.6245868952006952;0.0;0.0;0.0;0.0;0.0;-0.3142171746083216
6947.0;-0.00011884985715375691;-0.43538166900000014;0.0;0.0;0.22741482818884887;0.0;0.0;0.6253609181921178;0.0;0.0;0.0;0.0;0.0;-0.4174066916221446
6948.0;-0.0001352205437330056;-0.44010384500000005;0.0;0.0;0.3153980824077819;0.0;0.0;0.6326577845699742;0.0;0.0;0.0;0.0;0.0;-0.5079656699594967
6949.0;-0.00014102618448908226;-0.4391730840000001;0.0;0.0;0.37095359388765986;0.0;0.0;0.6401882877581087;0.0;0.0;0.0;0.0;0.0;-0.5719829203911949
6950.0;-0.00014005825234712156;-0.43455946300000003;0.0;0.0;0.3599708787202254;0.0;0.0;0.646289479816199;0.0;0.0;0.0;0.0;0.0;-0.5717149293223812
6951.0;-0.00013356021459783052;-0.42953315100000006;0.0;0.0;0.3028885371492378;0.0;0.0;0.6461255407041794;0.0;0.0;0.0;0.0;0.0;-0.5194944446387391
6952.0;-0.00011377208388269481;-0.42171451800000004;0.0;0.0;0.21042885356811375;0.0;0.0;0.6263321631842784;0.0;0.0;0.0;0.0;0.0;-0.4150588618930073
6953.0;-5.417639333502196e-5;-0.4167379130000001;0.0;0.0;0.1088589690221937;0.0;0.0;0.6156356196288976;0.0;0.0;0.0;0.0;0.0;-0.3077671850870078
6954.0;9.24474418120078e-5;-0.41566036600000006;0.0;0.0;0.034090306011985885;0.0;0.0;0.5976784524372083;0.0;0.0;0.0;0.0;0.0;-0.21611787448658373
6955.0;0.00020417141366722445;-0.4169469910000001;0.0;0.0;0.003959317260159222;0.0;0.0;0.6053342742069353;0.0;0.0;0.0;0.0;0.0;-0.19235574262347083
6956.0;0.0001862815975741829;-0.4130778050000001;0.0;0.0;0.0009397160048728793;0.0;0.0;0.6077965300610051;0.0;0.0;0.0;0.0;0.0;-0.1956682656270691
6957.0;0.0001788656527214882;-0.4036444240000001;0.0;0.0;0.0005112581537707674;0.0;0.0;0.620164397308387;0.0;0.0;0.0;0.0;0.0;-0.21704035348243664
6958.0;0.0001822568428794488;-0.3909321560000001;0.0;0.0;0.0004089955190632908;0.0;0.0;0.6359670283361134;0.0;0.0;0.0;0.0;0.0;-0.24545287720858378
6959.0;0.00018947727839223205;-0.37923683100000005;0.0;0.0;0.0002737248212911261;0.0;0.0;0.6262687270179578;0.0;0.0;0.0;0.0;0.0;-0.24731453976575296
6960.0;0.0001882899642610515;-0.36807301900000006;0.0;0.0;0.000290574121751334;0.0;0.0;0.6237874733928738;0.0;0.0;0.0;0.0;0.0;-0.25601395978930536
6961.0;50.02403361397708;-0.33669580400000004;0.014369807009377941;6.56959839836513e-14;0.00948065946289026;0.0;8.507731336491396e-11;0.34907123658983197;3.33444134167674e-14;0.0;0.0;0.0;0.0;-0.03624171149056338
6962.0;50.023967081496686;-0.3296977790000001;0.015295958689113048;6.569598222899927e-14;0.007396999664935804;0.0;9.01498166229404e-11;0.3424496975144347;3.334441173412775e-14;0.0;0.0;0.0;0.0;-0.03546157313069386
6963.0;50.0239215592908;-0.32753936300000003;0.015352173971670236;6.569598094804789e-14;0.005625887670255511;0.0;8.861256263423276e-11;0.3367525921648421;3.334441050574515e-14;0.0;0.0;0.0;0.0;-0.030208737684609337
6964.0;50.02388115151485;-0.327185269;0.015995265861507856;6.569597963085324e-14;0.003733227039598315;0.0;9.116194534086542e-11;0.33048577962773296;3.334440924261047e-14;0.0;0.0;0.0;0.0;-0.023047201448715166
6965.0;50.024008637162765;-0.329184621;0.015491622532695301;6.569598380194379e-14;0.0015974730250506435;0.0;8.92330637530848e-11;0.3356991676865997;3.3344413242514214e-14;0.0;0.0;0.0;0.0;-0.0236216123095049
6966.0;50.024099729250736;-0.337821429;0.015127534286203054;6.569598605148247e-14;0.0013717456760457035;0.0;8.613948828923175e-11;0.3386552116705523;3.334441539973178e-14;0.0;0.0;0.0;0.0;-0.017350639766947874
6967.0;50.02367298475285;-0.3569139130000001;0.017864783704636754;6.569597057183209e-14;0.020263610192688193;0.0;8.219689124779801e-11;0.33652685834807583;3.334440055537792e-14;0.0;0.0;0.0;0.0;-0.01775666365432428
6968.0;50.02106026132397;-0.37920696500000006;0.015719817981424782;6.569587721997066e-14;0.13946641426095807;0.0;7.944233159449044e-11;0.3324098956230986;3.334431103456554e-14;0.0;0.0;0.0;0.0;-0.10839043790217907
6969.0;50.01510574264777;-0.39895823700000005;0.018740483631215995;6.569565958109927e-14;0.419718890369632;0.0;7.417160246248779e-11;0.3194570446962052;3.3344102326121024e-14;0.0;0.0;0.0;0.0;-0.35892552527816535
6970.0;50.00855316217819;-0.4106816120000001;0.022822355670685184;6.569542152379145e-14;0.7172657599088066;0.0;7.051237004615255e-11;0.2912940027056722;3.3343874035124666e-14;0.0;0.0;0.0;0.0;-0.6206332550420626
6971.0;-0.023324055479328917;-0.41487139000000006;0.0;0.0;0.9488321821927771;0.0;0.0;0.24184121307769565;0.0;0.0;0.0;0.0;0.0;-0.7757985614099773
6972.0;-0.02249984284929444;-0.41863937600000006;0.0;0.0;0.952361739217314;0.0;0.0;0.24212362918140062;0.0;0.0;0.0;0.0;0.0;-0.7757985614083914
6973.0;-0.022498661452887255;-0.42219423400000006;0.0;0.0;0.9395803449460016;0.0;0.0;0.2584599029355355;0.0;0.0;0.0;0.0;0.0;-0.7757985614083848
6974.0;-0.022500370246139826;-0.42093118200000007;0.0;0.0;0.9222326534007353;0.0;0.0;0.27454451164090155;0.0;0.0;0.0;0.0;0.0;-0.7757985614083943
6975.0;-0.022501920199399544;-0.413358594;0.0;0.0;0.9066847800442125;0.0;0.0;0.28251977692926694;0.0;0.0;0.0;0.0;0.0;-0.7757985614084039
6976.0;-0.022994953485874613;-0.4030948670000001;0.0;0.0;0.8970183504238531;0.0;0.0;0.28183379606655373;0.0;0.0;0.0;0.0;0.0;-0.7757985614028434
6977.0;50.01113831053422;-0.3914094230000001;0.019094413187532546;6.569551060718604e-14;0.6348048549748446;0.0;6.745148887489295e-11;0.3458894587891128;3.3343959464107204e-14;0.0;0.0;0.0;0.0;-0.6083169935597992
6978.0;50.0169271184892;-0.38377139900000007;0.01643431792974426;6.569572654716497e-14;0.33180573672479835;0.0;6.497230145595156e-11;0.320725455730928;3.3344166544534256e-14;0.0;0.0;0.0;0.0;-0.2851724356067675
6979.0;50.021491229470726;-0.379782257;0.0154180105634092;6.569589554050985e-14;0.09621307242594761;0.0;7.016145460886047e-11;0.3017960234289948;3.3344328603278326e-14;0.0;0.0;0.0;0.0;-0.03365447078044356
6980.0;562.9563691778217;-0.3835223470000001;0.05063978439142185;8.835515097759204e-14;0.01930859686458467;1.1869389745061562e-15;1.0331601690807173e-10;0.30590223692571006;4.619575582081213e-14;0.0;6.713168660762045e-14;1.3201481974102816e-12;1.4436343286452303e-14;-4.76388653539685e-8
6981.0;596.5579430106154;-0.37844748000000006;0.05063978439149305;9.039229559328101e-14;0.009775847068067263;1.2090612366979171e-15;8.505356860837761e-11;0.31454463702989166;4.675917258064052e-14;0.0;7.59272647097612e-14;1.3428880061179104e-12;1.5194927463241754e-14;-4.4826721160858567e-8
6982.0;449.4466618743084;-0.36856485600000005;0.05063978439109137;8.208129871722132e-14;0.010157851234616003;1.1175860080793162e-15;7.199986012753942e-11;0.3166944868419902;4.404929067648179e-14;0.0;4.8198901103162586e-14;1.247996183666539e-12;1.2346312127256921e-14;-6.052791838123237e-8
6983.0;284.10583888861765;-0.3570078690000001;0.05063978439003588;7.439146113341613e-14;0.010157851234283345;1.0299747703497742e-15;5.784116064026827e-11;0.3184466151673599;4.0191766734328933e-14;0.0;3.417324205512338e-14;1.1551111275505276e-12;1.0197743232077305e-14;-1.0011999400520252e-7
6984.0;128.68501902031764;-0.3453696770000001;0.05063978438496668;6.836812025511446e-14;0.009932119996118816;0.0;3.757690718082845e-11;0.32090819460004044;3.5770810663474886e-14;0.0;2.6832640737739717e-14;1.0788669137797171e-12;8.76392974986323e-15;-2.7052533660949854e-7
6985.0;0.00021828681192173643;-0.25125071300000007;0.0;0.0;0.007232990058702328;0.0;0.0;0.2547074773169967;0.0;0.0;0.0;0.0;0.0;-0.0106999289431352
6986.0;0.00026763619802647;-0.24787055900000002;0.0;0.0;0.004012287532725015;0.0;0.0;0.2503151940024462;0.0;0.0;0.0;0.0;0.0;-0.006467823127795763
6987.0;0.00032404580888785694;-0.244926468;0.0;0.0;0.0022147744278339294;0.0;0.0;0.246739422359027;0.0;0.0;0.0;0.0;0.0;-0.004040430938223914
6988.0;20.331183220384784;-0.24205731700000002;0.0;0.0;0.0008334646888586503;0.0;4.349223299251222e-11;0.25026410559162166;3.259562651993022e-14;0.0;0.0;0.0;0.0;-7.906591432043462e-7
6989.0;0.00034662536550135535;-0.242616341;0.0;0.0;0.0006675169886079848;0.0;0.0;0.24482374185167918;0.0;0.0;0.0;0.0;0.0;-0.0028882385735425767
6990.0;0.00023755484757253243;-0.24446112700000003;0.0;0.0;0.018178832774721983;0.0;0.0;0.23080985809833587;0.0;0.0;0.0;0.0;0.0;-0.004540050150476507
6991.0;-3.116798562265361e-5;-0.250414209;0.0;0.0;0.09055285118994598;0.0;0.0;0.18811940820265183;0.0;0.0;0.0;0.0;0.0;-0.028268407987397035
6992.0;-0.00014314298972779467;-0.264240461;0.0;0.0;0.27675791408748246;0.0;0.0;0.1839824633204357;0.0;0.0;0.0;0.0;0.0;-0.19651314816491441
6993.0;-0.0001637211979553736;-0.2816811440000001;0.0;0.0;0.5161395314903013;0.0;0.0;0.18778002283067896;0.0;0.0;0.0;0.0;0.0;-0.4222535314340148
6994.0;-0.00016320651635541055;-0.29629540500000007;0.0;0.0;0.7160842928429005;0.0;0.0;0.19111324354224332;0.0;0.0;0.0;0.0;0.0;-0.6109179644451116
6995.0;-0.00016257760128889184;-0.306251056;0.0;0.0;0.812413157995293;0.0;0.0;0.20322985595440335;0.0;0.0;0.0;0.0;0.0;-0.7094079523275522
6996.0;-0.00016236146569476755;-0.31114909100000004;0.0;0.0;0.8516421867714675;0.0;0.0;0.18626837943266084;0.0;0.0;0.0;0.0;0.0;-0.7267775064519314
6997.0;4.082461189341238e-5;-0.3115141070000001;0.0;0.0;0.8374110073011126;0.0;0.0;0.2029884584923009;0.0;0.0;0.0;0.0;0.0;-0.7288966216248975
6998.0;4.0814302379421245e-5;-0.3101535670000001;0.0;0.0;0.8201780850938334;0.0;0.0;0.2200160209231035;0.0;0.0;0.0;0.0;0.0;-0.7300517939259795
6999.0;4.083593867883652e-5;-0.30736402500000004;0.0;0.0;0.796537824342415;0.0;0.0;0.2383454605841384;0.0;0.0;0.0;0.0;0.0;-0.7275305316764609
7000.0;-0.00016608585636124242;-0.30339250700000003;0.0;0.0;0.7318382760007185;0.0;0.0;0.28121113008598525;0.0;0.0;0.0;0.0;0.0;-0.7096727041560794
7001.0;-0.00016550850959298942;-0.29748303400000004;0.0;0.0;0.5686761739310461;0.0;0.0;0.29171474681094606;0.0;0.0;0.0;0.0;0.0;-0.5629232334923711
7002.0;-0.00015720622703541663;-0.29431492100000006;0.0;0.0;0.38030427546936546;0.0;0.0;0.3009771549587575;0.0;0.0;0.0;0.0;0.0;-0.3869807610083645
7003.0;-0.00011620388174899421;-0.28650759100000006;0.0;0.0;0.18289259970276067;0.0;0.0;0.29146122818831244;0.0;0.0;0.0;0.0;0.0;-0.18785804366031048
7004.0;4.11804248009585e-5;-0.286024071;0.0;0.0;0.04591844817088748;0.0;0.0;0.28630039720536743;0.0;0.0;0.0;0.0;0.0;-0.04620662321685168
7005.0;4.139285422314251e-5;-0.284828471;0.0;0.0;0.01231918059808138;0.0;0.0;0.28677469551157847;0.0;0.0;0.0;0.0;0.0;-0.014277966258712686
7006.0;0.0002307904271421195;-0.28258692700000004;0.0;0.0;0.011568405730522402;0.0;0.0;0.27770582781061937;0.0;0.0;0.0;0.0;0.0;-0.006698593132759347
7007.0;4.141889112577326e-5;-0.27827387300000006;0.0;0.0;0.011150214007825754;0.0;0.0;0.2870979997721327;0.0;0.0;0.0;0.0;0.0;-0.019986609502492158
7008.0;4.141636305904863e-5;-0.2713881620000001;0.0;0.0;0.011312327166139027;0.0;0.0;0.28250743367497827;0.0;0.0;0.0;0.0;0.0;-0.02244379340950188
7009.0;49.99293406349627;-0.273475497;0.003498289997481123;3.804927906689024e-14;0.010904497418773808;0.0;7.280488535265521e-12;0.25948696408294575;3.425469456867562e-14;0.0;0.0;0.0;0.0;-2.9594989196694584e-7
7010.0;49.32294701697981;-0.26732682700000004;0.0;3.803660305514006e-14;0.009602208100980482;0.0;7.25264852575016e-12;0.2579605695742539;3.421876733047378e-14;0.0;0.0;0.0;0.0;-2.9994730816524396e-7
7011.0;47.47936380686944;-0.2643269240000001;0.0;3.800116556698851e-14;0.008056823455186848;0.0;1.0537876305565415e-11;0.25806806186792397;3.411811596469121e-14;0.0;0.0;0.0;0.0;-3.117335026063288e-7
7012.0;49.430018821479585;-0.26597597200000006;0.0;3.8038664468234e-14;0.007101814010603733;0.0;1.879440885561826e-11;0.2590139960215818;3.4224612665229395e-14;0.0;0.0;0.0;0.0;-2.9928971641652994e-7
7013.0;49.465147949731815;-0.27212806200000006;0.0;3.803934097684179e-14;0.014481447645779043;0.0;2.1306746837226486e-11;0.2577563342162294;3.422653073923835e-14;0.0;0.0;0.0;0.0;-2.9907455324609885e-7
7014.0;7.367145961672178e-5;-0.2878078190000001;0.0;0.0;0.06689010262903884;0.0;0.0;0.22353108672682684;0.0;0.0;0.0;0.0;0.0;-0.0026253506296630993
7015.0;4.415174794275602e-5;-0.3030877070000001;0.0;0.0;0.19835551326052545;0.0;0.0;0.12508170184341358;0.0;0.0;0.0;0.0;0.0;-0.020358840137365664
7016.0;4.3947088973721936e-5;-0.3293530070000001;0.0;0.0;0.4672420903881115;0.0;0.0;0.11105246300419633;0.0;0.0;0.0;0.0;0.0;-0.2489502608945646
7017.0;4.392784864518223e-5;-0.3474760640000001;0.0;0.0;0.7770225429561551;0.0;0.0;0.10867311725913664;0.0;0.0;0.0;0.0;0.0;-0.5382282510825339
7018.0;4.3835204440498225e-5;-0.3627859830000001;0.0;0.0;0.9328523539372232;0.0;0.0;0.13059026234002163;0.0;0.0;0.0;0.0;0.0;-0.7006651594272952
7019.0;4.3836737364668e-5;-0.37432432700000007;0.0;0.0;0.9313289468188283;0.0;0.0;0.14248636564293787;0.0;0.0;0.0;0.0;0.0;-0.6994995142494553
7020.0;4.3838122056725413e-5;-0.37669855900000004;0.0;0.0;0.9216134551904644;0.0;0.0;0.15360915614951326;0.0;0.0;0.0;0.0;0.0;-0.6985325832582985
7021.0;4.383826686861237e-5;-0.37456701800000003;0.0;0.0;0.9115379000045802;0.0;0.0;0.16145142308332486;0.0;0.0;0.0;0.0;0.0;-0.6984308362273046
7022.0;4.383839657192083e-5;-0.3732344150000001;0.0;0.0;0.8929372438787091;0.0;0.0;0.1786424427868847;0.0;0.0;0.0;0.0;0.0;-0.6983538029726822
7023.0;4.3841458486329105e-5;-0.3689717950000001;0.0;0.0;0.8700482363195762;0.0;0.0;0.19500915940262104;0.0;0.0;0.0;0.0;0.0;-0.6960941367757428
7024.0;4.384610959939518e-5;-0.36178376300000004;0.0;0.0;0.841067559150087;0.0;0.0;0.21297798845914973;0.0;0.0;0.0;0.0;0.0;-0.6922703280884746
7025.0;2.98544818520622e-5;-0.35236183800000004;0.0;0.0;0.7237283116951461;0.0;0.0;0.22142725592329035;0.0;0.0;0.0;0.0;0.0;-0.5928025036903398
7026.0;4.3938972327154743e-5;-0.3439651670000001;0.0;0.0;0.5047796469249509;0.0;0.0;0.23023438922431605;0.0;0.0;0.0;0.0;0.0;-0.39105755399602543
7027.0;4.395119257513597e-5;-0.33232062300000004;0.0;0.0;0.2712142696289803;0.0;0.0;0.23597578091627108;0.0;0.0;0.0;0.0;0.0;-0.17487816689870977
7028.0;4.6115905929893875e-5;-0.31827865800000005;0.0;0.0;0.1058722655740897;0.0;0.0;0.21531099832281508;0.0;0.0;0.0;0.0;0.0;-0.0029182916306857093
7029.0;0.0003094903370885688;-0.309105096;0.0;0.0;0.02866546127275832;0.0;0.0;0.28183712493842455;0.0;0.0;0.0;0.0;0.0;-0.0014133916041070404
7030.0;0.00032523799256198955;-0.30509122200000005;0.0;0.0;0.010947862984924001;0.0;0.0;0.296042759842096;0.0;0.0;0.0;0.0;0.0;-0.001913048697476785
7031.0;0.00021506114404126498;-0.2957725520000001;0.0;0.0;0.010633253193492086;0.0;0.0;0.2886298472748575;0.0;0.0;0.0;0.0;0.0;-0.0035010880189234156
7032.0;0.000253799321374626;-0.27742778;0.0;0.0;0.01014860877417887;0.0;0.0;0.27002918462741415;0.0;0.0;0.0;0.0;0.0;-0.0027615536259381446
7033.0;538.3458554523522;-0.27202374700000004;0.0506397843917154;6.178317773407545e-14;0.009202837902076544;8.444470055169905e-16;2.0455935903280956e-11;0.21667268898754463;4.903227647454834e-14;0.0;4.396202307448338e-14;1.0211647010426389e-12;9.898257667295009e-15;-3.7171358064355906e-8
7034.0;549.7102421581882;-0.26977381300000003;0.05063978439173515;6.22515563359088e-14;0.007171268432658951;8.497338380944416e-16;2.227188131329808e-11;0.21507105184235908;4.923562659950376e-14;0.0;4.561390461037745e-14;1.0278360972066078e-12;1.0062689302988371e-14;-3.6315722825053795e-8
7035.0;724.1693093966097;-0.26766503900000005;0.0506397843919545;7.044152946114814e-14;0.0056606139128028785;9.400010178039344e-16;2.3589428782228334e-11;0.20166673131286836;5.182918565568342e-14;0.0;1.0769277683641155e-13;1.141564168636646e-12;1.3504232027241312e-14;-2.6859539152430447e-8
7036.0;775.8508291543698;-0.26568516200000003;0.05063978439199921;7.3296777016875e-14;0.00573006833220335;9.705330482775741e-16;2.2068559278650636e-11;0.1961093679141713;5.2443172659401925e-14;0.0;1.8043196964555024e-13;1.1799034676287668e-12;1.5026560074740192e-14;-2.494067584111789e-8
7037.0;852.4105467917001;-0.26830674000000004;0.05063978439205483;7.797528689406046e-14;0.006806626412909356;1.0195585366033533e-15;2.2671087737521677e-11;0.1838014746876402;5.3252990860857556e-14;0.0;0.011302263493984964;1.241254928018324e-12;1.8037278098530358e-14;-2.2556760683922236e-8
7038.0;852.4093535322985;-0.2801000880000001;0.05063978439205483;7.797520273810807e-14;0.028216251054820805;1.0195576657227244e-15;2.2385702076492002e-11;0.16752710597822051;5.325297806552216e-14;0.0;0.01796758280845006;1.2412538408703547e-12;1.8037216980872314e-14;-2.255679712984403e-8
7039.0;87.71851998119288;-0.29915587500000007;0.050639784381357016;4.760043879646159e-14;0.13173950269981802;0.0;1.1018247404739998e-11;0.15054328616086632;3.550056638807838e-14;0.0;1.806629913938388e-14;8.107534693717318e-13;0.0;-0.0336594504496285
7040.0;87.71077625797986;-0.32007555100000007;0.050639784381354434;4.7600228606010726e-14;0.34258868745764354;0.0;9.723856904278365e-12;0.1455663831172195;3.550019360083558e-14;0.0;1.806609451470107e-14;8.107502328145862e-13;0.0;-0.21854905659875046
7041.0;87.70132258430007;-0.3374212230000001;0.05063978438135129;4.7599972750937824e-14;0.6005459858431145;0.0;8.998107870421034e-12;0.13952530242779254;3.549973981605346e-14;0.0;1.806584543839838e-14;8.107462930994293e-13;0.0;-0.4530464732374729
7042.0;87.6942026971134;-0.3487910770000001;0.05063978438134892;4.7599779410910517e-14;0.8024875183549772;0.0;7.897491642933937e-12;0.14557713037750528;3.5499396902038623e-14;0.0;1.806565722361441e-14;8.107433160018551e-13;0.0;-0.6496132127543707
7043.0;87.68965846925767;-0.3588665270000001;0.05063978438134738;4.7599654133821095e-14;0.9265869241148594;0.0;5.850777067752167e-12;0.14921037778084045;3.549917470387371e-14;0.0;1.806553526876854e-14;8.107413869527669e-13;0.0;-0.767222931271647
7044.0;32.40181673113165;-0.3646220870000001;0.0;4.6295630194340245e-14;0.980050207510041;0.0;4.545330848766154e-12;0.15927168009915954;3.3076927773840666e-14;0.0;0.0;0.0;0.0;-0.7757986342823483
7045.0;-0.022680552062037302;-0.3652889230000001;0.0;0.0;0.985003237880464;0.0;0.0;0.15612385005131207;0.0;0.0;0.0;0.0;0.0;-0.775798712692976
7046.0;-0.022246328022243272;-0.364093066;0.0;0.0;0.9757116057318478;0.0;0.0;0.16423502392834222;0.0;0.0;0.0;0.0;0.0;-0.7757987126925945
7047.0;49.92291268746033;-0.3591565270000001;0.020915905226658538;4.670066909065662e-14;0.902798455961;0.0;3.825184292101566e-12;0.2115345455334806;3.385143963608682e-14;0.0;0.0;0.0;0.0;-0.7757985332164272
7048.0;87.69679614115842;-0.35196871600000007;0.05063978438134974;4.759984601718738e-14;0.7778482214150428;0.0;4.153532353445529e-12;0.21033063184443387;3.549951503762626e-14;0.0;1.8065722063957907e-14;8.107443416220626e-13;0.0;-0.6865612283770934
7049.0;87.7038091105676;-0.34328270200000005;0.05063978438135207;4.760003615010217e-14;0.5841024231442938;0.0;3.981824366720432e-12;0.21108307986940533;3.5499852261703963e-14;0.0;1.8065907157437935e-14;8.107472693348864e-13;0.0;-0.50230925914294
7050.0;87.71079682535634;-0.33493237;0.05063978438135439;4.7600225540073056e-14;0.3899225323223572;0.0;4.0783584876836744e-12;0.21056711292148614;3.5500188163138446e-14;0.0;1.8066091529968263e-14;8.107501856045969e-13;0.0;-0.31601838821433015
7051.0;87.71768510273505;-0.32456646400000005;0.05063978438135669;4.7600412559659346e-14;0.19536063344566787;0.0;3.885548730322688e-12;0.20551496527225063;3.5500519855634827e-14;0.0;1.8066273597168438e-14;8.107530653720677e-13;0.0;-0.12682505016514828
7052.0;633.0484118587779;-0.314977774;0.05063978439185625;6.591027280733547e-14;0.06348222190679466;8.905621325099988e-16;3.7381862360323216e-12;0.20193546401618928;5.0586848706955435e-14;0.0;6.293109687301338e-14;1.0793279786901578e-12;1.1456448889698248e-14;-3.1084930159452114e-8
7053.0;852.4111460006069;-0.311259052;0.05063978439205483;7.797532533463067e-14;0.017224935122840006;1.0195589344021031e-15;4.325262271138552e-12;0.21820983272562655;5.325299670546212e-14;0.0;0.009427964345655895;1.24125542460297e-12;1.803730601581464e-14;-2.2556744036300536e-8
7054.0;852.4114063372098;-0.30507952200000005;0.05063978439205483;7.797534413798888e-14;0.011928961285621303;1.0195591289866487e-15;4.5501215571220256e-12;0.2246808825898463;5.3252999564369567e-14;0.0;0.0020707086448405127;1.2412556675097267e-12;1.8037319671687673e-14;-2.2556735893064625e-8
7055.0;838.2405261548854;-0.29459892600000004;0.05063978439204529;7.705924468482662e-14;0.011529593028074284;1.0100557942835065e-15;3.7602667664500785e-12;0.22360595768377942;5.311030962900568e-14;0.0;9.69085843356649e-13;1.2293862558080856e-12;1.7388341785637737e-14;-2.2965482488337413e-8
7056.0;662.3564842149628;-0.283833859;0.05063978439189096;6.729920384478019e-14;0.011512230881194341;9.05846830693905e-16;3.1460964456543263e-12;0.22479912411289976;5.100975432317754e-14;0.0;7.261314530046002e-14;1.0985858542028765e-12;1.2042254854722716e-14;-2.9590560146804814e-8
7057.0;0.00019404579945516058;-0.31753058600000006;0.0;0.0;0.003560137835383699;0.0;0.0;0.4436564533663654;0.0;0.0;0.0;0.0;0.0;-0.12969489129367057
7058.0;0.00019585365316172334;-0.31466124800000006;0.0;0.0;0.0017806183446042998;0.0;0.0;0.4354910840208651;0.0;0.0;0.0;0.0;0.0;-0.12262017947865349
7059.0;0.00017078657811253883;-0.31200748800000006;0.0;0.0;0.0008702768422427554;0.0;0.0;0.4321826191145226;0.0;0.0;0.0;0.0;0.0;-0.12105481951938643
7060.0;0.0001706780740093982;-0.3114788600000001;0.0;0.0;0.0008531487444857265;0.0;0.0;0.4246053377100736;0.0;0.0;0.0;0.0;0.0;-0.11398900922908199
7061.0;0.00017168976202516366;-0.31979155700000006;0.0;0.0;0.0008703270641812248;0.0;0.0;0.41757179742181233;0.0;0.0;0.0;0.0;0.0;-0.09865999406559052
7062.0;0.00019705470246726928;-0.3383917230000001;0.0;0.0;0.0021085077948241014;0.0;0.0;0.4059313602666952;0.0;0.0;0.0;0.0;0.0;-0.06965769939436517
7063.0;0.0001395719881199709;-0.35704516300000005;0.0;0.0;0.020344555207910484;0.0;0.0;0.3920154173840283;0.0;0.0;0.0;0.0;0.0;-0.05532426014030891
7064.0;-8.919826804624508e-5;-0.37082991100000007;0.0;0.0;0.1418243095411314;0.0;0.0;0.3910885973800255;0.0;0.0;0.0;0.0;0.0;-0.1620937737800206
7065.0;-0.00015372343961740813;-0.3835373420000001;0.0;0.0;0.41727797843801384;0.0;0.0;0.3708399631860572;0.0;0.0;0.0;0.0;0.0;-0.4045948502121049
7066.0;-0.0001595811403689079;-0.39416989500000005;0.0;0.0;0.7162233870817357;0.0;0.0;0.3679881509538955;0.0;0.0;0.0;0.0;0.0;-0.6900570845665692
7067.0;4.408592725399266e-5;-0.4025514810000001;0.0;0.0;0.7873707760776631;0.0;0.0;0.3354209538176042;0.0;0.0;0.0;0.0;0.0;-0.7202512928472321
7068.0;4.408312720636277e-5;-0.4072323330000001;0.0;0.0;0.7790028003858066;0.0;0.0;0.3490014612831173;0.0;0.0;0.0;0.0;0.0;-0.7207829701680563
7069.0;4.411757820790023e-5;-0.403278;0.0;0.0;0.7622798403449714;0.0;0.0;0.353138100708966;0.0;0.0;0.0;0.0;0.0;-0.7121510171717055
7070.0;4.413166183374932e-5;-0.4034129020000001;0.0;0.0;0.7453423774108209;0.0;0.0;0.3652815270868288;0.0;0.0;0.0;0.0;0.0;-0.7072220943868396
7071.0;4.41358586444346e-5;-0.39838079900000006;0.0;0.0;0.7522260259747243;0.0;0.0;0.3517797682556502;0.0;0.0;0.0;0.0;0.0;-0.7056360917169908
7072.0;-0.0001599059493322768;-0.3891488950000001;0.0;0.0;0.6704012672554218;0.0;0.0;0.369026767150302;0.0;0.0;0.0;0.0;0.0;-0.6502945101343182
7073.0;-0.00015394057213970186;-0.37797831500000006;0.0;0.0;0.41505716285320315;0.0;0.0;0.34351197767658675;0.0;0.0;0.0;0.0;0.0;-0.38060507291139406
7074.0;-0.00010590798427436972;-0.36534058700000005;0.0;0.0;0.17020982462749593;0.0;0.0;0.32028265277838563;0.0;0.0;0.0;0.0;0.0;-0.12516326678350867
7075.0;0.0002983654888855866;-0.36477634000000003;0.0;0.0;0.036578001934928016;0.0;0.0;0.3298296413579896;0.0;0.0;0.0;0.0;0.0;-0.0016478075140403474
7076.0;0.0004339397702033586;-0.36368316500000003;0.0;0.0;0.009145042348355437;0.0;0.0;0.356187095528921;0.0;0.0;0.0;0.0;0.0;-0.001665445729367616
7077.0;0.0002056867823173685;-0.35557995600000003;0.0;0.0;0.0060891812662445255;0.0;0.0;0.363977469480897;0.0;0.0;0.0;0.0;0.0;-0.014496280212806007
7078.0;0.0001954649114753112;-0.34305080800000004;0.0;0.0;0.005118239992108761;0.0;0.0;0.3722184665710671;0.0;0.0;0.0;0.0;0.0;-0.03429500599930479
7079.0;0.00019855569873088158;-0.331478842;0.0;0.0;0.0033875887640508954;0.0;0.0;0.3831445973966075;0.0;0.0;0.0;0.0;0.0;-0.055062332888623944
7080.0;0.00019852719688039433;-0.3214218130000001;0.0;0.0;0.0017635814448192185;0.0;0.0;0.3894382359130927;0.0;0.0;0.0;0.0;0.0;-0.06978979889210737
7081.0;0.0002926699121889265;-0.30014600900000005;0.0;0.0;0.0002717302073861208;0.0;0.0;0.39374018569605224;0.0;0.0;0.0;0.0;0.0;-0.09387726372167264
7082.0;0.00028542138049686053;-0.23029794200000003;0.0;0.0;0.00032219215371677304;0.0;0.0;0.3553173184206095;0.0;0.0;0.0;0.0;0.0;-0.12535290932240695
7083.0;0.0002904210994160391;-0.22991418600000005;0.0;0.0;0.0002717022603272834;0.0;0.0;0.35724283353865083;0.0;0.0;0.0;0.0;0.0;-0.1276116604037787
7084.0;0.0002934384107283654;-0.2878765790000001;0.0;0.0;0.0002717382236434689;0.0;0.0;0.3746864713352811;0.0;0.0;0.0;0.0;0.0;-0.08709300121173026
7085.0;0.00029378529563459327;-0.28607266000000003;0.0;0.0;0.0002717426128670922;0.0;0.0;0.36959366012053724;0.0;0.0;0.0;0.0;0.0;-0.08380412068696805
7086.0;0.00028738457704803556;-0.287673701;0.0;0.0;0.0003390898656541363;0.0;0.0;0.3687993969034219;0.0;0.0;0.0;0.0;0.0;-0.08147620638195982
7087.0;0.00030344924462262805;-0.29262319100000006;0.0;0.0;0.0018286440688006713;0.0;0.0;0.37928817885254745;0.0;0.0;0.0;0.0;0.0;-0.08850669955058241
7088.0;0.00021312197215407632;-0.30048825900000004;0.0;0.0;0.024811292233294858;0.0;0.0;0.38545742810875755;0.0;0.0;0.0;0.0;0.0;-0.10979295787788404
7089.0;-5.9249060423633045e-5;-0.31256438200000003;0.0;0.0;0.16478710289339846;0.0;0.0;0.38767235958832075;0.0;0.0;0.0;0.0;0.0;-0.23990891053380967
7090.0;-0.0001275835421112371;-0.328099258;0.0;0.0;0.37233173718360063;0.0;0.0;0.39023897216830544;0.0;0.0;0.0;0.0;0.0;-0.43448796432115305
7091.0;-0.0001455524496736694;-0.33824909;0.0;0.0;0.5586561011479988;0.0;0.0;0.38468585198263683;0.0;0.0;0.0;0.0;0.0;-0.6051106022934697
7092.0;-0.00015618905633479755;-0.34402103400000006;0.0;0.0;0.6583508205820594;0.0;0.0;0.3726256342124543;0.0;0.0;0.0;0.0;0.0;-0.6869730643513451
7093.0;4.789771021097513e-5;-0.3496125160000001;0.0;0.0;0.6471855110232735;0.0;0.0;0.3884012026816238;0.0;0.0;0.0;0.0;0.0;-0.6859888664517139
7094.0;-0.00014986707658968997;-0.34799743600000005;0.0;0.0;0.6030900921182751;0.0;0.0;0.4197582123382168;0.0;0.0;0.0;0.0;0.0;-0.6748687887547884
7095.0;-0.00013946452446015467;-0.342470175;0.0;0.0;0.4664221362501102;0.0;0.0;0.45191639200930744;0.0;0.0;0.0;0.0;0.0;-0.5758855835807313
7096.0;-0.00010830143998324089;-0.33336464700000007;0.0;0.0;0.27367811652363866;0.0;0.0;0.45285406398938166;0.0;0.0;0.0;0.0;0.0;-0.39318299119428013
7097.0;3.656087174672178e-5;-0.3371422530000001;0.0;0.0;0.08243975147177304;0.0;0.0;0.4950475429542033;0.0;0.0;0.0;0.0;0.0;-0.24035741765790183
7098.0;0.00025261895052645195;-0.354011291;0.0;0.0;0.01388124509833217;0.0;0.0;0.5368190254300849;0.0;0.0;0.0;0.0;0.0;-0.19670112965649025
7099.0;0.0002666027693493483;-0.35547056200000005;0.0;0.0;0.0005593131811868619;0.0;0.0;0.5736129478822966;0.0;0.0;0.0;0.0;0.0;-0.21871312972665063
7100.0;0.0002790350313401638;-0.35236704;0.0;0.0;0.00035587270211665526;0.0;0.0;0.5717134091464876;0.0;0.0;0.0;0.0;0.0;-0.21971354461339856
7101.0;0.0002817157663971322;-0.3460278080000001;0.0;0.0;0.00032215374755780005;0.0;0.0;0.5701833965127634;0.0;0.0;0.0;0.0;0.0;-0.22448902151833663
7102.0;0.0002849624169194346;-0.338039146;0.0;0.0;0.0002884846225370718;0.0;0.0;0.5661286066236281;0.0;0.0;0.0;0.0;0.0;-0.22838920081382688
7103.0;0.0002850301932329763;-0.33196062700000006;0.0;0.0;0.0002884858118075365;0.0;0.0;0.5549163859898055;0.0;0.0;0.0;0.0;0.0;-0.22325550218444476
7104.0;0.00028329000474749965;-0.32434598600000003;0.0;0.0;0.0003053150925435519;0.0;0.0;0.5478183219052535;0.0;0.0;0.0;0.0;0.0;-0.22378891927605937
7105.0;6.907148461257932e-5;-0.3958439600000001;0.0;0.0;0.00026777857790707255;0.0;0.0;0.649719797724828;0.0;0.0;0.0;0.0;0.0;-0.2541425753861947
7106.0;6.979155740231897e-5;-0.392354168;0.0;0.0;0.00025094712240273135;0.0;0.0;0.6501335999097474;0.0;0.0;0.0;0.0;0.0;-0.2580293513416174
7107.0;6.976270042019778e-5;-0.38969722400000006;0.0;0.0;0.00025094688398970467;0.0;0.0;0.649478551525914;0.0;0.0;0.0;0.0;0.0;-0.26003124623122664
7108.0;6.9015457577505e-5;-0.38608959200000004;0.0;0.0;0.0002677775337879047;0.0;0.0;0.6435101097191073;0.0;0.0;0.0;0.0;0.0;-0.2576872522607547
7109.0;6.897415832831328e-5;-0.38771195199999997;0.0;0.0;0.00026777681289858927;0.0;0.0;0.6478286949194516;0.0;0.0;0.0;0.0;0.0;-0.2603834753284932
7110.0;6.89085952759567e-5;-0.39420108;0.0;0.0;0.0002677767619989865;0.0;0.0;0.6592091940470628;0.0;0.0;0.0;0.0;0.0;-0.26527484637577503
7111.0;6.629565870918709e-5;-0.41162844;0.0;0.0;0.00035215287880201087;0.0;0.0;0.6684523714600481;0.0;0.0;0.0;0.0;0.0;-0.2571749784195826
7112.0;9.579647033126709e-5;-0.434890856;0.0;0.0;0.009214508303968886;0.0;1.5362293328218997e-10;0.6715486023952317;0.0;0.0;0.0;0.0;0.0;-0.2458711653736618
7113.0;-4.2640213734915015e-6;-0.4463104400000001;0.0;0.0;0.04986414413599718;0.0;0.0;0.6446018122082144;0.0;0.0;0.0;0.0;0.0;-0.24815470138889073
7114.0;-4.076420430235785e-6;-0.45346894400000004;0.0;0.0;0.14058714677888612;0.0;0.0;0.6301252163772525;0.0;0.0;0.0;0.0;0.0;-0.3172425963997578
7115.0;-3.4431607766038315e-6;-0.46070208;0.0;0.0;0.2736021828411879;0.0;0.0;0.6187471308916558;0.0;0.0;0.0;0.0;0.0;-0.4316463891947542
7116.0;-3.349599288100864e-6;-0.46602621600000005;0.0;0.0;0.35653214423933277;0.0;0.0;0.6122581409212682;0.0;0.0;0.0;0.0;0.0;-0.5027631524730953
7117.0;-3.435196092823181e-6;-0.466151376;0.0;0.0;0.3765885275341661;0.0;0.0;0.6124115401819067;0.0;0.0;0.0;0.0;0.0;-0.522847769860546
7118.0;-3.5022924298290054e-6;-0.46205236000000005;0.0;0.0;0.3366037888133764;0.0;0.0;0.6154148145173052;0.0;0.0;0.0;0.0;0.0;-0.4899654393155044
7119.0;-3.527910972075464e-6;-0.4580087920000001;0.0;0.0;0.2537365569247695;0.0;0.0;0.6194206484209537;0.0;0.0;0.0;0.0;0.0;-0.41514757236167227
7120.0;-4.046393981068889e-6;-0.451096904;0.0;0.0;0.14188277947761893;0.0;0.0;0.6207905850354138;0.0;0.0;0.0;0.0;0.0;-0.3115756396976035
7121.0;-4.1893426642467615e-6;-0.44843307200000004;0.0;0.0;0.052335788112944814;0.0;0.0;0.6272626106928457;0.0;0.0;0.0;0.0;0.0;-0.23116451552574918
7122.0;6.416493067976033e-5;-0.45176302399999996;0.0;0.0;0.012665792444692412;0.0;0.0;0.6365266142554338;0.0;0.0;0.0;0.0;0.0;-0.19742867095236002
7123.0;7.229722950093695e-5;-0.452922952;0.0;0.0;0.0010031782644059897;0.0;0.0;0.6378099585358871;0.0;0.0;0.0;0.0;0.0;-0.1858893196280155
7124.0;6.814374342382352e-5;-0.4465556320000001;0.0;0.0;0.0003352632659645826;0.0;0.0;0.6280259441451794;0.0;0.0;0.0;0.0;0.0;-0.1818045125931429
7125.0;6.913477341820825e-5;-0.43505136;0.0;0.0;0.00030149779045470144;0.0;0.0;0.6170288581811683;0.0;0.0;0.0;0.0;0.0;-0.18227795769857172
7126.0;6.900557670979198e-5;-0.420793472;0.0;0.0;0.0003014962837916154;0.0;0.0;0.6078973065238445;0.0;0.0;0.0;0.0;0.0;-0.18740428989671226
7127.0;6.876989184379068e-5;-0.409655416;0.0;0.0;0.00030149363360647524;0.0;0.0;0.6063390134861397;0.0;0.0;0.0;0.0;0.0;-0.1969840449228695
7128.0;6.853043293731249e-5;-0.39975768000000006;0.0;0.0;0.00030149090719107716;0.0;0.0;0.6072733914137698;0.0;0.0;0.0;0.0;0.0;-0.2078161509831854
7129.0;5.2803337449824935e-6;-0.35572664000000004;0.0;0.0;0.00026751994199929934;0.0;1.0598596365777505e-10;0.48149949539240966;0.0;0.0;0.0;0.0;0.0;-0.12603734120488705
7130.0;4.6769243517509176e-6;-0.350536192;0.0;0.0;0.00026748289191455966;0.0;1.262277524310288e-10;0.4969691863059605;0.0;0.0;0.0;0.0;0.0;-0.14669743045672343
7131.0;3.941694280328359e-6;-0.3517230800000001;0.0;0.0;0.00028428042617252645;0.0;1.394546053276414e-10;0.5161109814040153;0.0;0.0;0.0;0.0;0.0;-0.16466911704411855
7132.0;3.993729647407266e-6;-0.3535261760000001;0.0;0.0;0.0002674357325253829;0.0;1.485030183478592e-10;0.5341153046966485;0.0;0.0;0.0;0.0;0.0;-0.18085350277686532
7133.0;4.344210703357815e-6;-0.35689001600000003;0.0;0.0;0.0002506253853659971;0.0;1.564030276910023e-10;0.5439917920536809;0.0;0.0;0.0;0.0;0.0;-0.18734934778426846
7134.0;4.126226619681924e-6;-0.3657008480000001;0.0;0.0;0.00025060763452913856;0.0;1.6121771648452186e-10;0.5676786275908182;0.0;0.0;0.0;0.0;0.0;-0.20222532841265867
7135.0;2.256779891321648e-6;-0.38693287200000004;0.0;0.0;0.00038554076672526186;0.0;1.6154974824459375e-10;0.5972433499480134;0.0;0.0;0.0;0.0;0.0;-0.21069287123285677
7136.0;1.849631449894959e-5;-0.4128018480000001;0.0;0.0;0.007647065259155321;0.0;1.62296929375084e-10;0.6168905134268259;0.0;0.0;0.0;0.0;0.0;-0.21173280966982164
7137.0;-2.537491894534511e-5;-0.4268240240000001;0.0;0.0;0.04131958980378339;0.0;0.0;0.6282302409492106;0.0;0.0;0.0;0.0;0.0;-0.2427230059801561
7138.0;-2.5316167070336372e-5;-0.43414524000000004;0.0;0.0;0.12048890150545445;0.0;0.0;0.6276764270262238;0.0;0.0;0.0;0.0;0.0;-0.3140172909430861
7139.0;-2.4716266660257906e-5;-0.43822689600000003;0.0;0.0;0.22652226757597171;0.0;0.0;0.6285186135959347;0.0;0.0;0.0;0.0;0.0;-0.416811173504665
7140.0;-2.435967397884239e-5;-0.44295148;0.0;0.0;0.3141209740681119;0.0;0.0;0.6364969144566726;0.0;0.0;0.0;0.0;0.0;-0.5076635792144418
7141.0;-2.4256093263363242e-5;-0.441991256;0.0;0.0;0.3694331360019987;0.0;0.0;0.6450331262470144;0.0;0.0;0.0;0.0;0.0;-0.5724721596712162
7142.0;-2.4333677279199872e-5;-0.43733879200000003;0.0;0.0;0.35849854187662145;0.0;0.0;0.650418674025421;0.0;0.0;0.0;0.0;0.0;-0.5715755768089745
7143.0;-2.4508213309038123e-5;-0.432284984;0.0;0.0;0.30166625732437125;0.0;0.0;0.6492953425727691;0.0;0.0;0.0;0.0;0.0;-0.518673781400072
7144.0;-2.485510577330329e-5;-0.424425912;0.0;0.0;0.20961066116574167;0.0;0.0;0.629360643744275;0.0;0.0;0.0;0.0;0.0;-0.41454257782219955
7145.0;-2.540156326814429e-5;-0.4194405920000001;0.0;0.0;0.10848251700320562;0.0;0.0;0.6186002033462139;0.0;0.0;0.0;0.0;0.0;-0.3076393285566877
7146.0;-2.535991368075936e-5;-0.4184005440000001;0.0;0.0;0.03402424425284745;0.0;0.0;0.6005356244841751;0.0;0.0;0.0;0.0;0.0;-0.2161565418051114
7147.0;4.512714608124241e-5;-0.419712544;0.0;0.0;0.0039575826291729805;0.0;1.5201733987649304e-10;0.6082445180396105;0.0;0.0;0.0;0.0;0.0;-0.192486359786611
7148.0;8.074667394015342e-6;-0.41580811999999995;0.0;0.0;0.000933772536040356;0.0;1.4821249334964595e-10;0.6106985991376651;0.0;0.0;0.0;0.0;0.0;-0.19582136598025726
7149.0;1.405684156818828e-6;-0.4062838160000001;0.0;0.0;0.0005046725228361225;0.0;1.388319930319536e-10;0.623055608282121;0.0;0.0;0.0;0.0;0.0;-0.21727324962279354
7150.0;1.6009523172384865e-6;-0.39346590400000003;0.0;0.0;0.0004023911398824553;0.0;1.2452595419379757e-10;0.6388279163134476;0.0;0.0;0.0;0.0;0.0;-0.24576122832457162
7151.0;2.8527569889798675e-6;-0.381687104;0.0;0.0;0.0002672715550675222;0.0;1.0370303696565652e-10;0.6289499214977843;0.0;0.0;0.0;0.0;0.0;-0.2475269949494993
7152.0;2.4062924027420105e-6;-0.37044329600000003;0.0;0.0;0.00028405739535987434;0.0;8.718282958676093e-11;0.6263476662904666;0.0;0.0;0.0;0.0;0.0;-0.25618531954394796
7153.0;49.94458188951119;-0.33879073600000004;0.014315626470652112;7.224341835478201e-14;0.009500861126967115;0.0;1.278247162993569e-10;0.3522197396556712;3.3386910913596385e-14;0.0;0.0;0.0;0.0;-0.03686584620663152
7154.0;49.94505117743298;-0.331742136;0.015086211652789172;7.224343775936158e-14;0.007412761406186904;0.0;1.3549683900487668e-10;0.3455384765643859;3.3386926434822284e-14;0.0;0.0;0.0;0.0;-0.0359192965129327
7155.0;49.94546863858167;-0.329570392;0.015150320349169381;7.22434548216807e-14;0.005637875474619282;0.0;1.3317321003072676e-10;0.3397899852746754;3.3386940082521255e-14;0.0;0.0;0.0;0.0;-0.030634954450630174
7156.0;49.945943127399225;-0.329221296;0.01568595538739971;7.224347392706e-14;0.003741181907710349;0.0;1.3702699133934595e-10;0.3334666482336294;3.3386955364404383e-14;0.0;0.0;0.0;0.0;-0.0233031558331966
7157.0;49.94547600743688;-0.33123246400000006;0.015255476689617763;7.224345505715414e-14;0.0016008769664667838;0.0;1.341113125812261e-10;0.3387270592682295;3.3386940270868827e-14;0.0;0.0;0.0;0.0;-0.023978674304640468
7158.0;49.94528112955675;-0.339920736;0.014885864887217364;7.224344631529536e-14;0.001374668631069391;0.0;1.2943239978503807e-10;0.341709765757055;3.338693327848816e-14;0.0;0.0;0.0;0.0;-0.017675737155744737
7159.0;49.94595403957237;-0.35916859200000006;0.014767157980396716;7.224347147940591e-14;0.02030678848141479;0.0;1.2346479369016515e-10;0.3395622154161513;3.3386953406591466e-14;0.0;0.0;0.0;0.0;-0.01509534566158065
7160.0;49.94912327284045;-0.38165056;0.015633536931007195;7.224359220988821e-14;0.13976359334732225;0.0;1.1929455020404696e-10;0.33540811909664303;3.338704997546492e-14;0.0;0.0;0.0;0.0;-0.10878656808598401
7161.0;49.957201899258614;-0.401508008;0.01845219329022552;7.224389507345034e-14;0.4206132395731586;0.0;1.1130845789958025e-10;0.3223384378881876;3.3387292225702803e-14;0.0;0.0;0.0;0.0;-0.35953988436491263
7162.0;49.96691970133653;-0.41325500800000003;0.022254128281910944;7.224426330232131e-14;0.7187941306254032;0.0;1.0576129103941015e-10;0.2939213748991907;3.338758675616101e-14;0.0;0.0;0.0;0.0;-0.621379606292689
7163.0;-0.01991667570714002;-0.41744676000000003;0.0;0.0;0.9471610162775902;0.0;0.0;0.24597771312197697;0.0;0.0;0.0;0.0;0.0;-0.7755462071142963
7164.0;-0.019903991768027717;-0.42121638400000005;0.0;0.0;0.9489067232934417;0.0;0.0;0.2480005843565276;0.0;0.0;0.0;0.0;0.0;-0.7755462071140456
7165.0;-0.01990405520099574;-0.42477685600000004;0.0;0.0;0.9368342651895976;0.0;0.0;0.2636335084259399;0.0;0.0;0.0;0.0;0.0;-0.7755462071140453
7166.0;-0.019903990045234063;-0.423506888;0.0;0.0;0.9197195208578731;0.0;0.0;0.27947829360013915;0.0;0.0;0.0;0.0;0.0;-0.7755462071140461
7167.0;-0.019904018778279756;-0.415884096;0.0;0.0;0.9039646505234994;0.0;0.0;0.2876103801394587;0.0;0.0;0.0;0.0;0.0;-0.7755462071140474
7168.0;-0.019904050769779528;-0.40555692800000004;0.0;0.0;0.8946352139308974;0.0;0.0;0.28661266334271807;0.0;0.0;0.0;0.0;0.0;-0.7755462071140496
7169.0;49.960545262248644;-0.3938194320000001;0.018924573747902414;7.224401027289173e-14;0.6361575155997959;0.0;1.0110810259150256e-10;0.3490092633083221;3.33873843691721e-14;0.0;0.0;0.0;0.0;-0.6099049744545427
7170.0;49.95488513104686;-0.38619221600000003;0.01647905526013103;7.224380910359588e-14;0.33251275802674435;0.0;9.733644956832453e-11;0.3236182895562627;3.338722346159364e-14;0.0;0.0;0.0;0.0;-0.2860597212961946
7171.0;49.95049951397764;-0.38224368799999997;0.015460280411271319;7.224365210176233e-14;0.09641808603506141;0.0;1.0521541896562248e-10;0.304518120254565;3.3387097881122804e-14;0.0;0.0;0.0;0.0;-0.033801164815309474
7172.0;495.95892795660313;-0.38606224800000005;0.0506397843908847;9.302239570582727e-14;0.019349740183567842;1.1996248017503138e-15;1.4852724191625344e-10;0.30866137039154024;4.4349114168944525e-14;0.0;6.146743027922183e-14;1.3470631600337718e-12;1.432367162275806e-14;-5.99012588443178e-8
7173.0;525.3421504408071;-0.38093332;0.05063978439097521;9.481417418484184e-14;0.009796677726872819;1.2175216374722923e-15;1.2239286043681335e-10;0.3173817219863446;4.4887668315277704e-14;0.0;6.712324634312385e-14;1.3657865124372017e-12;1.4910394730555175e-14;-5.636599982144848e-8
7174.0;375.3954896688238;-0.37093270400000006;0.050639784390339275;8.629884487623557e-14;0.010179495878922898;1.1310685208992706e-15;1.0348852864588392e-10;0.31955096270783123;4.1884049156145856e-14;0.0;4.561964877179851e-14;1.274550127997245e-12;1.2324276029699444e-14;-8.083987182905926e-8
7175.0;207.45779922461819;-0.35925669600000004;0.05063978438818363;7.841243359786236e-14;0.010179495878312848;1.0477281446823767e-15;8.172180729838986e-11;0.321318894630872;3.778226269750912e-14;0.0;3.357408458501165e-14;1.1848351406578452e-12;1.031974950571168e-14;-1.587027193521336e-7
7176.0;49.572628411399734;-0.34751596800000006;0.04587016373763982;7.220777448904803e-14;0.009953283642170397;0.0;4.723771394767984e-11;0.32380267666664697;3.335838351675947e-14;0.0;0.0;0.0;0.0;-0.004173950462445484
7177.0;9.732342051771442e-5;-0.252911792;0.0;0.0;0.007242398074112996;0.0;4.821997859408214e-11;0.25395240060654783;0.0;0.0;0.0;0.0;0.0;-0.008281416360283487
7178.0;0.00014836476199123834;-0.24951465600000003;0.0;0.0;0.0040182426836324146;0.0;5.198347255612438e-11;0.25171576015158276;0.0;0.0;0.0;0.0;0.0;-0.006218044864960818
7179.0;8.014152802186273e-5;-0.246556712;0.0;0.0;0.002212784723858838;0.0;5.087656823335444e-11;0.25705816270960596;0.0;0.0;0.0;0.0;0.0;-0.012712229430697039
7180.0;0.00017279269017768923;-0.24367272800000003;0.0;0.0;0.000799795256240042;0.0;0.0;0.24602427957455894;0.0;0.0;0.0;0.0;0.0;-0.0031520079540725628
7181.0;3.961860821601192e-5;-0.244234944;0.0;0.0;0.0006609768690963977;0.0;0.0;0.25518145533587056;0.0;0.0;0.0;0.0;0.0;-0.011605497245039422
7182.0;4.9986259469946016e-5;-0.24608976800000001;0.0;0.0;0.018196014315150454;0.0;0.0;0.2325952877585146;0.0;0.0;0.0;0.0;0.0;-0.0047017838904858215
7183.0;-2.005759934992491e-5;-0.252085256;0.0;0.0;0.08905281003968726;0.0;0.0;0.18263159168990192;0.0;0.0;0.0;0.0;0.0;-0.019597017574862315
7184.0;-2.7653282123421997e-5;-0.26599402400000005;0.0;0.0;0.27558573597225444;0.0;5.483375250990634e-11;0.18127144177509896;0.0;0.0;0.0;0.0;0.0;-0.19086055013225173
7185.0;-2.6925005452961244e-5;-0.28352729600000004;0.0;0.0;0.5139174306314956;0.0;5.1582214207149435e-11;0.18986216592218766;0.0;0.0;0.0;0.0;0.0;-0.420249642644294
7186.0;-2.650432331177817e-5;-0.29821652;0.0;0.0;0.7129832979447382;0.0;4.727910716022819e-11;0.19702034973542568;0.0;0.0;0.0;0.0;0.0;-0.6117844158657876
7187.0;-2.7836933437090507e-5;-0.308232504;0.0;0.0;0.8088853971854999;0.0;5.149920110770292e-11;0.21177825090828584;0.0;0.0;0.0;0.0;0.0;-0.7124283166620937
7188.0;-2.914570859515064e-5;-0.313150944;0.0;0.0;0.8479388071207303;0.0;5.1914294096219654e-11;0.1988562506631038;0.0;0.0;0.0;0.0;0.0;-0.7336411918548107
7189.0;-3.4585801526626234e-5;-0.31351108800000005;0.0;0.0;0.8382079046760601;0.0;5.1762091909001993e-11;0.2130954937513948;0.0;0.0;0.0;0.0;0.0;-0.7377893275817242
7190.0;-3.478424898923608e-5;-0.3121557280000001;0.0;0.0;0.8219491688403248;0.0;4.777721968570387e-11;0.22934031564688645;0.0;0.0;0.0;0.0;0.0;-0.7391307625037594
7191.0;-3.4445771537713424e-5;-0.3093536;0.0;0.0;0.7984089852497691;0.0;5.476457870337646e-11;0.24773255075604436;0.0;0.0;0.0;0.0;0.0;-0.7367849609886242
7192.0;-2.842813458203912e-5;-0.305365688;0.0;0.0;0.7286642471245051;0.0;5.464005154827546e-11;0.2914527760385976;0.0;0.0;0.0;0.0;0.0;-0.714748504370478
7193.0;-2.7061507829377356e-5;-0.299423056;0.0;0.0;0.5662226746541573;0.0;5.7822402467772023e-11;0.2951211177511896;0.0;0.0;0.0;0.0;0.0;-0.5619180501438258
7194.0;-2.7654385488724163e-5;-0.29624866400000005;0.0;0.0;0.37867758508569194;0.0;5.530418940297563e-11;0.300471003945484;0.0;0.0;0.0;0.0;0.0;-0.3828972785608082
7195.0;-2.834966140876913e-5;-0.288407944;0.0;0.0;0.18213198788282334;0.0;4.7265267412026286e-11;0.2866299412957113;0.0;0.0;0.0;0.0;0.0;-0.18035139531784147
7196.0;-2.4586719096567324e-5;-0.287953264;0.0;0.0;0.0425621365858153;0.0;0.0;0.28112334846450654;0.0;0.0;0.0;0.0;0.0;-0.03572982662132849
7197.0;-4.925756500667025e-6;-0.28676886399999996;0.0;0.0;0.014977092986557054;0.0;0.0;0.2796889471430478;0.0;0.0;0.0;0.0;0.0;-0.007895948481923463
7198.0;6.823445737166563e-5;-0.284496968;0.0;0.0;0.011580144230309565;0.0;0.0;0.2798431614241828;0.0;0.0;0.0;0.0;0.0;-0.006925511589531536
7199.0;-1.4780001432347175e-5;-0.28012423200000003;0.0;0.0;0.010091359826889754;0.0;0.0;0.2828772677082863;0.0;0.0;0.0;0.0;0.0;-0.012842580417957031
7200.0;-1.7343182342559332e-5;-0.273170208;0.0;0.0;0.010228847339866124;0.0;0.0;0.27835959532984655;0.0;0.0;0.0;0.0;0.0;-0.015416267610831704
7201.0;50.128884062137615;-0.275247848;0.0020892558969956006;4.18461884871e-14;0.01092773303835912;0.0;1.0570225963077485e-11;0.2618274476757789;3.4233971604647565e-14;0.0;0.0;0.0;0.0;-3.2438658382967936e-7
7202.0;45.04729914010035;-0.269062568;0.0;4.1739302563441384e-14;0.009622668764327701;0.0;1.04548124252432e-11;0.26028728561102954;3.3980132390932983e-14;0.0;0.0;0.0;0.0;-3.611973526487928e-7
7203.0;41.928067641812;-0.26604581600000005;0.0;4.167382914070373e-14;0.008073991167885184;0.0;1.5196974825660288e-11;0.2603957474483572;3.382366804753489e-14;0.0;0.0;0.0;0.0;-3.8830027541208073e-7
7204.0;45.06716116365599;-0.26770824800000004;0.0;4.1739747995653366e-14;0.007116946761584212;0.0;2.7402691801584917e-11;0.26135021360432026;3.39811943535978e-14;0.0;0.0;0.0;0.0;-3.61026186625684e-7
7205.0;45.185097728432346;-0.273903808;0.0;4.1742230059173804e-14;0.014512305134488066;0.0;3.1130228008732005e-11;0.26008120811998664;3.398711125975282e-14;0.0;0.0;0.0;0.0;-3.6007543447152465e-7
7206.0;-2.7937281805286917e-5;-0.28970349600000006;0.0;0.0;0.06666733592398591;0.0;0.0;0.22920413901348116;0.0;0.0;0.0;0.0;0.0;-0.006164436941889411
7207.0;-3.14953307018672e-5;-0.30511548800000005;0.0;0.0;0.19694375859848273;0.0;3.526911131560149e-11;0.11514098758386822;0.0;0.0;0.0;0.0;0.0;-0.006965455092360757
7208.0;-5.726656470053788e-5;-0.33156068800000005;0.0;0.0;0.47023217294446945;0.0;3.7773523589957686e-11;0.09733465865031436;0.0;0.0;0.0;0.0;0.0;-0.23600081514226348
7209.0;-5.354951487564695e-5;-0.349752576;0.0;0.0;0.7845326228676202;0.0;4.0208735551302394e-11;0.09731678029745139;0.0;0.0;0.0;0.0;0.0;-0.532091473861827
7210.0;-6.0237447291419065e-5;-0.365102472;0.0;0.0;0.9507575148070271;0.0;4.211816047987687e-11;0.12642322187752325;0.0;0.0;0.0;0.0;0.0;-0.7120727607280785
7211.0;-6.0165174817163814e-5;-0.3766795680000001;0.0;0.0;0.9475308835637031;0.0;4.604769774774441e-11;0.1397605634079187;0.0;0.0;0.0;0.0;0.0;-0.7106063786830277
7212.0;-6.010768908836156e-5;-0.379056656;0.0;0.0;0.9361204896810252;0.0;4.934075715085272e-11;0.15234452568870077;0.0;0.0;0.0;0.0;0.0;-0.7094028619757197
7213.0;-6.01013283243317e-5;-0.376910912;0.0;0.0;0.9247867044440711;0.0;4.968666644912778e-11;0.16139574441045737;0.0;0.0;0.0;0.0;0.0;-0.7092660397836033
7214.0;-6.00914897212089e-5;-0.3755733600000001;0.0;0.0;0.9033300113735543;0.0;4.9949557516165034e-11;0.18128805483171012;0.0;0.0;0.0;0.0;0.0;-0.7090392096750184
7215.0;-5.996545873010668e-5;-0.37129128000000006;0.0;0.0;0.8782476038430472;0.0;5.771175240239982e-11;0.19929013512848068;0.0;0.0;0.0;0.0;0.0;-0.7062409687070476
7216.0;-5.9767608884999724e-5;-0.36406399200000006;0.0;0.0;0.8467183105810238;0.0;7.077321419907752e-11;0.218756350903886;0.0;0.0;0.0;0.0;0.0;-0.7014051889264048
7217.0;-5.4084019102167e-5;-0.354597792;0.0;0.0;0.720756466512389;0.0;7.028894568144972e-11;0.21132011313258856;0.0;0.0;0.0;0.0;0.0;-0.5774734304850593
7218.0;-5.758734238823943e-5;-0.346173128;0.0;0.0;0.5073340704787557;0.0;6.775690268970869e-11;0.213620715609606;0.0;0.0;0.0;0.0;0.0;-0.3747763061712204
7219.0;-5.674127178434345e-5;-0.334491232;0.0;0.0;0.26560893550132836;0.0;6.5238697863619e-11;0.22018073894789722;0.0;0.0;0.0;0.0;0.0;-0.15129314079497388
7220.0;1.7609675626412916e-6;-0.32039267200000004;0.0;0.0;0.10727102911319578;0.0;0.0;0.2163015612003072;0.0;0.0;0.0;0.0;0.0;-0.003178136580370135
7221.0;-2.9966911526453446e-5;-0.311154864;0.0;0.0;0.028602330277081155;0.0;0.0;0.28887170660509287;0.0;0.0;0.0;0.0;0.0;-0.00631560514254226
7222.0;-3.736854634693816e-5;-0.3070912480000001;0.0;0.0;0.007903167100282629;0.0;5.903999159895935e-11;0.30810764244841277;0.0;0.0;0.0;0.0;0.0;-0.008915405072104999
7223.0;0.0002179689138071983;-0.29769396800000003;0.0;0.0;0.010660723531644085;0.0;5.184510384417949e-11;0.2894775303624313;0.0;0.0;0.0;0.0;0.0;-0.002444270119821945
7224.0;0.00020615082076359627;-0.27923252;0.0;0.0;0.010173437441279794;0.0;5.249541247377678e-11;0.2716141994216706;0.0;0.0;0.0;0.0;0.0;-0.002554776401910217
7225.0;489.40581515561945;-0.273755848;0.050639784391293;6.584269170899383e-14;0.009222447576341546;8.60913881656862e-16;2.9930986903500025e-11;0.21862700247451267;4.744529176205282e-14;0.0;4.286472473672572e-14;1.0542864194386974e-12;1.0091696056810413e-14;-4.4753441094238155e-8
7226.0;501.0685470809494;-0.271490192;0.050639784391320455;6.63403568386528e-14;0.0071865491796858985;8.66042238156192e-16;3.255382815222095e-11;0.21701091911052317;4.767828046756274e-14;0.0;4.4325375817700983e-14;1.0609077636327537e-12;1.025107819840743e-14;-4.360042646743138e-8
7227.0;680.4874863460271;-0.269379976;0.05063978439161445;7.506195089251556e-14;0.005672675713321329;9.533262760501032e-16;3.443903275492478e-11;0.20348569619819976;5.0662829397068906e-14;0.0;9.308354703497299e-14;1.1735172412342383e-12;1.353770386395476e-14;-3.12581593461653e-8
7228.0;734.0062143924272;-0.267390208;0.05063978439167225;7.812558902525124e-14;0.005742278128220925;9.828663167140354e-16;3.224164483483558e-11;0.19787820728394898;5.1374109251125726e-14;0.0;1.3853534371646755e-13;1.211541768620173e-12;1.4969154862939285e-14;-2.8829861388040073e-8
7229.0;843.6920798355368;-0.27002216;0.050639784391766286;8.525320402751786e-14;0.006821130170172638;1.0494630178509833e-15;3.320558578676489e-11;0.18545930107354514;5.2636841367683143e-14;0.0;0.01073908088095009;1.2969627627603831e-12;1.9107427454885896e-14;-2.4875550141623872e-8
7230.0;843.6978754758562;-0.28191779200000006;0.050639784391766286;8.52536591426447e-14;0.028276375062200165;1.0494671779692738e-15;3.279561412771875e-11;0.16903814312912957;5.263690854777859e-14;0.0;0.017575864549565962;1.2969680823435996e-12;1.9107736528853825e-14;-2.4875350616085462e-8
7231.0;76.19394755152645;-0.301129;0.05063978437455981;5.204121083009051e-14;0.13202021705852832;0.0;1.5930776585472595e-11;0.15190113507051112;3.4913523269391054e-14;0.0;1.979872612217122e-14;8.62219379900331e-13;0.0;-0.03283703914661949
7232.0;76.20784805977537;-0.32218058400000005;0.050639784374570784;5.204163728519596e-14;0.34331868538420396;0.0;1.4043133478729025e-11;0.14687934206501901;3.4914169520677556e-14;0.0;1.979914264388245e-14;8.622255657132888e-13;0.0;-0.21817140408562255
7233.0;76.22478598686241;-0.339608632;0.050639784374584176;5.2042158080020865e-14;0.6018256466744885;0.0;1.2986291114770234e-11;0.14078377289565291;3.491495871147032e-14;0.0;1.9799651322373494e-14;8.622331199211044e-13;0.0;-0.45329223872129903
7234.0;76.23531828248606;-0.35102556800000007;0.05063978437459261;5.2042486625698436e-14;0.8041974820700367;0.0;1.1385053561418396e-11;0.14689018626191408;3.491545656280273e-14;0.0;1.9799972232617745e-14;8.622378855140643e-13;0.0;-0.650450578925297
7235.0;76.24197209324471;-0.36115036800000005;0.05063978437459782;5.204268971473589e-14;0.9285613224486816;0.0;8.414664179818238e-12;0.15055620431315644;3.4915764302296494e-14;0.0;1.9800170605021563e-14;8.622408313393517e-13;0.0;-0.7683991290406093
7236.0;32.194127201192074;-0.366931408;0.0;5.0905053782687856e-14;0.9821385269611427;0.0;6.5218526746607506e-12;0.16070825613436734;3.3134300318422873e-14;0.0;0.0;0.0;0.0;-0.775546232702919
7237.0;-0.01997325818621151;-0.367590432;0.0;0.0;0.983105195791013;0.0;0.0;0.16017709134839186;0.0;0.0;0.0;0.0;0.0;-0.7755463571780568
7238.0;-0.019971445203954427;-0.36638034399999997;0.0;0.0;0.9738643809342857;0.0;0.0;0.16820782088327385;0.0;0.0;0.0;0.0;0.0;-0.7755463571780523
7239.0;49.954081616883194;-0.3614193680000001;0.018943499729966378;5.135772560717177e-14;0.9047221651360429;0.0;5.499730637629299e-12;0.2134425147252315;3.385645964593608e-14;0.0;0.0;0.0;0.0;-0.7755460286907059
7240.0;76.2174510943941;-0.35419194400000004;0.05063978437457923;5.204196574679838e-14;0.779505683000434;0.0;5.960332003707368e-12;0.21222774214676468;3.491466726068147e-14;0.0;1.9799463461940844e-14;8.622303301013568e-13;0.0;-0.6878554323769738
7241.0;76.20568549997374;-0.34547256800000004;0.05063978437456989;5.204160256875927e-14;0.5853470455545986;0.0;5.712501862432751e-12;0.2129869769953561;3.4914116911929205e-14;0.0;1.9799108735694165e-14;8.622250621453774e-13;0.0;-0.5030766169264446
7242.0;76.19422239014915;-0.33711307999999995;0.050639784374560765;5.204124788558071e-14;0.39075339058055775;0.0;5.851685094783325e-12;0.21246635620218352;3.491357942406155e-14;0.0;1.9798762314104404e-14;8.622199173980538e-13;0.0;-0.3162232102607818
7243.0;76.18388437842225;-0.32672817600000004;0.050639784374552466;5.2040925907013616e-14;0.19577691355790408;0.0;5.573490948291433e-12;0.20736863991051635;3.491309148661884e-14;0.0;1.979844784175178e-14;8.62215247028058e-13;0.0;-0.12643985455766588
7244.0;596.2222005783512;-0.31709321599999996;0.05063978439150034;7.069308055127506e-14;0.06361749166928367;9.102070041391721e-16;5.537169491308295e-12;0.20375685277851543;4.938801600162448e-14;0.0;6.135699436608207e-14;1.1179180372655644e-12;1.1764640817195996e-14;-3.6049275294848356e-8
7245.0;843.6840256646522;-0.31333796799999997;0.05063978439176628;8.525258222331122e-14;0.0172616385149443;1.0494573340417706e-15;6.492652794159266e-12;0.2201780107229544;5.2636749580090535e-14;0.0;0.00892165902885965;1.2969554948150655e-12;1.9107005191258086e-14;-2.48758227534161e-8
7246.0;843.4902877494046;-0.30707744800000003;0.050639784391766154;8.524053875390166e-14;0.01195437986283023;1.0493472424368261e-15;6.830133911088066e-12;0.22670742724189044;5.263497125481618e-14;0.0;1.7601909532721053e-7;1.2968147186884507e-12;1.909882900590274e-14;-2.4881104827199495e-8
7247.0;799.6381987644369;-0.29648958400000003;0.05063978439173174;8.223255138351531e-14;0.011554160619789342;1.021595492195892e-15;5.598364634996181e-12;0.2256228068811185;5.215694867887978e-14;0.0;3.4415926542898233e-13;1.2612784643559105e-12;1.7193689335253224e-14;-2.6329032061241647e-8
7248.0;611.7743782669613;-0.28564385600000003;0.050639784391523876;7.145707927846379e-14;0.011536761477123328;9.178334522576327e-16;4.635579370902239e-12;0.22682673526300076;4.963775235665866e-14;0.0;6.545527043489734e-14;1.1277578809085697e-12;1.2054669032902841e-14;-3.506136329158517e-8
7249.0;3.243640611581797e-5;-0.31945302400000003;0.0;0.0;0.0035566743086574595;0.0;1.6092736316684485e-10;0.45440274409790116;0.0;0.0;0.0;0.0;0.0;-0.1385031701987702
7250.0;2.7247216738194963e-5;-0.31657723200000004;0.0;0.0;0.001775778191180348;0.0;1.5899042086259542e-10;0.4460465040687753;0.0;0.0;0.0;0.0;0.0;-0.13124221856478832
7251.0;-1.6340401648916338e-6;-0.31391339200000007;0.0;0.0;0.0008637386630456469;0.0;1.504815462904442e-10;0.44297692582528275;0.0;0.0;0.0;0.0;0.0;-0.12992424042710457
7252.0;-1.6700443478260733e-6;-0.31337824000000003;0.0;0.0;0.0008465991697706173;0.0;1.4115642946221925e-10;0.4356097297258889;0.0;0.0;0.0;0.0;0.0;-0.12307504245206843
7253.0;-6.537024651674306e-7;-0.321746888;0.0;0.0;0.0008638706944977114;0.0;1.2781889824938074e-10;0.4291464122740882;0.0;0.0;0.0;0.0;0.0;-0.10826037789435049
7254.0;3.512331703123639e-5;-0.340442632;0.0;0.0;0.0021044525509113193;0.0;1.029282961758777e-10;0.414800400852633;0.0;0.0;0.0;0.0;0.0;-0.07645928401887085
7255.0;-2.7366465378888836e-5;-0.35927359200000003;0.0;0.0;0.0203159252621852;0.0;0.0;0.4084664998913897;0.0;0.0;0.0;0.0;0.0;-0.0695061826583064
7256.0;-2.7062005147696928e-5;-0.373157824;0.0;0.0;0.14128929673662538;0.0;0.0;0.40019488534311837;0.0;0.0;0.0;0.0;0.0;-0.16832352509418497
7257.0;-2.5935078467480365e-5;-0.385910328;0.0;0.0;0.4155387430788476;0.0;1.1657040945357742e-10;0.37532711041891315;0.0;0.0;0.0;0.0;0.0;-0.4049526364583835
7258.0;-2.574237844553016e-5;-0.39656568;0.0;0.0;0.7131704569035785;0.0;1.2009855544949936e-10;0.3648403354787947;0.0;0.0;0.0;0.0;0.0;-0.6814421156253898
7259.0;-2.8855846339426758e-5;-0.404972704;0.0;0.0;0.7610534035401189;0.0;1.144258698627761e-10;0.3459878171964921;0.0;0.0;0.0;0.0;0.0;-0.7020654439245283
7260.0;-2.8880065206831052e-5;-0.40967587200000005;0.0;0.0;0.7517097100375141;0.0;1.1266871766032819e-10;0.36061175853698024;0.0;0.0;0.0;0.0;0.0;-0.7026425225972355
7261.0;-2.8560888106965916e-5;-0.4057;0.0;0.0;0.7358263511864214;0.0;1.369642415765717e-10;0.36415684111986885;0.0;0.0;0.0;0.0;0.0;-0.6942801334899171
7262.0;-2.8408717005050415e-5;-0.40583236800000005;0.0;0.0;0.7189651825564706;0.0;1.500249574763762e-10;0.3765836590531835;0.0;0.0;0.0;0.0;0.0;-0.6897134217990353
7263.0;-2.836071156189258e-5;-0.400763816;0.0;0.0;0.7268015784683656;0.0;1.5431393156999045e-10;0.3621506970618771;0.0;0.0;0.0;0.0;0.0;-0.6881854099065454
7264.0;-2.533465913039037e-5;-0.39148868000000003;0.0;0.0;0.6675500634127439;0.0;1.543554438865067e-10;0.3676565448808124;0.0;0.0;0.0;0.0;0.0;-0.6437149751783532
7265.0;-2.5799497349644895e-5;-0.38028996000000004;0.0;0.0;0.41332716536556335;0.0;1.5262599762008566e-10;0.3456383619006844;0.0;0.0;0.0;0.0;0.0;-0.37867269029931727
7266.0;-2.639470043591871e-5;-0.36763940800000006;0.0;0.0;0.1695510059407801;0.0;0.0;0.3237440212568389;0.0;0.0;0.0;0.0;0.0;-0.12565282039775574
7267.0;-8.484653870723437e-7;-0.36711756;0.0;0.0;0.036530417561610046;0.0;0.0;0.3372837486802996;0.0;0.0;0.0;0.0;0.0;-0.006695427855978789
7268.0;0.00037506902811314946;-0.36599936;0.0;0.0;0.009165871515665646;0.0;0.0;0.3587983558138026;0.0;0.0;0.0;0.0;0.0;-0.0019683821803028927
7269.0;4.2243448808224467e-5;-0.357800104;0.0;0.0;0.006089369109959858;0.0;1.7087484173442683e-10;0.37722216695247723;0.0;0.0;0.0;0.0;0.0;-0.025508696860322585
7270.0;3.9050966409717897e-5;-0.34514627200000003;0.0;0.0;0.0051173599456826495;0.0;1.6570050038402823e-10;0.377747603966342;0.0;0.0;0.0;0.0;0.0;-0.03771577650094115
7271.0;4.0657909154358406e-5;-0.333470328;0.0;0.0;0.0033849358304703955;0.0;1.6874428829135366e-10;0.39284566815727606;0.0;0.0;0.0;0.0;0.0;-0.06275710657300924
7272.0;3.1433729575166796e-5;-0.32336219200000005;0.0;0.0;0.0017591554268619478;0.0;1.6448303585637038e-10;0.3979719913225635;0.0;0.0;0.0;0.0;0.0;-0.07636618642813846
7273.0;0.00012539516616498516;-0.30197245600000006;0.0;0.0;0.0002669520445338313;0.0;0.0;0.40157759883481625;0.0;0.0;0.0;0.0;0.0;-0.09987238290422577
7274.0;0.00012184599558681902;-0.23174972800000004;0.0;0.0;0.00031748512463063285;0.0;0.0;0.36075398579303664;0.0;0.0;0.0;0.0;0.0;-0.12932196861922682
7275.0;0.00012334483340149813;-0.23135642400000003;0.0;0.0;0.0002669381365747901;0.0;0.0;0.3625647657376075;0.0;0.0;0.0;0.0;0.0;-0.13147552948181454
7276.0;0.00012649711896304977;-0.289656336;0.0;0.0;0.0002669582145333876;0.0;0.0;0.3787021393173139;0.0;0.0;0.0;0.0;0.0;-0.08931307192246965
7277.0;0.0001269321413375488;-0.28784044;0.0;0.0;0.00026696116377622177;0.0;0.0;0.37285921574456393;0.0;0.0;0.0;0.0;0.0;-0.08528605532999292
7278.0;0.00012517414634664997;-0.28945218400000006;0.0;0.0;0.0003343931304647931;0.0;0.0;0.37240750975654024;0.0;0.0;0.0;0.0;0.0;-0.08329000698578068
7279.0;0.00016540253413733808;-0.29443534400000004;0.0;0.0;0.0018286661901482759;0.0;8.065238805506597e-11;0.3843813762004736;0.0;0.0;0.0;0.0;0.0;-0.0917757417404191
7280.0;3.196486314181671e-5;-0.30236545600000003;0.0;0.0;0.024821219223918282;0.0;0.0;0.3931803391593902;0.0;0.0;0.0;0.0;0.0;-0.11563701524231747
7281.0;1.3261868765609376e-5;-0.31450868800000004;0.0;0.0;0.16421525234546006;0.0;0.0;0.39007164666774297;0.0;0.0;0.0;0.0;0.0;-0.2397787920435443
7282.0;1.3910897535414077e-5;-0.330125072;0.0;0.0;0.3708518224042627;0.0;0.0;0.38697949191276565;0.0;0.0;0.0;0.0;0.0;-0.4277067740698279
7283.0;1.4153180907188018e-5;-0.34032255999999994;0.0;0.0;0.5563587271412901;0.0;0.0;0.3778900646011464;0.0;0.0;0.0;0.0;0.0;-0.5939267042439912
7284.0;1.1620387536634526e-5;-0.34612205600000007;0.0;0.0;0.6177792637005407;0.0;0.0;0.38553988503039627;0.0;0.0;0.0;0.0;0.0;-0.6571974658879659
7285.0;1.1632854007720874e-5;-0.35173914400000006;0.0;0.0;0.6062461466344898;0.0;0.0;0.4024141355445741;0.0;0.0;0.0;0.0;0.0;-0.6569215115490845
7286.0;1.1786256020402666e-5;-0.35012042400000004;0.0;0.0;0.5789610075221284;0.0;0.0;0.42236181305069;0.0;0.0;0.0;0.0;0.0;-0.6512027761176556
7287.0;1.3880240924363629e-5;-0.34456719999999996;0.0;0.0;0.4645287316030179;0.0;0.0;0.4487888114942701;0.0;0.0;0.0;0.0;0.0;-0.5687508387578305
7288.0;1.3443877085963597e-5;-0.33541244800000003;0.0;0.0;0.2726293438361758;0.0;0.0;0.4538739073979832;0.0;0.0;0.0;0.0;0.0;-0.39109135293741204
7289.0;1.2555574543077544e-5;-0.33921815200000005;0.0;0.0;0.08222419432124453;0.0;0.0;0.5028801086138037;0.0;0.0;0.0;0.0;0.0;-0.24588673689173954
7290.0;0.00012810210029050257;-0.35620074399999996;0.0;0.0;0.013902257462507008;0.0;0.0;0.5482856870492466;0.0;0.0;0.0;0.0;0.0;-0.2059878724986538
7291.0;0.00011401374069558215;-0.35766980800000003;0.0;0.0;0.0005550618048133774;0.0;0.0;0.5872371396706777;0.0;0.0;0.0;0.0;0.0;-0.23012242167772523
7292.0;0.00011733443680403864;-0.35453535999999997;0.0;0.0;0.000351232076064316;0.0;0.0;0.5854213766096925;0.0;0.0;0.0;0.0;0.0;-0.2312373799236056
7293.0;0.00011803944504313269;-0.34815127200000007;0.0;0.0;0.0003174615380987383;0.0;0.0;0.5837527207667319;0.0;0.0;0.0;0.0;0.0;-0.23591905443642092
7294.0;0.00011908480743183445;-0.340099064;0.0;0.0;0.0002837507079026428;0.0;0.0;0.5796797118990766;0.0;0.0;0.0;0.0;0.0;-0.2398645580638623
7295.0;0.00011917303659436855;-0.333977768;0.0;0.0;0.0002837515732536285;0.0;0.0;0.56773192918655;0.0;0.0;0.0;0.0;0.0;-0.234038073657148
7296.0;0.00011857410493234736;-0.32632162400000003;0.0;0.0;0.00030059946010933483;0.0;0.0;0.5601920570847014;0.0;0.0;0.0;0.0;0.0;-0.23417118494059574
7297.0;0.00014387303433299276;-0.39825623;0.0;0.0;0.00027504786071901033;0.0;0.0;0.6451236909262517;0.0;0.0;0.0;0.0;0.0;-0.24715493597471325
7298.0;0.00014265394440520401;-0.394745984;0.0;0.0;0.00025750048052507733;0.0;0.0;0.6456094580774657;0.0;0.0;0.0;0.0;0.0;-0.2511334254657611
7299.0;0.00014258557877978455;-0.392073437;0.0;0.0;0.000257497080097913;0.0;0.0;0.644919160867076;0.0;0.0;0.0;0.0;0.0;-0.2531156717334306
7300.0;0.0001439048579201982;-0.388446646;0.0;0.0;0.00027503932676604324;0.0;0.0;0.6391558846552469;0.0;0.0;0.0;0.0;0.0;-0.2509967045862506
7301.0;0.00014390945706687318;-0.390079576;0.0;0.0;0.00027503236459317225;0.0;0.0;0.6436654089459204;0.0;0.0;0.0;0.0;0.0;-0.2538732916158075
7302.0;0.0001436041659228911;-0.39660403999999994;0.0;0.0;0.00027502866670685164;0.0;0.0;0.6546353760795361;0.0;0.0;0.0;0.0;0.0;-0.2583187908443944
7303.0;0.0001496723187169801;-0.41414434499999997;0.0;0.0;0.0003629111567773826;0.0;0.0;0.6641235125753355;0.0;0.0;0.0;0.0;0.0;-0.2503543992672014
7304.0;0.0006358241224381533;-0.43758722799999994;0.0;0.0;0.009585002878973474;0.0;1.57057960544786e-10;0.6673884220849879;0.0;0.0;0.0;0.0;0.0;-0.2393955882850486
7305.0;0.002519589497598082;-0.44912821999999997;0.0;0.0;0.05199993899170499;0.0;1.2756999768422744e-10;0.6416377837913281;0.0;0.0;0.0;0.0;0.0;-0.2445288834168434
7306.0;0.0037865670840592017;-0.45632479699999995;0.0;0.0;0.14676921690539776;0.0;1.2753171403446946e-10;0.6281080635279196;0.0;0.0;0.0;0.0;0.0;-0.3186133136081255
7307.0;0.00519547817600291;-0.463562665;0.0;0.0;0.2857248755991845;0.0;1.2950265169275774e-10;0.6197286088719636;0.0;0.0;0.0;0.0;0.0;-0.4419978242456815
7308.0;7.919883814636887e-5;-0.46889853299999995;0.0;0.0;0.36718585905422035;0.0;0.0;0.6187231303207789;0.0;0.0;0.0;0.0;0.0;-0.5170235520897704
7309.0;7.90250743257711e-5;-0.46900923799999994;0.0;0.0;0.3885543610441228;0.0;0.0;0.6191816650323105;0.0;0.0;0.0;0.0;0.0;-0.5387398795796675
7310.0;7.931411119455953e-5;-0.464872555;0.0;0.0;0.34619730074928357;0.0;0.0;0.6209633794557177;0.0;0.0;0.0;0.0;0.0;-0.5023012239646514
7311.0;0.00492425665792592;-0.46081087100000007;0.0;0.0;0.26497207370298825;0.0;1.296716173273991e-10;0.6198484419976122;0.0;0.0;0.0;0.0;0.0;-0.42410994156661497
7312.0;0.003783121220501166;-0.45387040199999995;0.0;0.0;0.1481226908551763;0.0;1.3123827687007827e-10;0.618633124089338;0.0;0.0;0.0;0.0;0.0;-0.3129467450395152
7313.0;0.00258518170531492;-0.451214011;0.0;0.0;0.05458115664576186;0.0;1.2908384397625005e-10;0.6242797005257444;0.0;0.0;0.0;0.0;0.0;-0.22766753106032425
7314.0;0.0008217604861693048;-0.45460333699999994;0.0;0.0;0.013179077131892767;0.0;1.2797603995821326e-10;0.6340572079345901;0.0;0.0;0.0;0.0;0.0;-0.19264191852656354
7315.0;0.0001890230381553694;-0.455780576;0.0;0.0;0.0010405214522463545;0.0;0.0;0.6364087977845012;0.0;0.0;0.0;0.0;0.0;-0.1816810066181132
7316.0;0.00015094326319840625;-0.44936779099999996;0.0;0.0;0.00034539379013954634;0.0;0.0;0.6349718015052352;0.0;0.0;0.0;0.0;0.0;-0.18596176191811237
7317.0;0.00014865336921761904;-0.43775955499999997;0.0;0.0;0.0003102391534069189;0.0;0.0;0.6229472280054754;0.0;0.0;0.0;0.0;0.0;-0.18551031229304832
7318.0;0.00014856047112166208;-0.423376836;0.0;0.0;0.00031023202974582697;0.0;0.0;0.6104901355156384;0.0;0.0;0.0;0.0;0.0;-0.187435931751501
7319.0;0.00014830453450510956;-0.41214763299999996;0.0;0.0;0.0003102234611584473;0.0;0.0;0.6061179626613471;0.0;0.0;0.0;0.0;0.0;-0.1942929501763453
7320.0;0.00014793720863320056;-0.40218234;0.0;0.0;0.00031020509213565954;0.0;0.0;0.6057265180909805;0.0;0.0;0.0;0.0;0.0;-0.203866777813958
7321.0;3.7516466264172886e-5;-0.35800069500000004;0.0;0.0;0.00027441559588046907;0.0;0.0;0.4795026744261302;0.0;0.0;0.0;0.0;0.0;-0.12178562586200957
7322.0;3.654433768511012e-5;-0.352781946;0.0;0.0;0.00027432098503849434;0.0;0.0;0.4951630598363079;0.0;0.0;0.0;0.0;0.0;-0.14266466157690236
7323.0;3.603588973622429e-5;-0.353995665;0.0;0.0;0.00029182713989931244;0.0;0.0;0.5145802738067073;0.0;0.0;0.0;0.0;0.0;-0.1608856378035142
7324.0;3.5390727604286146e-5;-0.35582001300000005;0.0;0.0;0.0002742261647320624;0.0;0.0;0.5328555338982789;0.0;0.0;0.0;0.0;0.0;-0.17731896731221852
7325.0;3.511868220999955e-5;-0.35920968299999995;0.0;0.0;0.00025667652089916994;0.0;0.0;0.542870932034124;0.0;0.0;0.0;0.0;0.0;-0.18392716420421218
7326.0;3.4756651077497285e-5;-0.368057699;0.0;0.0;0.0002566467989963716;0.0;0.0;0.5669376630207553;0.0;0.0;0.0;0.0;0.0;-0.19914584728743698
7327.0;3.6961280004709374e-5;-0.389424536;0.0;0.0;0.00039749962791490654;0.0;0.0;0.5969935659286258;0.0;0.0;0.0;0.0;0.0;-0.20797558123525622
7328.0;0.00037828748649583883;-0.4154728240000001;0.0;0.0;0.007963420342702475;0.0;1.6592565750754658e-10;0.6168650936048607;0.0;0.0;0.0;0.0;0.0;-0.2093624592972863
7329.0;0.0016059914494669864;-0.429616212;0.0;0.0;0.043102782028905266;0.0;1.658615106844659e-10;0.6278849253738202;0.0;0.0;0.0;0.0;0.0;-0.2413886375297417
7330.0;0.002462557502781074;-0.43699224499999995;0.0;0.0;0.12579992321279054;0.0;1.6632020847046178e-10;0.62607848267251;0.0;0.0;0.0;0.0;0.0;-0.314934972034669
7331.0;0.0034698636802262903;-0.44107212300000004;0.0;0.0;0.23656869502320715;0.0;1.6618519789616738e-10;0.6252712838972967;0.0;0.0;0.0;0.0;0.0;-0.4208501910527932
7332.0;0.004370024334785831;-0.44579911499999997;0.0;0.0;0.3280790525466485;0.0;1.6329032061591862e-10;0.6320189564590395;0.0;0.0;0.0;0.0;0.0;-0.5144077881503543
7333.0;0.005165862324720585;-0.444809428;0.0;0.0;0.38586116784095204;0.0;1.6213478291420644e-10;0.6398340568754202;0.0;0.0;0.0;0.0;0.0;-0.5810132282308172
7334.0;0.005033733974733824;-0.44011812100000003;0.0;0.0;0.37443832599511434;0.0;1.5699778410671539e-10;0.6454980211976112;0.0;0.0;0.0;0.0;0.0;-0.5799422106874883
7335.0;0.004299799455808724;-0.435036817;0.0;0.0;0.31506813827558994;0.0;1.480094147882531e-10;0.6452766593986019;0.0;0.0;0.0;0.0;0.0;-0.5254136125951842
7336.0;0.003375695202953074;-0.427137306;0.0;0.0;0.21890169416617053;0.0;1.4777846021452003e-10;0.6264528142501963;0.0;0.0;0.0;0.0;0.0;-0.4182949214854098
7337.0;0.002403193630087397;-0.422143271;0.0;0.0;0.113257330800576;0.0;1.5402628939055974e-10;0.6170793333975116;0.0;0.0;0.0;0.0;0.0;-0.30823817811297616
7338.0;0.0014637844768303873;-0.421140722;0.0;0.0;0.03548491035314599;0.0;1.546006645132727e-10;0.5998776929197118;0.0;0.0;0.0;0.0;0.0;-0.21423531979238072
7339.0;0.00022947721925199407;-0.42247809699999994;0.0;0.0;0.004118658660314888;0.0;1.5541568301656645e-10;0.6081610389349851;0.0;0.0;0.0;0.0;0.0;-0.18980902243367698
7340.0;5.871314159192107e-5;-0.41853843499999993;0.0;0.0;0.0009691564694225942;0.0;0.0;0.6107105591521756;0.0;0.0;0.0;0.0;0.0;-0.19315031954552003
7341.0;3.955948432722289e-5;-0.40892320800000004;0.0;0.0;0.0005218447715846619;0.0;0.0;0.6233117046246538;0.0;0.0;0.0;0.0;0.0;-0.2149192591535309
7342.0;3.6935065219778496e-5;-0.395999652;0.0;0.0;0.00041504733987014395;0.0;0.0;0.6393972150753712;0.0;0.0;0.0;0.0;0.0;-0.24382164319426555
7343.0;3.4238264149057316e-5;-0.38413737699999995;0.0;0.0;0.0002740012700022508;0.0;0.0;0.6294258036591525;0.0;0.0;0.0;0.0;0.0;-0.24557164838779347
7344.0;3.4296553738504063e-5;-0.372813573;0.0;0.0;0.00029154723637625263;0.0;0.0;0.6268351200013049;0.0;0.0;0.0;0.0;0.0;-0.2543222922595363
7345.0;21.4213778639146;-0.340885668;0.0;0.0;0.009852731651945912;0.0;1.1061763236996982e-10;0.3505419954416052;3.266286094511292e-14;0.0;0.0;0.0;0.0;-0.019314898188068298
7346.0;21.419897426812753;-0.333786493;0.0;0.0;0.007687297808167372;0.0;1.1690580899162e-10;0.343892557512904;3.2662816061544865e-14;0.0;0.0;0.0;0.0;-0.01759272042323187
7347.0;21.418470409432544;-0.33160142099999995;0.0;0.0;0.005846677828760216;0.0;1.1499925294251583e-10;0.33817144827167894;3.266278542220225e-14;0.0;0.0;0.0;0.0;-0.01223377883280144
7348.0;32.505440036101334;-0.33125732299999994;0.0;7.463601947554614e-14;0.0038797389944110272;0.0;1.2665798545031058e-10;0.33187823146904216;3.2955434781810276e-14;0.0;0.0;0.0;0.0;-2.074300662976007e-6
7349.0;29.83317660839256;-0.333280307;0.0;7.454168728024175e-14;0.0016601664752166;0.0;1.2208661132271178e-10;0.3371135853496997;3.2883844258610816e-14;0.0;0.0;0.0;0.0;-2.6861828264254684e-6
7350.0;49.94695657446585;-0.34202004299999994;0.0;7.525657519669679e-14;0.0014255803721125039;0.0;1.303508449787179e-10;0.34008208417884134;3.3421390429215445e-14;0.0;0.0;0.0;0.0;-8.798626751740503e-7
7351.0;50.063762669374825;-0.36142327100000005;0.0019496095825818607;7.526091928183366e-14;0.021058863519670974;0.0;1.244097198960238e-10;0.3379447633615843;3.342462123792352e-14;0.0;0.0;0.0;0.0;-8.765327858498269e-7
7352.0;21.430596807658404;-0.38409415499999994;0.0;0.0;0.1449398283675519;0.0;1.036302813386607e-10;0.3338104544349455;3.2663036692466664e-14;0.0;0.0;0.0;0.0;-0.09431891729701844
7353.0;21.453892455457247;-0.404057779;0.0;0.0;0.4361909227947363;0.0;9.709312029699958e-11;0.32080302862995513;3.2663539102890645e-14;0.0;0.0;0.0;0.0;-0.3523496859913336
7354.0;21.47592516848207;-0.415828404;0.0;0.0;0.7454151359041399;0.0;9.254852674984765e-11;0.2925213259220096;3.266398606166768e-14;0.0;0.0;0.0;0.0;-0.6212364973894451
7355.0;0.027804108090078265;-0.42002213;0.0;0.0;0.9876912887171271;0.0;7.678791177337876e-11;0.2405342199704329;0.0;0.0;0.0;0.0;0.0;-0.8086276565255696
7356.0;0.015644687637475146;-0.423793392;0.0;0.0;0.9961070744499827;0.0;7.999085855837924e-11;0.2362874006648285;0.0;0.0;0.0;0.0;0.0;-0.8086276572224573
7357.0;0.015643344773561548;-0.42735947799999996;0.0;0.0;0.9836975992755255;0.0;7.742982397290054e-11;0.2522629556748535;0.0;0.0;0.0;0.0;0.0;-0.8086276572224921
7358.0;0.01564518648693324;-0.426082594;0.0;0.0;0.9666415831960847;0.0;8.11652619899602e-11;0.2680421007872051;0.0;0.0;0.0;0.0;0.0;-0.8086276572224391
7359.0;0.015646182633174324;-0.41840959799999994;0.0;0.0;0.9509919168874299;0.0;8.46601975311389e-11;0.27601879567126303;0.0;0.0;0.0;0.0;0.0;-0.8086276572224137
7360.0;0.0343799877977729;-0.408018989;0.0;0.0;0.9338802156783357;0.0;8.22283470745543e-11;0.28225449859800095;0.0;0.0;0.0;0.0;0.0;-0.8086276561342707
7361.0;21.47849552811771;-0.396229441;0.0;0.0;0.6597180204211807;0.0;8.873287933894493e-11;0.3473468117014144;3.2664141184709915e-14;0.0;0.0;0.0;0.0;-0.6101118945760529
7362.0;21.44604641253275;-0.388613033;0.0;0.0;0.3448275829622835;0.0;8.561983344126163e-11;0.3220767839227088;3.2663365286577115e-14;0.0;0.0;0.0;0.0;-0.2777805843858952
7363.0;21.420522755879315;-0.38470511899999993;0.0;0.0;0.09998899217156287;0.0;9.208113005128357e-11;0.3030675953210805;3.266275869231231e-14;0.0;0.0;0.0;0.0;-0.018019266277069824
7364.0;596.5563461798134;-0.388602149;0.05063978439100977;1.0158575436629482e-13;0.020066370319844217;1.3196010071014933e-15;1.5279153650604336e-10;0.3071911097294453;4.542921676859294e-14;0.0;7.972270484821718e-14;1.4527633750285461e-12;1.6521148289801127e-14;-5.276962142503348e-8
7365.0;629.9243965131348;-0.38341916;0.05063978439108538;1.0379651171203497e-13;0.010159504019547658;1.342006636205922e-15;1.2598078233773708e-10;0.31586992327919516;4.595131739613957e-14;0.0;8.986212763072495e-14;1.474964558451906e-12;1.7333400857042147e-14;-4.993106076168988e-8
7366.0;477.7497580278796;-0.373300552;0.050639784390642754;9.439083285329033e-14;0.0105565000893947;1.245189020017348e-15;1.0744893447991225e-10;0.3180288311582816;4.336598465077936e-14;0.0;5.679023634697479e-14;1.3779600206799914e-12;1.414838816810604e-14;-6.625076050827003e-8
7367.0;307.6502815207078;-0.361505523;0.05063978438952721;8.570987143092e-14;0.01055650008903473;1.1522508541501503e-15;8.769888308178751e-11;0.3197883418113129;3.984764183610372e-14;0.0;4.02382247236804e-14;1.282353041495285e-12;1.1737711848560937e-14;-1.044233490701558e-7
7368.0;147.69003970138724;-0.34966225900000003;0.05063978438490177;7.888609339881482e-14;0.010321909939953258;0.0;5.854778077140383e-11;0.32226029273658857;3.596104303474704e-14;0.0;3.1580918062205256e-14;1.202947739564435e-12;1.0116492093493837e-14;-2.2877697613181225e-7
7369.0;0.00038631380194015144;-0.25457287100000003;0.0;0.0;0.007531134460816459;0.0;4.9298137091829124e-11;0.25553359494341127;0.0;0.0;0.0;0.0;0.0;-0.008495018188387032
7370.0;0.0003016357720853092;-0.251158753;0.0;0.0;0.004175554058643347;0.0;5.314572723013802e-11;0.2526103206947954;0.0;0.0;0.0;0.0;0.0;-0.005631759633504744
7371.0;0.00034241559852792166;-0.24818695599999996;0.0;0.0;0.002302764428922759;0.0;0.0;0.2488985528027656;0.0;0.0;0.0;0.0;0.0;-0.003022335302259166
7372.0;26.75561269510057;-0.245288139;0.0;4.6571511495964636e-14;0.0008661743383521387;0.0;6.753229671263637e-11;0.25131855554512067;3.306563146807688e-14;0.0;0.0;0.0;0.0;-7.247359736198863e-7
7373.0;0.0003189664369514389;-0.245853547;0.0;0.0;0.0006888083569025166;0.0;0.0;0.24723279055826738;0.0;0.0;0.0;0.0;0.0;-0.002077917985340433
7374.0;0.0010603985546614552;-0.247718409;0.0;0.0;0.018928187542327758;0.0;6.111008871037228e-11;0.23204288150358246;0.0;0.0;0.0;0.0;0.0;-0.003256921255983176
7375.0;1.244115188241978e-5;-0.25375630299999996;0.0;0.0;0.08632551077325902;0.0;0.0;0.17266938862976977;0.0;0.0;0.0;0.0;0.0;-0.005246039240619351
7376.0;-6.427668525973979e-5;-0.267747587;0.0;0.0;0.2842714750971703;0.0;0.0;0.16077322838031421;0.0;0.0;0.0;0.0;0.0;-0.1773027124838075
7377.0;-6.582980848116412e-5;-0.28537344800000003;0.0;0.0;0.5362605803920287;0.0;0.0;0.16608979906152269;0.0;0.0;0.0;0.0;0.0;-0.4169824881564202
7378.0;-6.734377027779039e-5;-0.30013763499999996;0.0;0.0;0.7436370776438574;0.0;0.0;0.17219137850000443;0.0;0.0;0.0;0.0;0.0;-0.6156963418754849
7379.0;-6.984830301560767e-5;-0.310213952;0.0;0.0;0.8435898215603678;0.0;0.0;0.18517095633747968;0.0;0.0;0.0;0.0;0.0;-0.7185522854994348
7380.0;-7.378028842464318e-5;-0.315152797;0.0;0.0;0.8842816130701909;0.0;0.0;0.191460405044621;0.0;0.0;0.0;0.0;0.0;-0.7605945822373041
7381.0;-7.562424416340131e-5;-0.315508069;0.0;0.0;0.8827416915188834;0.0;0.0;0.201926669854622;0.0;0.0;0.0;0.0;0.0;-0.7691656072077595
7382.0;-7.596542312812762e-5;-0.314157889;0.0;0.0;0.8659522305220911;0.0;0.0;0.21864432486983948;0.0;0.0;0.0;0.0;0.0;-0.7704439722726824
7383.0;-7.539721201400485e-5;-0.31134317499999997;0.0;0.0;0.8427042421713968;0.0;0.0;0.23690331181559007;0.0;0.0;0.0;0.0;0.0;-0.7682696997905425
7384.0;-6.991206669586136e-5;-0.30733886899999996;0.0;0.0;0.7600335239011586;0.0;0.0;0.26749691804551257;0.0;0.0;0.0;0.0;0.0;-0.7201970310067257
7385.0;-6.66967728988974e-5;-0.301363078;0.0;0.0;0.5908060299069379;0.0;0.0;0.26899318925921806;0.0;0.0;0.0;0.0;0.0;-0.5584416774282225
7386.0;-6.510985498159923e-5;-0.29818240700000004;0.0;0.0;0.39528545954188044;0.0;0.0;0.2752614213102338;0.0;0.0;0.0;0.0;0.0;-0.3723700449346207
7387.0;-6.397586422378285e-5;-0.290308297;0.0;0.0;0.17903579737893618;0.0;0.0;0.26854504811429797;0.0;0.0;0.0;0.0;0.0;-0.15727815116828195
7388.0;-1.2441311461592166e-5;-0.289882457;0.0;0.0;0.03338626041559024;0.0;0.0;0.2641389153756888;0.0;0.0;0.0;0.0;0.0;-0.007649559488600401
7389.0;1.1461457448993227e-6;-0.28870925699999994;0.0;0.0;0.012797396054098315;0.0;0.0;0.28202254166287494;0.0;0.0;0.0;0.0;0.0;-0.006117849890162678
7390.0;0.0006332405581532818;-0.286407009;0.0;0.0;0.012046642595392999;0.0;4.785533596135487e-11;0.28035837537606534;0.0;0.0;0.0;0.0;0.0;-0.006000971125053919
7391.0;0.0006465157826323186;-0.281974591;0.0;0.0;0.012064827540945303;0.0;5.0840094227411045e-11;0.2752002678533387;0.0;0.0;0.0;0.0;0.0;-0.005293874193900813
7392.0;0.00065052864679703;-0.274952254;0.0;0.0;0.012046803818707583;0.0;5.362680988219646e-11;0.26798183350744936;0.0;0.0;0.0;0.0;0.0;-0.005079920954871183
7393.0;50.01387514300639;-0.27702019899999997;0.004132852273162174;4.3588846382325956e-14;0.011332448695380325;0.0;1.0745683050408707e-11;0.2605802731553191;3.419298528934647e-14;0.0;0.0;0.0;0.0;-3.5733172369875733e-7
7394.0;50.04824506629604;-0.27079830899999996;0.0013952065714944138;4.3589350125718374e-14;0.009979050522695324;0.0;1.0713330405527755e-11;0.25904744741426095;3.4194094907965635e-14;0.0;0.0;0.0;0.0;-3.571579614206068e-7
7395.0;49.92228859416796;-0.267764708;0.0;4.3586597778337344e-14;0.008373016650609168;0.0;1.5686028657376182e-11;0.2591553926104768;3.418803171581512e-14;0.0;0.0;0.0;0.0;-3.5810947726215424e-7
7396.0;50.0482278081386;-0.269440524;0.00157822068119882;4.3589349694947107e-14;0.007380527485771456;0.0;2.8144488409380188e-11;0.26010531231457923;3.4194093959103846e-14;0.0;0.0;0.0;0.0;-3.57158109937838e-7
7397.0;50.048557493780486;-0.275679554;0.0014180122733993827;4.358935355488042e-14;0.015049777736685175;0.0;3.1970972100116784e-11;0.2588423515414465;3.419410246140821e-14;0.0;0.0;0.0;0.0;-3.571567791508742e-7
7398.0;0.0043587628417353485;-0.29159917300000004;0.0;0.0;0.06960590337250457;0.0;3.052728911064345e-11;0.22598377006814677;0.0;0.0;0.0;0.0;0.0;-0.003974295030829078
7399.0;-5.76279485831701e-5;-0.307143269;0.0;0.0;0.19932055902677445;0.0;0.0;0.11524062876300054;0.0;0.0;0.0;0.0;0.0;-0.007422004417605484
7400.0;-0.00010772598195558515;-0.333768369;0.0;0.0;0.4688100574978473;0.0;3.861805345497555e-11;0.0909462810548464;0.0;0.0;0.0;0.0;0.0;-0.22599085267295727
7401.0;-0.00010940911954667422;-0.352029088;0.0;0.0;0.7935182478232661;0.0;4.1107706326154764e-11;0.09070587678085273;0.0;0.0;0.0;0.0;0.0;-0.532197879403264
7402.0;-0.00011226913507980663;-0.36741896100000004;0.0;0.0;0.9553415481029978;0.0;4.305981968129804e-11;0.1276763350546232;0.0;0.0;0.0;0.0;0.0;-0.7156016951203208
7403.0;-0.00011221598127319902;-0.37903480900000003;0.0;0.0;0.9523967316780808;0.0;4.70772062868162e-11;0.14111905516053502;0.0;0.0;0.0;0.0;0.0;-0.7144837522628602
7404.0;-0.00011217727618361418;-0.381414753;0.0;0.0;0.9411414559851238;0.0;5.044388489659076e-11;0.15393566988591326;0.0;0.0;0.0;0.0;0.0;-0.7136651483819658
7405.0;-0.00011218511275085956;-0.37925480599999994;0.0;0.0;0.9298923318274162;0.0;5.079752725382771e-11;0.16321971139372485;0.0;0.0;0.0;0.0;0.0;-0.713860012552614
7406.0;-0.00011221562235424863;-0.37791230500000006;0.0;0.0;0.9090047449281833;0.0;5.106629545976389e-11;0.18348657711761254;0.0;0.0;0.0;0.0;0.0;-0.7145817916355435
7407.0;-0.00011212301533515071;-0.373610765;0.0;0.0;0.8845531116768623;0.0;5.900201699325411e-11;0.20165549136775848;0.0;0.0;0.0;0.0;0.0;-0.712600615234203
7408.0;-0.00011194934063399187;-0.36634422099999997;0.0;0.0;0.8545413751405325;0.0;7.235546016381215e-11;0.2204122604065745;0.0;0.0;0.0;0.0;0.0;-0.7086121965533468
7409.0;-0.00010970814584290053;-0.35683374599999995;0.0;0.0;0.735625945524807;0.0;7.18603635644277e-11;0.20009615367088948;0.0;0.0;0.0;0.0;0.0;-0.5788911900098566
7410.0;-0.00010853302730665286;-0.348381089;0.0;0.0;0.5060906286360778;0.0;6.927172529067793e-11;0.2070502081948363;0.0;0.0;0.0;0.0;0.0;-0.36476261284252565
7411.0;-0.00010648352014236894;-0.336661841;0.0;0.0;0.26117235470408956;0.0;6.669722836359651e-11;0.2110016602782929;0.0;0.0;0.0;0.0;0.0;-0.13551508798443135
7412.0;3.067921567240142e-5;-0.322506686;0.0;0.0;0.1104143036168042;0.0;0.0;0.21483179424690396;0.0;0.0;0.0;0.0;0.0;-0.002745649518292468
7413.0;0.0014023954820896467;-0.3132046319999999;0.0;0.0;0.029836489149794757;0.0;6.674042074896565e-11;0.2868362184998219;0.0;0.0;0.0;0.0;0.0;-0.003463489904382855
7414.0;0.00042315724880137383;-0.309091274;0.0;0.0;0.011396647960116225;0.0;6.036016345112891e-11;0.30412910682254274;0.0;0.0;0.0;0.0;0.0;-0.006435129206938227
7415.0;0.0004368363673543933;-0.299615384;0.0;0.0;0.011071791455044815;0.0;5.3004374613741677e-11;0.2933284695674659;0.0;0.0;0.0;0.0;0.0;-0.004786612674300626
7416.0;0.0005007136772266979;-0.28103725999999996;0.0;0.0;0.010566594787670842;0.0;5.366922982533168e-11;0.2736292522510323;0.0;0.0;0.0;0.0;0.0;-0.003162519211135939
7417.0;557.6008136939637;-0.275487949;0.050639784391318256;7.045003879991473e-14;0.009564006884149361;9.316183786348835e-16;3.085957082978673e-11;0.21758560658812834;4.8043714455948114e-14;0.0;5.0026102875308193e-14;1.1289358474098179e-12;1.1131195828253986e-14;-4.140119069956246e-8
7418.0;569.6258125076016;-0.273206571;0.050639784391341654;7.098407877463243e-14;0.0074527076742793245;9.372505050218569e-16;3.3536358821808694e-11;0.21597722118709956;4.825528664303497e-14;0.0;5.189764034405744e-14;1.1360097274680468e-12;1.1313119828309761e-14;-4.04790803349473e-8
7419.0;746.9338537155223;-0.271094913;0.05063978439159265;7.990732983670062e-14;0.00588276692543721;1.0288697544753465e-15;3.528690536549312e-11;0.20251642358063154;5.0899218219985505e-14;0.0;1.1561452827565293e-13;1.2506881727985004e-12;1.4900646487922223e-14;-3.048522972846466e-8
7420.0;799.0226296101399;-0.269095254;0.05063978439164377;8.297119838081565e-14;0.005954947110763594;1.059281706661038e-15;3.300508952874623e-11;0.1969356450718753;5.153462601660389e-14;0.0;1.808288777561237e-13;1.2885387439667847e-12;1.6431218415475173e-14;-2.842522597715953e-8
7421.0;891.4867269730055;-0.27173758000000003;0.05063978439171884;8.902293904296815e-14;0.00707375513549736;1.1178541322696781e-15;3.3887864428950876e-11;0.1845758943989587;5.2537106998385845e-14;0.0;0.013584489257181257;1.361032386839502e-12;2.008970908393633e-14;-2.5384969697388922e-8
7422.0;891.4785768751387;-0.28373549600000003;0.05063978439171883;8.902238696761691e-14;0.029323608891698622;1.1178488774521639e-15;3.346885652794389e-11;0.16823295609868347;5.253702783127525e-14;0.0;0.019633106536407784;1.3610259100033116e-12;2.008932878077377e-14;-2.5385200505846282e-8
7423.0;50.04806341628586;-0.303102125;0.03265718658256233;5.350203154161942e-14;0.13690967113918856;0.0;1.5487345106964252e-11;0.15117757752500138;3.385530922716311e-14;0.0;0.0;0.0;0.0;-0.017510487554103123
7424.0;50.05718480553379;-0.324285617;0.020000695384398724;5.350223277977401e-14;0.3560337148317682;0.0;1.3713263764528066e-11;0.1461797050531992;3.385560441502149e-14;0.0;0.0;0.0;0.0;-0.19770958685021764
7425.0;50.068499117625365;-0.341796041;0.021305128505980327;5.350248184828397e-14;0.6241146485435112;0.0;1.2714733003391375e-11;0.1401131711840765;3.385596975912512e-14;0.0;0.0;0.0;0.0;-0.4434119080317646
7426.0;50.077846997347635;-0.353260059;0.021652627754739067;5.350269335781568e-14;0.8339814556848352;0.0;1.1194164010494972e-11;0.14619049759544095;3.3856280006575573e-14;0.0;0.0;0.0;0.0;-0.6481637848167432
7427.0;50.08354575673369;-0.363434209;0.02140589726619048;5.3502822410931286e-14;0.9629511912860648;0.0;8.34481750365469e-12;0.1498390531371362;3.3856469303293155e-14;0.0;0.0;0.0;0.0;-0.7703143733738222
7428.0;16.608365413578493;-0.36924072900000005;0.0;0.0;1.0185126621971607;0.0;6.569327325803995e-12;0.1599427472296133;3.2605836639834975e-14;0.0;0.0;0.0;0.0;-0.8086280212551762
7429.0;0.020837515668822186;-0.369891941;0.0;0.0;1.02527964661836;0.0;4.880384204419105e-12;0.1529699621800622;0.0;0.0;0.0;0.0;0.0;-0.8086281619294593
7430.0;0.021934867043966366;-0.36866762200000003;0.0;0.0;1.015625413655511;0.0;4.38527091979728e-12;0.16136876957024104;0.0;0.0;0.0;0.0;0.0;-0.8086281619189901
7431.0;50.08526247783262;-0.36368220900000003;0.006817511030745359;5.350289418078942e-14;0.9382291353731237;0.0;5.608769016459396e-12;0.21242581434366767;3.3856574575685084e-14;0.0;0.0;0.0;0.0;-0.7933951073395289
7432.0;50.079696580708465;-0.356415172;0.019142600504115634;5.3502768108199435e-14;0.8083751798748444;0.0;5.957687414762512e-12;0.21121682814602427;3.3856389651519345e-14;0.0;0.0;0.0;0.0;-0.6819723881527011
7433.0;50.07103116343736;-0.34766243399999996;0.018097149411764157;5.3502575334048486e-14;0.6070257517786675;0.0;5.714773724724259e-12;0.21197244649693162;3.38561068867772e-14;0.0;0.0;0.0;0.0;-0.48916302193174577
7434.0;50.062281607011485;-0.33929378999999993;0.017139452076849807;5.350238004980908e-14;0.4052251949989137;0.0;5.851281140079748e-12;0.2114543056003236;3.3855820437414753e-14;0.0;0.0;0.0;0.0;-0.29433169790031566
7435.0;50.05331933643809;-0.32888988799999996;0.016470754943575423;5.350217764338385e-14;0.2030276381085038;0.0;5.578384961478845e-12;0.20638087149116824;3.3855523538046176e-14;0.0;0.0;0.0;0.0;-0.09686947572029528
7436.0;644.0273638420456;-0.3192086579999999;0.05063978439146511;7.446915479545207e-14;0.06597360659835777;9.735859565514528e-16;5.665396045814196e-12;0.2027862885485462;4.94644397555719e-14;0.0;6.748402691495476e-14;1.1815882230032936e-12;1.258271653540979e-14;-3.558783754953573e-8
7437.0;891.4946819231676;-0.31541688399999995;0.050639784391718845;8.90236232660364e-14;0.01790093445601343;1.1178606448861976e-15;6.6131209082324946e-12;0.21912922684884395;5.253720511265806e-14;0.0;0.011815274984083322;1.3610404139718062e-12;2.0090180431935006e-14;-2.5384683651186982e-8
7438.0;891.4951394552478;-0.309075374;0.050639784391718845;8.902365044166441e-14;0.01239711804887702;1.1178609035505835e-15;6.9572424623136664e-12;0.22562754150283937;5.253720900944938e-14;0.0;0.004482704467281622;1.3610407327889278e-12;2.0090199153009747e-14;-2.5384672290371864e-8
7439.0;864.8752732660262;-0.298380242;0.05063978439169891;8.71864294428308e-14;0.011982076427457017;1.100285348447317e-15;5.729811929066287e-12;0.22454808756327568;5.226253535762834e-14;0.0;6.261891366365007e-13;1.3393495752809269e-12;1.887597451777159e-14;-2.619395409882133e-8
7440.0;681.2995732952684;-0.287453853;0.050639784391515986;7.634588478264608e-14;0.011964032896305944;9.928565497796766e-16;4.770516832318801e-12;0.22574628121866122;5.0012429170192983e-14;0.0;7.94275220223705e-14;1.2057128216087705e-12;1.3331810053772212e-14;-3.3558523452293035e-8
7441.0;0.00016821781915836076;-0.321375462;0.0;0.0;0.003700572999367292;0.0;1.6452476592469507e-10;0.44719709851589745;0.0;0.0;0.0;0.0;0.0;-0.12953001729594987
7442.0;8.793940521385155e-5;-0.318493216;0.0;0.0;0.0018446825666947034;0.0;0.0;0.43883877697344303;0.0;0.0;0.0;0.0;0.0;-0.12219903641389818
7443.0;2.508574212285878e-5;-0.315819296;0.0;0.0;0.0008938243712847102;0.0;0.0;0.43594612427849394;0.0;0.0;0.0;0.0;0.0;-0.12102963196699756
7444.0;2.490317943223314e-5;-0.31527762000000004;0.0;0.0;0.0008759016063401986;0.0;0.0;0.42872075705659773;0.0;0.0;0.0;0.0;0.0;-0.11432801217381652
7445.0;2.661639821755117e-5;-0.323702219;0.0;0.0;0.0008938851623569496;0.0;0.0;0.4216755574803921;0.0;0.0;0.0;0.0;0.0;-0.09887621265382832
7446.0;0.00011335249364526537;-0.342493541;0.0;0.0;0.002187175817694186;0.0;0.0;0.40678505768282347;0.0;0.0;0.0;0.0;0.0;-0.06648721948698727
7447.0;0.0009276801733255747;-0.361502021;0.0;0.0;0.021183287729671044;0.0;1.0404252503134452e-10;0.4034738037327774;0.0;0.0;0.0;0.0;0.0;-0.06316333288444223
7448.0;0.0024833989171693495;-0.375485737;0.0;0.0;0.14754588816387226;0.0;1.1731614565477948e-10;0.38869161595008683;0.0;0.0;0.0;0.0;0.0;-0.16080644295050817
7449.0;0.007355527981356674;-0.38828331400000005;0.0;0.0;0.4340429348655155;0.0;1.1919849318053826e-10;0.3545821957547549;0.0;0.0;0.0;0.0;0.0;-0.4004947923306143
7450.0;0.0001167213815125537;-0.39896146499999996;0.0;0.0;0.7449293190265389;0.0;0.0;0.3406937215127807;0.0;0.0;0.0;0.0;0.0;-0.6866788533041076
7451.0;-9.423254738434822e-6;-0.407393927;0.0;0.0;0.79487818808513;0.0;0.0;0.340240293779358;0.0;0.0;0.0;0.0;0.0;-0.7277339360577745
7452.0;-9.465697740957573e-6;-0.41211941100000005;0.0;0.0;0.7858544176400123;0.0;0.0;0.3546527769538489;0.0;0.0;0.0;0.0;0.0;-0.728397163657938
7453.0;-8.96027146074426e-6;-0.408122;0.0;0.0;0.7700662078931827;0.0;0.0;0.35786318721819577;0.0;0.0;0.0;0.0;0.0;-0.7198167886591873
7454.0;-8.742813265846707e-6;-0.408251834;0.0;0.0;0.7531447791232408;0.0;0.0;0.37071492878292195;0.0;0.0;0.0;0.0;0.0;-0.7156172733477938
7455.0;-8.680978156148613e-6;-0.403146833;0.0;0.0;0.7606974518362811;0.0;0.0;0.3568069830450753;0.0;0.0;0.0;0.0;0.0;-0.7143670030294673
7456.0;0.007380631982773736;-0.393828465;0.0;0.0;0.6973063632337148;0.0;1.5784550976426044e-10;0.338622171111663;0.0;0.0;0.0;0.0;0.0;-0.6423079284639008
7457.0;0.006244660660554308;-0.38260160499999996;0.0;0.0;0.431732947005583;0.0;1.560701507384993e-10;0.32336245704043726;0.0;0.0;0.0;0.0;0.0;-0.3726393119770715
7458.0;0.0024172625368712943;-0.36993822899999995;0.0;0.0;0.17706949337619166;0.0;1.6756523731793714e-10;0.30792653355127036;0.0;0.0;0.0;0.0;0.0;-0.11511860776452312
7459.0;0.002563957719622871;-0.36945878;0.0;0.0;0.038070083592408065;0.0;1.7027546544634988e-10;0.33267682940195475;0.0;0.0;0.0;0.0;0.0;-0.0012995146192116662
7460.0;0.0010755267486436404;-0.36831555499999996;0.0;0.0;0.009522065674531574;0.0;1.742295106099905e-10;0.3600843254579901;0.0;0.0;0.0;0.0;0.0;-0.0013083122611121554
7461.0;0.0003448127808873057;-0.360020252;0.0;0.0;0.006338861593299264;0.0;1.7469501904046136e-10;0.36781641560527084;0.0;0.0;0.0;0.0;0.0;-0.014142201801421278
7462.0;0.00026470352757745474;-0.347241736;0.0;0.0;0.005326156046388746;0.0;1.6940484597693983e-10;0.37002034358484265;0.0;0.0;0.0;0.0;0.0;-0.02811220284948407
7463.0;0.0001771685360572491;-0.3354618139999999;0.0;0.0;0.003521318959310389;0.0;1.7251635983993648e-10;0.3839909992047529;0.0;0.0;0.0;0.0;0.0;-0.05205831770919918
7464.0;9.555215383722898e-5;-0.32530257100000004;0.0;0.0;0.0018274564857561895;0.0;0.0;0.3902840243160036;0.0;0.0;0.0;0.0;0.0;-0.06681771990171605
7465.0;0.0002740799978873314;-0.303798903;0.0;0.0;0.0002752879969358124;0.0;0.0;0.4036401286019733;0.0;0.0;0.0;0.0;0.0;-0.10013405298608531
7466.0;0.00027582549484653197;-0.233201514;0.0;0.0;0.00032777038124280156;0.0;0.0;0.3632644069429078;0.0;0.0;0.0;0.0;0.0;-0.13040811408771774
7467.0;0.0002695458958490527;-0.23279866199999996;0.0;0.0;0.00027507656942462775;0.0;0.0;0.3647589073614686;0.0;0.0;0.0;0.0;0.0;-0.1322528411236884
7468.0;0.0002754490690148015;-0.291436093;0.0;0.0;0.0002753465305445508;0.0;0.0;0.38397715527397924;0.0;0.0;0.0;0.0;0.0;-0.09283395850608389
7469.0;0.00027617215650118895;-0.28960821999999997;0.0;0.0;0.000275379338514631;0.0;0.0;0.3788841478811977;0.0;0.0;0.0;0.0;0.0;-0.08956886001673481
7470.0;0.0002845485561261196;-0.291230667;0.0;0.0;0.00034566876654394717;0.0;0.0;0.37875077884125663;0.0;0.0;0.0;0.0;0.0;-0.08788323790636753
7471.0;0.0004252889890901579;-0.296247497;0.0;0.0;0.0018997791588173977;0.0;0.0;0.38855257848138186;0.0;0.0;0.0;0.0;0.0;-0.09422229599503132
7472.0;0.001754058644032547;-0.304242653;0.0;0.0;0.02583592438632462;0.0;9.176437107769922e-11;0.39283653556905496;0.0;0.0;0.0;0.0;0.0;-0.11444128554527735
7473.0;0.005072733887133305;-0.316452994;0.0;0.0;0.17143796035392925;0.0;1.0450102833293373e-10;0.38676041022434116;0.0;0.0;0.0;0.0;0.0;-0.2418193906238742
7474.0;0.009001244041562665;-0.332150886;0.0;0.0;0.3873041614828946;0.0;1.1346372429014595e-10;0.37645813920205445;0.0;0.0;0.0;0.0;0.0;-0.431763623543791
7475.0;0.0001651526359151368;-0.34239602999999996;0.0;0.0;0.5616297675231388;0.0;0.0;0.3690149534404715;0.0;0.0;0.0;0.0;0.0;-0.5882668886095057
7476.0;0.00016351793230084713;-0.348223078;0.0;0.0;0.6431728739362559;0.0;0.0;0.3737207220427186;0.0;0.0;0.0;0.0;0.0;-0.6686886760063739
7477.0;0.00016347426141841782;-0.353865772;0.0;0.0;0.63320998866819;0.0;0.0;0.3908480855897896;0.0;0.0;0.0;0.0;0.0;-0.6702104593180047
7478.0;0.0001637293887446169;-0.35224341200000003;0.0;0.0;0.5979418310608466;0.0;0.0;0.41679745902263826;0.0;0.0;0.0;0.0;0.0;-0.6625140421882169
7479.0;0.010668655774239453;-0.34666422499999994;0.0;0.0;0.48516504841909724;0.0;1.504281714247336e-10;0.43198895303791945;0.0;0.0;0.0;0.0;0.0;-0.5706756163705626
7480.0;0.0060728423413614445;-0.337460249;0.0;0.0;0.28469541882041616;0.0;1.4558883905523433e-10;0.4444923560840787;0.0;0.0;0.0;0.0;0.0;-0.39184179208023556
7481.0;0.0037438977226026972;-0.34129405100000004;0.0;0.0;0.08578577678162966;0.0;1.530076722914138e-10;0.49756816753491867;0.0;0.0;0.0;0.0;0.0;-0.24209725111986088
7482.0;0.0010757350054199266;-0.35839019699999997;0.0;0.0;0.014457480910923769;0.0;1.5837456751770174e-10;0.5429827082762619;0.0;0.0;0.0;0.0;0.0;-0.19906345202133555
7483.0;0.0002892149636541591;-0.35986905399999997;0.0;0.0;0.0005749550462140196;0.0;0.0;0.580524481024017;0.0;0.0;0.0;0.0;0.0;-0.22124746700194087
7484.0;0.000273117806784788;-0.35670367999999997;0.0;0.0;0.0003626774118996907;0.0;0.0;0.5787548398486579;0.0;0.0;0.0;0.0;0.0;-0.22243120659010898
7485.0;0.00026905517174359204;-0.35027473600000003;0.0;0.0;0.0003274748416656983;0.0;0.0;0.5771751575622684;0.0;0.0;0.0;0.0;0.0;-0.22724531060291603
7486.0;0.00026483352253622324;-0.34215898199999994;0.0;0.0;0.0002923223633630893;0.0;0.0;0.5732410626571462;0.0;0.0;0.0;0.0;0.0;-0.23139186034157486
7487.0;0.0002649708986471742;-0.335994909;0.0;0.0;0.00029233024445349606;0.0;0.0;0.5618618601538992;0.0;0.0;0.0;0.0;0.0;-0.2261767400007426
7488.0;0.00026702445189510877;-0.328297262;0.0;0.0;0.0003098975732353221;0.0;0.0;0.5546738818336815;0.0;0.0;0.0;0.0;0.0;-0.2267039530531928
7489.0;0.001255165238273051;-0.4006685000000001;0.0;0.0;0.00028156084656672485;0.0;1.6635772363287676e-10;0.6539409316931487;0.0;0.0;0.0;0.0;0.0;-0.2535724676137313
7490.0;0.0012583261710807899;-0.39713780000000004;0.0;0.0;0.000264430208378738;0.0;1.6384072089308005e-10;0.6545933999188025;0.0;0.0;0.0;0.0;0.0;-0.25773853994471624
7491.0;0.0012582030631714675;-0.39444965000000004;0.0;0.0;0.00026442938794420936;0.0;1.6473157522995848e-10;0.6537441280286752;0.0;0.0;0.0;0.0;0.0;-0.2595774173788911
7492.0;0.0012552998929454382;-0.3908037000000001;0.0;0.0;0.00028156214330697746;0.0;1.5841072313794602e-10;0.6473156258631434;0.0;0.0;0.0;0.0;0.0;-0.2568119624581959
7493.0;0.001255292962750479;-0.3924472;0.0;0.0;0.0002815623564476438;0.0;1.5271204179426598e-10;0.6527839934044877;0.0;0.0;0.0;0.0;0.0;-0.2606368299738443
7494.0;0.0012546165491110995;-0.399007;0.0;0.0;0.00028155740342801424;0.0;1.6528304256847435e-10;0.6649963458070953;0.0;0.0;0.0;0.0;0.0;-0.26628937841874895
7495.0;0.0012433794908033769;-0.41666025;0.0;0.0;0.0003672588293777751;0.0;0.0;0.6763339841593574;0.0;0.0;0.0;0.0;0.0;-0.2600593673787478
7496.0;0.001852692468857203;-0.4402836;0.0;0.0;0.009319405065377604;0.0;1.5701228311555456e-10;0.6801364631133627;0.0;0.0;0.0;0.0;0.0;-0.24918938064279686
7497.0;0.0021770353568622653;-0.45194600000000007;0.0;0.0;0.050503342759206975;0.0;1.2752972516825328e-10;0.6508227833910959;0.0;0.0;0.0;0.0;0.0;-0.2494209441311439
7498.0;0.0005654424085127658;-0.4591806500000001;0.0;0.0;0.14236724768880102;0.0;0.0;0.6340756950170577;0.0;0.0;0.0;0.0;0.0;-0.31728380289224845
7499.0;0.0005625882934757712;-0.46642324999999996;0.0;0.0;0.2643952369738171;0.0;0.0;0.6298116041089226;0.0;0.0;0.0;0.0;0.0;-0.4278050569024374
7500.0;0.0005617821677619194;-0.47177084999999996;0.0;0.0;0.3379237394796184;0.0;0.0;0.631440501472595;0.0;0.0;0.0;0.0;0.0;-0.4976148437346425
7501.0;0.000561496419738757;-0.4718671;0.0;0.0;0.3577701201622497;0.0;0.0;0.6323533146286882;0.0;0.0;0.0;0.0;0.0;-0.518277783008753
7502.0;0.0005619466163934216;-0.46769275;0.0;0.0;0.3177511262460009;0.0;0.0;0.6337769968835629;0.0;0.0;0.0;0.0;0.0;-0.4838568289505946
7503.0;0.000562744646029272;-0.46361295000000013;0.0;0.0;0.24815731155022197;0.0;0.0;0.6280345883415678;0.0;0.0;0.0;0.0;0.0;-0.4126004183416173
7504.0;0.0005653314829001232;-0.4566439;0.0;0.0;0.14367670966851367;0.0;0.0;0.6229813068436207;0.0;0.0;0.0;0.0;0.0;-0.3100356248835342
7505.0;0.001994228273255167;-0.45399495;0.0;0.0;0.0530090200511736;0.0;1.2904246979603447e-10;0.6306295761036335;0.0;0.0;0.0;0.0;0.0;-0.22968462351185684
7506.0;0.0021065803709612663;-0.45744365000000003;0.0;0.0;0.012809012484731501;0.0;1.279388015701409e-10;0.6441766576181657;0.0;0.0;0.0;0.0;0.0;-0.199559126636845
7507.0;0.0012611606777269816;-0.4586382;0.0;0.0;0.001025214450084059;0.0;1.2379403478338324e-10;0.6493479926050327;0.0;0.0;0.0;0.0;0.0;-0.19175406960312838
7508.0;0.0012497849846296563;-0.45217995000000005;0.0;0.0;0.00035012990484695915;0.0;9.412592066523125e-11;0.6335862716278986;0.0;0.0;0.0;0.0;0.0;-0.18177485462136897
7509.0;0.0012539354818413037;-0.44046775000000005;0.0;0.0;0.0003158538091916204;0.0;9.00673789228516e-11;0.6215437884142725;0.0;0.0;0.0;0.0;0.0;-0.18141032804203755
7510.0;0.0012529354189936021;-0.4259602;0.0;0.0;0.0003158470901360587;0.0;8.831385717896784e-11;0.6192261281216859;0.0;0.0;0.0;0.0;0.0;-0.19360021201369246
7511.0;0.0012527887124658618;-0.41463985000000003;0.0;0.0;0.00031584660674847075;0.0;9.906121771523918e-11;0.6145921373801245;0.0;0.0;0.0;0.0;0.0;-0.2002865662686944
7512.0;0.0012524263307719342;-0.40460700000000005;0.0;0.0;0.00031584442890268737;0.0;1.0538233063343665e-10;0.6122612132775686;0.0;0.0;0.0;0.0;0.0;-0.20798848776623616
7513.0;0.0005179436478618551;-0.36027475000000003;0.0;0.0;0.0002702718755233508;0.0;0.0;0.4868170432611504;0.0;0.0;0.0;0.0;0.0;-0.1268267145183476
7514.0;0.0005059045647531148;-0.35502770000000006;0.0;0.0;0.0002691240908519322;0.0;0.0;0.5000629987825861;0.0;0.0;0.0;0.0;0.0;-0.14531853393004585
7515.0;0.0004955391077391157;-0.35626825000000006;0.0;0.0;0.0002846780487861091;0.0;0.0;0.5183093161432548;0.0;0.0;0.0;0.0;0.0;-0.16233982052413615
7516.0;0.0004844857632856237;-0.35811385000000007;0.0;0.0;0.0002658856990689772;0.0;0.0;0.5360052306601367;0.0;0.0;0.0;0.0;0.0;-0.1781713509667357
7517.0;0.00047781605278123733;-0.36152935;0.0;0.0;0.00024687851476810603;0.0;0.0;0.5452500207939328;0.0;0.0;0.0;0.0;0.0;-0.1839816537367344
7518.0;0.0004741823215757574;-0.37041455000000006;0.0;0.0;0.0002454806628016251;0.0;0.0;0.5696439875424935;0.0;0.0;0.0;0.0;0.0;-0.19948903232545812
7519.0;0.00048089622365211644;-0.3919162;0.0;0.0;0.0003831780939188867;0.0;0.0;0.600978421832417;0.0;0.0;0.0;0.0;0.0;-0.20945944719987408
7520.0;0.0005490873960752522;-0.41814380000000007;0.0;0.0;0.00770929766354591;0.0;0.0;0.6215397578825781;0.0;0.0;0.0;0.0;0.0;-0.21111971634611446
7521.0;0.0004534895498854995;-0.4324084;0.0;0.0;0.041739285002915;0.0;0.0;0.6327278189924072;0.0;0.0;0.0;0.0;0.0;-0.24207277706713315
7522.0;0.0004499690523701926;-0.43983925000000007;0.0;0.0;0.12184684899808852;0.0;0.0;0.6299808710190267;0.0;0.0;0.0;0.0;0.0;-0.3120024897469977
7523.0;0.00044890947878785327;-0.44391735000000004;0.0;0.0;0.22914988547857185;0.0;0.0;0.628080223421058;0.0;0.0;0.0;0.0;0.0;-0.4133267654203327
7524.0;0.0004480245306223247;-0.44864675000000004;0.0;0.0;0.3177977792316573;0.0;0.0;0.6346634821427057;0.0;0.0;0.0;0.0;0.0;-0.5038285059887713
7525.0;0.0004471549647604138;-0.4476276;0.0;0.0;0.3737711121887212;0.0;0.0;0.6424312443678778;0.0;0.0;0.0;0.0;0.0;-0.5685887384220667
7526.0;0.0004471839075861424;-0.44289745;0.0;0.0;0.36270922444581627;0.0;0.0;0.6492322660840466;0.0;0.0;0.0;0.0;0.0;-0.5690580217305392
7527.0;0.0004479652935045739;-0.43778865000000006;0.0;0.0;0.30520356155342987;0.0;0.0;0.6509355101966027;0.0;0.0;0.0;0.0;0.0;-0.5183644125038623
7528.0;0.0004490400235034475;-0.4298487000000001;0.0;0.0;0.21204653914261684;0.0;0.0;0.6322532594392698;0.0;0.0;0.0;0.0;0.0;-0.414465103444669
7529.0;0.0004501690620977197;-0.4248459500000001;0.0;0.0;0.10970323091877253;0.0;0.0;0.6225523383339568;0.0;0.0;0.0;0.0;0.0;-0.3074236397234801
7530.0;0.000458990859544122;-0.42388090000000006;0.0;0.0;0.03436561267860877;0.0;0.0;0.6052438352633365;0.0;0.0;0.0;0.0;0.0;-0.21574269259959739
7531.0;0.000583959388855011;-0.4252436500000001;0.0;0.0;0.003988883937799575;0.0;0.0;0.6140678959146388;0.0;0.0;0.0;0.0;0.0;-0.1928275233095902
7532.0;0.0005202651291813711;-0.42126875;0.0;0.0;0.0009397024725679444;0.0;0.0;0.6173482650488661;0.0;0.0;0.0;0.0;0.0;-0.19703343691535774
7533.0;0.0005115956434066605;-0.4115626000000001;0.0;0.0;0.0005079248714546159;0.0;0.0;0.631958640655052;0.0;0.0;0.0;0.0;0.0;-0.22091791895265436
7534.0;0.0005141461242168612;-0.39853340000000004;0.0;0.0;0.00040565038054376845;0.0;0.0;0.6509633938078029;0.0;0.0;0.0;0.0;0.0;-0.25284963888835404
7535.0;0.000507084455227752;-0.38658765;0.0;0.0;0.0002694628533783791;0.0;0.0;0.6437597402845974;0.0;0.0;0.0;0.0;0.0;-0.25745564948489325
7536.0;0.0005110997489828874;-0.37518385000000004;0.0;0.0;0.00028671759759846044;0.0;0.0;0.6435993398137504;0.0;0.0;0.0;0.0;0.0;-0.26871630316122874
7537.0;50.02713825206815;-0.3429806;0.028699297185261728;7.770201039715897e-14;0.009569592538513192;0.0;1.262555395546678e-10;0.3465156601865437;3.332706047905614e-14;0.0;0.0;0.0;0.0;-0.04229339695699746
7538.0;50.02676348726823;-0.33583085000000007;0.028795996171254997;7.77019945507073e-14;0.007466387024510348;0.0;1.3380853250723845e-10;0.339942597889632;3.332704941251853e-14;0.0;0.0;0.0;0.0;-0.04085982576446309
7539.0;50.02645093673551;-0.33363245;0.02886429232685822;7.770198121601057e-14;0.005678661160247365;0.0;1.315196021394078e-10;0.33428720147068147;3.332704010008527e-14;0.0;0.0;0.0;0.0;-0.03568028013611111
7540.0;50.02612401921388;-0.33329335;0.028955194039948128;7.77019670635424e-14;0.0037682464762177716;0.0;1.353148987243042e-10;0.32806626873277184;3.332703021654922e-14;0.0;0.0;0.0;0.0;-0.027975620699071804
7541.0;50.026182823298754;-0.33532815000000005;0.028890242066465475;7.770197187646613e-14;0.001612458077190285;0.0;1.3244327573197814e-10;0.3332414891911442;3.3327033577707977e-14;0.0;0.0;0.0;0.0;-0.028899273162354893
7542.0;50.026310450345996;-0.34411935;0.028854935244405647;7.770197758636546e-14;0.001384613298712333;0.0;1.2783687985337273e-10;0.33617589175793194;3.332703756528237e-14;0.0;0.0;0.0;0.0;-0.02278167644698044
7543.0;50.02742443872791;-0.36367795;0.028846151967105615;7.770201251000767e-14;0.020453692454629704;0.0;1.2196546164868654e-10;0.3340631202679235;3.3327061954587216e-14;0.0;0.0;0.0;0.0;-0.020164219471380133
7544.0;50.03455222984439;-0.38653775;0.02867874103989621;7.770224189796103e-14;0.14077467529794357;0.0;1.1786629881504163e-10;0.32997629813228374;3.3327222149531e-14;0.0;0.0;0.0;0.0;-0.11333415873258616
7545.0;50.0514864051944;-0.40660755000000004;0.02840598075905467;7.770278438288816e-14;0.4236560524034328;0.0;1.1002167570072756e-10;0.3171182759873386;3.332760099396782e-14;0.0;0.0;0.0;0.0;-0.36292906795951313
7546.0;50.068931733567275;-0.41840180000000005;0.028287381034686955;7.770333500785493e-14;0.7239940525431001;0.0;1.0457642542948682e-10;0.28916141771519965;3.332798551678144e-14;0.0;0.0;0.0;0.0;-0.6232967776112425
7547.0;-0.009048729634958431;-0.42259750000000007;0.0;0.0;0.9588631667907376;0.0;0.0;0.23572498001907974;0.0;0.0;0.0;0.0;0.0;-0.7723217025104873
7548.0;-0.009062690588675395;-0.42637040000000004;0.0;0.0;0.971338617878769;0.0;0.0;0.22702164180694792;0.0;0.0;0.0;0.0;0.0;-0.7723217025104395
7549.0;-0.009064867206398187;-0.42994210000000005;0.0;0.0;0.9589213792561979;0.0;0.0;0.24301059708954179;0.0;0.0;0.0;0.0;0.0;-0.7723217025104655
7550.0;-0.009061643138983656;-0.42865830000000005;0.0;0.0;0.9419488565092817;0.0;0.0;0.2586992989726916;0.0;0.0;0.0;0.0;0.0;-0.7723217025104282
7551.0;-0.00905851448057628;-0.4209351;0.0;0.0;0.9263495538960413;0.0;0.0;0.2665754016396937;0.0;0.0;0.0;0.0;0.0;-0.7723217025103967
7552.0;-0.009017348485698497;-0.41048105000000007;0.0;0.0;0.9066371548337286;0.0;0.0;0.2758348060266448;0.0;0.0;0.0;0.0;0.0;-0.7723217025102346
7553.0;50.0658497139916;-0.39863945000000006;0.027760470622424094;7.770326527469076e-14;0.6407596252546202;0.0;1.000109305654844e-10;0.34335717641699903;3.332793681975082e-14;0.0;0.0;0.0;0.0;-0.6135521153374427
7554.0;50.04606344639807;-0.39103385;0.028490655232670737;7.770260907332218e-14;0.3349182317281446;0.0;9.630510135417422e-11;0.31837740089083727;3.332747856717073e-14;0.0;0.0;0.0;0.0;-0.2911338327276137
7555.0;50.03076479520213;-0.38716655;0.029088092550778218;7.770210183912094e-14;0.0971155966250484;0.0;1.0403320793621656e-10;0.2995865523661957;3.332712433843098e-14;0.0;0.0;0.0;0.0;-0.03905832376775282
7556.0;772.730525836575;-0.3911420500000001;0.05063978439058955;1.145313135637606e-13;0.019489720650729844;1.5286802892401599e-15;1.539704273917863e-10;0.30366270396988315;4.70294998375028e-14;0.0;1.3362471971234193e-13;1.602088243455788e-12;2.1099934622460737e-14;-4.5531611599207835e-8
7557.0;800.696714755736;-0.385905;0.0506397843906302;1.1666255682047683e-13;0.009867549144926277;1.5515014651852472e-15;1.2696074525642315e-10;0.31224183242216036;4.737677842991683e-14;0.0;1.560911069070161e-13;1.6220482207465716e-12;2.2106841315983272e-14;-4.389124805302684e-8
7558.0;645.9716074727243;-0.3756684;0.050639784390355776;1.0571964767457828e-13;0.010253136691573418;1.4325193622725513e-15;1.0916486385101565e-10;0.31437594302440564;4.529054028304999e-14;0.0;8.065679679108807e-14;1.5161140896267036e-12;1.7469500193269497e-14;-5.4896372497223094e-8
7559.0;473.11174772383896;-0.36375435000000006;0.050639784389811225;9.569286597025492e-14;0.010253136691380014;1.3194385610244474e-15;9.12699367687736e-11;0.31611524388843676;4.246538047824562e-14;0.0;5.237896656995119e-14;1.4112603346234334e-12;1.4152954452829541e-14;-7.629765343154832e-8
7560.0;310.24483496791936;-0.35180855000000005;0.05063978438863306;8.784182334902222e-14;0.010025287987986532;1.2280563173448152e-15;6.6221837204937e-11;0.31855880191575964;3.927739150281091e-14;0.0;3.937119528580383e-14;1.3237080461091636e-12;1.2005164662282939e-14;-1.208800935616727e-7
7561.0;0.001553249138286786;-0.25623395000000004;0.0;0.0;0.007324489475246138;0.0;4.9283594791908704e-11;0.25654841811187573;0.0;0.0;0.0;0.0;0.0;-0.007653081534768785
7562.0;0.0014111582837720393;-0.25280285;0.0;0.0;0.0040657968480284625;0.0;5.313004473653439e-11;0.25430108853570105;0.0;0.0;0.0;0.0;0.0;-0.0055796780983801315
7563.0;6.508939484415974;-0.24981720000000002;0.0;0.0;0.0022784732596002554;0.0;5.423062263745049e-11;0.2625170389619808;0.0;0.0;0.0;0.0;0.0;-3.4628872432657743e-6
7564.0;49.13073556351229;-0.24690355;0.0;4.859628669378112e-14;0.0008412829861591892;0.0;7.4116494899403e-11;0.2484319035210841;3.386690189291394e-14;0.0;0.0;0.0;0.0;-4.337483510743783e-7
7565.0;11.763811053304826;-0.24747215;0.0;0.0;0.0007010691401617111;0.0;6.580635712820647e-11;0.25901709421601204;3.241616528498927e-14;0.0;0.0;0.0;0.0;-1.8566164610501764e-6
7566.0;0.002559240702031602;-0.24934705000000004;0.0;0.0;0.018390855657734802;0.0;6.109223107988641e-11;0.23355480994384947;0.0;0.0;0.0;0.0;0.0;-0.0026161557057288462
7567.0;0.00042740517361849616;-0.25542735;0.0;0.0;0.08820069704396058;0.0;0.0;0.1835266765139135;0.0;0.0;0.0;0.0;0.0;-0.01631917012352189
7568.0;0.000391881667451606;-0.26950114999999997;0.0;0.0;0.27917646554324926;0.0;0.0;0.1792598069864449;0.0;0.0;0.0;0.0;0.0;-0.18895370520718863
7569.0;0.00038918397673809267;-0.2872196000000001;0.0;0.0;0.5203328340530257;0.0;0.0;0.18525083127556743;0.0;0.0;0.0;0.0;0.0;-0.41838260730968785
7570.0;0.0003866241791798045;-0.30205875;0.0;0.0;0.7217475242135413;0.0;0.0;0.19053914617723516;0.0;0.0;0.0;0.0;0.0;-0.6102464210397072
7571.0;0.0003809979648142429;-0.3121954;0.0;0.0;0.818777906027215;0.0;0.0;0.19928643882470015;0.0;0.0;0.0;0.0;0.0;-0.7058873513016065
7572.0;0.00037186309671056534;-0.31715465;0.0;0.0;0.8582891326024168;0.0;0.0;0.19804897895520515;0.0;0.0;0.0;0.0;0.0;-0.7392017036926942
7573.0;0.00036089208786442193;-0.31750505000000007;0.0;0.0;0.8660405711687628;0.0;0.0;0.20345705423945054;0.0;0.0;0.0;0.0;0.0;-0.7520105952862481
7574.0;0.00035978398221808694;-0.3161600500000001;0.0;0.0;0.8489256600209097;0.0;0.0;0.2200037207837547;0.0;0.0;0.0;0.0;0.0;-0.7527873276166193
7575.0;0.0003616810623035835;-0.31333275;0.0;0.0;0.8262865371781343;0.0;0.0;0.23844824485525412;0.0;0.0;0.0;0.0;0.0;-0.7514200682739125
7576.0;0.00037884099495270846;-0.30931205;0.0;0.0;0.7376095017480027;0.0;0.0;0.2901374191586191;0.0;0.0;0.0;0.0;0.0;-0.7184532396914914
7577.0;0.000387579188959218;-0.3033031;0.0;0.0;0.5732524270913553;0.0;0.0;0.29042287271813527;0.0;0.0;0.0;0.0;0.0;-0.5603907170050973
7578.0;0.00038953203595601404;-0.3001161500000001;0.0;0.0;0.383492407149536;0.0;0.0;0.29844664840019597;0.0;0.0;0.0;0.0;0.0;-0.3818414523143529
7579.0;0.00039198899225065774;-0.29220865;0.0;0.0;0.18336637374705425;0.0;0.0;0.28841005798911107;0.0;0.0;0.0;0.0;0.0;-0.17958636295330413
7580.0;0.0004069253522063564;-0.29181165;0.0;0.0;0.04269252638045832;0.0;0.0;0.2836021490530109;0.0;0.0;0.0;0.0;0.0;-0.03450184536813368
7581.0;0.0004926424609147035;-0.29064965;0.0;0.0;0.011649091624636678;0.0;0.0;0.28511956981941433;0.0;0.0;0.0;0.0;0.0;-0.006139183153908611
7582.0;0.0004884950299976103;-0.28831705;0.0;0.0;0.010868285602343191;0.0;0.0;0.2838186226759472;0.0;0.0;0.0;0.0;0.0;-0.0063899673808493415
7583.0;0.00043545745009384754;-0.28382495;0.0;0.0;0.008286968148252574;0.0;0.0;0.2890549449322424;0.0;0.0;0.0;0.0;0.0;-0.013536236199135616
7584.0;0.0004340366113064331;-0.27673430000000004;0.0;0.0;0.008108745727226172;0.0;0.0;0.2825610230082078;0.0;0.0;0.0;0.0;0.0;-0.013954719618249433
7585.0;129.58461521363844;-0.27879255000000003;0.050639784385848166;4.6634172027241076e-14;0.011006786772079627;0.0;1.1745909862984578e-11;0.2575872407811169;3.720461074950944e-14;0.0;1.7879788090902306e-14;8.133564661566198e-13;5.952125581087519e-15;-1.5312762140361326e-7
7586.0;71.1750616178443;-0.27253405;0.050639784368883965;4.5410122962359283e-14;0.009692281362279925;0.0;1.092053412022014e-11;0.25607202111949423;3.4857185421233836e-14;0.0;0.0;7.935364212566457e-13;0.0;-2.808239327512456e-7
7587.0;50.253406680106664;-0.26948360000000005;0.0059198370433991825;4.500818982562414e-14;0.008132400275379925;0.0;1.555063418938978e-11;0.25617872645387635;3.403628144770081e-14;0.0;0.0;0.0;0.0;-3.920566727420159e-7
7588.0;50.0534956659139;-0.27117280000000005;0.00601575194381297;4.500467212593772e-14;0.0071684323896265955;0.0;2.7762428535526133e-11;0.25711773535343196;3.402899856842565e-14;0.0;0.0;0.0;0.0;-3.9343282312365444e-7
7589.0;50.055028934634834;-0.2774553;0.006573502018330485;4.500446429123989e-14;0.014617290484432523;0.0;3.150403196015026e-11;0.2558692809833976;3.4028568225762765e-14;0.0;0.0;0.0;0.0;-3.9351443867603556e-7
7590.0;27.00385529801568;-0.2934948500000001;0.0;4.4540723955945944e-14;0.06761811299617965;0.0;3.407100793799788e-11;0.24062105347754087;3.30546988551025e-14;0.0;0.0;0.0;0.0;-7.392498189473453e-7
7591.0;0.00031387038298306134;-0.30917105000000006;0.0;0.0;0.20482516676144438;0.0;0.0;0.121697302100391;0.0;0.0;0.0;0.0;0.0;-0.01736975163889373
7592.0;0.0002819761334223536;-0.33597605;0.0;0.0;0.4873125062870185;0.0;0.0;0.1137943844713037;0.0;0.0;0.0;0.0;0.0;-0.26514866522781877
7593.0;0.00027913211718535655;-0.3543056;0.0;0.0;0.794216448791303;0.0;0.0;0.11855550888196371;0.0;0.0;0.0;0.0;0.0;-0.5584841433753039
7594.0;0.00027440500860075967;-0.3697354500000001;0.0;0.0;0.9339687284380356;0.0;0.0;0.1300779317189118;0.0;0.0;0.0;0.0;0.0;-0.6943289092030396
7595.0;0.0002745157408638564;-0.38139005000000004;0.0;0.0;0.931291617610196;0.0;0.0;0.1430832587729624;0.0;0.0;0.0;0.0;0.0;-0.6930025277914792
7596.0;0.00027460221736985577;-0.38377285;0.0;0.0;0.920231501469783;0.0;0.0;0.15545064173940185;0.0;0.0;0.0;0.0;0.0;-0.6919269964944342
7597.0;0.00027461171294207735;-0.3815987;0.0;0.0;0.9089030292607059;0.0;0.0;0.1644856690127732;0.0;0.0;0.0;0.0;0.0;-0.6918077017629735
7598.0;0.00027461984990835684;-0.38025125000000004;0.0;0.0;0.8876184398892573;0.0;0.0;0.18432139151713353;0.0;0.0;0.0;0.0;0.0;-0.6917062850675897
7599.0;0.0002748113932798338;-0.3759302500000001;0.0;0.0;0.8630600758973024;0.0;0.0;0.2020406553661792;0.0;0.0;0.0;0.0;0.0;-0.6891881891377301
7600.0;0.00027510393314483485;-0.36862445;0.0;0.0;0.8326470600473007;0.0;0.0;0.22094214930017747;0.0;0.0;0.0;0.0;0.0;-0.6849824737936019
7601.0;0.0002782440489374075;-0.3590697;0.0;0.0;0.7296737957889056;0.0;0.0;0.23011723740389156;0.0;0.0;0.0;0.0;0.0;-0.6007391087388098
7602.0;0.0002806218615550299;-0.35058905000000007;0.0;0.0;0.5149227688286235;0.0;0.0;0.2324037674497161;0.0;0.0;0.0;0.0;0.0;-0.39675529829662187
7603.0;0.000283157761678093;-0.33883245;0.0;0.0;0.28195052203065113;0.0;0.0;0.23355494383925546;0.0;0.0;0.0;0.0;0.0;-0.17669086242158735
7604.0;0.0004798516013568112;-0.32462070000000004;0.0;0.0;0.11202429895692949;0.0;0.0;0.21558251424317357;0.0;0.0;0.0;0.0;0.0;-0.0030070195844021743
7605.0;0.0034066083698305666;-0.3152544;0.0;0.0;0.028985207718214213;0.0;6.67212210530121e-11;0.28761062846577995;0.0;0.0;0.0;0.0;0.0;-0.0013613280692454125
7606.0;0.0020663002782797097;-0.31109130000000007;0.0;0.0;0.011079269591042608;0.0;6.034251672067584e-11;0.30151010139252993;0.0;0.0;0.0;0.0;0.0;-0.0015206569145471693
7607.0;0.0016457812230827261;-0.30153680000000005;0.0;0.0;0.010762084118700999;0.0;5.298875274104179e-11;0.29431966515787833;0.0;0.0;0.0;0.0;0.0;-0.0035589902775960826
7608.0;0.0004437885981312955;-0.28284200000000004;0.0;0.0;0.009539069902047868;0.0;0.0;0.27693831793785606;0.0;0.0;0.0;0.0;0.0;-0.003655749505062499
7609.0;673.485261062364;-0.27722005000000005;0.05063978439078187;7.643081565851523e-14;0.009289164881466689;1.0475141275603092e-15;3.125632657031029e-11;0.21508641216755722;4.898329915847494e-14;0.0;6.272789719270316e-14;1.2280295717856756e-12;1.2901153761921635e-14;-4.2094522800311166e-8
7610.0;683.9843664748171;-0.27492295;0.050639784390796874;7.692927854302635e-14;0.007238538327958984;1.053164467544496e-15;3.3914468770545633e-11;0.21349650072665513;4.9135636723915397e-14;0.0;6.506456178777643e-14;1.2345964157571533e-12;1.3094990422321212e-14;-4.131621467241515e-8
7611.0;855.8110548351721;-0.27280985;0.050639784390986535;8.610885096847266e-14;0.0057137131530176875;1.1549821210212839e-15;3.5430775038569663e-11;0.20019031422154224;5.129661775084323e-14;0.0;1.6635262729416593e-13;1.3518443388720173e-12;1.7357806576693513e-14;-3.177262219560104e-8
7612.0;899.9301532439537;-0.2708003;0.050639784391022846;8.883094438900316e-14;0.005783819087773466;1.1843797207657013e-15;3.307914083356226e-11;0.19467363669230395;5.176545955818395e-14;0.0;2.7713922359703234e-13;1.3852718223851347e-12;1.8941152267762275e-14;-3.00024992818009e-8
7613.0;970.1764053152696;-0.27345300000000006;0.05063978439107327;9.351823103115073e-14;0.006870475793299028;1.2341769398618993e-15;3.3840564426686694e-11;0.18245585046457927;5.244937987671306e-14;0.0;0.02105560687231325;1.4414042605035313e-12;2.2143536260774155e-14;-2.7571891573377105e-8
7614.0;1021.4439261409522;-0.28555320000000006;0.05063978439110565;9.728557048811038e-14;0.028480932857272965;1.2734624208481789e-15;3.359240059923541e-11;0.16630062761505016;5.2909674035306505e-14;0.0;0.021055606876895006;1.4852203772226576e-12;2.5280010378442557e-14;-2.6027228451533662e-8
7615.0;164.50716919000715;-0.30507525;0.05063978438676773;5.820290935813656e-14;0.13297528164796468;0.0;1.7838083726054912e-11;0.14944114760188845;3.7487900799234665e-14;0.0;2.292850107226854e-14;9.738344003034341e-13;7.520575208523307e-15;-0.030446862374794513
7616.0;164.53707958641178;-0.32639065000000006;0.05063978438676887;5.820363598040456e-14;0.34580233164959673;0.0;1.562489303646315e-11;0.1445006808344071;3.748874150672208e-14;0.0;2.2929262579608624e-14;9.738450718051844e-13;7.520739391533429e-15;-0.2168438735375401
7617.0;164.57341097657172;-0.34398345;0.05063978438677026;5.820451934180843e-14;0.6061793917023883;0.0;1.4391815341293644e-11;0.13850382734458744;3.748976350608057e-14;0.0;2.2930188393641315e-14;9.738580451918642e-13;7.52093899447231e-15;-0.4534229348936734
7618.0;164.6037383648509;-0.3554945500000001;0.05063978438677145;5.820527669590495e-14;0.8100152314599492;0.0;1.2534010154698112e-11;0.14451134941320373;3.7490639672730475e-14;0.0;2.2930982181862122e-14;9.73869167936872e-13;7.521110128615546e-15;-0.6516109476831097
7619.0;164.60228744042868;-0.36571805000000007;0.050639784386770456;5.820464555525418e-14;0.9352787484385271;0.0;9.130429734720077e-12;0.14811799754293362;3.7489909522866737e-14;0.0;2.2930320676471503e-14;9.73859898806113e-13;7.520967513835833e-15;-0.7694207874066887
7620.0;8.954347626133522;-0.3715500500000001;0.0;0.0;0.9892435427384729;0.0;6.520829803485404e-12;0.1581056403157497;0.0;0.0;0.0;0.0;0.0;-0.7723219630128823
7621.0;-0.009035308145691026;-0.37219345000000004;0.0;0.0;0.9953707519421691;0.0;0.0;0.14881350251508968;0.0;0.0;0.0;0.0;0.0;-0.7723219696002109
7622.0;-0.009030375550219665;-0.3709549;0.0;0.0;0.9860023171613858;0.0;0.0;0.1569435210708531;0.0;0.0;0.0;0.0;0.0;-0.7723219696002093
7623.0;50.12874718806603;-0.3659450500000001;0.016847866251367825;5.524084152903415e-14;0.9112671331817209;0.0;5.589926401163623e-12;0.20998588544237548;3.372275725217188e-14;0.0;0.0;0.0;0.0;-0.7723219274141173
7624.0;164.61139516076358;-0.3586384;0.05063978438677193;5.820558179532012e-14;0.7851448062417372;0.0;6.37533836067138e-12;0.20879078569513093;3.749099262279844e-14;0.0;2.293130196842513e-14;9.738736487116947e-13;7.521179070793108e-15;-0.6880098846617498
7625.0;164.58340215788704;-0.3498523;0.05063978438677085;5.820489421720406e-14;0.589581580595239;0.0;6.100556641891297e-12;0.20953772499232573;3.7490197197051833e-14;0.0;2.2930581298924034e-14;9.7386355073769e-13;7.521023702095193e-15;-0.5021302622799099
7626.0;164.5551673120735;-0.3414745;0.050639784386769755;5.820419834961624e-14;0.3935801904037698;0.0;6.254746781102378e-12;0.20902553547668537;3.748939214337688e-14;0.0;2.2929851969792697e-14;9.738533309837775e-13;7.520866463064366e-15;-0.31414241192815245
7627.0;164.52606137914566;-0.3310516;0.05063978438676861;5.820347297146262e-14;0.19719320874101604;0.0;5.946690001828255e-12;0.20401037497495117;3.7488552907783045e-14;0.0;2.2929091741873424e-14;9.738426777860866e-13;7.520702558788261e-15;-0.12330380894484405
7628.0;784.9889901948052;-0.3213241;0.050639784390919;8.206606149027705e-14;0.06407771522325853;1.1106573187679975e-15;5.781204589653608e-12;0.20045707951282105;5.047418760180166e-14;0.0;1.0126962535038189e-13;1.3010680910344389e-12;1.5301445313098294e-14;-3.511117030765486e-8
7629.0;1054.1336060681556;-0.3174958;0.05063978439112441;9.982899738411545e-14;0.0173865131746707;1.2996212991359703e-15;6.7098325375282786e-12;0.21661230236237183;5.318432214486621e-14;0.0;0.021055606877018664;1.5141529740298792e-12;2.7767306206303065e-14;-2.5137517130487723e-8
7630.0;966.6440115982476;-0.31107330000000005;0.05063978439107084;9.326241798365708e-14;0.01204086059384593;1.231485704760825e-15;6.933915321174936e-12;0.22303597719077323;5.2415497377410257e-14;0.0;0.01796186894484597;1.4383871749091788e-12;2.1950625526550018e-14;-2.7688374828787245e-8
7631.0;932.5925291989988;-0.3002709;0.050639784391047285;9.095010253690376e-14;0.01163774607283513;1.2070212238258415e-15;5.70441439845787e-12;0.22196892188963627;5.2092011052178245e-14;0.0;5.443135166142208e-13;1.4108728116266548e-12;2.0306372001502863e-14;-2.8820681726114724e-8
7632.0;798.7518352475931;-0.28926385000000004;0.05063978439093303;8.281620527597612e-14;0.011620221060806723;1.1189425652260334e-15;4.828267705135773e-12;0.22315335305887207;5.0639912008615765e-14;0.0;1.0953773079384307e-13;1.3105919860234385e-12;1.5659362343018236e-14;-3.441257059174915e-8
7633.0;0.0011252941853260416;-0.3232979;0.0;0.0;0.0036082342837682503;0.0;1.6447632589860094e-10;0.46513023555959454;0.0;0.0;0.0;0.0;0.0;-0.14545768463307324
7634.0;0.0010055044737409629;-0.32040920000000006;0.0;0.0;0.0018070548532962485;0.0;0.0;0.4568047056154297;0.0;0.0;0.0;0.0;0.0;-0.13822079766575723
7635.0;0.000898674674633046;-0.31772520000000004;0.0;0.0;0.000885650160664366;0.0;0.0;0.45395065409100627;0.0;0.0;0.0;0.0;0.0;-0.13712904305635226
7636.0;0.0008965017305401428;-0.31717700000000004;0.0;0.0;0.0008682826174510326;0.0;0.0;0.4467312698621261;0.0;0.0;0.0;0.0;0.0;-0.13044048058770272
7637.0;0.0008991088446861516;-0.32565755;0.0;0.0;0.0008856381465338031;0.0;0.0;0.4403150413440515;0.0;0.0;0.0;0.0;0.0;-0.1155611038525318
7638.0;0.001032804941508629;-0.34454445000000006;0.0;0.0;0.0021388914421446264;0.0;1.0519821651008792e-10;0.42820213110012967;0.0;0.0;0.0;0.0;0.0;-0.08581458165223807
7639.0;0.0020310639216550375;-0.36373045000000004;0.0;0.0;0.020580802491150536;0.0;1.040120888883881e-10;0.40893045295538216;0.0;0.0;0.0;0.0;0.0;-0.06580262812904482
7640.0;0.0004242575937569985;-0.37781365;0.0;0.0;0.143059959841076;0.0;0.0;0.40920849272633153;0.0;0.0;0.0;0.0;0.0;-0.17447443825943276
7641.0;0.00042092286763160014;-0.39065630000000007;0.0;0.0;0.42059452020462795;0.0;0.0;0.3795141057479708;0.0;0.0;0.0;0.0;0.0;-0.40947191783400616
7642.0;0.0004153805210748291;-0.40135725;0.0;0.0;0.7217660116664231;0.0;0.0;0.3594776478741317;0.0;0.0;0.0;0.0;0.0;-0.6799059167224377
7643.0;0.00041549353549329154;-0.40981515;0.0;0.0;0.7471868988659588;0.0;0.0;0.347996605390653;0.0;0.0;0.0;0.0;0.0;-0.6853878508407023
7644.0;0.000415440846960693;-0.4145629500000001;0.0;0.0;0.7381291189599324;0.0;0.0;0.36252622982687893;0.0;0.0;0.0;0.0;0.0;-0.6861118942559659
7645.0;0.0004159679541090965;-0.410544;0.0;0.0;0.7228106899753787;0.0;0.0;0.3657111496879369;0.0;0.0;0.0;0.0;0.0;-0.6779973470139765
7646.0;0.00041619938223246895;-0.4106713;0.0;0.0;0.7063784787688081;0.0;0.0;0.37810263424391666;0.0;0.0;0.0;0.0;0.0;-0.6738293258505701
7647.0;0.0004162730193688767;-0.40552985;0.0;0.0;0.7143504513169269;0.0;0.0;0.3635791934872859;0.0;0.0;0.0;0.0;0.0;-0.6724193094088409
7648.0;0.00041688252959099333;-0.39616825000000006;0.0;0.0;0.6755797373564736;0.0;0.0;0.3685330922468345;0.0;0.0;0.0;0.0;0.0;-0.6479641168008331
7649.0;0.00042093166982784373;-0.38491325000000004;0.0;0.0;0.4183331952004695;0.0;0.0;0.34871901390487176;0.0;0.0;0.0;0.0;0.0;-0.38215855685075556
7650.0;0.0004248973440728056;-0.37223705000000007;0.0;0.0;0.1716349786032729;0.0;0.0;0.3304424244791465;0.0;0.0;0.0;0.0;0.0;-0.12986000858744362
7651.0;0.004372215181125052;-0.3718;0.0;0.0;0.0369806831594267;0.0;1.7022806414053422e-10;0.336136911026425;0.0;0.0;0.0;0.0;0.0;-0.001336878916077944
7652.0;0.0023821340741432967;-0.37063175000000004;0.0;0.0;0.00925648897873223;0.0;1.7417976642658133e-10;0.36265151851784094;0.0;0.0;0.0;0.0;0.0;-0.001304825108930411
7653.0;0.0013534148625232723;-0.3622404;0.0;0.0;0.006166594315758478;0.0;1.7464398530482143e-10;0.3831742764134109;0.0;0.0;0.0;0.0;0.0;-0.027116956305282647
7654.0;0.001254716895452411;-0.3493372;0.0;0.0;0.005184704693715321;0.0;1.6935517313869063e-10;0.39177099065814514;0.0;0.0;0.0;0.0;0.0;-0.04763528166877644
7655.0;0.0011401425581420697;-0.33745329999999996;0.0;0.0;0.0034336182750581536;0.0;1.7246562333371184e-10;0.4020435979753677;0.0;0.0;0.0;0.0;0.0;-0.06804090750092943
7656.0;0.001020904309339773;-0.3272429500000001;0.0;0.0;0.0017898589001890935;0.0;1.6811007711796347e-10;0.40831264490449176;0.0;0.0;0.0;0.0;0.0;-0.08287771569626663
7657.0;0.0014481326981376952;-0.3056253500000001;0.0;0.0;0.0002810753581768199;0.0;8.459483086638155e-11;0.40131154508925465;0.0;0.0;0.0;0.0;0.0;-0.09598796459016307
7658.0;0.0014336564183679962;-0.2346533;0.0;0.0;0.00033245836438812936;0.0;7.455440859835084e-11;0.3610966906945971;0.0;0.0;0.0;0.0;0.0;-0.12679637353911938
7659.0;0.0014425432677321218;-0.2342409;0.0;0.0;0.00028104737082951915;0.0;8.390190027927652e-11;0.36251654394489363;0.0;0.0;0.0;0.0;0.0;-0.12857734024330827
7660.0;0.001449977840183393;-0.29321585000000006;0.0;0.0;0.0002810843233856386;0.0;7.377663690932386e-11;0.38068280533679627;0.0;0.0;0.0;0.0;0.0;-0.0877687506383865
7661.0;0.0014509584367503716;-0.29137599999999997;0.0;0.0;0.00028108912498490734;0.0;7.468169046389806e-11;0.37530126770695155;0.0;0.0;0.0;0.0;0.0;-0.08422707654166038
7662.0;0.0014403024893451652;-0.29300915000000005;0.0;0.0;0.0003496399763593369;0.0;7.2136219633199e-11;0.37525529321790585;0.0;0.0;0.0;0.0;0.0;-0.08261635542975575
7663.0;0.0015556062431033243;-0.29805965000000006;0.0;0.0;0.0018580184856326644;0.0;8.243126326087473e-11;0.3852527737651261;0.0;0.0;0.0;0.0;0.0;-0.08907272094931386
7664.0;0.003200224587653652;-0.30611985;0.0;0.0;0.025099827160388985;0.0;9.173764367387923e-11;0.3926834006918379;0.0;0.0;0.0;0.0;0.0;-0.11168304337159478
7665.0;0.0006706251416755151;-0.3183973;0.0;0.0;0.16629115058494168;0.0;0.0;0.39180886105192897;0.0;0.0;0.0;0.0;0.0;-0.23972583543418843
7666.0;0.000666312873726326;-0.3341767;0.0;0.0;0.37540039869427727;0.0;0.0;0.39156997063465937;0.0;0.0;0.0;0.0;0.0;-0.4328167293650772
7667.0;0.0006629640576051733;-0.3444695;0.0;0.0;0.5631177082939134;0.0;0.0;0.38387835855325086;0.0;0.0;0.0;0.0;0.0;-0.6025495769021388
7668.0;0.0006600955900783647;-0.3503241;0.0;0.0;0.6235233178190855;0.0;0.0;0.3924739634050391;0.0;0.0;0.0;0.0;0.0;-0.6656961355914569
7669.0;0.0006601484252948199;-0.35599240000000004;0.0;0.0;0.6111983934318413;0.0;0.0;0.4096706565041759;0.0;0.0;0.0;0.0;0.0;-0.6648996055604115
7670.0;0.0006605754238220537;-0.3543664;0.0;0.0;0.5753386688242009;0.0;0.0;0.4373412747538136;0.0;0.0;0.0;0.0;0.0;-0.658336508709351
7671.0;0.0006635976123158824;-0.34876124999999997;0.0;0.0;0.4701714593040305;0.0;0.0;0.454003487188662;0.0;0.0;0.0;0.0;0.0;-0.5754367204852967
7672.0;0.000666751798717112;-0.33950805;0.0;0.0;0.2759840884634098;0.0;0.0;0.45688115625173337;0.0;0.0;0.0;0.0;0.0;-0.3933802638937156
7673.0;0.0008922144975596401;-0.3433699500000001;0.0;0.0;0.08328199848707829;0.0;0.0;0.5035531353870244;0.0;0.0;0.0;0.0;0.0;-0.24349429893743874
7674.0;0.002374194392902222;-0.36057965;0.0;0.0;0.014050429783384173;0.0;1.583286862644606e-10;0.5484985437701776;0.0;0.0;0.0;0.0;0.0;-0.2019881107502304
7675.0;0.0014037025922077919;-0.3620683;0.0;0.0;0.0005732586712634172;0.0;1.6135262670322038e-10;0.5875744811003463;0.0;0.0;0.0;0.0;0.0;-0.2260997490143456
7676.0;0.0014217715314010307;-0.35887199999999997;0.0;0.0;0.000366690520023867;0.0;1.5766194887091692e-10;0.5858175021163069;0.0;0.0;0.0;0.0;0.0;-0.22733260914456416
7677.0;0.001425519664722708;-0.35239820000000005;0.0;0.0;0.00033241260121473384;0.0;1.5883564510520805e-10;0.5841098888628761;0.0;0.0;0.0;0.0;0.0;-0.23206456378149304
7678.0;0.0014311451801306877;-0.3442189;0.0;0.0;0.0002981359672968058;0.0;1.5477725485168158e-10;0.5800854846392869;0.0;0.0;0.0;0.0;0.0;-0.23618526018863867
7679.0;0.0014313551789974517;-0.33801205;0.0;0.0;0.000298136934139789;0.0;1.5773268348589418e-10;0.5679659130511151;0.0;0.0;0.0;0.0;0.0;-0.23027254122122298
7680.0;0.001428366244003408;-0.33027290000000004;0.0;0.0;0.00031527336690273094;0.0;1.590760476948046e-10;0.5603296916111082;0.0;0.0;0.0;0.0;0.0;-0.23039256473986733
