Timestep;EOM_price;Demand;Biomass;SPP_lignite;Solar;ICE;WindOffshore;WindOnshore;Nuclear;CCGT_old;CCGT_new;SPP_coal;OCGT;electrolysis
1.0;166.3640354876238;-0.28487954000000004;0.0126;0.024349999999997925;1.683027812e-5;0.0;0.009528839995824;0.08506607987344;0.07848000000000001;4.155949795017474e-15;0.05239049497903817;0.022469999999719686;0.0;-5.340957710819882e-13
2.0;166.3640354876302;-0.28233063199999997;0.0126;0.024349999999997925;1.5840144399999998e-5;0.0;0.009384660009360002;0.08531898748578;0.07848000000000001;4.155949795018282e-15;0.0497338494872019;0.022469999999719686;0.0;-5.340957710819882e-13
3.0;166.36403548763428;-0.28039142600000005;0.0126;0.024349999999997925;1.5840144399999998e-5;0.0;0.009435690000000002;0.08513718203937999;0.07848000000000001;4.1559497950194936e-15;0.0479254189431741;0.022469999999719686;0.0;-5.340957710819882e-13
4.0;166.3640354876384;-0.277665108;0.0126;0.024349999999997925;1.683027812e-5;0.0;0.009073619992584;0.08458096506648001;0.07848000000000001;4.155949795020301e-15;0.046116397789976046;0.022469999999719686;0.0;-5.340957710819882e-13
5.0;166.36403548763775;-0.278801248;0.0126;0.024349999999997925;1.683027812e-5;0.0;0.00874719000324;0.08574650050675;0.07848000000000001;4.155949795020301e-15;0.046413432339019595;0.022469999999719686;0.0;-5.340957710819882e-13
6.0;166.36403548763062;-0.28366492;0.0126;0.024349999999997925;1.683027812e-5;0.0;0.009467280003888;0.08676803139961;0.07848000000000001;4.155949795018686e-15;0.04953548344514922;0.022469999999719686;0.0;-5.340957710819882e-13
7.0;166.3640354876025;-0.29589681;0.0126;0.024349999999997925;2.1780281680000002e-5;0.0;0.009099540004571999;0.08885069462959001;0.07848000000000001;4.155949795012627e-15;0.06004750020951768;0.022469999999719686;0.0;-5.340957710819882e-13
8.0;166.36403548752958;-0.310857744;0.0126;0.024349999999997925;0.0005286647916400001;0.0;0.008993430009108;0.08964901874600001;0.07848000000000001;4.155949794997279e-15;0.07380933557505577;0.022469999999719686;0.0;-5.340957981870426e-13
9.0;166.3640354873943;-0.31669256;0.0126;0.024349999999997925;0.00285419572812;0.0;0.0073045800036;0.08770225967058999;0.07848000000000001;4.155949794973449e-15;0.08095422971523293;0.022469999999719686;0.0;-5.340957710819882e-13
10.0;166.36403548730897;-0.32209970599999993;0.0126;0.024349999999997925;0.0080527327166;0.0;0.007302150005256001;0.08641522081077001;0.07848000000000001;4.15594979496214e-15;0.08245230758456978;0.022469999999719686;0.0;-5.340957981870426e-13
11.0;166.3640354873593;-0.32911517;0.0126;0.024349999999997925;0.015675801377800003;0.0;0.007414740000540002;0.08646832230524001;0.07848000000000001;4.1559497949686026e-15;0.08167901143362408;0.022469999999719686;0.0;-5.340957710819882e-13
12.0;166.36403548737607;-0.333899634;0.0126;0.024349999999997925;0.020726826952280005;0.0;0.007492499998380001;0.08644672169732;0.07848000000000001;4.155949794971026e-15;0.08135629046934802;0.022469999999719686;0.0;-5.340957710819882e-13
13.0;166.36403548740503;-0.33468972399999997;0.0126;0.024349999999997925;0.022106899450000002;0.0;0.007544339996940001;0.08647552250788;0.07848000000000001;4.155949794974661e-15;0.08068566716287967;0.022469999999719686;0.0;-5.340957710819882e-13
14.0;166.36403548740228;-0.33232339;0.0126;0.024349999999997925;0.01928636405644;0.0;0.007662599996832;0.08674193066504;0.07848000000000001;4.155949794973853e-15;0.08075520039934338;0.022469999999719686;0.0;-5.340957710819882e-13
15.0;166.36403548725346;-0.3291131580000001;0.0126;0.024349999999997925;0.014537291248439999;0.0;0.007424460006624;0.08622081484488;0.07848000000000001;4.155949794955678e-15;0.08305329701768886;0.022469999999719686;0.0;-5.340957710819882e-13
16.0;166.3640354866819;-0.32351599600000003;0.0126;0.024349999999997925;0.008126983324200001;0.0;0.007514369996184;0.08455846443323001;0.07848000000000001;4.155949794915692e-15;0.08543888338314143;0.022469999999719686;0.0;-5.340957710819882e-13
17.0;166.36403548889356;-0.320509878;0.0126;0.024349999999997925;0.00299576700484;0.0;0.007391249999604001;0.08465296725775001;0.07848000000000001;4.1559497952824304e-15;0.087592599012416;0.022469999999719686;0.0;-5.340957710819882e-13
18.0;172.13838923113747;-0.321108626;0.0126;0.02434999999999812;0.0007256765737600001;0.0;0.007328070004536;0.08620011426229;0.07848000000000001;4.899949249367603e-15;0.08999999999938618;0.02246999999974527;0.0;-5.031168895126142e-13
19.0;178.83150802777365;-0.32147224799999996;0.0126;0.024349999999998307;5.9400596919999995e-5;0.0;0.007090739996832;0.08707314064596;0.07848000000000001;6.177624118486104e-15;0.08999999999971522;0.022469999999769574;0.0;-4.718214480139288e-13
20.0;166.36403548595212;-0.31719631800000003;0.0126;0.024349999999997925;2.079014796e-5;0.0;0.005391360002736;0.08673653051306;0.07848000000000001;4.1559497949811234e-15;0.08717034258551257;0.022469999999719686;0.0;-5.340957981870426e-13
21.0;166.36403548732676;-0.31047439;0.0126;0.024349999999997925;1.881021304e-5;0.0;0.005158890004428001;0.08520918406578001;0.07848000000000001;4.155949794963756e-15;0.08221021083387978;0.022469999999719686;0.0;-5.340957710819882e-13
22.0;166.3640354875267;-0.301958728;0.0126;0.024349999999997925;1.881021304e-5;0.0;0.005058450000864;0.08489237449014002;0.07848000000000001;4.155949794997279e-15;0.07411179841762554;0.022469999999719686;0.0;-5.340957981870426e-13
23.0;166.3640354875704;-0.29501343399999996;0.0126;0.024349999999997925;1.881021304e-5;0.0;0.005674049996472;0.08347843172905002;0.07848000000000001;4.155949795005761e-15;0.06796484718520447;0.022469999999719686;0.0;-5.340957981870426e-13
24.0;166.36403548759753;-0.28822332;0.0126;0.024349999999997925;1.881021304e-5;0.0;0.006036120003888;0.08272780879026;0.07848000000000001;4.1559497950118196e-15;0.06156328611791973;0.022469999999719686;0.0;-5.340957710819882e-13
25.0;166.3640354893011;-0.25112011;0.0126;0.024349999999998356;1.683027812e-5;0.0;0.006204599999208;0.04342001679544;0.07848000000000001;3.293924617953349e-15;0.06360136794375316;0.022469999999777873;0.0;-4.23245612819409e-13
26.0;166.36403548931725;-0.247231508;0.0126;0.024349999999998356;1.683027812e-5;0.0;0.0073896299964719995;0.04453425062703;0.07848000000000001;3.2939246179559743e-15;0.0574135021157142;0.022469999999777873;0.0;-4.23245612819409e-13
27.0;166.36403548932253;-0.24718417;0.0126;0.024349999999998356;1.7820190160000002e-5;0.0;0.008163989994024;0.04612189877142;0.07848000000000001;3.293924617956782e-15;0.05500316606198152;0.022469999999777873;0.0;-4.23245612819409e-13
28.0;166.3640354893251;-0.248009674;0.0126;0.024349999999998356;1.683027812e-5;0.0;0.008693730001548;0.04767534595327;0.07848000000000001;3.293924617956984e-15;0.05374647278477812;0.022469999999777873;0.0;-4.23245612819409e-13
29.0;166.36403548932321;-0.250185334;0.0126;0.024349999999998356;1.5840144399999998e-5;0.0;0.00915623999982;0.04847547012034001;0.07848000000000001;3.293924617957186e-15;0.054660488753061294;0.022469999999777873;0.0;-4.23245612819409e-13
30.0;166.36403548931278;-0.257285702;0.0126;0.024349999999998356;1.5840144399999998e-5;0.0;0.009438120011052;0.050644535782000004;0.07848000000000001;3.2939246179549645e-15;0.059309911079656864;0.022469999999777873;0.0;-4.23245612819409e-13
31.0;166.36403548926828;-0.272316328;0.0126;0.024349999999998356;2.3760216600000003e-5;0.0;0.009457559997804;0.05345172105133;0.07848000000000001;3.2939246179478963e-15;0.07150599174916439;0.022469999999777873;0.0;-4.23245612819409e-13
32.0;166.364035487685;-0.289936952;0.0126;0.024349999999998356;0.00043956395168000007;0.0;0.00950130000612;0.05528777668141001;0.07848000000000001;3.2939246178883216e-15;0.08683101645139622;0.022469999999777873;0.0;-4.23245612819409e-13
33.0;204.2512102595944;-0.29838337600000003;0.0126;0.024349999999999025;0.00236612132036;2.4616111501834086e-18;0.009497249991936;0.0562751067766;0.07848000000000001;0.0022304322908955837;0.08999999999992568;0.022469999999865986;1.2776404677233213e-14;-3.036066949062277e-13
34.0;204.2512102586297;-0.30318301000000003;0.0126;0.024349999999999025;0.0069023423126800005;2.4616111530552567e-18;0.009523170003924;0.05598979792264001;0.07848000000000001;0.0027532418271347474;0.08999999999992568;0.022469999999865986;1.2776404708057e-14;-3.036066949062277e-13
35.0;204.2512065828437;-0.30734645400000005;0.0126;0.024349999999999025;0.012979017181640002;2.461610629668134e-18;0.009515070000972;0.05577019141238001;0.07848000000000001;0.0010666071716350601;0.08999999999992568;0.022469999999865986;1.277639909104343e-14;-3.0360672201128203e-13
36.0;196.37551676289382;-0.31196027000000004;0.0126;0.024349999999998935;0.017999352379359998;0.0;0.009349019991288;0.05633000832173;0.07848000000000001;1.542722612084233e-14;0.08999999999990617;0.022469999999853937;0.0;-3.222093815716254e-13
37.0;166.36403548783386;-0.31235534400000003;0.0126;0.024349999999998356;0.0211693609726;0.0;0.009282600002664001;0.05700502880306;0.07848000000000001;3.293924617866915e-15;0.08702105928414329;0.022469999999777873;0.0;-4.23245612819409e-13
38.0;166.36403548890667;-0.30948965799999995;0.0126;0.024349999999998356;0.02054268535676;0.0;0.008988569999712;0.057637747929010004;0.07848000000000001;3.2939246179071028e-15;0.08444335972594683;0.022469999999777873;0.0;-4.23245612819409e-13
39.0;166.36403548894043;-0.305700666;0.0126;0.024349999999998356;0.01728555596932;0.0;0.008474220002880001;0.05784835435084001;0.07848000000000001;3.293924617909526e-15;0.08421524068775858;0.022469999999777873;0.0;-4.23245612819409e-13
40.0;166.36403548876822;-0.299701788;0.0126;0.024349999999998356;0.01200979841544;0.0;0.00846126000324;0.056217504825740006;0.07848000000000001;3.293924617898621e-15;0.08513592977099912;0.022469999999777873;0.0;-4.23245612819409e-13
41.0;166.36403548768115;-0.29511735800000005;0.0126;0.024349999999998356;0.0062142860541600006;0.0;0.008819279996472;0.05537327941750001;0.07848000000000001;3.2939246178885235e-15;0.08683321762280524;0.022469999999777873;0.0;-4.23245612819409e-13
42.0;186.40256639787196;-0.29235235600000004;0.0126;0.024349999999998793;0.00194833753952;0.0;0.008852490003492001;0.05385493322352001;0.07848000000000001;6.945217083820707e-15;0.08999999999985953;0.022469999999835195;0.0;-3.4954949091475784e-13
43.0;203.73580081527095;-0.292497106;0.0126;0.024349999999999018;0.00022869207092000003;2.447932073823268e-18;0.008899469992656001;0.054656857606120005;0.07848000000000001;2.563851616713988e-13;0.08999999999992464;0.022469999999865247;1.2630470660599994e-14;-3.047744077510489e-13
44.0;166.38828418809823;-0.29021363;0.0126;0.024349999999998356;5.54405054e-5;0.0;0.008676720000432;0.05496646697912;0.07848000000000001;3.2975916812140385e-15;0.08999999993400884;0.022469999999778036;0.0;-4.2305389877025923e-13
45.0;166.36403548908908;-0.284871784;0.0126;0.024349999999998356;3.069037676e-5;0.0;0.008127539993448;0.05631020776447001;0.07848000000000001;3.2939246179228547e-15;0.08252605087491807;0.022469999999777873;0.0;-4.232456399244633e-13
46.0;166.36403548925443;-0.27691349600000004;0.0126;0.024349999999998356;2.475012864e-5;0.0;0.007290000000828001;0.058065260949980005;0.07848000000000001;3.293924617945271e-15;0.07365618993478601;0.022469999999777873;0.0;-4.23245612819409e-13
47.0;166.36403548928735;-0.268974546;0.0126;0.024349999999998356;1.683027812e-5;0.0;0.006070950001332;0.0574946435718;0.07848000000000001;3.2939246179509256e-15;0.06751482716458325;0.022469999999777873;0.0;-4.23245612819409e-13
48.0;166.3640354893089;-0.261410554;0.0126;0.024349999999998356;1.7820190160000002e-5;0.0;0.005103809999603999;0.05753964500317;0.07848000000000001;3.2939246179545606e-15;0.0608719838239686;0.022469999999777873;0.0;-4.23245612819409e-13
49.0;166.36403548487868;-0.242423864;0.0126;0.02434999999999725;0.00054054484452;0.0;0.0053694900049319995;0.029227486371109997;0.07848000000000001;5.5027227060063056e-15;0.06940904807153284;0.022469999999628728;0.0;-7.073560216296765e-13
50.0;166.36403548490742;-0.237701714;0.0126;0.02434999999999725;0.00042174387236;0.0;0.005635169997552001;0.02867306961374;0.07848000000000001;5.5027227060143835e-15;0.06509443580985401;0.022469999999628728;0.0;-7.073560216296765e-13
51.0;166.3640354849124;-0.23614305799999996;0.0126;0.02434999999999725;0.00032076297952;0.0;0.0055549800013680005;0.02819605503475;0.07848000000000001;5.502722706015595e-15;0.0641939652781058;0.022469999999628728;0.0;-7.073560216296765e-13
52.0;166.36403548491288;-0.23556405399999997;0.0126;0.02434999999999725;0.00021285192652;0.0;0.005687820004032001;0.027671339278140004;0.07848000000000001;5.502722706015595e-15;0.06411474808507109;0.022469999999628728;0.0;-7.073559945246222e-13
53.0;166.36403548490597;-0.237031686;0.0126;0.02434999999999725;9.108077488000001e-5;0.0;0.005587380000467999;0.028107852552410002;0.07848000000000001;5.502722706013576e-15;0.06536807796566649;0.022469999999628728;0.0;-7.073560216296765e-13
54.0;166.36403548485924;-0.24335261399999997;0.0126;0.02434999999999725;7.821080996e-5;0.0;0.00542537999226;0.02835536001277;0.07848000000000001;5.502722706001055e-15;0.07161636847618648;0.022469999999628728;0.0;-7.073560216296765e-13
55.0;166.3640354844171;-0.255453358;0.0126;0.02434999999999725;0.0011553405183200001;0.0;0.005217210002808;0.02817715450282;0.07848000000000001;5.502722705919064e-15;0.08302635826354034;0.022469999999628728;0.0;-7.073560216296765e-13
56.0;198.2316732533355;-0.26924518999999997;0.0126;0.024349999999998255;0.007951751823760001;3.8663946642486305e-18;0.005070599992584;0.027832444141949998;0.07848000000000001;3.3180958919480274e-14;0.08999999999985231;0.02246999999976092;0.0;-5.308350059431838e-13
57.0;204.25023004040528;-0.284218542;0.0126;0.02434999999999837;0.02393049588008;4.11448419251563e-18;0.004787100003635999;0.026747911146249997;0.07848000000000001;0.0007015246649494757;0.08999999999987579;0.022469999999776;2.1354246818823443e-14;-5.074302794356306e-13
58.0;166.3640354857156;-0.294878792;0.0126;0.02434999999999725;0.04089528898072001;0.0;0.00458783999964;0.02438983967068;0.07848000000000001;5.5027227062143124e-15;0.08712852874023447;0.022469999999628728;0.0;-7.073560216296765e-13
59.0;166.3640354847628;-0.29897974;0.0126;0.02434999999999725;0.054187148848;0.0;0.004395870003384;0.0246490476252;0.07848000000000001;5.502722705976417e-15;0.07787037881077459;0.022469999999628728;0.0;-7.073560216296765e-13
60.0;166.36403548485671;-0.302674016;0.0126;0.02434999999999725;0.06281705681232;0.0;0.004579739996688;0.02552117398354;0.07848000000000001;5.502722706000247e-15;0.07187875049851175;0.022469999999628728;0.0;-7.073560216296765e-13
61.0;166.36403548487652;-0.305976244;0.0126;0.02434999999999725;0.06645335953164;0.0;0.004433129999172;0.02752103471829;0.07848000000000001;5.502722706005498e-15;0.06969142504289066;0.022469999999628728;0.0;-7.073560216296765e-13
62.0;166.36403548489375;-0.305024412;0.0126;0.02434999999999725;0.06599003536336;0.0;0.004646969993232;0.02917078461045;0.07848000000000001;5.5027227060107485e-15;0.06733932732578367;0.022469999999628728;0.0;-7.073560216296765e-13
63.0;166.3640354849011;-0.299711004;0.0126;0.02434999999999725;0.06088158923772;0.0;0.0048470400051480005;0.029917807283050005;0.07848000000000001;5.502722706012768e-15;0.06618727276726159;0.022469999999628728;0.0;-7.073560216296765e-13
64.0;166.36403548488525;-0.29230212200000005;0.0126;0.02434999999999725;0.05123494229568001;0.0;0.004706909994743999;0.029932207853200003;0.07848000000000001;5.502722706007921e-15;0.06855076714879314;0.022469999999628728;0.0;-7.073560216296765e-13
65.0;166.36403548481053;-0.282959018;0.0126;0.02434999999999725;0.036193736605920006;0.0;0.004419359991612;0.028961078378819997;0.07848000000000001;5.50272270598813e-15;0.07550754831268616;0.022469999999628728;0.0;-7.073560216296765e-13
66.0;166.36403548417667;-0.27483463399999997;0.0126;0.02434999999999725;0.018918080643720005;0.0;0.00428165999226;0.026854114300060003;0.07848000000000001;5.502722706055985e-15;0.08690348446591938;0.022469999999628728;0.0;-7.073559945246222e-13
67.0;204.251210256103;-0.269017862;0.0126;0.02434999999999837;0.0054856395226;4.114554011015289e-18;0.00456840000018;0.025269166396530006;0.07848000000000001;0.005680200598496417;0.08999999999987579;0.022469999999776002;2.1354996046122477e-14;-5.074243976388448e-13
68.0;204.25121025581305;-0.26922680200000004;0.0126;0.02434999999999837;0.00110088992496;4.114554011102064e-18;0.004619430003528001;0.02561297673207;0.07848000000000001;0.009879050016402319;0.08999999999987579;0.022469999999776002;2.1354996047049824e-14;-5.074244247438991e-13
69.0;204.25121025587438;-0.26658467999999996;0.0126;0.02434999999999837;0.0005573751226400001;4.1145540110870754e-18;0.0038369699903159997;0.02633659874609;0.07848000000000001;0.00783928079098929;0.08999999999987579;0.022469999999776002;2.1354996046894728e-14;-5.074244247438991e-13
70.0;204.25121025455408;-0.262011696;0.0126;0.02434999999999837;0.0005791552934800001;4.114554008987128e-18;0.003369600008064;0.026516604141830002;0.07848000000000001;0.003531877970447821;0.08999999999987579;0.022469999999776002;2.135499602436052e-14;-5.074244789540078e-13
71.0;166.3640355028587;-0.255810654;0.0126;0.02434999999999725;0.0005791552934800001;0.0;0.0029305800107280004;0.02666330860036;0.07848000000000001;5.502722707918353e-15;0.08776031528285563;0.022469999999628728;0.0;-7.073560216296765e-13
72.0;166.36403548462465;-0.248786582;0.0126;0.02434999999999725;0.00056628510688;0.0;0.002323079992656;0.02686941489554;0.07848000000000001;5.502722705948952e-15;0.08115050729035253;0.022469999999628728;0.0;-7.073559945246222e-13
73.0;166.36403548920293;-0.17650215800000002;0.0126;0.02434999999999828;0.00041580373508000003;0.0;0.0028228499994240003;0.02492535589612;0.07848000000000001;3.444683542259962e-15;0.01046085341469343;0.022469999999767697;0.0;-4.4262944004502813e-13
74.0;166.36403548922573;-0.173886194;0.0126;0.02434999999999828;0.00023166202872000003;0.0;0.003043169993304;0.02335840833432;0.07848000000000001;3.444683542263597e-15;0.009375658689902183;0.022469999999767697;0.0;-4.4262946715008245e-13
75.0;166.36403548925142;-0.171565488;0.0126;0.02434999999999828;0.00012870109012;0.0;0.002978370007812;0.02214247164044;0.07848000000000001;3.444683542267636e-15;0.008438650308764051;0.022469999999767697;0.0;-4.4262944004502813e-13
76.0;166.36403548929644;-0.169363822;0.0126;0.02434999999999828;4.752043320000001e-5;0.0;0.0031962599906400005;0.02095443556692;0.07848000000000001;3.4446835422736943e-15;0.007288311057470545;0.022469999999767697;0.0;-4.4262946715008245e-13
77.0;166.36403548933947;-0.169779206;0.0126;0.02434999999999828;3.9600361e-5;0.0;0.003451409994672;0.021847262507849997;0.07848000000000001;3.444683542279147e-15;0.006563638185216479;0.022469999999767697;0.0;-4.4262944004502813e-13
78.0;166.36403548930355;-0.171172282;0.0126;0.02434999999999828;0.0010404994160000001;0.0;0.0034991999917560004;0.02160425517414;0.07848000000000001;3.444683542274906e-15;0.007151032466443437;0.022469999999767697;0.0;-4.4262946715008245e-13
79.0;166.3640354892865;-0.17521709399999996;0.0126;0.02434999999999828;0.00516982665748;0.0;0.003361499992404;0.021309046206420004;0.07848000000000001;3.4446835422722807e-15;0.007499426191738196;0.022469999999767697;0.0;-4.4262946715008245e-13
80.0;166.3640354892753;-0.185330126;0.0126;0.02434999999999828;0.015794602460800004;0.0;0.0032100299982;0.02068532733377;0.07848000000000001;3.444683542271271e-15;0.007762871255039936;0.022469999999767697;0.0;-4.4262944004502813e-13
81.0;166.36403548928962;-0.198604304;0.0126;0.02434999999999828;0.02945375571792;0.0;0.0030196800050760002;0.020822131513670003;0.07848000000000001;3.4446835422726846e-15;0.007431441811439418;0.022469999999767697;0.0;-4.4262946715008245e-13
82.0;166.36403548929584;-0.20984523;0.0126;0.02434999999999828;0.040862618779880004;0.0;0.0027677699946000002;0.021036338036820004;0.07848000000000001;3.4446835422734923e-15;0.007301208236914901;0.022469999999767697;0.0;-4.4262946715008245e-13
83.0;166.36403548927174;-0.21708589599999997;0.0126;0.02434999999999828;0.046359148332480005;0.0;0.003014820008388;0.02198226663709;0.07848000000000001;3.444683542270665e-15;0.007852366069764858;0.022469999999767697;0.0;-4.4262944004502813e-13
84.0;166.36403548925244;-0.22106570599999997;0.0126;0.02434999999999828;0.04859755847476;0.0;0.0030391200045360002;0.0231460020267;0.07848000000000001;3.444683542267636e-15;0.008405730541174349;0.022469999999767697;0.0;-4.4262946715008245e-13
85.0;166.36403548946606;-0.22164996200000003;0.0126;0.02434999999999828;0.05008554191464;0.0;0.0030302100063720003;0.02529256705511;0.07848000000000001;3.444683542291264e-15;0.005364348071996223;0.022469999999767697;0.0;-4.4262946715008245e-13
86.0;158.1192873306302;-0.22005632200000003;0.0126;0.024349999999997977;0.050054851648720006;0.0;0.0027969300001440003;0.02738963069037;0.07848000000000001;0.0;3.559924802064216e-13;0.022469999999728766;0.0;-4.859775505194203e-13
87.0;127.07497369283725;-0.21783314999999998;0.0126;0.024349999999994074;0.047396677569000005;0.0;0.003205980009432;0.029270687586950006;0.07848000000000001;0.0;0.0;0.022469999999269817;0.0;-7.952046952777042e-13
88.0;129.6397449449326;-0.21459936199999996;0.0126;0.02434999999999489;0.04176154680832;0.0;0.003198690001692;0.031523455934040004;0.07848000000000001;0.0;0.0;0.02246999999935937;0.0;-7.53326031112736e-13
89.0;166.36403548968804;-0.210182044;0.0126;0.02434999999999828;0.03245150287936;0.0;0.0033849900060480003;0.03208057293227;0.07848000000000001;3.4446835423084294e-15;0.004387683225810953;0.022469999999767697;0.0;-4.4262946715008245e-13
90.0;166.36403548919566;-0.20729648600000006;0.0126;0.02434999999999828;0.021702975767800003;0.0;0.0032375700006119995;0.03360521913869;0.07848000000000001;3.44468354225875e-15;0.010873426137893018;0.022469999999767697;0.0;-4.4262946715008245e-13
91.0;166.36403548913268;-0.200991706;0.0126;0.02434999999999828;0.010438654162040002;0.0;0.002766959999388;0.033318110398940004;0.07848000000000001;3.4446835422482488e-15;0.01659068648163136;0.022469999999767697;0.0;-4.4262946715008245e-13
92.0;166.3640354890986;-0.19921038599999996;0.0126;0.02434999999999828;0.00273440473308;0.0;0.0031670999978039996;0.032492785522630005;0.07848000000000001;3.4446835422417864e-15;0.022938800786774176;0.022469999999767697;0.0;-4.4262944004502813e-13
93.0;166.36403548909618;-0.197510786;0.0126;0.02434999999999828;0.00087219796488;0.0;0.002787210006768;0.03241628303984;0.07848000000000001;3.4446835422417864e-15;0.023557800028679132;0.022469999999767697;0.0;-4.4262944004502813e-13
94.0;166.36403548909772;-0.19663508200000002;0.0126;0.02434999999999828;0.0006633060190399999;0.0;0.002740230004896;0.03219847658024;0.07848000000000001;3.4446835422417864e-15;0.023155774436068786;0.022469999999767697;0.0;-4.4262944004502813e-13
95.0;166.3640354891077;-0.195007718;0.0126;0.02434999999999828;0.00066429604192;0.0;0.00291113999856;0.03268359122233;0.07848000000000001;3.444683542243604e-15;0.02087139577793198;0.022469999999767697;0.0;-4.4262946715008245e-13
96.0;166.3640354891297;-0.19119609200000004;0.0126;0.02434999999999828;0.0006633060190399999;0.0;0.003070709995716;0.03256658759968999;0.07848000000000001;3.444683542247239e-15;0.017018193427399516;0.022469999999767697;0.0;-4.4262946715008245e-13
97.0;166.36403548957134;-0.193719702;0.0126;0.024349999999998408;0.0006217257231200001;0.0;0.000570239996868;0.02172665894876;0.07848000000000001;3.1888705111136318e-15;0.03292378233766536;0.02246999999978496;0.0;-4.0973902873039925e-13
98.0;166.36403548958148;-0.18921848200000002;0.0126;0.024349999999998408;0.0005474750046800002;0.0;0.000568620006444;0.021598855022160003;0.07848000000000001;3.1888705111156513e-15;0.02862623697364415;0.02246999999978496;0.0;-4.0973902873039925e-13
99.0;166.36403548958816;-0.186976784;0.0126;0.024349999999998408;0.00045936407676;0.0;0.000808379999784;0.02160785527546;0.07848000000000001;3.188870511116459e-15;0.026223889655263816;0.02246999999978496;0.0;-4.0973902873039925e-13
100.0;166.3640354895868;-0.18802355199999998;0.0126;0.024349999999998408;0.00040491370508000005;0.0;0.0013616100082440002;0.02168705766937;0.07848000000000001;3.188870511116459e-15;0.02669267562450141;0.02246999999978496;0.0;-4.0973900162534493e-13
101.0;166.3640354895769;-0.192219492;0.0126;0.024349999999998408;0.0008256674437200001;0.0;0.0015211800054;0.021581754540890005;0.07848000000000001;3.1888705111150454e-15;0.030413595016704306;0.02246999999978496;0.0;-4.0973900162534493e-13
102.0;166.36403548955968;-0.20250235400000005;0.0126;0.024349999999998408;0.0038194544028;0.0;0.0017479799991;0.020295615376659998;0.07848000000000001;3.188870511112016e-15;0.038762009227280285;0.02246999999978496;0.0;-4.0973902873039925e-13
103.0;166.36403548955508;-0.21183756200000003;0.0126;0.024349999999998408;0.0126008337618;0.0;0.002064689995068;0.01792854364779;0.07848000000000001;3.1888705111110064e-15;0.04136619960094547;0.02246999999978496;0.0;-4.0973900162534493e-13
104.0;166.36403548954763;-0.230007362;0.0126;0.024349999999998408;0.02773708031796;0.0;0.002211299992584;0.01667390569985;0.07848000000000001;3.1888705111099967e-15;0.04550778099485239;0.02246999999978496;0.0;-4.0973902873039925e-13
105.0;166.36403548955124;-0.24503302400000002;0.0126;0.024349999999998408;0.044964225713240005;0.0;0.0023538600013319998;0.01632919533898;0.07848000000000001;3.1888705111106026e-15;0.04350844795187312;0.02246999999978496;0.0;-4.0973900162534493e-13
106.0;166.3640354895557;-0.25854397800000006;0.0126;0.024349999999998408;0.059965831042000005;0.0;0.002465640001404;0.01721482207727;0.07848000000000001;3.1888705111110064e-15;0.04102038988495709;0.02246999999978496;0.0;-4.0973900162534493e-13
107.0;166.36403548955732;-0.26833848200000004;0.0126;0.024349999999998408;0.069164994071;0.0;0.002695680001368;0.01860716423044;0.07848000000000001;3.1888705111116123e-15;0.039993348702929796;0.02246999999978496;0.0;-4.0973900162534493e-13
108.0;166.36403548956085;-0.270584194;0.0126;0.024349999999998408;0.07173208715416;0.0;0.0028884600055440004;0.01995000499046;0.07848000000000001;3.188870511112218e-15;0.03813634685573397;0.02246999999978496;0.0;-4.0973902873039925e-13
109.0;166.36403548956454;-0.269091788;0.0126;0.024349999999998408;0.07107670120732;0.0;0.0029087100002160005;0.021005737010730004;0.07848000000000001;3.188870511112824e-15;0.036223344787818176;0.02246999999978496;0.0;-4.0973902873039925e-13
110.0;166.3640354895651;-0.26798189000000006;0.0126;0.024349999999998408;0.06789580258408;0.0;0.0029240999982;0.02334130785305;0.07848000000000001;3.188870511112824e-15;0.035943384570775845;0.02246999999978496;0.0;-4.0973902873039925e-13
111.0;166.36403548956528;-0.26459497000000004;0.0126;0.024349999999998408;0.062350762575399996;0.0;0.0033785100062280003;0.02515396282455;0.07848000000000001;3.188870511112824e-15;0.03583443959994385;0.02246999999978496;0.0;-4.0973902873039925e-13
112.0;166.3640354895639;-0.259173458;0.0126;0.024349999999998408;0.05372679474836001;0.0;0.004143150010404;0.02691441616204;0.07848000000000001;3.18887051111242e-15;0.03651180208525092;0.02246999999978496;0.0;-4.0973902873039925e-13
113.0;166.36403548955684;-0.251743908;0.0126;0.024349999999998408;0.04130911278088;0.0;0.004114800000072;0.02806465100683;0.07848000000000001;3.1888705111116123e-15;0.040378049217913305;0.02246999999978496;0.0;-4.0973902873039925e-13
114.0;166.3640354895496;-0.24460692200000003;0.0126;0.024349999999998408;0.02914487301296;0.0;0.003966569999424001;0.029138383698570004;0.07848000000000001;3.1888705111104006e-15;0.04447980029437959;0.02246999999978496;0.0;-4.0973902873039925e-13
115.0;166.36403548954536;-0.234643218;0.0126;0.024349999999998408;0.016169815812;0.0;0.0038191500066960004;0.02988720642183;0.07848000000000001;3.1888705111097948e-15;0.046889750764600995;0.02246999999978496;0.0;-4.0973902873039925e-13
116.0;166.36403548954243;-0.223148028;0.0126;0.024349999999998408;0.006388527642560001;0.0;0.0040491899939520005;0.02629069728939;0.07848000000000001;3.188870511109189e-15;0.04854231807907335;0.02246999999978496;0.0;-4.0973902873039925e-13
117.0;166.36403548954382;-0.21686553599999997;0.0126;0.024349999999998408;0.00163846481168;0.0;0.003821579992332;0.02575698111461;0.07848000000000001;3.188870511109391e-15;0.04777121508642198;0.02246999999978496;0.0;-4.0973902873039925e-13
118.0;166.36403548954752;-0.21509005200000006;0.0126;0.024349999999998408;0.0006276656387200001;0.0;0.00345626999136;0.0275003341357;0.07848000000000001;3.1888705111099967e-15;0.04562848723945288;0.02246999999978496;0.0;-4.0973902873039925e-13
119.0;166.3640354895568;-0.20930883200000003;0.0126;0.024349999999998408;0.0006098455594;0.0;0.00303507000306;0.0274274319191;0.07848000000000001;3.1888705111116123e-15;0.04035918952413693;0.02246999999978496;0.0;-4.0973902873039925e-13
120.0;166.364035489581;-0.19621448;0.0126;0.024349999999998408;0.00058212525128;0.0;0.003073140006768;0.02587938488923;0.07848000000000001;3.1888705111154493e-15;0.028802534859627516;0.02246999999978496;0.0;-4.0973902873039925e-13
121.0;166.36403548813837;-0.194079202;0.0126;0.024349999999998047;0.00052470470012;0.0;0.001044899999568;0.01814185014561;0.07848000000000001;3.913383440393511e-15;0.03649045225232757;0.022469999999736062;0.0;-5.028998051326283e-13
122.0;166.3640354881417;-0.192536758;0.0126;0.024349999999998047;0.00040887368576000003;0.0;0.0011210399942760002;0.018007746206570002;0.07848000000000001;3.913383440394319e-15;0.035121803211187394;0.022469999999736062;0.0;-5.028998051326283e-13
123.0;166.36403548814383;-0.19049287399999998;0.0126;0.024349999999998047;0.00032274291444000006;0.0;0.001138860003312;0.01688541198214;0.07848000000000001;3.913383440394723e-15;0.03426856419800747;0.022469999999736062;0.0;-5.028998051326283e-13
124.0;166.3640354881464;-0.188958092;0.0126;0.024349999999998047;0.00032670289512;0.0;0.001065150006948;0.016420097897310002;0.07848000000000001;3.913383440395531e-15;0.033268846298645946;0.022469999999736062;0.0;-5.02899778027574e-13
125.0;166.36403548813865;-0.19111284;0.0126;0.024349999999998047;0.00038808342695999997;0.0;0.001079729997012;0.015389566751150002;0.07848000000000001;3.913383440393511e-15;0.03637816492251366;0.022469999999736062;0.0;-5.028998051326283e-13
126.0;166.3640354881223;-0.19830340800000001;0.0126;0.024349999999998047;0.00160876456864;0.0;0.001067579992584;0.014026925433870002;0.07848000000000001;3.913383440390684e-15;0.04372284310172423;0.022469999999736062;0.0;-5.02899778027574e-13
127.0;166.3640354881052;-0.21036524999999998;0.0126;0.024349999999998047;0.007511197849199999;0.0;0.0008124300012600001;0.01260488227994;0.07848000000000001;3.913383440387453e-15;0.05155944496556546;0.022469999999736062;0.0;-5.02899778027574e-13
128.0;166.36403548809702;-0.22534906600000004;0.0126;0.024349999999998047;0.01953287631752;0.0;0.0007257600052559999;0.0121881697278;0.07848000000000001;3.913383440385837e-15;0.055024965044979064;0.022469999999736062;0.0;-5.028998051326283e-13
129.0;166.36403548809824;-0.23898781800000002;0.0126;0.024349999999998047;0.034240448952;0.0;0.000676349992332;0.011682354338250002;0.07848000000000001;3.913383440385837e-15;0.05451136981303538;0.022469999999736062;0.0;-5.02899778027574e-13
130.0;166.36403548810466;-0.24823898200000005;0.0126;0.024349999999998047;0.04575425288748;0.0;0.000600210010332;0.012189069588259998;0.07848000000000001;3.913383440387453e-15;0.051818154609861854;0.022469999999736062;0.0;-5.02899778027574e-13
131.0;166.36403548810324;-0.25609368200000004;0.0126;0.024349999999998047;0.052829846544;0.0;0.00045440999532;0.012493278809280002;0.07848000000000001;3.913383440386645e-15;0.05243885174726286;0.022469999999736062;0.0;-5.02899778027574e-13
132.0;166.3640354881013;-0.26070264200000004;0.0126;0.024349999999998047;0.055878084096439996;0.0;0.00037098000558000003;0.013335704496600001;0.07848000000000001;3.913383440386645e-15;0.05324057849714671;0.022469999999736062;0.0;-5.02899778027574e-13
133.0;166.3640354881031;-0.261721018;0.0126;0.024349999999998047;0.05624933746696;0.0;0.00027945000018;0.01482434968982;0.07848000000000001;3.913383440386645e-15;0.05249058593889876;0.022469999999736062;0.0;-5.02899778027574e-13
134.0;166.36403548810645;-0.261165556;0.0126;0.024349999999998047;0.05571968276328001;0.0;0.00025110000255600004;0.01631749484482;0.07848000000000001;3.913383440387453e-15;0.05099998348537627;0.022469999999736062;0.0;-5.02899778027574e-13
135.0;166.36403548810884;-0.25732868200000003;0.0126;0.024349999999998047;0.05147353437372;0.0;0.000310229996148;0.017711637048650003;0.07848000000000001;3.913383440388261e-15;0.049955985677625596;0.022469999999736062;0.0;-5.02899778027574e-13
136.0;166.36403548810475;-0.251923456;0.0126;0.024349999999998047;0.04434943026112001;0.0;0.000328860000396;0.01761083421169;0.07848000000000001;3.913383440387453e-15;0.051757036622736854;0.022469999999736062;0.0;-5.02899778027574e-13
137.0;166.36403548809562;-0.24473873200000001;0.0126;0.024349999999998047;0.0333029104746;0.0;0.000315900000756;0.01767383614966;0.07848000000000001;3.913383440385837e-15;0.05556879047046827;0.022469999999736062;0.0;-5.028998051326283e-13
138.0;166.3640354880872;-0.23680041999999998;0.0126;0.024349999999998047;0.022231640670280002;0.0;0.000323189995788;0.01763063460408;0.07848000000000001;3.913383440383818e-15;0.05873765982490863;0.022469999999736062;0.0;-5.028998051326283e-13
139.0;166.36403548808119;-0.22728942400000002;0.0126;0.024349999999998047;0.011138590473440001;0.0;0.00030861000572400006;0.01720762187463;0.07848000000000001;3.913383440382202e-15;0.06075730674096695;0.022469999999736062;0.0;-5.028998051326283e-13
140.0;166.36403548807994;-0.21978288399999996;0.0126;0.024349999999998047;0.00361947266288;0.0;0.000245430010656;0.016907912780260003;0.07848000000000001;3.913383440381798e-15;0.06113277364090592;0.022469999999736062;0.0;-5.02899778027574e-13
141.0;166.36403548808258;-0.217707832;0.0126;0.024349999999998047;0.00098208884196;0.0;0.000264060002196;0.01827055409754;0.07848000000000001;3.913383440382606e-15;0.060313834153132434;0.022469999999736062;0.0;-5.028998051326283e-13
142.0;166.36403548809048;-0.21517285200000003;0.0126;0.024349999999998047;0.0006801360754800001;0.0;0.000275399998704;0.018812370500290002;0.07848000000000001;3.913383440384222e-15;0.05752765052075652;0.022469999999736062;0.0;-5.028998051326283e-13
143.0;166.36403548810415;-0.20951931599999998;0.0126;0.024349999999998047;0.00065736588176;0.0;0.00023571000457200004;0.01872236780242;0.07848000000000001;3.913383440387453e-15;0.0520265774071604;0.022469999999736062;0.0;-5.02899778027574e-13
144.0;166.3640354881199;-0.202383994;0.0126;0.024349999999998047;0.00065637596972;0.0;0.000210600000504;0.01882227077892;0.07848000000000001;3.91338344039028e-15;0.04481745234755642;0.022469999999736062;0.0;-5.02899778027574e-13
145.0;166.36403548928652;-0.231020876;0.0126;0.024349999999998335;0.0002059218772;0.0;0.009421109997228002;0.05003701736529;0.07848000000000001;3.3330957790551762e-15;0.03347953178488416;0.02246999999977523;0.0;-4.2828194875103864e-13
146.0;166.36403548928973;-0.22844196800000002;0.0126;0.024349999999998335;0.00010395096148;0.0;0.009307709994024;0.04906408784025001;0.07848000000000001;3.33309577905558e-15;0.03208892422900332;0.02246999999977523;0.0;-4.2828194875103864e-13
147.0;166.36403548929414;-0.22624180800000004;0.0126;0.024349999999998335;5.148052472e-5;0.0;0.008809560003096002;0.04925399384436;0.07848000000000001;3.33309577905659e-15;0.030249478652810673;0.02246999999977523;0.0;-4.2828194875103864e-13
148.0;166.36403548929266;-0.22600676000000003;0.0126;0.024349999999998335;5.049050184e-5;0.0;0.008263619989668;0.048919183597250004;0.07848000000000001;3.33309577905659e-15;0.030896170936142758;0.02246999999977523;0.0;-4.2828194875103864e-13
149.0;166.3640354892784;-0.23180166200000002;0.0126;0.024349999999998335;5.148052472e-5;0.0;0.007482780005004;0.04895878471177;0.07848000000000001;3.3330957790539645e-15;0.03743132178269064;0.02246999999977523;0.0;-4.2828192164598433e-13
150.0;166.36403548924912;-0.24610081799999997;0.0126;0.024349999999998335;0.00012276117452000003;0.0;0.0060255900025919995;0.049032587118570004;0.07848000000000001;3.3330957790489158e-15;0.05304258472704038;0.02246999999977523;0.0;-4.2828194875103864e-13
151.0;166.364035489221;-0.256765858;0.0126;0.024349999999998335;0.00116425050256;0.0;0.005957549998128;0.047438638632;0.07848000000000001;3.333095779044271e-15;0.06432812388863267;0.02246999999977523;0.0;-4.2828194875103864e-13
152.0;166.3640354892087;-0.266073826;0.0126;0.024349999999998335;0.0080953030354;0.0;0.006717329992908001;0.04565478463593;0.07848000000000001;3.3330957790420496e-15;0.0677291133564636;0.02246999999977523;0.0;-4.2828192164598433e-13
153.0;166.36403548921243;-0.27675297200000004;0.0126;0.024349999999998335;0.023812684819960003;0.0;0.006824249996292;0.04147325772003001;0.07848000000000001;3.3330957790426554e-15;0.06676548448460695;0.02246999999977523;0.0;-4.2828192164598433e-13
154.0;166.3640354892314;-0.28635957;0.0126;0.024349999999998335;0.0408705386304;0.0;0.00703079999532;0.039774006104980004;0.07848000000000001;3.3330957790458866e-15;0.06080693029113189;0.02246999999977523;0.0;-4.2828192164598433e-13
155.0;166.36403548923687;-0.293596446;0.0126;0.024349999999998335;0.051667576198039994;0.0;0.006698700001368;0.03868407328704;0.07848000000000001;3.3330957790470983e-15;0.0586688015356543;0.02246999999977523;0.0;-4.2828192164598433e-13
156.0;166.364035489244;-0.297273078;0.0126;0.024349999999998335;0.05661564072308;0.0;0.00659582999946;0.040684833882250006;0.07848000000000001;3.333095779048108e-15;0.05549947841767507;0.02246999999977523;0.0;-4.2828194875103864e-13
157.0;166.36403548925145;-0.294288;0.0126;0.024349999999998335;0.05656317028632001;0.0;0.008018190004428;0.04002241375554;0.07848000000000001;3.3330957790493197e-15;0.05180693097655915;0.02246999999977523;0.0;-4.2828194875103864e-13
158.0;166.3640354892497;-0.29453693200000003;0.0126;0.024349999999998335;0.05403567745332;0.0;0.008782829995896;0.04108174587713;0.07848000000000001;3.3330957790489158e-15;0.05275938369640163;0.02246999999977523;0.0;-4.2828194875103864e-13
159.0;166.36403548924096;-0.291145034;0.0126;0.024349999999998335;0.04836589644604;0.0;0.009033929998452001;0.03897568198857;0.07848000000000001;3.333095779047704e-15;0.056892230589256076;0.02246999999977523;0.0;-4.2828192164598433e-13
160.0;166.3640354892295;-0.28385857000000003;0.0126;0.024349999999998335;0.038255925114039996;0.0;0.009036359996796;0.03718642767565;0.07848000000000001;3.3330957790458866e-15;0.06150256223525428;0.02246999999977523;0.0;-4.2828192164598433e-13
161.0;166.3640354892055;-0.27395429;0.0126;0.024349999999998335;0.023685963775600002;0.0;0.008935110010728;0.034990361089220004;0.07848000000000001;3.3330957790416457e-15;0.06846556014499841;0.02246999999977523;0.0;-4.2828192164598433e-13
162.0;166.3640354891825;-0.261893642;0.0126;0.024349999999998335;0.00971495763404;0.0;0.009594450001944001;0.03196536936029;0.07848000000000001;3.3330957790378086e-15;0.07274157002315124;0.02246999999977523;0.0;-4.2828194875103864e-13
163.0;166.3640354891441;-0.25942144;0.0126;0.024349999999998335;0.0020899088162399998;0.0;0.009749970010332;0.03261338908172;0.07848000000000001;3.3330957790315482e-15;0.07709087710936549;0.02246999999977523;0.0;-4.2828194875103864e-13
164.0;166.36403548916195;-0.25945439;0.0126;0.024349999999998335;0.00052470470012;0.0;0.009976770004032;0.035688782394;0.07848000000000001;3.3330957790343755e-15;0.0753868379202988;0.02246999999977523;0.0;-4.2828194875103864e-13
165.0;166.364035489203;-0.255673296;0.0126;0.024349999999998335;0.00035046322256;0.0;0.010003499998524;0.038409564901910005;0.07848000000000001;3.3330957790412418e-15;0.06903247289742596;0.02246999999977523;0.0;-4.2828194875103864e-13
166.0;166.3640354892306;-0.248754928;0.0126;0.024349999999998335;0.00029502260632000005;0.0;0.009700559997408001;0.039773106244520004;0.07848000000000001;3.3330957790458866e-15;0.06110894417354225;0.02246999999977523;0.0;-4.2828192164598433e-13
167.0;166.36403548924972;-0.241861972;0.0126;0.024349999999998335;0.00019602187008000002;0.0;0.009878759998812001;0.041152848043070005;0.07848000000000001;3.3330957790489158e-15;0.052757047110785854;0.02246999999977523;0.0;-4.2828194875103864e-13
168.0;166.3640354892656;-0.23410475800000002;0.0126;0.024349999999998335;0.0001029609386;0.0;0.009629279999388;0.042273382051969996;0.07848000000000001;3.333095779052147e-15;0.044221840033593;0.02246999999977523;0.0;-4.2828194875103864e-13
169.0;166.36403548616332;-0.21795589400000004;0.0126;0.024349999999997533;1.683027812e-5;0.0;0.004845420002016001;0.049630205091780004;0.07848000000000001;4.937263529133661e-15;0.02558614385719625;0.022469999999666923;0.0;-6.34599360907484e-13
170.0;110.99535959980709;-0.164967572;0.0126;0.001964244663245221;1.9800125079999997e-5;0.0;0.004270320008459999;0.04491766224196;0.07848000000000001;0.0;0.0;0.022469999991471343;0.0;-1.809717523407195e-12
171.0;110.99535953985573;-0.165013476;0.0126;0.0018953461020850047;1.683027812e-5;0.0;0.004805729995176;0.044500049499620005;0.07848000000000001;0.0;0.0;0.022469999991471343;0.0;-1.8097174963021406e-12
172.0;166.3640354862118;-0.207787514;0.0126;0.024349999999997533;1.683027812e-5;0.0;0.004225770004932;0.04757094268525;0.07848000000000001;4.937263529145778e-15;0.018096676263226388;0.022469999999666923;0.0;-6.345993338024297e-13
173.0;166.36403548621655;-0.20652255999999997;0.0126;0.024349999999997533;1.683027812e-5;0.0;0.004277610003492;0.04677171854351;0.07848000000000001;4.937263529147394e-15;0.017579106406639858;0.022469999999666923;0.0;-6.345993338024297e-13
174.0;166.36403548620655;-0.20764196599999998;0.0126;0.024349999999997533;2.079014796e-5;0.0;0.004131810001188;0.04689682222925;0.07848000000000001;4.9372635291445666e-15;0.018715248852865754;0.022469999999666923;0.0;-6.345993338024297e-13
175.0;166.36403548619114;-0.21107630600000005;0.0126;0.024349999999997533;0.00010692103012;0.0;0.004721489997516001;0.04763214457256;0.07848000000000001;4.9372635291413354e-15;0.020738455630307608;0.022469999999666923;0.0;-6.345993338024297e-13
176.0;166.36403548617417;-0.216014394;0.0126;0.024349999999997533;0.00141967274788;0.0;0.0052544699985960005;0.04797865514896;0.07848000000000001;4.937263529136085e-15;0.023484301334218437;0.022469999999666923;0.0;-6.345993338024297e-13
177.0;166.3640354861672;-0.225070612;0.0126;0.024349999999997533;0.00940607492908;0.0;0.005983469997408;0.047002125357730004;0.07848000000000001;4.937263529134873e-15;0.024801646945083973;0.022469999999666923;0.0;-6.34599360907484e-13
178.0;166.3640354861662;-0.236937628;0.0126;0.024349999999997533;0.021248561694599998;0.0;0.006496200003816;0.04631990467376;0.07848000000000001;4.937263529134469e-15;0.024995666857079893;0.022469999999666923;0.0;-6.34599360907484e-13
179.0;166.36403548617483;-0.24494293999999997;0.0126;0.024349999999997533;0.031880267658080004;0.0;0.006534269994816;0.045280373109430005;0.07848000000000001;4.9372635291368925e-15;0.023370734467361744;0.022469999999666923;0.0;-6.345993338024297e-13
180.0;166.36403548618628;-0.24947504400000003;0.0126;0.024349999999997533;0.03756885898924;0.0;0.006865559993556001;0.045690785649130004;0.07848000000000001;4.93726352913972e-15;0.02147254459833209;0.022469999999666923;0.0;-6.345993338024297e-13
181.0;166.3640354861814;-0.253914256;0.0126;0.024349999999997533;0.03890141094292;0.0;0.00706319999442;0.04783285055089;0.07848000000000001;4.937263529138508e-15;0.02223949974178952;0.022469999999666923;0.0;-6.34599360907484e-13
182.0;166.36403548618685;-0.252462976;0.0126;0.024349999999997533;0.03441568045244;0.0;0.008173710000108001;0.050610334984330006;0.07848000000000001;4.9372635291405276e-15;0.021385955793406443;0.022469999999666923;0.0;-6.345993338024297e-13
183.0;166.36403548617832;-0.24810405;0.0126;0.024349999999997533;0.02661738017996;0.0;0.008611920002232001;0.05223848426857;0.07848000000000001;4.9372635291377e-15;0.02275897077910274;0.022469999999666923;0.0;-6.34599360907484e-13
184.0;166.36403548615937;-0.24121360199999997;0.0126;0.024349999999997533;0.015619371071200002;0.0;0.008335710008315999;0.05294590566178001;0.07848000000000001;4.9372635291328536e-15;0.02643532048761361;0.022469999999666923;0.0;-6.345993338024297e-13
185.0;166.36403548613174;-0.243726798;0.0126;0.024349999999997533;0.00470749240124;0.0;0.008760959998092;0.05873128117801;0.07848000000000001;4.937263529125987e-15;0.03364976965018395;0.022469999999666923;0.0;-6.345993338024297e-13
186.0;166.36403548610355;-0.255485906;0.0126;0.024349999999997533;0.00079596708984;0.0;0.009068759995896;0.06437445219749001;0.07848000000000001;4.937263529119121e-15;0.04336943194288528;0.022469999999666923;0.0;-6.345993338024297e-13
187.0;166.36403548611287;-0.25650449200000003;0.0126;0.024349999999997533;3.3660223720000004e-5;0.0;0.009242100000612;0.06938490425589001;0.07848000000000001;4.9372635291211406e-15;0.03996653274635838;0.022469999999666923;0.0;-6.345993338024297e-13
188.0;166.36403548611707;-0.25479263999999996;0.0126;0.024349999999997533;2.1780281680000002e-5;0.0;0.009030690004896;0.06939300448386;0.07848000000000001;4.937263529121948e-15;0.038469870456356976;0.022469999999666923;0.0;-6.345993338024297e-13
189.0;166.3640354861294;-0.250471928;0.0126;0.024349999999997533;1.9800125079999997e-5;0.0;0.00909792000144;0.06908879526284001;0.07848000000000001;4.937263529125987e-15;0.034388117838050306;0.022469999999666923;0.0;-6.345993338024297e-13
190.0;166.36403548614547;-0.24534283599999995;0.0126;0.024349999999997533;1.7820190160000002e-5;0.0;0.008865450003132;0.06881878700436;0.07848000000000001;4.937263529130026e-15;0.029763484030561026;0.022469999999666923;0.0;-6.345993338024297e-13
191.0;166.36403548615579;-0.241189282;0.0126;0.024349999999997533;1.7820190160000002e-5;0.0;0.009034740006372001;0.06701063215951;0.07848000000000001;4.937263529132046e-15;0.027248794872685115;0.022469999999666923;0.0;-6.345993338024297e-13
192.0;166.3640354861797;-0.23544227599999998;0.0126;0.024349999999997533;1.881021304e-5;0.0;0.009111689996292;0.06590539874609;0.07848000000000001;4.9372635291377e-15;0.022529082274512426;0.022469999999666923;0.0;-6.34599360907484e-13
193.0;283.0307021550382;-0.28970408000000003;0.0126;0.024349999999999334;2.5245417151077146e-5;1.5429093634235354e-17;0.009528839995824;0.12759911981014324;0.07848000000000001;0.0;0.01467357987098334;0.02246999999990704;0.0;-4.944149104124224e-13
194.0;283.03070215526435;-0.287114264;0.0126;0.024349999999999334;2.3760216571077142e-5;1.5429093634506722e-17;0.009384660009360002;0.12797848122865324;0.07848000000000001;0.0;0.01185006763490529;0.02246999999990704;0.0;-4.944149104118537e-13
195.0;283.0307119409758;-0.28514385200000003;0.0126;0.024349999999999334;2.3760216571077142e-5;1.5429103761312956e-17;0.009435690000000002;0.12770577305905323;0.07848000000000001;0.0;0.01010107674956969;0.02246999999990704;0.0;-4.944148875155978e-13
196.0;281.65850635451886;-0.28237921600000004;0.0126;0.024349999999999327;2.524541715092451e-5;1.4306958216450757e-17;0.009073619992584;0.12687144759970315;0.07848000000000001;0.0;2.3912760646400944e-12;0.02246999999990624;0.0;-4.9940281859342e-13
197.0;277.28110711941866;-0.28353649599999997;0.0126;0.02434999999999931;2.5245417150465693e-5;1.2219825198562661e-17;0.00874719000324;0.1286197507601079;0.07848000000000001;0.0;6.063147557326286e-13;0.022469999999903796;0.0;-5.147352614628282e-13
198.0;283.03070214118316;-0.28847083999999995;0.0126;0.024349999999999334;2.5245417151077146e-5;1.5429093630136433e-17;0.009467280003888;0.13015204709939823;0.07848000000000001;0.0;0.01094897342057329;0.02246999999990704;0.0;-4.944149104217024e-13
199.0;283.03070215499025;-0.30092862;0.0126;0.024349999999999334;3.267042249107711e-5;1.542909363409967e-17;0.009099540004571999;0.13327604194436823;0.07848000000000001;0.0;0.020643072720305824;0.02246999999990704;0.0;-4.944149104127326e-13
200.0;283.03070215493835;-0.316250488;0.0126;0.024349999999999334;0.0007929971874310735;1.542909363395452e-17;0.008993430009108;0.13447352811898322;0.07848000000000001;0.0;0.0341132377736196;0.02246999999990704;0.0;-4.944149104130687e-13
201.0;283.03070215492073;-0.32232812000000005;0.0126;0.024349999999999334;0.004281293592151056;1.5429093633904033e-17;0.0073045800036;0.13155338950586823;0.07848000000000001;0.0;0.0413115619866116;0.02246999999990704;0.0;-4.944149104131721e-13
202.0;283.0307021549215;-0.32781141199999997;0.0126;0.024349999999999334;0.01207909907487102;1.5429093633904033e-17;0.007302150005256001;0.12962283121613824;0.07848000000000001;0.0;0.04093003679202035;0.02246999999990704;0.0;-4.944149104131721e-13
203.0;283.0307021549325;-0.33483633999999995;0.0126;0.024349999999999334;0.023513702066670965;1.5429093633935587e-17;0.007414740000540002;0.12970248345784324;0.07848000000000001;0.0;0.036328119563796606;0.02246999999990704;0.0;-4.944149104131204e-13
204.0;283.03070215494006;-0.339644268;0.0126;0.024349999999999334;0.031090240428390932;1.5429093633957675e-17;0.007492499998380001;0.12967008254596324;0.07848000000000001;0.0;0.033514150116492405;0.02246999999990704;0.0;-4.944149104130687e-13
205.0;283.0307021549441;-0.34040544800000005;0.0126;0.024349999999999334;0.03316034917497092;1.542909363396714e-17;0.007544339996940001;0.12971328376180324;0.07848000000000001;0.0;0.032110180155694494;0.02246999999990704;0.0;-4.94414910413017e-13
206.0;283.03070215494046;-0.33796378;0.0126;0.024349999999999334;0.028929546084630938;1.5429093633957675e-17;0.007662599996832;0.13011289599754325;0.07848000000000001;0.0;0.03338144301023548;0.02246999999990704;0.0;-4.944149104130428e-13
207.0;283.0307021549279;-0.334717316;0.0126;0.024349999999999334;0.02180593687263097;1.5429093633922965e-17;0.007424460006624;0.12933122226730323;0.07848000000000001;0.0;0.038278401942029215;0.02246999999990704;0.0;-4.944149104131462e-13
208.0;283.03070215491306;-0.329062992;0.0126;0.024349999999999334;0.01219047498627102;1.5429093633881944e-17;0.007514369996184;0.12683769664982822;0.07848000000000001;0.0;0.044643155455581104;0.02246999999990704;0.0;-4.944149104132238e-13
209.0;283.0307021549025;-0.326071756;0.0126;0.024349999999999334;0.004493650507231055;1.542909363385039e-17;0.007391249999604001;0.12697945088660825;0.07848000000000001;0.0;0.04933010969386974;0.02246999999990704;0.0;-4.944149104133013e-13
210.0;283.03070215489794;-0.326789252;0.0126;0.024349999999999334;0.001088514860611072;1.5429093633840924e-17;0.007328070004536;0.12930017139341823;0.07848000000000001;0.0;0.05119520082853835;0.02246999999990704;0.0;-4.944149104133013e-13
211.0;283.0307021548972;-0.32718749599999997;0.0126;0.024349999999999334;8.910089535107683e-5;1.5429093633837768e-17;0.007090739996832;0.13060971096892324;0.07848000000000001;0.0;0.051520649225949476;0.02246999999990704;0.0;-4.944149104133789e-13
212.0;283.0307021549021;-0.32282063600000005;0.0126;0.024349999999999334;3.118522191107712e-5;1.542909363385039e-17;0.005391360002736;0.13010479576957323;0.07848000000000001;0.0;0.04941600009309624;0.02246999999990704;0.0;-4.944149104132755e-13
213.0;283.03070215491226;-0.31589078;0.0126;0.024349999999999334;2.8215319531077128e-5;1.5429093633881944e-17;0.005158890004428001;0.12781377609865327;0.07848000000000001;0.0;0.04501260366520484;0.02246999999990704;0.0;-4.944149104131979e-13
214.0;283.0307021549315;-0.307125456;0.0126;0.024349999999999334;2.8215319531077125e-5;1.542909363393243e-17;0.005058450000864;0.12733856173519326;0.07848000000000001;0.0;0.036822934033193234;0.02246999999990704;0.0;-4.944149104131204e-13
215.0;283.03070215494677;-0.299997868;0.0126;0.024349999999999334;2.8215319531077128e-5;1.5429093633976608e-17;0.005674049996472;0.12521764759355827;0.07848000000000001;0.0;0.031200660179984904;0.02246999999990704;0.0;-4.944149104130428e-13
216.0;283.0307021549686;-0.29307264000000005;0.0126;0.024349999999999334;2.8215319531077125e-5;1.5429093634039717e-17;0.006036120003888;0.12409171318537325;0.07848000000000001;0.0;0.02503929658184639;0.02246999999990704;0.0;-4.94414910412836e-13
217.0;283.0307021564849;-0.25566822;0.0126;0.024349999999999473;2.5245417157080912e-5;1.2227752451736517e-17;0.006204599999208;0.06513002519314674;0.07848000000000001;0.0;0.04643105437760476;0.022469999999926337;0.0;-3.9178637229038837e-13
218.0;283.0307021564973;-0.251723016;0.0126;0.024349999999999473;2.5245417157080912e-5;1.2227752451763339e-17;0.0073896299964719995;0.06680137594053175;0.07848000000000001;0.0;0.03962946963358088;0.022469999999926337;0.0;-3.917863722903625e-13
219.0;283.03070215650325;-0.25172934;0.0126;0.024349999999999473;2.6730285217080907e-5;1.222775245177596e-17;0.008163989994024;0.06918284815711674;0.07848000000000001;0.0;0.03647847655170181;0.022469999999926337;0.0;-3.917863722903108e-13
220.0;283.0307021565073;-0.25259734800000005;0.0126;0.024349999999999473;2.5245417157080915e-5;1.2227752451787005e-17;0.008693730001548;0.07151301892989174;0.07848000000000001;0.0;0.034488058639664865;0.022469999999926337;0.0;-3.9178637229028497e-13
221.0;283.0307021565062;-0.254824668;0.0126;0.024349999999999473;2.3760216577080918e-5;1.2227752451783849e-17;0.00915623999982;0.07271320518049675;0.07848000000000001;0.0;0.03505416759130395;0.022469999999926337;0.0;-3.9178637229028497e-13
222.0;283.030702156499;-0.26199940400000005;0.0126;0.024349999999999473;2.3760216577080918e-5;1.2227752451768072e-17;0.009438120011052;0.07596680367298674;0.07848000000000001;0.0;0.03869342508721391;0.022469999999926337;0.0;-3.917863722903108e-13
223.0;283.0307021564787;-0.277299656;0.0126;0.024349999999999473;3.564032487708087e-5;1.2227752451723896e-17;0.009457559997804;0.08017758157698174;0.07848000000000001;0.0;0.04975157908716965;0.022469999999926337;0.0;-3.9178637229044007e-13
224.0;283.0307021564449;-0.295278904;0.0126;0.024349999999999473;0.000659345927497078;1.2227752451648165e-17;0.00950130000612;0.08293166502210175;0.07848000000000001;0.0;0.0643092980294041;0.022469999999926337;0.0;-3.9178637229059516e-13
225.0;283.0307021564287;-0.30396775200000004;0.0126;0.024349999999999473;0.0035491819805170636;1.2227752451608722e-17;0.009497249991936;0.08441266016488673;0.07848000000000001;0.0;0.06863136484698776;0.022469999999926337;0.0;-3.9178637229064686e-13
226.0;283.0307021564347;-0.30887702;0.0126;0.024349999999999473;0.010353513468997032;1.2227752451622921e-17;0.009523170003924;0.08398469688394675;0.07848000000000001;0.0;0.06713834462777182;0.022469999999926337;0.0;-3.9178637229064686e-13
227.0;283.03070215645016;-0.31303690800000006;0.0126;0.024349999999999473;0.01946852577243699;1.2227752451659209e-17;0.009515070000972;0.08365528711855674;0.07848000000000001;0.0;0.06252073009343148;0.022469999999926337;0.0;-3.917863722905693e-13
228.0;283.0307021564597;-0.31765554;0.0126;0.024349999999999473;0.026999028569016946;1.222775245167972e-17;0.009349019991288;0.08449501248258173;0.07848000000000001;0.0;0.05893518394297925;0.022469999999926337;0.0;-3.9178637229054347e-13
229.0;283.0307021564714;-0.31799168800000005;0.0126;0.024349999999999473;0.03175404145887692;1.2227752451704963e-17;0.009282600002664001;0.08550754320457672;0.07848000000000001;0.0;0.05357020832033379;0.022469999999926337;0.0;-3.917863722904659e-13
230.0;283.03070215647665;-0.31504831599999994;0.0126;0.024349999999999473;0.030814028035116934;1.2227752451717585e-17;0.008988569999712;0.08645662189350173;0.07848000000000001;0.0;0.050911801058384124;0.022469999999926337;0.0;-3.9178637229044007e-13
231.0;283.0307021564742;-0.31120433200000003;0.0126;0.024349999999999473;0.025928333953956956;1.2227752451712852e-17;0.008474220002880001;0.08677253152624674;0.07848000000000001;0.0;0.05215195150351078;0.022469999999926337;0.0;-3.9178637229044007e-13
232.0;283.03070215646545;-0.30512457600000004;0.0126;0.024349999999999473;0.018014697623136997;1.2227752451692341e-17;0.00846126000324;0.08432625723859674;0.07848000000000001;0.0;0.056445066121178104;0.022469999999926337;0.0;-3.9178637229049177e-13
233.0;283.03070215645323;-0.300522716;0.0126;0.024349999999999473;0.009321429081217037;1.222775245166552e-17;0.008819279996472;0.08305991912623674;0.07848000000000001;0.0;0.0614447927816283;0.022469999999926337;0.0;-3.917863722905176e-13
234.0;283.0307021564339;-0.297832712;0.0126;0.024349999999999473;0.002922506309257067;1.2227752451621344e-17;0.008852490003492001;0.08078239983526675;0.07848000000000001;0.0;0.06739802083656256;0.022469999999926337;0.0;-3.9178637229064686e-13
235.0;283.0307021564274;-0.298028212;0.0126;0.024349999999999473;0.00034303810635707944;1.2227752451607144e-17;0.008899469992656001;0.08198528640916673;0.07848000000000001;0.0;0.06892312247607904;0.022469999999926337;0.0;-3.9178637229069856e-13
236.0;283.0307021564369;-0.29567425999999997;0.0126;0.024349999999999473;8.316075807708064e-5;1.2227752451627655e-17;0.008676720000432;0.08244970046866673;0.07848000000000001;0.0;0.06658738375755807;0.022469999999926337;0.0;-3.91786372290621e-13
237.0;283.030702156458;-0.29015056800000005;0.0126;0.024349999999999473;4.6035565117080825e-5;1.2227752451674986e-17;0.008127539993448;0.08446531164669174;0.07848000000000001;0.0;0.05963438578052588;0.022469999999926337;0.0;-3.9178637229054347e-13
238.0;283.03070215647887;-0.28198099200000004;0.0126;0.024349999999999473;3.712519293708086e-5;1.2227752451723896e-17;0.007290000000828001;0.08709789142495673;0.07848000000000001;0.0;0.04967868036811325;0.022469999999926337;0.0;-3.917863722904659e-13
239.0;283.0307021564898;-0.273875092;0.0126;0.024349999999999473;2.5245417157080912e-5;1.2227752451749139e-17;0.006070950001332;0.08624196535768673;0.07848000000000001;0.0;0.043659636211208566;0.022469999999926337;0.0;-3.9178637229038837e-13
240.0;283.03070215650257;-0.266151108;0.0126;0.024349999999999473;2.6730285217080907e-5;1.2227752451774383e-17;0.005103809999603999;0.08630946750474174;0.07848000000000001;0.0;0.0368338051984564;0.022469999999926337;0.0;-3.917863722903108e-13
241.0;283.0307021524047;-0.24661372800000003;0.0126;0.02434999999999912;0.0008108172667416883;2.0433007411301337e-17;0.0053694900049319995;0.0438412295566429;0.07848000000000001;0.0;0.05871489641441641;0.022469999999876873;0.0;-6.5484170024193e-13
242.0;283.03070215241974;-0.241790428;0.0126;0.02434999999999912;0.0006326158085016893;2.043300741135498e-17;0.005635169997552001;0.0430096044205879;0.07848000000000001;0.0;0.0546357430168454;0.022469999999876873;0.0;-6.548417002418783e-13
243.0;283.03070215242195;-0.240205116;0.0126;0.02434999999999912;0.00048114446924169;2.0433007411367602e-17;0.0055549800013680005;0.0422940825521029;0.07848000000000001;0.0;0.053997614220886406;0.022469999999876873;0.0;-6.5484170024193e-13
244.0;283.030702152421;-0.23963610799999996;0.0126;0.02434999999999912;0.0003192778897416908;2.043300741136129e-17;0.005687820004032001;0.04150700891718791;0.07848000000000001;0.0;0.05424470643260001;0.022469999999876873;0.0;-6.548417002418266e-13
245.0;283.0307021524172;-0.24112737200000003;0.0126;0.02434999999999912;0.00013662116228169168;2.0433007411342358e-17;0.005587380000467999;0.04216177882859291;0.07848000000000001;0.0;0.05536429725200613;0.022469999999876873;0.0;-6.548417002418783e-13
246.0;283.03070215239234;-0.247551228;0.0126;0.02434999999999912;0.00011731621490169175;2.043300741125716e-17;0.00542537999226;0.042533040019132905;0.07848000000000001;0.0;0.061598197015827874;0.022469999999876873;0.0;-6.548417002420851e-13
247.0;283.0307021523131;-0.259962716;0.0126;0.02434999999999912;0.0017330107774416838;2.0433007410957394e-17;0.005217210002808;0.0422657317542079;0.07848000000000001;0.0;0.07286946870385666;0.022469999999876873;0.0;-6.548417002427571e-13
248.0;283.0307021522387;-0.27413238;0.0126;0.02434999999999912;0.011927627735601637;2.0433007410704958e-17;0.005070599992584;0.0417486662129029;0.07848000000000001;0.0;0.07750819129428252;0.022469999999876873;0.0;-6.548417002433258e-13
249.0;283.03070215233544;-0.28931808400000003;0.0126;0.02434999999999912;0.035895743820081524;2.043300741104259e-17;0.004787100003635999;0.0401218667193529;0.07848000000000001;0.0;0.07063607869628215;0.022469999999876873;0.0;-6.548417002425504e-13
250.0;283.0307021524009;-0.300025584;0.0126;0.02434999999999912;0.06134293347104141;2.043300741128556e-17;0.00458783999964;0.03658475950599791;0.07848000000000001;0.0;0.05963275626586612;0.022469999999876873;0.0;-6.548417002420334e-13
251.0;283.0307021524542;-0.30413048000000004;0.0126;0.02434999999999912;0.08128072327196131;2.0433007411487508e-17;0.004395870003384;0.03697357143777791;0.07848000000000001;0.0;0.04360302053210426;0.022469999999876873;0.0;-6.548417002415681e-13
252.0;283.0307021524893;-0.30782803200000003;0.0126;0.02434999999999912;0.09422558521844124;2.0433007411620037e-17;0.004579739996688;0.03828176097528791;0.07848000000000001;0.0;0.03286365105656898;0.022469999999876873;0.0;-6.548417002412062e-13
253.0;283.0307021525101;-0.311141488;0.0126;0.02434999999999912;0.0996800392974212;2.043300741170208e-17;0.004433129999172;0.0412815520774129;0.07848000000000001;0.0;0.027869471874026462;0.022469999999876873;0.0;-6.548417002410511e-13
254.0;283.03070215252535;-0.310175824;0.0126;0.02434999999999912;0.0989850530450012;2.043300741175572e-17;0.004646969993232;0.0437561769156529;0.07848000000000001;0.0;0.02491032929489721;0.022469999999876873;0.0;-6.548417002409477e-13
255.0;283.03070215252035;-0.304762008;0.0126;0.02434999999999912;0.09132238385654125;2.043300741173679e-17;0.0048470400051480005;0.04487671092455291;0.07848000000000001;0.0;0.025838578462287317;0.022469999999876873;0.0;-6.548417002409477e-13
256.0;283.03070215248925;-0.29722624400000003;0.0126;0.02434999999999912;0.07685241344348133;2.0433007411620037e-17;0.004706909994743999;0.044898311779777905;0.07848000000000001;0.0;0.03289131402897401;0.022469999999876873;0.0;-6.548417002412579e-13
257.0;283.0307021524417;-0.28777903600000004;0.0126;0.02434999999999912;0.05429060490884144;2.0433007411440177e-17;0.004419359991612;0.0434416175682079;0.07848000000000001;0.0;0.047750158775931605;0.022469999999876873;0.0;-6.548417002416198e-13
258.0;283.03070215235;-0.279676268;0.0126;0.02434999999999912;0.028377120965541562;2.0433007411093078e-17;0.00428165999226;0.04028117145006791;0.07848000000000001;0.0;0.0688590208321626;0.022469999999876873;0.0;-6.54841700242447e-13
259.0;283.0307021510145;-0.27394072399999997;0.0126;0.02434999999999912;0.008228459283861653;2.043300740908937e-17;0.00456840000018;0.03790374959477291;0.07848000000000001;0.0;0.08536282039471262;0.022469999999876873;0.0;-6.548417002469965e-13
260.0;297.5840085462818;-0.274306604;0.0126;0.024349999999999185;0.0016513348874035581;0.002111657228068083;0.004619430003528001;0.038419465098083985;0.07848000000000001;0.0;0.08999999999967677;0.022469999999886393;0.0;-5.968720093678015e-13
261.0;283.0308103791562;-0.27155636;0.0126;0.02434999999999912;0.0008360626839216884;2.0433044365957448e-17;0.0038369699903159997;0.03950489811911291;0.07848000000000001;0.0;0.0894954137589052;0.022469999999876873;0.0;-6.548416166531577e-13
262.0;283.03070215133357;-0.266747392;0.0126;0.02434999999999912;0.0008687329401816882;2.0433007409269232e-17;0.003369600008064;0.03977490621272291;0.07848000000000001;0.0;0.08485685809437822;0.022469999999876873;0.0;-6.548417002465312e-13
263.0;283.03070215220845;-0.26030830800000004;0.0126;0.02434999999999912;0.0008687329401816882;2.043300741061345e-17;0.0029305800107280004;0.039994962900517905;0.07848000000000001;0.0;0.07863673738308798;0.022469999999876873;0.0;-6.548417002435326e-13
264.0;283.0307021523254;-0.2530791640000001;0.0126;0.02434999999999912;0.0008494276602816883;2.0433007411004726e-17;0.002323079992656;0.0403041223432879;0.07848000000000001;0.0;0.07172523924263453;0.022469999999876873;0.0;-6.548417002427055e-13
265.0;157.4517198137675;-0.17982431600000004;0.0126;0.02434999999999795;0.0006237056025769074;0.0;0.0028228499994240003;0.03738803384415516;0.07848000000000001;0.0;0.0;0.02246999999972204;0.0;-5.976864334416159e-12
266.0;154.58799056116004;-0.17717438800000002;0.0126;0.024349999999997814;0.0003474930430361114;0.0;0.003043169993304;0.03503761250145469;0.07848000000000001;0.0;0.0;0.022469999999704483;0.0;-9.305013354296528e-12
267.0;151.59614774123455;-0.174825976;0.0126;0.024349999999997655;0.00019305163513524707;0.0;0.002978370007812;0.0332137074606342;0.07848000000000001;0.0;0.0;0.022469999999683615;0.0;-2.2537095959528054e-11
268.0;146.6810269617843;-0.17259464400000002;0.0126;0.02434999999999733;7.128064975374515e-5;0.0;0.0031962599906400005;0.031431653350353334;0.07848000000000001;0.0;0.0;0.022469999999641943;0.0;-0.0012272727109250172
269.0;127.06430876790519;-0.173016412;0.0126;0.02434999999999407;5.940054144660981e-5;0.0;0.003451409994672;0.03277089376174422;0.07848000000000001;0.0;0.0;0.02246999999924728;0.0;-0.001227272725269165
270.0;130.69066587959585;-0.174429564;0.0126;0.02434999999999516;0.001560749123948083;0.0;0.0034991999917560004;0.03240638276118008;0.07848000000000001;0.0;0.0;0.022469999999374688;0.0;-0.0012272727248678166
271.0;110.9953545879773;-0.17855918799999998;0.0126;0.022911195880965497;0.007754739986158842;0.0;0.003361499992404;0.03196356930959478;0.07848000000000001;0.0;0.0;0.02246999999218056;0.0;-0.0012272727261399565
272.0;110.9953595311778;-0.18883725199999998;0.0126;0.018338951868175857;0.023691903691138768;0.0;0.0032100299982;0.031027991000619776;0.07848000000000001;0.0;0.0;0.02246999999218057;0.0;-0.0012272727261399563
273.0;110.99535952422136;-0.20229660800000004;0.0126;0.011294722828711896;0.04418063357681866;0.0;0.0030196800050760002;0.03123319727046978;0.07848000000000001;0.0;0.0;0.02246999999218057;0.0;-0.0012272727261399563
274.0;110.99535952194802;-0.21368746;0.0126;0.005502880702350224;0.061293928169758594;0.0;0.0027677699946000002;0.031554507055194775;0.07848000000000001;0.0;0.0;0.02246999999218057;0.0;-0.0012272727261399563
275.0;110.99535948934944;-0.22104879199999997;0.0126;0.0029534805966672044;0.06953872249865854;0.0;0.003014820008388;0.03297339995559977;0.07848000000000001;0.0;0.0;0.02246999999218057;0.0;-0.0012272727261399563
276.0;110.99535950490251;-0.22506941199999997;0.0126;0.0018466387298107334;0.07289633771207853;0.0;0.0030391200045360002;0.03471900304001477;0.07848000000000001;0.0;0.0;0.022469999992180575;0.0;-0.0012272727261399563
277.0;109.28208696391133;-0.225643924;0.0126;5.597435767679538e-14;0.07512831287189756;0.0;0.0030302100063720003;0.03793885058262921;0.07848000000000001;0.0;0.0;0.019533159742624612;0.0;-0.0012272727261917683
278.0;109.28208695641302;-0.22406064400000003;0.0126;5.597435731359685e-14;0.07508227747301757;0.0;0.0027969300001440003;0.04108444603551921;0.07848000000000001;0.0;0.0;0.015083599460575843;0.0;-0.0012272727261917683
279.0;109.28208695535804;-0.22181230000000002;0.0126;5.597435726759301e-14;0.07109501635343758;0.0;0.003205980009432;0.04390603138038922;0.07848000000000001;0.0;0.0;0.013591881205945908;0.0;-0.0012272727261917681
280.0;109.28208695667476;-0.218545724;0.0126;5.5974357325157186e-14;0.06264232021241763;0.0;0.003198690001692;0.047285183901024215;0.07848000000000001;0.0;0.0;0.015406138859416841;0.0;-0.0012272727261917681
281.0;110.9953576710369;-0.21406208799999998;0.0126;0.00131206996607502;0.04867725431897865;0.0;0.0033849900060480003;0.048120859398369756;0.07848000000000001;0.0;0.0;0.022469999992180658;0.0;-0.0012272727261399556
282.0;110.99535952451443;-0.21116397200000003;0.0126;0.01239573528962873;0.03255446365163873;0.0;0.0032375700006119995;0.05040782870799977;0.07848000000000001;0.0;0.0;0.02246999999218057;0.0;-0.0012272727261399563
283.0;121.31737828354717;-0.20479241200000003;0.0126;0.024349999999990775;0.01565798124300401;0.0;0.002766959999388;0.049977165598377754;0.07848000000000001;0.0;0.0;0.02246999999888831;0.0;-0.0012272727256941271
284.0;283.0249164386386;-0.20306877199999995;0.0126;0.02434999999999945;0.004101607099596012;1.27931852532616e-17;0.0031670999978039996;0.048739178283931164;0.07848000000000001;0.0;0.009938658383732283;0.022469999999922965;0.0;-4.097191455505982e-13
285.0;283.03070236233515;-0.20139157199999996;0.0126;0.02434999999999945;0.0013082969472960249;1.278755601015572e-17;0.002787210006768;0.04862442455974615;0.07848000000000001;0.0;0.01079433319210532;0.02246999999992296;0.0;-4.0973186334058835e-13
286.0;283.0307032450584;-0.20045516400000002;0.0126;0.02434999999999945;0.0009949590285360265;1.2787555875091688e-17;0.002740230004896;0.048297714870346155;0.07848000000000001;0.0;0.010544878798558777;0.02246999999992296;0.0;-4.097318636458697e-13
287.0;268.32385892398565;-0.198708436;0.0126;0.024349999999999396;0.0009964440628547028;7.584037921596929e-18;0.00291113999856;0.04902538683348039;0.07848000000000001;0.0;1.9877439772179524e-13;0.022469999999915783;0.0;-4.553911943914243e-13
288.0;201.6716573361586;-0.194760184;0.0126;0.024349999999998952;0.000994959028526348;2.4855597169754207e-18;0.003070709995716;0.04884988139951558;0.07848000000000001;0.0;0.0;0.022469999999855036;0.0;-9.686750538187377e-13
289.0;283.03070215672165;-0.197264404;0.0126;0.02434999999999949;0.0009325885846578082;1.1837679445246422e-17;0.000570239996868;0.03258998842312719;0.07848000000000001;0.0;0.02529429197248536;0.02246999999992869;0.0;-3.792820852855672e-13
290.0;283.03070215673756;-0.192689964;0.0126;0.02434999999999949;0.0008212125069978086;1.1837679445279554e-17;0.000568620006444;0.0323982825332272;0.07848000000000001;0.0;0.021024553931250845;0.02246999999992869;0.0;-3.792820852854638e-13
291.0;283.03070215674916;-0.190414568;0.0126;0.02434999999999949;0.0006890461151178093;1.1837679445306375e-17;0.000808379999784;0.032411782913177194;0.07848000000000001;0.0;0.018628063950426942;0.02246999999992869;0.0;-3.7928208528543794e-13
292.0;283.03070215674666;-0.191488104;0.0126;0.02434999999999949;0.0006073705575978097;1.1837679445301642e-17;0.0013616100082440002;0.0325305865040422;0.07848000000000001;0.0;0.01911124190849384;0.02246999999992869;0.0;-3.7928208528543794e-13
293.0;283.0307021567305;-0.19577098400000004;0.0126;0.02434999999999949;0.0012385011655578065;1.1837679445263777e-17;0.0015211800054;0.0323726318113222;0.07848000000000001;0.0;0.02276137599528491;0.02246999999992869;0.0;-3.792820852855155e-13
294.0;283.0307021567074;-0.20629370800000002;0.0126;0.02434999999999949;0.005729181604177784;1.183767944521329e-17;0.0017479799991;0.030443423064977194;0.07848000000000001;0.0;0.030495828308159025;0.02246999999992869;0.0;-3.7928208528564474e-13
295.0;283.0307021567084;-0.21589312400000005;0.0126;0.02434999999999949;0.018901250642677725;1.1837679445216445e-17;0.002064689995068;0.026892815471672202;0.07848000000000001;0.0;0.03015707286703101;0.02246999999992869;0.0;-3.7928208528564474e-13
296.0;283.0307021567146;-0.23442272400000003;0.0126;0.02434999999999949;0.04160562047691761;1.1837679445232222e-17;0.002211299992584;0.0250108585497622;0.07848000000000001;0.0;0.027717649957502366;0.02246999999992869;0.0;-3.792820852856189e-13
297.0;283.0307021567561;-0.24958604800000003;0.0126;0.02434999999999949;0.06744633856983749;1.1837679445320575e-17;0.0023538600013319998;0.024493793008457204;0.07848000000000001;0.0;0.017414761399225827;0.02246999999992869;0.0;-3.792820852854121e-13
298.0;255.06479107744414;-0.263176956;0.0126;0.02434999999999939;0.08994874656297495;5.03082126731989e-18;0.002465640001404;0.025822233115890797;0.07848000000000001;0.0;9.712880463780856e-14;0.022469999999914954;0.0;-4.690470038652068e-13
299.0;154.90073494864734;-0.27304896400000006;0.0126;0.02434999999999799;0.10374749110645896;0.0;0.002695680001368;0.027910746345636627;0.07848000000000001;0.0;0.0;0.022469999999728325;0.0;-8.116818050913566e-12
300.0;110.99535954409001;-0.275300388;0.0126;0.022320394541022016;0.10759813073118292;0.0;0.0028884600055440004;0.029925007485657393;0.07848000000000001;0.0;0.0;0.022469999992761443;0.0;-0.0012272727262240808
301.0;110.99535954558334;-0.27377957599999997;0.0126;0.020178830637054092;0.1066150518109229;0.0;0.0029087100002160005;0.031508605516062396;0.07848000000000001;0.0;0.0;0.022469999992761447;0.0;-0.0012272727262240808
302.0;110.99535954821303;-0.27265978;0.0126;0.02031163590162605;0.10184370387606294;0.0;0.0029240999982;0.03501196177954239;0.07848000000000001;0.0;0.0;0.022469999992761443;0.0;-0.0012272727262240808
303.0;110.99535964174585;-0.26923394;0.0126;0.022029945752735224;0.09352614386304296;0.0;0.0033785100062280003;0.03773094423679239;0.07848000000000001;0.0;0.0;0.022469999992761443;0.0;-0.0012272727262240808
304.0;154.17117983854087;-0.26373391600000007;0.0126;0.024349999999997957;0.08059019212249889;0.0;0.004143150010404;0.0403716242430365;0.07848000000000001;0.0;0.0;0.022469999999723916;0.0;-9.376070444790619e-12
305.0;283.0306871114782;-0.256215816;0.0126;0.02434999999999949;0.06196366917129752;1.183767581322984e-17;0.004114800000072;0.04209697651023219;0.07848000000000001;0.0;0.010163982111489969;0.02246999999992869;0.0;-3.7928209349406815e-13
306.0;283.03070215674336;-0.24902284400000005;0.0126;0.02434999999999949;0.043717309519417595;1.1837679445295331e-17;0.003966569999424001;0.043707575547842194;0.07848000000000001;0.0;0.019754093911535302;0.02246999999992869;0.0;-3.7928208528548964e-13
307.0;283.03070215671335;-0.23898443600000002;0.0126;0.02434999999999949;0.024254723717977697;1.1837679445229067e-17;0.0038191500066960004;0.044830809632732185;0.07848000000000001;0.0;0.0282024576192885;0.02246999999992869;0.0;-3.792820852856189e-13
308.0;283.0307021566947;-0.227376056;0.0126;0.02434999999999949;0.009582791463817767;1.1837679445186468e-17;0.0040491899939520005;0.03943604593407219;0.07848000000000001;0.0;0.036430733583937974;0.02246999999992869;0.0;-3.7928208528569644e-13
309.0;283.0307021566915;-0.22096507199999998;0.0126;0.02434999999999949;0.0024576972174978006;1.1837679445180157e-17;0.003821579992332;0.03863547167190219;0.07848000000000001;0.0;0.03817302809387628;0.02246999999992869;0.0;-3.7928208528569644e-13
310.0;283.0307021566965;-0.21909010400000004;0.0126;0.02434999999999949;0.0009414984580578082;1.1837679445189624e-17;0.00345626999136;0.04125050120353719;0.07848000000000001;0.0;0.03556453932291331;0.02246999999992869;0.0;-3.792820852857223e-13
311.0;283.03070215670823;-0.213151664;0.0126;0.02434999999999949;0.0009147683390778081;1.1837679445214867e-17;0.00303507000306;0.04114114787863719;0.07848000000000001;0.0;0.030183382755680867;0.02246999999992869;0.0;-3.7928208528564474e-13
312.0;283.03070215674614;-0.19982396;0.0126;0.02434999999999949;0.0008731878768978084;1.1837679445301642e-17;0.003073140006768;0.03881907733383219;0.07848000000000001;0.0;0.019181259760864225;0.02246999999992869;0.0;-3.792820852854638e-13
313.0;283.03070215538975;-0.19754340400000003;0.0126;0.024349999999999372;0.0007870570501527633;1.452815782763819e-17;0.001044899999568;0.027212775218399293;0.07848000000000001;0.0;0.030621376793107988;0.02246999999991247;0.0;-4.655317961110994e-13
314.0;283.03070215539356;-0.195969516;0.0126;0.024349999999999372;0.0006133105286127641;1.452815782765081e-17;0.0011210399942760002;0.027011619309839297;0.07848000000000001;0.0;0.029346251228692836;0.02246999999991247;0.0;-4.655317961110994e-13
315.0;283.0307021553943;-0.193922748;0.0126;0.024349999999999372;0.00048411437163276466;1.4528157827653967e-17;0.001138860003312;0.025328117973194293;0.07848000000000001;0.0;0.02909436071332813;0.02246999999991247;0.0;-4.655317961110735e-13
316.0;283.03070215539697;-0.19236818399999997;0.0126;0.024349999999999372;0.0004900543426527646;1.4528157827660277e-17;0.001065150006948;0.0246301468459493;0.07848000000000001;0.0;0.02830553786603484;0.02246999999991247;0.0;-4.655317961110735e-13
317.0;283.03070215538617;-0.19454368;0.0126;0.024349999999999372;0.0005821251404127642;1.4528157827628723e-17;0.001079729997012;0.0230843501267093;0.07848000000000001;0.0;0.03192017979691026;0.02246999999991247;0.0;-4.655317961111511e-13
318.0;283.0307021553674;-0.20193881600000002;0.0126;0.024349999999999372;0.0024131468529327554;1.452815782758139e-17;0.001067579992584;0.0210403881507893;0.07848000000000001;0.0;0.03954040606380455;0.02246999999991247;0.0;-4.655317961112545e-13
319.0;283.0307021553546;-0.21431150000000002;0.0126;0.024349999999999372;0.011266796773772712;1.452815782754668e-17;0.0008124300012600001;0.0189073234198943;0.07848000000000001;0.0;0.04544765486454631;0.02246999999991247;0.0;-4.655317961113062e-13
320.0;283.0307021553591;-0.22955913200000005;0.0126;0.024349999999999372;0.02929931447625263;1.4528157827556148e-17;0.0007257600052559999;0.0182822545916843;0.07848000000000001;0.0;0.043374507986499944;0.02246999999991247;0.0;-4.655317961113062e-13
321.0;283.0307021553758;-0.24336263600000002;0.0126;0.024349999999999372;0.051360673427972514;1.452815782760348e-17;0.000676349992332;0.017523531507359302;0.07848000000000001;0.0;0.03592478613286853;0.02246999999991247;0.0;-4.655317961111769e-13
322.0;283.0307021554002;-0.25270796400000006;0.0126;0.024349999999999372;0.06863137933119244;1.4528157827669744e-17;0.000600210010332;0.018283604382374297;0.07848000000000001;0.0;0.02731547533785749;0.02246999999991247;0.0;-4.655317961110994e-13
323.0;283.03070215541135;-0.26066136400000006;0.0126;0.024349999999999372;0.07924476981597238;1.4528157827698143e-17;0.00045440999532;0.018739918213904302;0.07848000000000001;0.0;0.024344971037129487;0.02246999999991247;0.0;-4.65531796110996e-13
324.0;283.03070215541607;-0.265321284;0.0126;0.024349999999999372;0.08381712614463235;1.4528157827710764e-17;0.00037098000558000003;0.0200035567448843;0.07848000000000001;0.0;0.023252326167452125;0.02246999999991247;0.0;-4.655317961109701e-13
325.0;283.0307021554242;-0.26632403600000004;0.0126;0.024349999999999372;0.08437400620041235;1.4528157827732853e-17;0.00027945000018;0.022236524534714298;0.07848000000000001;0.0;0.02155676032765386;0.02246999999991247;0.0;-4.655317961108926e-13
326.0;283.0307021554354;-0.26574011200000003;0.0126;0.024349999999999372;0.08357952414489238;1.4528157827761252e-17;0.00025110000255600004;0.024476242267214295;0.07848000000000001;0.0;0.019555950648854094;0.02246999999991247;0.0;-4.655317961108667e-13
327.0;283.0307021554336;-0.26185436400000006;0.0126;0.024349999999999372;0.0772103015605524;1.4528157827758096e-17;0.000310229996148;0.026567455572959295;0.07848000000000001;0.0;0.019889081933753366;0.02246999999991247;0.0;-4.655317961108409e-13
328.0;283.03070215540794;-0.25636991200000003;0.0126;0.024349999999999372;0.06652414539165245;1.4528157827688676e-17;0.000328860000396;0.026416251317519297;0.07848000000000001;0.0;0.02522336035256841;0.02246999999991247;0.0;-4.655317961110218e-13
329.0;283.0307021553793;-0.24911846399999998;0.0126;0.024349999999999372;0.04995436571187253;1.4528157827612946e-17;0.000315900000756;0.026510754224474294;0.07848000000000001;0.0;0.03446014912360572;0.02246999999991247;0.0;-4.655317961111511e-13
330.0;283.03070215535945;-0.24116184;0.0126;0.024349999999999372;0.03334746100539261;1.4528157827559303e-17;0.000323189995788;0.026445951906104295;0.07848000000000001;0.0;0.04316794215242979;0.02246999999991247;0.0;-4.65531796111332e-13
331.0;283.0307021553428;-0.23161284799999998;0.0126;0.024349999999999372;0.016707885710132687;1.4528157827515127e-17;0.00030861000572400006;0.025811432811929293;0.07848000000000001;0.0;0.050907624531087894;0.02246999999991247;0.0;-4.655317961114096e-13
332.0;283.0307021553329;-0.22401376799999995;0.0126;0.024349999999999372;0.005429208994292741;1.4528157827486728e-17;0.000245430010656;0.0253618691703743;0.07848000000000001;0.0;0.05509996488305206;0.02246999999991247;0.0;-4.65531796111513e-13
333.0;283.03070215533353;-0.22186566399999996;0.0126;0.024349999999999372;0.0014731332629127599;1.4528157827489883e-17;0.000264060002196;0.027405831146294298;0.07848000000000001;0.0;0.05484534464700598;0.02246999999991247;0.0;-4.655317961114613e-13
334.0;283.03070215534086;-0.219168704;0.0126;0.024349999999999372;0.001020204113192762;1.4528157827508816e-17;0.000275399998704;0.028218555750419295;0.07848000000000001;0.0;0.05177724919645827;0.02246999999991247;0.0;-4.655317961114096e-13
335.0;283.03070215535325;-0.21330063200000002;0.0126;0.024349999999999372;0.0009860488226127622;1.4528157827543526e-17;0.00023571000457200004;0.02808355170361429;0.07848000000000001;0.0;0.046118026528589255;0.02246999999991247;0.0;-4.655317961113579e-13
336.0;283.0307021553693;-0.20600398800000003;0.0126;0.024349999999999372;0.000984563954552762;1.4528157827584547e-17;0.000210600000504;0.02823340616836429;0.07848000000000001;0.0;0.03869812293679573;0.02246999999991247;0.0;-4.655317961112803e-13
337.0;283.03070215664445;-0.23486575199999998;0.0126;0.024349999999999466;0.0003088828157768068;1.2373201345732074e-17;0.009421109997228002;0.0750555260479216;0.07848000000000001;0.0;0.012202938132106335;0.02246999999992546;0.0;-3.9644895610321017e-13
338.0;283.0307021552412;-0.232273936;0.0126;0.024349999999999466;0.00015592644219680754;1.237320134261134e-17;0.009307709994024;0.07359613176036159;0.07848000000000001;0.0;0.011336872718143563;0.02246999999992546;0.0;-3.964489561101895e-13
339.0;283.0319030868744;-0.23005361600000002;0.0126;0.024349999999999466;7.722078705680806e-5;1.2375287315435023e-17;0.008809560003096002;0.07388099076652659;0.07848000000000001;0.0;0.009441076340262816;0.02246999999992546;0.0;-3.964442422733777e-13
340.0;283.03069007219784;-0.22980552000000004;0.0126;0.024349999999999466;7.573575273680791e-5;1.2373194888648397e-17;0.008263619989668;0.07337877539586159;0.07848000000000001;0.0;0.010210621648596655;0.02246999999992546;0.0;-3.964489706973645e-13
341.0;283.0307021565;-0.23571232400000003;0.0126;0.024349999999999466;7.72207870568079e-5;1.2373201345593235e-17;0.007482780005004;0.07343817706764158;0.07848000000000001;0.0;0.01683685113632919;0.02246999999992546;0.0;-3.9644895610352036e-13
342.0;283.03070215644027;-0.25020263600000003;0.0126;0.024349999999999466;0.00018414176175680742;1.2373201345455973e-17;0.0060255900025919995;0.07354888067784159;0.07848000000000001;0.0;0.03256672855086369;0.02246999999992546;0.0;-3.9644895610383056e-13
343.0;283.03070215641685;-0.261222716;0.0126;0.024349999999999466;0.0017463757538167999;1.237320134540233e-17;0.005957549998128;0.07115795794798659;0.07848000000000001;0.0;0.04448353729193506;0.02246999999992546;0.0;-3.9644895610393395e-13
344.0;283.030702156415;-0.270729652;0.0126;0.024349999999999466;0.012142954553076752;1.2373201345397597e-17;0.006717329992908001;0.06848217695388159;0.07848000000000001;0.0;0.04550989549190546;0.02246999999992546;0.0;-3.964489561039081e-13
345.0;283.0307021564273;-0.2814989440000001;0.0126;0.024349999999999466;0.03571902722991664;1.2373201345427574e-17;0.006824249996292;0.062209886580031605;0.07848000000000001;0.0;0.03886848518614795;0.02246999999992546;0.0;-3.964489561038564e-13
346.0;283.0307021564603;-0.29115114;0.0126;0.024349999999999466;0.06130580794557651;1.2373201345501727e-17;0.00703079999532;0.0596610091574566;0.07848000000000001;0.0;0.02527622789569532;0.02246999999992546;0.0;-3.964489561037013e-13
347.0;283.0307021564906;-0.298438892;0.0126;0.024349999999999466;0.07750136429703643;1.2373201345571147e-17;0.006698700001368;0.058026109930546604;0.07848000000000001;0.0;0.018335422766611417;0.02246999999992546;0.0;-3.964489561035462e-13
348.0;283.0307021562592;-0.30216015600000007;0.0126;0.024349999999999466;0.0849234610845964;1.2373201345818849e-17;0.00659582999946;0.0610272508233616;0.07848000000000001;0.0;0.011736319119510584;0.02246999999992546;0.0;-3.9644895610297753e-13
349.0;278.78886371490256;-0.299132;0.0126;0.024349999999999452;0.08484475542945605;1.0339413249160488e-17;0.008018190004428;0.06003362063329638;0.07848000000000001;0.0;6.54433790595199e-13;0.022469999999923544;0.0;-4.084177261209706e-13
350.0;283.0306938964654;-0.29937586400000005;0.0126;0.024349999999999466;0.08105351617995642;1.2373218968894163e-17;0.008782829995896;0.061622618815681596;0.07848000000000001;0.0;0.010041261680537306;0.02246999999992546;0.0;-3.964489162715944e-13
351.0;283.03070215649257;-0.295911068;0.0126;0.024349999999999466;0.07254884466903647;1.237320134557588e-17;0.009033929998452001;0.058463522982841604;0.07848000000000001;0.0;0.01798747534534438;0.02246999999992546;0.0;-3.964489561035462e-13
352.0;283.03070215645073;-0.28853814;0.0126;0.024349999999999466;0.05738388767103653;1.2373201345478061e-17;0.009036359996796;0.0557796415134616;0.07848000000000001;0.0;0.02846095581226974;0.02246999999992546;0.0;-3.96448956103753e-13
353.0;283.0307021564181;-0.27857758;0.0126;0.024349999999999466;0.035528945663376645;1.2373201345403908e-17;0.008935110010728;0.05248554163381661;0.07848000000000001;0.0;0.04375068768402343;0.02246999999992546;0.0;-3.9644895610393395e-13
354.0;283.03070215639355;-0.266491284;0.0126;0.024349999999999466;0.01457243645103674;1.2373201345350266e-17;0.009594450001944001;0.04794805404042161;0.07848000000000001;0.0;0.05649904849730377;0.02246999999992546;0.0;-3.964489561040632e-13
355.0;283.0307021563725;-0.26410388;0.0126;0.024349999999999466;0.003134863224336793;1.2373201345301356e-17;0.009749970010332;0.0489200836225666;0.07848000000000001;0.0;0.06442166813241466;0.02246999999992546;0.0;-3.9644895610414075e-13
356.0;283.03070215638;-0.26408678;0.0126;0.024349999999999466;0.0007870570501568045;1.2373201345317134e-17;0.009976770004032;0.0535331735909866;0.07848000000000001;0.0;0.06191248434485513;0.02246999999992546;0.0;-3.964489561041149e-13
357.0;283.0307021563986;-0.260113592;0.0126;0.024349999999999466;0.0005256948338168058;1.237320134536131e-17;0.010003499998524;0.057614347352851605;0.07848000000000001;0.0;0.05409275480576879;0.02246999999992546;0.0;-3.964489561040115e-13
358.0;283.0307021564154;-0.252945856;0.0126;0.024349999999999466;0.0004425339094568062;1.2373201345399175e-17;0.009700559997408001;0.05965965936676659;0.07848000000000001;0.0;0.04526580771817108;0.02246999999992546;0.0;-3.964489561039081e-13
359.0;283.0307021564327;-0.24584494399999998;0.0126;0.024349999999999466;0.0002940328050968069;1.2373201345438618e-17;0.009878759998812001;0.0617292720645916;0.07848000000000001;0.0;0.03606558412417205;0.02246999999992546;0.0;-3.9644895610383056e-13
360.0;283.030702156455;-0.23798551600000006;0.0126;0.024349999999999466;0.00015444140787680753;1.2373201345490683e-17;0.009629279999388;0.06341007307794158;0.07848000000000001;0.0;0.026914426508581824;0.02246999999992546;0.0;-3.9644895610372716e-13
361.0;209.27090749131366;-0.221608788;0.0126;0.024349999999998612;2.5245417133507412e-5;3.864990092627965e-18;0.004845420002016001;0.07444530763764316;0.07848000000000001;0.0;0.0;0.022469999999807946;0.0;-1.22348540841788e-12
362.0;109.28208695622777;-0.16787114400000003;0.0126;8.022992158842514e-14;2.9700187530991682e-5;0.0;0.004270320008459999;0.06737649336288869;0.07848000000000001;0.0;0.0;0.006181238800812326;0.0;-0.0012272727257230226
363.0;109.28208695638862;-0.167897952;0.0126;8.022992159989581e-14;2.5245417090991685e-5;0.0;0.004805729995176;0.06675007424937869;0.07848000000000001;0.0;0.0;0.006303510703312465;0.0;-0.0012272727257232616
364.0;111.00037781604655;-0.21134702800000005;0.0126;0.023438247519964445;2.5245417092372043e-5;0.0;0.004225770004932;0.07135641402782449;0.07848000000000001;0.0;0.0;0.022469999988851144;0.0;-0.0012272727256485714
365.0;110.99546226547153;-0.21005811999999996;0.0126;0.023037539633675764;2.5245417092364888e-5;0.0;0.004277610003492;0.07015757781521448;0.07848000000000001;0.0;0.0;0.022469999988792178;0.0;-0.0012272727256489818
366.0;126.72281575691996;-0.21119893199999998;0.0126;0.024349999999991313;3.118522186324316e-5;0.0;0.004131810001188;0.07034523334383073;0.07848000000000001;0.0;0.0;0.022469999998899665;0.0;-0.0012272727244455803
367.0;151.30208652866838;-0.214700612;0.0126;0.02434999999999661;0.0001603815451157093;0.0;0.004721489997516001;0.07144821685880291;0.07848000000000001;0.0;0.0;0.022469999999543203;0.0;-3.753671082221534e-11
368.0;178.60408367394004;-0.219768788;0.0126;0.02434999999999798;0.0021295091217655195;0.0;0.0052544699985960005;0.07196798272340858;0.07848000000000001;0.0;0.0;0.022469999999723014;0.0;-2.41457699474688e-12
369.0;151.3599669371846;-0.22895922400000002;0.0126;0.024349999999996614;0.014109112393555669;0.0;0.005983469997408;0.07050318803655793;0.07848000000000001;0.0;0.0;0.022469999999543834;0.0;-3.6364568932139975e-11
370.0;110.99535959915153;-0.24098925599999999;0.0126;0.020571970015156996;0.03187284254181221;0.0;0.006496200003816;0.06947985701058948;0.07848000000000001;0.0;0.0;0.022469999988790675;0.0;-0.0012272727256489925
371.0;110.99535953366835;-0.24908988;0.0126;0.014246273817615545;0.047820401487032135;0.0;0.006534269994816;0.0679205596640945;0.07848000000000001;0.0;0.0;0.022469999988790675;0.0;-0.0012272727256489922
372.0;110.99535953137023;-0.25367708800000005;0.0126;0.009353686280676185;0.05635328848377209;0.0;0.006865559993556001;0.06853617847364447;0.07848000000000001;0.0;0.0;0.022469999988790675;0.0;-0.0012272727256489922
373.0;110.99535953092972;-0.25816751200000004;0.0126;0.008434545041344454;0.05835211641429209;0.0;0.00706319999442;0.07174927582628447;0.07848000000000001;0.0;0.0;0.022469999988790675;0.0;-0.0012272727256489922
374.0;110.99535953092558;-0.25670895200000005;0.0126;0.008427844121668934;0.05162352067857212;0.0;0.008173710000108001;0.07591550247644448;0.07848000000000001;0.0;0.0;0.022469999988790675;0.0;-0.0012272727256489922
375.0;110.99535953274518;-0.25229809999999997;0.0126;0.012834008408895155;0.039926070269852176;0.0;0.008611920002232001;0.07835772640280446;0.07848000000000001;0.0;0.0;0.022469999988790675;0.0;-0.0012272727256489922
376.0;110.9953596777858;-0.245309204;0.0126;0.021557175179405027;0.023429056606712254;0.0;0.008335710008315999;0.07941885849261948;0.07848000000000001;0.0;0.0;0.022469999988790672;0.0;-0.0012272727256489925
377.0;238.24297026197002;-0.24787859600000003;0.0126;0.024349999999998928;0.007061238601819125;5.688393763951787e-18;0.008760959998092;0.0880969217669914;0.07848000000000001;0.0;0.0;0.022469999999851085;0.0;-8.505038437085489e-13
378.0;283.0307021536278;-0.259864812;0.0126;0.02434999999999921;0.0011939506347256276;1.8331665497442414e-17;0.009068759995896;0.09656167829621515;0.07848000000000001;0.0;0.015163128259284392;0.02246999999988954;0.0;-5.874716714682973e-13
379.0;283.0308986079732;-0.260902984;0.0126;0.02434999999999921;5.049033554563319e-5;1.8331426484802855e-17;0.009242100000612;0.10407735638381513;0.07848000000000001;0.0;0.009631485816642632;0.02246999999988954;0.0;-5.874722120169723e-13
380.0;273.5964946488897;-0.25912927999999996;0.0126;0.02434999999999916;3.267042248443424e-5;1.2802939381255365e-17;0.009030690004896;0.10408950672576943;0.07848000000000001;0.0;4.4240916282782833e-13;0.02246999999988312;0.0;-6.279145592831783e-13
381.0;203.97411210592622;-0.25471885600000005;0.0126;0.024349999999998533;2.9700187572300767e-5;3.650061570151861e-18;0.00909792000144;0.10363319289423245;0.07848000000000001;0.0;0.0;0.022469999999797204;0.0;-1.3338900566966072e-12
382.0;138.96590002689095;-0.249462672;0.0126;0.02434999999999511;2.6730285170001193e-5;0.0;0.008865450003132;0.10322818050649961;0.07848000000000001;0.0;0.0;0.022469999999353278;0.0;-0.0012272727210330986
383.0;110.99476096192893;-0.245223564;0.0126;0.02316653398617476;2.6730285152365204e-5;0.0;0.009034740006372001;0.10051594823921446;0.07848000000000001;0.0;0.0;0.022469999988794807;0.0;-0.001227272725648703
384.0;110.99535954797364;-0.23939355199999998;0.0126;0.018827170709384874;2.82153194723647e-5;0.0;0.009111689996292;0.09885809811908444;0.07848000000000001;0.0;0.0;0.022469999988790675;0.0;-0.0012272727256487318
385.0;109.83105096894029;-0.29452862;0.01176;9.967350950326532e-14;3.674610715413159e-5;0.0;0.013763879993965486;0.1857276077236339;0.074556;0.0;0.0;0.008523742990965495;0.0;-2.725435343451059e-12
386.0;109.83105096589385;-0.291897896;0.01176;9.96735091247785e-14;3.458431519879829e-5;0.0;0.013555620013517485;0.18627978934390957;0.074556;0.0;0.0;0.005551259061434707;0.0;-2.72543534396722e-12
387.0;109.83105096415255;-0.28989627800000006;0.01176;9.96735086123805e-14;3.458431519879829e-5;0.0;0.013629329999997485;0.18588284745260286;0.074556;0.0;0.0;0.003872872669639767;0.0;-2.7254353446659806e-12
388.0;109.83105097870626;-0.2870933240000001;0.01176;9.967350844370189e-14;3.6746107154131586e-5;0.0;0.013106339989285485;0.18466844039510455;0.074556;0.0;0.0;0.002805152668192434;0.0;-2.72543534489573e-12
389.0;109.83105110639353;-0.288271744;0.01176;9.967350997185183e-14;3.6746107154131586e-5;0.0;0.012634830004677486;0.1872131927730274;0.074556;0.0;0.0;0.0019103216788373498;0.0;-2.7254353428118553e-12
390.0;109.83105096426144;-0.29327675999999997;0.01176;9.96735084379504e-14;3.6746107154131586e-5;0.0;0.013674960005613485;0.18944353522243837;0.074556;0.0;0.0;0.0036448749487189343;0.0;-2.725435344903795e-12
391.0;109.83105097198668;-0.30596043;0.01176;9.96735098483919e-14;4.755361492679808e-5;0.0;0.013143780006601486;0.1939906832745614;0.074556;0.0;0.0;0.012301769973617684;0.0;-2.7254353429801865e-12
392.0;110.99535945996277;-0.321643232;0.01176;0.00423113634285192;0.0011542514616735596;0.0;0.01299051001315351;0.19573369092872364;0.074556;0.0;0.0;0.020971999986113498;0.0;-2.5950519042790047e-12
393.0;110.99535946894295;-0.32796368000000004;0.01176;0.012164048061015953;0.0062316606729881365;0.0;0.010551060005197515;0.19148326694741183;0.074556;0.0;0.0;0.020971999986113498;0.0;-2.5950519048708525e-12
394.0;110.99535946804681;-0.333523118;0.01176;0.009186891904657784;0.0175817997645026;0.0;0.010547550007589513;0.18867323210347153;0.074556;0.0;0.0;0.020971999986113498;0.0;-2.5950519048303206e-12
395.0;109.83104442020372;-0.34055751;0.01176;9.96704954977145e-14;0.03422549967478819;0.0;0.010710180000777489;0.1887891703663972;0.074556;0.0;0.0;0.020354180924880835;0.0;-2.7254394538734435e-12
396.0;109.83105097368039;-0.34538890200000005;0.01176;9.96735100448893e-14;0.045253572179069335;0.0;0.010822499997657489;0.18874200903910524;0.074556;0.0;0.0;0.014094177687668337;0.0;-2.725435342712387e-12
397.0;109.83105097146836;-0.34612117200000003;0.01176;9.967350978935026e-14;0.04826673046575795;0.0;0.010897379995577489;0.1888048908088279;0.074556;0.0;0.0;0.011675527590092263;0.0;-2.72543534306063e-12
398.0;109.83105097421326;-0.34360417000000004;0.01176;9.967351010794081e-14;0.04210856152315205;0.0;0.011068199995421487;0.18938654861862722;0.074556;0.0;0.0;0.014564216777945836;0.0;-2.7254353426261532e-12
399.0;110.99535938793713;-0.340321474;0.01176;0.002075138619641972;0.03173975255901968;0.0;0.010724220009565515;0.18824877907794502;0.074556;0.0;0.0;0.02097199998611351;0.0;-2.5950518211452852e-12
400.0;110.99535946981312;-0.334609988;0.01176;0.013859025977128517;0.017743913591095933;0.0;0.010854089994485514;0.18461931401250917;0.074556;0.0;0.0;0.020971999986113498;0.0;-2.5950519049413696e-12
401.0;110.99535946079999;-0.331633634;0.01176;0.022057217104765093;0.006540757960493464;0.0;0.010676249999425515;0.18482564517937786;0.074556;0.0;0.0;0.020971999986113477;0.0;-2.5950520896313616e-12
402.0;146.19571976999;-0.332469878;0.01176;0.023862999999996727;0.0015843938526533068;0.0;0.01058499000655011;0.18820358280596708;0.074556;0.0;1.7604329608052464e-13;0.020971999999555683;0.0;-1.0999407205892584e-12
403.0;151.72809756028823;-0.332902744;0.01176;0.02386299999999717;0.00012969130322137306;0.0;0.01024217999542218;0.1901096904103144;0.074556;0.0;2.4245778772477613e-13;0.02097199999961433;0.0;-1.0133462212276818e-12
404.0;131.502768014107;-0.328444954;0.01176;0.02386299999999439;4.539182298374877e-5;0.0;0.007787520003949903;0.1893747582868113;0.074556;0.0;0.0;0.020971999999254698;0.0;-1.4335092592241786e-12
405.0;110.99535952536657;-0.32130717000000003;0.01176;0.02024066524382814;4.106896506357929e-5;0.0;0.007451730006393519;0.18604005187691006;0.074556;0.0;0.0;0.020971999986113498;0.0;-2.5950519131116393e-12
406.0;110.99535946890288;-0.31229218400000003;0.01176;0.01206246975483425;4.106896506357928e-5;0.0;0.007306650001245519;0.18534835097009603;0.074556;0.0;0.0;0.020971999986113498;0.0;-2.595051904868164e-12
407.0;110.9953594669765;-0.304982302;0.01176;0.006950496324817021;4.106896506357928e-5;0.0;0.008195849994901517;0.1822612426083829;0.074556;0.0;0.0;0.020971999986113498;0.0;-2.5950519047800694e-12
408.0;110.99536133308249;-0.29792196000000004;0.01176;0.0010157939673548595;4.1068965063579384e-5;0.0;0.008718840005613515;0.18062238252535803;0.074556;0.0;0.0;0.020971999986115205;0.0;-2.595036684577596e-12
409.0;166.364035485648;-0.26021633000000005;0.01176;0.02386299999999835;3.674610718967462e-5;0.0;0.008962199998854682;0.09480037000335462;0.074556;3.294363351357847e-15;0.025288719149612667;0.020971999999773595;0.0;-6.66701831259994e-13
410.0;166.3640354856857;-0.256214524;0.01176;0.02386299999999835;3.674610718967462e-5;0.0;0.01067390999490268;0.09723311386899278;0.074556;3.2943633513643092e-15;0.017142459289821096;0.020971999999773595;0.0;-6.667018312593737e-13
411.0;166.36403548572554;-0.25627451;0.01176;0.02386299999999835;3.890741514367458e-5;0.0;0.01179242999136668;0.10069947898424428;0.074556;3.2943633513709735e-15;0.012615398872099703;0.020971999999773595;0.0;-6.667018312588567e-13
412.0;166.3640354857782;-0.25718502200000004;0.01176;0.02386299999999835;3.674610718967462e-5;0.0;0.012557610002234678;0.1040911719979501;0.074556;3.2943633513794554e-15;0.009371199157833453;0.020971999999773595;0.0;-6.667018312580812e-13
413.0;166.36403548578127;-0.25946400199999997;0.01176;0.02386299999999835;3.458431523434132e-5;0.0;0.013225679999738674;0.1058381097627196;0.074556;3.2943633513798593e-15;0.009237333187637581;0.020971999999773595;0.0;-6.667018312580295e-13
414.0;166.36403548574236;-0.26671310600000003;0.01176;0.02386299999999835;3.458431523434132e-5;0.0;0.01363284001596268;0.11057390312401058;0.074556;3.294363351373801e-15;0.011343483808446415;0.020971999999773595;0.0;-6.667018312585465e-13
415.0;166.36403548566574;-0.282282984;0.01176;0.02386299999999835;5.187647287100769e-5;0.0;0.013660919996826676;0.11670292429538108;0.074556;3.2943633513604722e-15;0.020738968494836786;0.020971999999773595;0.0;-6.667018312596839e-13
416.0;166.3640354856242;-0.300620856;0.01176;0.02386299999999835;0.0009597146277956584;0.0;0.013724100008838678;0.12071164575438906;0.074556;3.29436335135401e-15;0.034097100866801476;0.020971999999773595;0.0;-6.667018312603042e-13
417.0;166.36403548561853;-0.30955212800000004;0.01176;0.02386299999999835;0.005166031549413584;0.0;0.013718249988350676;0.12286731646222053;0.074556;3.294363351352798e-15;0.036672235257563246;0.020971999999773595;0.0;-6.667018312603559e-13
418.0;166.36403548562822;-0.31457103000000003;0.01176;0.02386299999999835;0.015070114049312078;0.0;0.013755690005666675;0.12224439213107456;0.074556;3.294363351354212e-15;0.032372539071972725;0.020971999999773595;0.0;-6.667018312602525e-13
419.0;166.36403548565332;-0.31872736200000007;0.01176;0.02386299999999835;0.028337520846541175;0.0;0.013743990001402676;0.12176491791700687;0.074556;3.2943633513588566e-15;0.023752638494333272;0.020971999999773595;0.0;-6.667018312598906e-13
420.0;166.36403548569055;-0.32335081000000004;0.01176;0.02386299999999835;0.03929858602822964;0.0;0.013504139987414676;0.12298718483575438;0.074556;3.294363351365117e-15;0.016432604409749158;0.020971999999773595;0.0;-6.66701831259322e-13
421.0;166.36403548580324;-0.323628032;0.01176;0.02386299999999835;0.04621977145680352;0.0;0.013408200003846677;0.12446097955332486;0.074556;3.2943633513828885e-15;0.008410786252128757;0.020971999999773595;0.0;-6.667018312577193e-13
422.0;166.36403548594652;-0.32060697400000004;0.01176;0.02386299999999835;0.04485152969555288;0.0;0.012983489999582676;0.12584241631164902;0.074556;3.2943633513996502e-15;0.005801243261013428;0.020971999999773595;0.0;-6.667018312562717e-13
423.0;166.36403548578002;-0.316707998;0.01176;0.02386299999999835;0.037740130532975674;0.0;0.01224054000415868;0.12630224033264453;0.074556;3.2943633513796573e-15;0.009296792395492644;0.020971999999773595;0.0;-6.667018312580812e-13
424.0;166.3640354856789;-0.31054736400000005;0.01176;0.02386299999999835;0.026221393207004545;0.0;0.012221820004678677;0.12274155220284289;0.074556;3.2943633513632995e-15;0.018234303846038163;0.020971999999773595;0.0;-6.667018312595288e-13
425.0;166.36403548564073;-0.30592807400000005;0.01176;0.02386299999999835;0.01356785788487677;0.0;0.012738959994902679;0.12089832672818555;0.074556;3.2943633513566352e-15;0.027594634650688073;0.020971999999773595;0.0;-6.667018312600974e-13
426.0;166.36403548561677;-0.303313068;0.01176;0.02386299999999835;0.0042538702945796;0.0;0.01278693000504268;0.11758327087132923;0.074556;3.2943633513523943e-15;0.03756070208649578;0.020971999999773595;0.0;-6.66701831260511e-13
427.0;166.36403548561225;-0.303559318;0.01176;0.02386299999999835;0.0004993110214696665;0.0;0.012854789989390677;0.11933413910667255;0.074556;3.2943633513519904e-15;0.03974278313969131;0.020971999999773595;0.0;-6.66701831260511e-13
428.0;166.36403548561708;-0.30113489;0.01176;0.02386299999999835;0.00012104510341767314;0.0;0.012533040000622681;0.12001011957105587;0.074556;3.2943633513523943e-15;0.03734239058238132;0.020971999999773595;0.0;-6.667018312604593e-13
429.0;166.36403548563527;-0.295429352;0.01176;0.02386299999999835;6.70073225536741e-5;0.0;0.01173977999053468;0.12294395361907005;0.074556;3.2943633513558274e-15;0.02955031632622534;0.020971999999773595;0.0;-6.667018312601491e-13
430.0;166.36403548567694;-0.28704848800000005;0.01176;0.02386299999999835;5.403778082500765e-5;0.0;0.010530000001194681;0.12677581974076685;0.074556;3.2943633513624917e-15;0.018560335737688328;0.020971999999773595;0.0;-6.667018312595288e-13
431.0;166.3640354857178;-0.278775638;0.01176;0.02386299999999835;3.674610718967462e-5;0.0;0.008769150001922682;0.1255299717984072;0.074556;3.29436335136956e-15;0.013311475354957063;0.020971999999773595;0.0;-6.667018312589601e-13
432.0;166.36403548587418;-0.27089166200000003;0.01176;0.02386299999999835;3.890741514367458e-5;0.0;0.007372169999426684;0.12562822492356504;0.074556;3.294363351391976e-15;0.006724064929511949;0.020971999999773595;0.0;-6.667018312569438e-13
433.0;166.3640354787245;-0.250803592;0.01176;0.023862999999997244;0.0011801895771368074;0.0;0.007755930007121805;0.06381334524355245;0.074556;5.5031956245035035e-15;0.04692583286719999;0.02097199999962158;0.0;-1.1143006256909286e-12
434.0;166.3640354787374;-0.24587914200000005;0.01176;0.023862999999997244;0.0009208074545874786;0.0;0.008139689996461804;0.06260286865662797;0.074556;5.5031956245079464e-15;0.04308748158798482;0.02097199999962158;0.0;-1.1143006256906184e-12
435.0;166.36403547873815;-0.24426717399999998;0.01176;0.023862999999997244;0.0007003325052201492;0.0;0.008023860001973806;0.06156138682583313;0.074556;5.5031956245079464e-15;0.04285330036267682;0.02097199999962158;0.0;-1.1143006256906184e-12
436.0;166.36403547873607;-0.243708162;0.01176;0.023862999999997244;0.0004647267061701533;0.0;0.008215740005821806;0.0604157574239013;0.074556;5.5031956245075425e-15;0.043483643559703994;0.02097199999962158;0.0;-1.1143006256907218e-12
437.0;166.36403547873283;-0.24522305800000002;0.01176;0.023862999999997244;0.00019885969175615804;0.0;0.008070660000673803;0.06136881140605747;0.074556;5.503195624505927e-15;0.04445643259694901;0.02097199999962158;0.0;-1.1143006256906184e-12
438.0;166.36403547871106;-0.251749842;0.01176;0.023862999999997244;0.00017076026834749185;0.0;0.007836659988817805;0.061909202694510126;0.074556;5.5031956244998685e-15;0.05070492474266743;0.02097199999962158;0.0;-1.1143006256912388e-12
439.0;166.36403547865953;-0.26447207400000006;0.01176;0.023862999999997244;0.0025224934649334505;0.0;0.007535970004053805;0.061520120664452636;0.074556;5.503195624486136e-15;0.06176519555833266;0.02097199999962158;0.0;-1.114300625692583e-12
440.0;166.3640354786552;-0.27901957;0.01176;0.023862999999997244;0.017361324815143856;0.0;0.007324199989285805;0.060767503043219796;0.074556;5.50319562448452e-15;0.06243824784391481;0.02097199999962158;0.0;-1.114300625692583e-12
441.0;166.36403547872868;-0.29441762600000004;0.01176;0.023862999999997244;0.05224824933810858;0.0;0.006914700005249805;0.05839960600260814;0.074556;5.503195624505119e-15;0.045726776349244574;0.02097199999962158;0.0;-1.1143006256909286e-12
442.0;166.36403547881056;-0.305172376;0.01176;0.023862999999997244;0.0892880476078386;0.0;0.0066268799994778065;0.05325114994761365;0.074556;5.503195624528141e-15;0.024878004144393746;0.02097199999962158;0.0;-1.1143006256886539e-12
443.0;122.42881925814423;-0.30928122;0.01176;0.023862999999986683;0.11830860831804269;0.0;0.006349590004885022;0.05381708731496885;0.074556;0.0;0.0;0.020971999998302716;0.0;-2.3556484758864677e-12
444.0;110.9953594566419;-0.312982048;0.01176;0.005961420565944864;0.1371505740401319;0.0;0.006615179995212715;0.05572122986400592;0.074556;0.0;0.0;0.0209719999816133;0.0;-3.437059626776598e-12
445.0;109.8310509870115;-0.31630673200000003;0.01176;1.3198427222506396e-13;0.1450898349773127;0.0;0.006403409998800681;0.06008759246820948;0.074556;0.0;0.0;0.01824925869466305;0.0;-3.6097454733939677e-12
446.0;109.83105099486946;-0.315327236;0.01176;1.3198427193830693e-13;0.14407824387656806;0.0;0.006712289990220681;0.06368954639942546;0.074556;0.0;0.0;0.014370519029089718;0.0;-3.6097454737850173e-12
447.0;109.83105099337628;-0.309813012;0.01176;1.31984272874118e-13;0.1329248031689209;0.0;0.007001280007432679;0.0653205459012688;0.074556;0.0;0.0;0.018089746960560725;0.0;-3.609745472509505e-12
448.0;110.99535946207314;-0.30215036600000006;0.01176;0.010602907328499033;0.11186295734546835;0.0;0.006798869992404714;0.06535198714609688;0.074556;0.0;0.0;0.0209719999816133;0.0;-3.4370596272747674e-12
449.0;166.36403547893534;-0.292599054;0.01176;0.023862999999997244;0.07902299158952543;0.0;0.0063835199878818066;0.0632316877937193;0.074556;5.5031956245620686e-15;0.01283256033412735;0.02097199999962158;0.0;-1.1143006256857587e-12
450.0;166.36403547872334;-0.284517902;0.01176;0.023862999999997244;0.041304476072056104;0.0;0.006184619988817807;0.05863148288842664;0.074556;5.5031956245035035e-15;0.04726902874565194;0.02097199999962158;0.0;-1.1143006256909286e-12
451.0;166.36403547850426;-0.278863586;0.01176;0.023862999999997244;0.01197697962427795;0.0;0.006598800000257806;0.05517101329905282;0.074556;5.503195624445746e-15;0.07398849876182953;0.02097199999962158;0.0;-1.1143006256960985e-12
452.0;166.36403549719617;-0.27938640600000003;0.01176;0.023862999999997244;0.0024036096694307857;0.0;0.006672510005093806;0.05592166586498181;0.074556;5.503195626266109e-15;0.08326032593954823;0.02097199999962158;0.0;-1.1143006255354187e-12
453.0;166.3640354771114;-0.27652804;0.01176;0.023862999999997244;0.0012169356843654733;0.0;0.005542289986009807;0.05750157392892548;0.074556;5.503195624334675e-15;0.08113894614172847;0.02097199999962158;0.0;-1.1143006257058179e-12
454.0;166.36403547840496;-0.27148308800000004;0.01176;0.023862999999997244;0.0012644890573661393;0.0;0.004867200011645809;0.05789458570962448;0.074556;5.5031956244255515e-15;0.07632851890529523;0.02097199999962158;0.0;-1.1143006256978563e-12
455.0;166.36403547858438;-0.264805962;0.01176;0.023862999999997244;0.0012644890573661393;0.0;0.004233060015493809;0.05821489044408164;0.074556;5.503195624465133e-15;0.06996522817131791;0.02097199999962158;0.0;-1.1143006256943407e-12
456.0;166.36403547865152;-0.25737174600000007;0.01176;0.023862999999997244;0.0012363891499561396;0.0;0.00335555998938981;0.05866488918855798;0.074556;5.5031956244837126e-15;0.06298661336348348;0.02097199999962158;0.0;-1.114300625692583e-12
457.0;110.99535947582895;-0.183146474;0.01176;0.01620718067039089;0.00090783815486353;0.0;0.004077449999165946;0.05442036037315998;0.074556;0.0;0.0;0.020971999988490118;0.0;-2.150582027109423e-12
458.0;110.99535947737304;-0.180462582;0.01176;0.017028260000744744;0.0005057954293108705;0.0;0.004395689990325944;0.05099919152989666;0.074556;0.0;0.0;0.020971999988490118;0.0;-2.1505820272767204e-12
459.0;110.99535947874803;-0.178086464;0.01176;0.017625334839506946;0.0002809973800342077;0.0;0.004302090011281945;0.04834439641492533;0.074556;0.0;0.0;0.020971999988490118;0.0;-2.1505820275329396e-12
460.0;110.9953594793136;-0.175825466;0.01176;0.017820729924497434;0.00010375294575887752;0.0;0.004616819986477945;0.04575051765440667;0.074556;0.0;0.0;0.020971999988490118;0.0;-2.1505820276503992e-12
461.0;110.99535947542078;-0.176253618;0.01176;0.015948285996087438;8.646078812221117e-5;0.0;0.004985369992301944;0.04769985647543717;0.074556;0.0;0.0;0.020971999988490118;0.0;-2.150582027079438e-12
462.0;110.99535947503384;-0.177686846;0.01176;0.01565775378398442;0.002271757058205506;0.0;0.005054399988089944;0.047169290463503676;0.074556;0.0;0.0;0.020971999988490118;0.0;-2.1505820270628942e-12
463.0;110.99535947275572;-0.181901282;0.01176;0.011699931826872711;0.011287454868770013;0.0;0.004855499989025945;0.04652475088398167;0.074556;0.0;0.0;0.020971999988490118;0.0;-2.150582026930752e-12
464.0;110.99558300677846;-0.192344378;0.01176;0.0009459897678630496;0.03448488203935161;0.0;0.004636709997397944;0.04516296467869585;0.074556;0.0;0.0;0.020971999988552092;0.0;-2.1500266123591086e-12
465.0;109.83105095674776;-0.20598891200000002;0.01176;8.261198668582539e-14;0.06430736665072909;0.0;0.004361760007329923;0.04546165380481047;0.074556;0.0;0.0;0.005381484424707343;0.0;-2.258634938054894e-12
466.0;50.00000001689922;-0.21752969;0.011179743212806079;1.5647224770282192e-15;0.0892167176692674;0.0;0.003997889992195443;0.04592933804697874;0.074556;0.0;0.0;2.2373163262231912e-13;0.0;-0.007349999998900923
467.0;50.00000001689921;-0.22501168800000002;0.00423885755912529;1.5647224770282192e-15;0.10121747385911052;0.0;0.004354740012111443;0.04799461549090157;0.074556;0.0;0.0;2.2373163262231912e-13;0.0;-0.007349999998900923
468.0;40.539891240942396;-0.22907311799999996;0.0;1.3543826237389089e-15;0.10610466933639008;0.0;0.004389840006546379;0.050535437758198465;0.074556;0.0;0.0;1.931549829991575e-13;0.0;-0.007349999999147795
469.0;10.000000007249529;-0.229637886;0.0;0.0;0.10935343317961702;0.0;0.004376970009181233;0.055222104736599324;0.06803537761202795;0.0;0.0;0.0;0.0;-0.007349999999528821
470.0;10.000000007249524;-0.22806496600000004;0.0;0.0;0.10928642609902502;0.0;0.004040010000185234;0.05980069367358364;0.06228783576463166;0.0;0.0;0.0;0.0;-0.007349999999528821
471.0;10.000000007249525;-0.22579145;0.0;0.0;0.10348274602496979;0.0;0.004630860013601233;0.06390766789778331;0.061120175601071594;0.0;0.0;0.0;0.0;-0.007349999999528821
472.0;10.00000000724951;-0.22249208599999998;0.0;0.0;0.09117937719748534;0.0;0.004620330002421232;0.06882621212226313;0.06521616621525701;0.0;0.0;0.0;0.0;-0.007349999999528821
473.0;50.00000001689918;-0.217942132;0.004951668724010322;1.5647224770282192e-15;0.0708524479531324;0.0;0.004889430008731442;0.07004258423537783;0.074556;0.0;0.0;2.2373163262231912e-13;0.0;-0.007349999998900923
474.0;109.83105095932993;-0.21503145800000006;0.01176;8.261198605997925e-14;0.04738483042630073;0.0;0.004676490000881922;0.0733713951194374;0.074556;0.0;0.0;0.0031220945129074398;0.0;-2.2586349389087513e-12
475.0;110.99535881901687;-0.20859311800000002;0.01176;0.0015274417908443735;0.022791061587059146;0.0;0.003996719999113945;0.07274454103765027;0.074556;0.0;0.0;0.020971999988490152;0.0;-2.1505817191740693e-12
476.0;110.9953594795761;-0.206927158;0.01176;0.017906113723005698;0.005970117000496773;0.0;0.0045746999968259445;0.07094258172437344;0.074556;0.0;0.0;0.020971999988490118;0.0;-2.1505820277099562e-12
477.0;110.99535956308742;-0.205272358;0.01176;0.02103287850715194;0.0019042988899268456;0.0;0.004025970009773945;0.07077555130361528;0.074556;0.0;0.0;0.020971999988490118;0.0;-2.150582037229978e-12
478.0;110.99535956329129;-0.20427524600000002;0.01176;0.021035251320593678;0.0014482181415095203;0.0;0.003958110007069944;0.07030000720015528;0.074556;0.0;0.0;0.020971999988490118;0.0;-2.150582037263065e-12
479.0;110.99535947943664;-0.20240915400000004;0.01176;0.017860974622377145;0.0014503796914641872;0.0;0.004204979997917945;0.07135917416871844;0.074556;0.0;0.0;0.020971999988490118;0.0;-2.1505820276774894e-12
480.0;110.99535947356502;-0.19832427600000002;0.01176;0.013803227074001055;0.0014482181415095205;0.0;0.004435469993809944;0.07110371625928777;0.074556;0.0;0.0;0.020971999988490118;0.0;-2.1505820269807965e-12
481.0;166.3640354859936;-0.20080910600000001;0.01176;0.023862999999998403;0.0013574344954408958;0.0;0.0008236799954747326;0.0474365387047708;0.074556;3.1893016873498073e-15;0.020063158043419523;0.020971999999780822;0.0;-6.45398665605186e-13
482.0;166.36403548601857;-0.19616144600000002;0.01176;0.023862999999998403;0.0011953204268468987;0.0;0.0008213400093067325;0.04715750013169413;0.074556;3.1893016873538462e-15;0.015858990672500295;0.020971999999780822;0.0;-6.453986656048241e-13
483.0;166.36403548604005;-0.193852352;0.01176;0.023862999999998403;0.0010029449008882355;0.0;0.0011676599996867322;0.047177150684732466;0.074556;3.1893016873572794e-15;0.013376301656099624;0.020971999999780822;0.0;-6.453986656045139e-13
484.0;166.36403548603747;-0.194952656;0.01176;0.023862999999998403;0.0008840615893869041;0.0;0.0019667700119067313;0.04735007591143597;0.074556;3.1893016873570774e-15;0.013623453728560336;0.020971999999780822;0.0;-6.453986656045656e-13
485.0;166.3640354860101;-0.19932247600000003;0.01176;0.023862999999998403;0.0018027072520842213;0.0;0.002197260007798731;0.047120164080921303;0.074556;3.1893016873522306e-15;0.017074049899130018;0.020971999999780822;0.0;-6.453986656048758e-13
486.0;166.36403548597832;-0.21008506200000004;0.01176;0.023862999999998403;0.008339142112742105;0.0;0.002524859998698731;0.04431209357235247;0.074556;3.189301687347586e-15;0.02378067155454128;0.020971999999780822;0.0;-6.453986656053411e-13
487.0;166.364035485998;-0.21994868600000006;0.01176;0.023862999999998403;0.027511820379891763;0.0;0.0029823299928747305;0.03914398696431966;0.074556;3.189301687350615e-15;0.019182253902240855;0.020971999999780822;0.0;-6.453986656051343e-13
488.0;166.36403548615152;-0.238838086;0.01176;0.023862999999998403;0.060559292027507185;0.0;0.0031940999892867304;0.03640469411131733;0.074556;3.189301687373839e-15;0.007551705117719059;0.020971999999780822;0.0;-6.453986656030147e-13
489.0;110.99535947392842;-0.25413907199999997;0.01176;0.009381438241565251;0.09817189280718237;0.0;0.003400020001922098;0.03565207649007365;0.074556;0.0;0.0;0.020971999989344875;0.0;-1.993272122815835e-12
490.0;109.83105095656305;-0.2678099340000001;0.01176;7.647604343980447e-14;0.13092539777497386;0.0;0.0035614800020260778;0.037585694868673136;0.074556;0.0;0.0;0.00926071285608179;0.0;-2.0935714057672094e-12
491.0;87.9097559327439;-0.277759446;0.01176;3.828075731158337e-15;0.15101023705494257;0.0;0.003893760001973599;0.04062564190308608;0.074556;0.0;0.0;5.652823885227866e-13;0.0;-0.004050566187052073
492.0;50.00000001565208;-0.280016582;0.008465793143968567;1.4484383758039193e-15;0.15661505695312095;0.0;0.004172220008003782;0.04355751089576521;0.074556;0.0;0.0;2.0710449521424071e-13;0.0;-0.007349999998982132
493.0;50.00000001565208;-0.278467364;0.006013236224676471;1.4484383758039698e-15;0.15518413096918698;0.0;0.004201470000307782;0.045862525806688044;0.074556;0.0;0.0;2.0710449521424071e-13;0.0;-0.007349999998982132
494.0;50.00000001565207;-0.27733767;0.006706944549263373;1.4484383758039698e-15;0.14823916897511313;0.0;0.0042236999973957814;0.050961855479086694;0.074556;0.0;0.0;2.0710449521424071e-13;0.0;-0.007349999998982132
495.0;50.000000015652056;-0.27387291;0.010734855202176556;1.4484383758039445e-15;0.13613249828949534;0.0;0.004880070008991781;0.05491948550019502;0.074556;0.0;0.0;2.0710449521424071e-13;0.0;-0.007349999998982132
496.0;87.91083186407026;-0.268294374;0.01176;3.828220363490936e-15;0.11730350186717915;0.0;0.005984550015025596;0.05876314195374603;0.074556;0.0;0.0;5.653048712681577e-13;0.0;-5.2568720861660066e-5
497.0;109.83105096311945;-0.260687724;0.01176;7.647604401842862e-14;0.09019156290486256;0.0;0.005943600000102076;0.06127448803154574;0.074556;0.0;0.0;0.016801424692299036;0.0;-2.093571404975701e-12
498.0;110.99535947476842;-0.25343876600000004;0.01176;0.012923854300444166;0.06363297274490495;0.0;0.005729489999166096;0.06361880440851175;0.074556;0.0;0.0;0.020971999989344875;0.0;-1.9932721228452e-12
499.0;166.3640354862305;-0.243325654;0.01176;0.023862999999998403;0.035304097856161634;0.0;0.005516550009670728;0.06525373402097358;0.074556;3.1893016873829268e-15;0.006122977360061319;0.020971999999780822;0.0;-6.453986656022392e-13
500.0;166.36403548598014;-0.231604084;0.01176;0.023862999999998403;0.013948285352884674;0.0;0.005848829991262727;0.057401355748479606;0.074556;3.189301687347586e-15;0.023277318145803114;0.020971999999780822;0.0;-6.453986656053928e-13
501.0;166.36403548596343;-0.22506460799999994;0.01176;0.023862999999998403;0.0035773148387968565;0.0;0.005520059988922728;0.05623607543354328;0.074556;3.1893016873451624e-15;0.028602862976325055;0.020971999999780822;0.0;-6.453986656055996e-13
502.0;166.36403548597224;-0.22309015600000007;0.01176;0.023862999999998403;0.0013704033111675623;0.0;0.004992389987518728;0.06004239619625643;0.074556;3.1893016873459702e-15;0.02555667174309567;0.020971999999780822;0.0;-6.453986656054445e-13
503.0;166.36403548599264;-0.216994496;0.01176;0.023862999999998403;0.0013314961379855628;0.0;0.004383990004418729;0.05988322635667977;0.074556;3.1893016873496053e-15;0.020267488739973014;0.020971999999780822;0.0;-6.45398665605186e-13
504.0;166.36403548608482;-0.20343344;0.01176;0.023862999999998403;0.0012709734652568974;0.0;0.004438980009774728;0.05650332367479694;0.074556;3.1893016873641456e-15;0.010091868093659553;0.020971999999780822;0.0;-6.453986656038936e-13
505.0;166.3640354837218;-0.201007606;0.01176;0.023862999999998042;0.0011456052618823158;0.0;0.001509299999374444;0.03960970615122171;0.074556;3.913858400199189e-15;0.027614699969508452;0.02097199999973098;0.0;-7.921886367689098e-13
506.0;166.364035483726;-0.199402274;0.01176;0.023862999999998042;0.0008927075471963201;0.0;0.0016192799917304438;0.03931691255098438;0.074556;3.913858400199997e-15;0.02644507929228701;0.02097199999973098;0.0;-7.921886367688581e-13
507.0;166.364035483724;-0.197352622;0.01176;0.023862999999998042;0.0007046553631476567;0.0;0.0016450200047824438;0.03686648282764555;0.074556;3.913858400199189e-15;0.02700816918652102;0.02097199999973098;0.0;-7.921886367689615e-13
508.0;166.36403548372567;-0.195778276;0.01176;0.023862999999998042;0.0007133013209656566;0.0;0.001538550010034444;0.03585054707576672;0.074556;3.913858400199997e-15;0.026547582975415006;0.02097199999973098;0.0;-7.921886367689098e-13
509.0;166.36403548371146;-0.19797452000000004;0.01176;0.023862999999998042;0.0008473154821496541;0.0;0.001559609995682444;0.03360055407331739;0.074556;3.913858400196766e-15;0.03083874583032142;0.02097199999973098;0.0;-7.921886367691166e-13
510.0;166.36403548369043;-0.20557422400000003;0.01176;0.023862999999998042;0.0035124693081509404;0.0;0.0015420599892864441;0.03062545386392274;0.074556;3.913858400192727e-15;0.03876594621905151;0.02097199999973098;0.0;-7.921886367695302e-13
511.0;166.3640354836826;-0.21825775;0.01176;0.023862999999998042;0.016399448637373377;0.0;0.0011735100018184445;0.02752065964450891;0.074556;3.913858400191111e-15;0.04203583709631837;0.02097199999973098;0.0;-7.921886367696335e-13
512.0;166.36403548370714;-0.23376919800000007;0.01176;0.023862999999998042;0.04264677995987158;0.0;0.0010483200075904445;0.026610837239003243;0.074556;3.913858400195958e-15;0.03233496617477997;0.02097199999973098;0.0;-7.921886367691683e-13
513.0;166.3640354837908;-0.24773745400000002;0.01176;0.023862999999998042;0.07475831354515236;0.0;0.0009769499889224443;0.02550647363848575;0.074556;3.913858400212518e-15;0.015367422212856327;0.02097199999973098;0.0;-7.921886367677724e-13
514.0;110.99536156265314;-0.2571769460000001;0.01176;0.02226661846360117;0.09989678547092679;0.0;0.0008669700149216692;0.0266128019343276;0.074556;0.0;0.0;0.02097199998692402;0.0;-2.4434571530341184e-12
515.0;110.99535947140856;-0.265229046;0.01176;0.014416874483144075;0.11534516495432852;0.0;0.0006563699932376692;0.027276992066887933;0.074556;0.0;0.0;0.020971999986924013;0.0;-2.443457197890055e-12
516.0;110.99535946975521;-0.26993992600000005;0.01176;0.010753649927965554;0.12200048361048907;0.0;0.0005358600080576694;0.02911628815086993;0.074556;0.0;0.0;0.020971999986924013;0.0;-2.4434571977806605e-12
517.0;110.99535946897039;-0.270927054;0.01176;0.007812209478703957;0.12281105346945771;0.0;0.0004036500002576695;0.03236649682273358;0.074556;0.0;0.0;0.020971999986924013;0.0;-2.4434571977593606e-12
518.0;110.9953594658873;-0.27031466800000004;0.01176;0.005137153043018056;0.1216546406997564;0.0;0.0003627000036896696;0.03562653041115024;0.074556;0.0;0.0;0.020971999986924013;0.0;-2.4434571975354014e-12
519.0;110.99535946874495;-0.2663800460000001;0.01176;0.00734400086098715;0.11238388338255058;0.0;0.00044810999443366945;0.038670407556179065;0.074556;0.0;0.0;0.020971999986924013;0.0;-2.4434571977502616e-12
520.0;110.99535947670026;-0.260816368;0.01176;0.0175277918483331;0.09682958940337419;0.0;0.0004750200005696694;0.038450321362149736;0.074556;0.0;0.0;0.020971999986924013;0.0;-2.443457198592952e-12
521.0;166.36403548385726;-0.253498196;0.01176;0.023862999999998042;0.07271135453616238;0.0;0.000456300001090445;0.03858787559339754;0.074556;3.9138584002254426e-15;0.01061437125782018;0.02097199999973098;0.0;-7.92188636766635e-13
522.0;166.36403548372442;-0.24552326;0.01176;0.023862999999998042;0.048539082130064144;0.0;0.0004668299939144449;0.03849355221888121;0.074556;3.913858400199593e-15;0.026895501039256243;0.02097199999973098;0.0;-7.921886367689098e-13
523.0;166.36403548368162;-0.235936272;0.01176;0.023862999999998042;0.02431925586696391;0.0;0.00044577000826644505;0.037569974426248716;0.074556;3.913858400191111e-15;0.042472977078489876;0.02097199999973098;0.0;-7.921886367695818e-13
524.0;166.3640354836581;-0.228244652;0.01176;0.023862999999998042;0.007902515313908195;0.0;0.00035451001539044515;0.03691560957020756;0.074556;3.913858400186265e-15;0.05194372247929068;0.02097199999973098;0.0;-7.921886367700471e-13
525.0;166.3640354836567;-0.226023496;0.01176;0.023862999999998042;0.002144227304899631;0.0;0.000381420003170445;0.03989070977960221;0.074556;3.913858400185861e-15;0.05247884429104686;0.02097199999973098;0.0;-7.921886367700471e-13
526.0;166.36403548366562;-0.22316455600000001;0.01176;0.023862999999998042;0.001484963764751643;0.0;0.000397799998126445;0.04107367559227304;0.074556;3.91385840018788e-15;0.04907982202401903;0.02097199999973098;0.0;-7.921886367699437e-13
527.0;166.36403548367966;-0.217081948;0.01176;0.023862999999998042;0.0014352488417963105;0.0;0.0003404700066024451;0.04087716970192354;0.074556;3.9138584001907075e-15;0.0433007648295516;0.02097199999973098;0.0;-7.921886367696852e-13
528.0;166.36403548369816;-0.209623982;0.01176;0.023862999999998042;0.0014330875338423106;0.0;0.0003042000007264452;0.04109529120061521;0.074556;3.913858400193939e-15;0.03566310864561486;0.02097199999973098;0.0;-7.921886367693751e-13
529.0;110.99535947270316;-0.23871062799999998;0.01176;0.007871629599714955;0.0004495960984941862;0.0;0.013608269995994;0.10924748791418215;0.074556;0.0;0.0;0.020971999988862972;0.0;-2.080992553658155e-12
530.0;110.99535947268181;-0.236105904;0.01176;0.007777571568520131;0.00022695959917219018;0.0;0.013444469991366002;0.10712325845117816;0.074556;0.0;0.0;0.020971999988862972;0.0;-2.0809925536577412e-12
531.0;110.99535947177145;-0.23386542400000004;0.01176;0.005956573996897182;0.00011239914557952553;0.0;0.012724920004470001;0.10753788656015165;0.074556;0.0;0.0;0.020971999988862972;0.0;-2.080992553622793e-12
532.0;110.99535947252487;-0.23360428000000005;0.01176;0.0072171738561596045;0.00011023759562485889;0.0;0.011936339985074004;0.10680688418729482;0.074556;0.0;0.0;0.020971999988862972;0.0;-2.0809925536551563e-12
533.0;110.99535947450033;-0.23962298600000004;0.01176;0.014275135634614643;0.00011239914557952553;0.0;0.010808460007226003;0.10689334662066347;0.074556;0.0;0.0;0.020971999988862972;0.0;-2.080992553738805e-12
534.0;166.36403548573261;-0.254304454;0.01176;0.02386299999999833;0.00026802856432920654;0.0;0.008703630003742666;0.10705448187552148;0.074556;3.3335371218271697e-15;0.007150018831587601;0.0209719999997709;0.0;-6.746343088783226e-13
535.0;166.36403548554927;-0.26567957400000003;0.01176;0.02386299999999833;0.002541946930549833;0.0;0.008605349997294667;0.10357436101317699;0.074556;3.333537121798897e-15;0.01982962132692394;0.0209719999997709;0.0;-6.746343088808041e-13
536.0;166.36403548556456;-0.275385478;0.01176;0.02386299999999833;0.017674744960583567;0.0;0.009702809989754667;0.09967961312175751;0.074556;3.3335371218017242e-15;0.01720001519660805;0.0209719999997709;0.0;-6.746343088805973e-13
537.0;166.36403545775264;-0.286244916;0.01176;0.02386299999999833;0.051991028523538964;0.0;0.009857249994642665;0.09054994602204254;0.074556;3.333537119497493e-15;0.0027183969862022883;0.0209719999997709;0.0;-6.746343090836701e-13
538.0;110.99535934302479;-0.29594271;0.01176;0.0021795727376155206;0.08923400934297929;0.0;0.010155599993238005;0.08683991332917204;0.074556;0.0;0.0;0.020971999988862976;0.0;-2.0809925289491326e-12
539.0;109.83105095888425;-0.303281338;0.01176;7.993541891693836e-14;0.11280754136565889;0.0;0.009675900001973985;0.08446022667666936;0.074556;0.0;0.0;0.009861022300474111;0.0;-2.1855568443343363e-12
540.0;87.909927951177;-0.30704723400000006;0.01176;4.0013600550400654e-15;0.12361081557864781;0.0;0.009527309999217484;0.08882855397620258;0.074556;0.0;0.0;5.908721836489148e-13;0.0;-0.00120111659554558
541.0;87.9099351015263;-0.30397599999999997;0.01176;4.001353520887921e-15;0.12349625512505515;0.0;0.011581830006393484;0.08738227003288578;0.074556;0.0;0.0;5.908711679284048e-13;0.0;-0.004769176586410964
542.0;87.90993084881204;-0.304214796;0.01176;4.001356981021178e-15;0.11797789577300524;0.0;0.012686309994069483;0.08969514516502392;0.074556;0.0;0.0;5.908717057988758e-13;0.0;-0.002427673106360319
543.0;109.8310509592662;-0.30067710200000003;0.01176;7.993541895101432e-14;0.1055988739071257;0.0;0.013049009997761981;0.08509690567500985;0.074556;0.0;0.0;0.010455664771028795;0.0;-2.1855568442878074e-12
544.0;110.99535947271266;-0.29321771;0.01176;0.007915742021481289;0.08352543649892671;0.0;0.013052519995370002;0.08119036709180155;0.074556;0.0;0.0;0.020971999988862972;0.0;-2.0809925536583616e-12
545.0;166.36403548562674;-0.28320087;0.01176;0.02386299999999833;0.05171435424335297;0.0;0.012906270015494664;0.07639562171144074;0.074556;3.3335371218116197e-15;0.011056329301419017;0.0209719999997709;0.0;-6.746343088796667e-13
546.0;166.36403548550044;-0.271088926;0.01176;0.02386299999999833;0.021210990834280838;0.0;0.013858650002806663;0.06979105643661025;0.074556;3.333537121790819e-15;0.035099933991797255;0.0209719999997709;0.0;-6.746343088815796e-13
547.0;166.36403548547418;-0.26878632;0.01176;0.02386299999999833;0.004562967582084464;0.0;0.01408329001492266;0.07120589949506574;0.074556;3.333537121786376e-15;0.047805868172106435;0.0209719999997709;0.0;-6.746343088818898e-13
548.0;166.3640354854818;-0.26871917;0.01176;0.02386299999999833;0.0011456052618891912;0.0;0.01441089000582266;0.07792050822687707;0.074556;3.333537121787386e-15;0.044113871769973535;0.0209719999997709;0.0;-6.746343088818381e-13
549.0;166.36403548550211;-0.264553888;0.01176;0.02386299999999833;0.0007651780358831976;0.0;0.014449499997866662;0.08386088336914722;0.074556;3.333537121791223e-15;0.03435003186268046;0.0209719999997709;0.0;-6.746343088814762e-13
550.0;166.3640354855293;-0.257136784;0.01176;0.02386299999999833;0.0006441326904258665;0.0;0.014011919996254663;0.0868379486338457;0.074556;3.333537121795464e-15;0.024514487946425044;0.0209719999997709;0.0;-6.74634308881166e-13
551.0;166.36403548558877;-0.249827916;0.01176;0.02386299999999833;0.00042798108296853706;0.0;0.014269319998282659;0.08985038489401319;0.074556;3.3335371218057632e-15;0.014151935294638518;0.0209719999997709;0.0;-6.746343088802871e-13
552.0;166.36403548611884;-0.24186627400000005;0.01176;0.02386299999999833;0.00022479804923720726;0.0;0.013908959999114661;0.09229688414677818;0.074556;3.3335371218598854e-15;0.0043073370753625;0.0209719999997709;0.0;-6.746343088754274e-13
553.0;110.99535933318606;-0.22526168200000002;0.01176;0.002333129032268333;3.674610714103089e-5;0.0;0.006998940002909053;0.10835928111700226;0.074556;0.0;0.0;0.020971999983502784;0.0;-3.0895162982687056e-12
554.0;10.000000010500075;-0.170774716;0.0;0.0;4.3230272118644225e-5;0.0;0.006168240012187356;0.09807022922771888;0.07384301582221513;0.0;0.0;0.0;0.0;-0.007349999999327548
555.0;9.996585040069961;-0.17078242800000001;0.0;0.0;3.674610625593962e-5;0.0;0.006941609992999355;0.09715844140694321;0.07422586611158594;0.0;0.0;0.0;0.0;-0.0073499999993275516
556.0;109.83105097469092;-0.21490654200000003;0.01176;1.1841733505884289e-13;3.674610714010276e-5;0.0;0.0061038900071210215;0.10386322486274456;0.074556;0.0;0.0;0.018426042621728027;0.0;-3.2451028191461474e-12
557.0;109.8310509464072;-0.21359368;0.01176;1.1841733203708748e-13;3.674610714010276e-5;0.0;0.0061787700050410215;0.10211825215327888;0.074556;0.0;0.0;0.018783273488241072;0.0;-3.2451028232841184e-12
558.0;109.83104440880122;-0.21475589799999997;0.01176;1.1841688037427486e-13;4.5391822957435955e-5;0.0;0.005968170001713023;0.1023913952004779;0.074556;0.0;0.0;0.019874491202817757;0.0;-3.245103441823931e-12
559.0;109.83210578918427;-0.21832491800000003;0.01176;1.1847653513379345e-13;0.00023344424900676646;0.0;0.006819929996409022;0.10399684898337137;0.074556;0.0;0.0;0.02076257498083282;0.0;-3.2450217894674354e-12
560.0;110.99914921705275;-0.223523182;0.01176;0.00027181777337914706;0.0030996188327836434;0.0;0.007589789997969052;0.10475339707517858;0.074556;0.0;0.0;0.020971999983505008;0.0;-3.0894963762634764e-12
561.0;109.83105098610292;-0.23284783599999997;0.01176;1.1841733521838858e-13;0.020536596928402408;0.0;0.008642789996253019;0.10262130703099256;0.074556;0.0;0.0;0.014570502809532242;0.0;-3.245102818927565e-12
562.0;109.83111773809995;-0.24504088400000001;0.01176;1.1842102771135022e-13;0.046392693033120616;0.0;0.009383400005509017;0.1011317918709914;0.074556;0.0;0.0;0.0016538341808353307;0.0;-3.2450977623491125e-12
563.0;50.000000024183485;-0.25323682;0.008125029455014547;2.243477911701944e-15;0.0696052510532789;0.0;0.009438389992505463;0.09886214795547653;0.074556;0.0;0.0;3.207858384200707e-13;0.0;-0.00734999999842752
564.0;10.172303005790644;-0.257879132;0.0;0.0;0.08202534212555096;0.0;0.00991691999065995;0.09975821533338362;0.074556;0.0;0.0;0.0;0.0;-0.007349999999325573
565.0;10.000000010346607;-0.262420768;0.0;0.0;0.08493474722440116;0.0;0.010202399991907354;0.10443505703554937;0.07019856308794932;0.0;0.0;0.0;0.0;-0.007349999999327547
566.0;10.000000010346595;-0.26095492800000003;0.0;0.0;0.07514090232018666;0.0;0.011806470000123352;0.11049923138189334;0.07085832363760511;0.0;0.0;0.0;0.0;-0.007349999999327547
567.0;50.00000002418347;-0.25649215;0.004678071074076374;2.243477911701944e-15;0.058114613392717104;0.0;0.01243944000321746;0.11405402398626548;0.074556;0.0;0.0;3.207858384200707e-13;0.0;-0.00734999999842752
568.0;106.34159713154983;-0.24940480599999998;0.01176;2.9345026034090903e-14;0.03410229350536125;0.0;0.01204047001200892;0.11559856069483333;0.074556;0.0;0.0;5.4721909402231336e-12;0.0;-3.832566048174866e-12
569.0;109.83105098585544;-0.25203039400000005;0.01176;1.1841733518309608e-13;0.010278025075951921;0.0;0.012654719997241015;0.12822996390527047;0.074556;0.0;0.0;0.014391045780965782;0.0;-3.2451028189761618e-12
570.0;110.99535387535775;-0.26424371799999996;0.01176;0.0013261457420180778;0.0017378614793963345;0.0;0.013099319994069046;0.1405508872978023;0.074556;0.0;0.0;0.020971999983503534;0.0;-3.0895095683138e-12
571.0;109.8310509852366;-0.26530147600000004;0.01176;1.1841733509549248e-13;7.349148836676881e-5;0.0;0.013349700000881015;0.15149037429197507;0.074556;0.0;0.0;0.013911270964293787;0.0;-3.245102819096103e-12
572.0;109.83105098355618;-0.26346591999999996;0.01176;1.1841733486223724e-13;4.755361491276926e-5;0.0;0.013044330007069015;0.15150805978970958;0.074556;0.0;0.0;0.012389337299246033;0.0;-3.2451028194156015e-12
573.0;109.83105097982147;-0.25896578400000003;0.01176;1.1841733435508828e-13;4.3230273002769315e-5;0.0;0.013141440002077015;0.15084386965714927;0.074556;0.0;0.0;0.008460604709599613;0.0;-3.245102820109813e-12
574.0;109.83105097430537;-0.253582508;0.01176;1.1841733322597382e-13;3.8907415094102725e-5;0.0;0.012805650004521014;0.1502543516261346;0.074556;0.0;0.0;0.004006959220738338;0.0;-3.2451028216564338e-12
575.0;109.83105097822177;-0.249257846;0.01176;1.1841733292655544e-13;3.8907415094102725e-5;0.0;0.013050180009201016;0.14630654688154543;0.074556;0.0;0.0;0.0033855714417619464;0.0;-3.2451028220663018e-12
576.0;87.91141090404338;-0.24334482799999999;0.01176;5.929503834928843e-15;4.1068965026689615e-5;0.0;0.013161329994640274;0.14389345392889907;0.074556;0.0;0.0;8.756178716370187e-13;0.0;-4.898427198745329e-5
577.0;9.999999851495675;-0.29935316;0.0;0.0;4.75261081690552e-5;0.0;0.017998919992081728;0.2757558755892105;0.04970538538900037;0.0;0.0;0.0;0.0;-0.04415454545358807
578.0;9.999999860520376;-0.296681528;0.0;0.0;4.4730123287841504e-5;0.0;0.017726580017649728;0.27657571776587936;0.046489047115701614;0.0;0.0;0.0;0.0;-0.04415454545358807
579.0;9.99999986052038;-0.29464870400000004;0.0;0.0;4.4730123287841504e-5;0.0;0.017822969999969733;0.27598636511046604;0.04494918578879493;0.0;0.0;0.0;0.0;-0.04415454545358807
580.0;9.999999851495675;-0.29180743200000003;0.0;0.0;4.75261081690552e-5;0.0;0.017139059985961727;0.27418329508998185;0.044592097894348814;0.0;0.0;0.0;0.0;-0.04415454545358807
581.0;9.999999851495675;-0.29300699199999997;0.0;0.0;4.75261081690552e-5;0.0;0.01652247000608973;0.2779615724755238;0.04262997048867876;0.0;0.0;0.0;0.0;-0.04415454545358807
582.0;9.999999851495675;-0.29808268;0.0;0.0;4.75261081690552e-5;0.0;0.017882640007313728;0.2812730351198782;0.043034025843100614;0.0;0.0;0.0;0.0;-0.04415454545358807
583.0;9.99999980637821;-0.31099224;0.0;0.0;6.150415460475627e-5;0.0;0.01718802000860573;0.2880243350903966;0.0498729281045331;0.0;0.0;0.0;0.0;-0.04415454545358807
584.0;9.999995186312029;-0.327035976;0.0;0.0;0.0014928678156356794;0.0;0.01698759001717373;0.2906122357677589;0.062097858396894065;0.0;0.0;0.0;0.0;-0.04415454545358808
585.0;49.99997400586284;-0.3335992400000001;0.0009631094088691202;1.8137574612055145e-15;0.008059808430389316;0.0;0.013797540006793911;0.2843014917653865;0.070632;0.0;0.0;2.5910568336585513e-13;0.0;-0.04415454545044621
586.0;9.999926607195707;-0.33923482400000005;0.0;0.0;0.02273967492711344;0.0;0.01379295000989774;0.28012934079438856;0.0667278593810568;0.0;0.0;0.0;0.0;-0.04415454545358807
587.0;9.999857125724025;-0.34627868000000006;0.0;0.0;0.04426604484527556;0.0;0.01400562000098974;0.2803014781389621;0.051860968835833424;0.0;0.0;0.0;0.0;-0.04415454545358808
588.0;9.999811087480635;-0.35113353599999997;0.0;0.0;0.058529361865594494;0.0;0.014152499996909741;0.28023145616828815;0.04237593517667509;0.0;0.0;0.0;0.0;-0.04415454545358808
589.0;9.999798508626576;-0.351836896;0.0;0.0;0.06242647370075487;0.0;0.01425041999418974;0.28032481879585347;0.03899097869171197;0.0;0.0;0.0;0.0;-0.04415454545358808
590.0;9.999824216770998;-0.34924456000000004;0.0;0.0;0.05446171686233438;0.0;0.014473799993985738;0.2811884252386471;0.043276253725359544;0.0;0.0;0.0;0.0;-0.04415454545358808
591.0;9.999867502825794;-0.34592563200000004;0.0;0.0;0.041051067873479535;0.0;0.01402398001248174;0.2794991414549618;0.05550681015353511;0.0;0.0;0.0;0.0;-0.04415454545358808
592.0;49.99992594634009;-0.340156984;0.002426478807813869;1.813756317792653e-15;0.02294934718934462;0.0;0.014193809992785909;0.2741103555376113;0.070632;0.0;0.0;2.5910551701993734e-13;0.0;-0.04415454545044623
593.0;64.4929236567755;-0.33719551200000003;0.010920000000000001;2.2887650063195683e-15;0.008459583876238444;0.0;0.01396124999924727;0.274416702193787;0.070632;0.0;0.0;3.28545031084847e-13;0.0;-0.04115855773029101
594.0;64.49293019787874;-0.338150504;0.010920000000000001;2.2887654243657144e-15;0.002049198696864269;0.0;0.01384191000856327;0.2794320370668374;0.070632;0.0;0.0;3.2854509249287454e-13;0.0;-0.03868885028454921
595.0;64.49293633286217;-0.338617992;0.010920000000000001;2.2887656559423586e-15;0.0001677381220640791;0.0;0.013393619994011273;0.2822620975939009;0.070632;0.0;0.0;3.2854512650985005e-13;0.0;-0.03872171202778057
596.0;64.49293712481881;-0.33406927200000003;0.010920000000000001;2.2887656805210934e-15;5.8708170484390325e-5;0.0;0.010183680005163282;0.2811709197464168;0.070632;0.0;0.0;3.2854513012023493e-13;0.0;-0.03886030074258326
597.0;64.49294714473619;-0.32672356;0.010920000000000001;2.2887659385402037e-15;5.31171397071472e-5;0.0;0.009744570008359285;0.27621977167981754;0.070632;0.0;0.0;3.285451680214955e-13;0.0;-0.04081048637618326
598.0;49.99999984936063;-0.31745891200000004;0.0061807136301579805;1.813758076064227e-15;5.311713966667541e-5;0.0;0.009554850001625927;0.2751927806387613;0.070632;0.0;0.0;2.59105772816753e-13;0.0;-0.04415454545044621
599.0;49.99999984936065;-0.309966736;0.002109268755652471;1.813758076064227e-15;5.311713966667541e-5;0.0;0.010717649993329921;0.2706092495215613;0.070632;0.0;0.0;2.59105772816753e-13;0.0;-0.04415454545044621
600.0;9.999999833450467;-0.30277128000000003;0.0;0.0;5.311713894629903e-5;0.0;0.011401560007313748;0.26817598016123556;0.06729516988259132;0.0;0.0;0.0;0.0;-0.04415454545358807
601.0;119.8447661798839;-0.26476444000000005;0.010920000000000001;0.010954447029451354;4.752610900998426e-5;0.0;0.011719799998501963;0.14075322111184754;0.070632;4.332163496679007e-15;1.4340756131107535e-12;0.019473999988906338;0.0;-1.0354105942925158e-12
602.0;119.84478658226354;-0.26070603200000003;0.010920000000000001;0.0010452428082456066;4.752610900998427e-5;0.0;0.013958189993333954;0.14436519578258508;0.070632;4.33216566424239e-15;1.4340862058413817e-12;0.019473999988906476;0.0;-1.0354103263528956e-12
603.0;118.57433199382783;-0.26081968;0.010920000000000001;7.961434263673221e-14;5.032146790043786e-5;0.0;0.01542086998870993;0.14951182185064885;0.070632;4.166273553899106e-15;9.031829788593552e-13;0.014105169914665946;0.0;-1.0572155690111284e-12
604.0;118.57433199575513;-0.261772696;0.010920000000000001;7.961434314151272e-14;4.752610900934687e-5;0.0;0.016421490002921927;0.15454757979847916;0.070632;4.166273554901174e-15;9.031829809599449e-13;0.009024603762521538;0.0;-1.057215568870818e-12
605.0;118.57433200344882;-0.264103336;0.010920000000000001;7.961434366326981e-14;4.473012412813359e-5;0.0;0.017295119999657924;0.1571413156400644;0.070632;4.166273555937573e-15;9.031829831312221e-13;0.007890673950336205;0.0;-1.0572155687261647e-12
606.0;118.57433200314084;-0.271426808;0.010920000000000001;7.961434366220999e-14;4.473012412813359e-5;0.0;0.017827560020873923;0.16417270349327875;0.070632;4.1662735559351495e-15;9.031829831268075e-13;0.007650318097629878;0.0;-1.0572155687265783e-12
607.0;118.57433193995479;-0.287266312;0.010920000000000001;7.96143394867105e-14;6.709518622228954e-5;0.0;0.01786427999584992;0.17327266240802328;0.070632;4.16627354764436e-15;9.031829657507575e-13;0.014330777936105115;0.0;-1.0572155698852516e-12
608.0;119.84476232195635;-0.3059628080000001;0.010920000000000001;0.0062606825272321035;0.0012412607896685832;0.0;0.017946900011557944;0.17922454274219954;0.070632;4.332163016195719e-15;1.4340732650458136e-12;0.019473999988906306;0.0;-1.0354106536865654e-12
609.0;119.84474473449325;-0.31513650400000004;0.010920000000000001;0.006801241079167005;0.006681561596330658;0.0;0.017939249984765943;0.1824251378007737;0.070632;4.332160825317798e-15;1.4340625585551505e-12;0.019473999988906164;0.0;-1.035410924508755e-12
610.0;118.75100348600549;-0.32026504;0.010920000000000001;9.254519830088752e-14;0.019491149893523976;0.0;0.017988210007409924;0.18150026159918642;0.070632;4.188466519853951e-15;9.519454587486992e-13;0.019473999921759442;0.0;-1.0541397466477593e-12
611.0;118.57421338859642;-0.3244178160000001;0.010920000000000001;7.960746191280562e-14;0.03665074229853849;0.0;0.01797291000183392;0.18078837049509355;0.070632;4.16625989006042e-15;9.031543436194348e-13;0.007275029715053654;0.0;-1.0572174788062437e-12
612.0;64.49217833126612;-0.32904608;0.010920000000000001;1.813655697492863e-15;0.05082739442932143;0.0;0.01765925998354023;0.1826031103095407;0.070632;0.0;0.0;2.603431342875559e-13;0.0;-0.003561313106303529
613.0;64.49216183168369;-0.329264376;0.010920000000000001;1.8136550759289844e-15;0.059779009671770925;0.0;0.01753380000502823;0.1847913017031854;0.070632;0.0;0.0;2.6034304298527276e-13;0.0;-0.014357599052942207
614.0;64.49216850403737;-0.32616563200000004;0.010920000000000001;1.813655266640286e-15;0.05800937440744152;0.0;0.016978409999452233;0.18684236620313996;0.070632;0.0;0.0;2.6034307099903667e-13;0.0;-0.01718244940665442
615.0;64.49219599939342;-0.322211664;0.010920000000000001;1.813656113939805e-15;0.04881174348195631;0.0;0.016006860005436236;0.1875250820205722;0.070632;0.0;0.0;2.6034319546004375e-13;0.0;-0.011650064012406423
616.0;108.47930846923627;-0.31597015200000006;0.010920000000000001;8.81605786975212e-15;0.03391381802038245;0.0;0.01598238000611774;0.1822384114767323;0.070632;3.1915357621999482e-15;2.285204837182403e-13;1.3906311831958876e-12;0.0;-1.2745225810701841e-12
617.0;118.57427528503575;-0.311333432;0.010920000000000001;7.961105345127186e-14;0.01754818516321847;0.0;0.016658639993333925;0.1795017141116909;0.070632;4.166267022472911e-15;9.031692907778826e-13;0.01589374755003691;0.0;-1.0572164819060572e-12
618.0;119.84474854830765;-0.30879342400000004;0.010920000000000001;0.010701170368853642;0.0055018046491126975;0.0;0.01672137000659395;0.17457974186620623;0.070632;4.332161300276585e-15;1.4340648795944358e-12;0.019473999988906195;0.0;-1.035410865797388e-12
619.0;119.8447642457258;-0.30909042400000003;0.010920000000000001;0.013165775587745456;0.0006457911287848293;0.0;0.016810109986125945;0.17717931340646784;0.070632;4.332163255622501e-15;1.4340744350946108e-12;0.01947399998890632;0.0;-1.0354106240902498e-12
620.0;119.84476582750858;-0.30659552;0.010920000000000001;0.010577197197195456;0.0001565554345995507;0.0;0.01638936000081395;0.17818296379060947;0.070632;4.332163452789563e-15;1.4340753986286287e-12;0.019473999988906334;0.0;-1.0354105997177867e-12
621.0;119.84476540080274;-0.300708136;0.010920000000000001;0.0014410119980464782;8.666488942599188e-5;0.0;0.015352019987621953;0.18253892350311898;0.070632;4.33216324787778e-15;1.4340743972446855e-12;0.01947399998890632;0.0;-1.0354106250476597e-12
622.0;118.5743319224038;-0.29211598400000005;0.010920000000000001;7.961433893575167e-14;6.989054511338052e-5;0.0;0.013770000001561936;0.1882282209128134;0.070632;4.1662735465498e-15;9.031829634579623e-13;0.008316376725790567;0.0;-1.05721557003828e-12
623.0;118.57433198603488;-0.283676184;0.010920000000000001;7.961434309009989e-14;4.752610900934687e-5;0.0;0.011467350002513943;0.1863784695785466;0.070632;4.166273554799392e-15;9.031829807460161e-13;0.004051342646122219;0.0;-1.0572155688852936e-12
624.0;64.49233029140039;-0.27563221600000004;0.010920000000000001;1.813660371770118e-15;5.032146784997647e-5;0.0;0.009640529999248255;0.18652434921854197;0.070632;0.0;0.0;2.6034382089859443e-13;0.0;-0.002101249692008478
625.0;122.00043853384558;-0.254993456;0.010920000000000001;0.023375999999922785;0.0015264152530820893;0.0;0.010142370009312686;0.09474576831962338;0.070632;7.760124558660804e-15;0.024202441061881262;0.019473999993137436;0.0;-1.672182096693832e-12
626.0;122.00043961670718;-0.24996785600000004;0.010920000000000001;0.023375999999922785;0.0011909396346648114;0.0;0.010644209995372685;0.09294853399781566;0.070632;7.760124817388198e-15;0.02080770430271706;0.01947399999313744;0.0;-1.6721820708237584e-12
627.0;122.00044053710702;-0.248329232;0.010920000000000001;0.023375999999922785;0.0009057851712130886;0.0;0.010492740002580684;0.09140221173758979;0.070632;7.760125037302726e-15;0.02115202131380818;0.01947399999313744;0.0;-1.672182048835023e-12
628.0;122.00044152066374;-0.247780216;0.010920000000000001;0.023375999999922785;0.0006010610045583007;0.0;0.010743660007612685;0.08970125815991241;0.070632;7.760125272305223e-15;0.022357756956433206;0.019473999993137443;0.0;-1.6721820253369931e-12
629.0;122.00044263055658;-0.249318744;0.010920000000000001;0.023375999999922785;0.00025719805748750525;0.0;0.010553940000880684;0.09111628869067095;0.070632;7.760125537494157e-15;0.023014830499511835;0.019473999993137443;0.0;-1.672181998821305e-12
630.0;122.00044274781175;-0.255948456;0.010920000000000001;0.023375999999922785;0.00022085526195271088;0.0;0.010247939985376686;0.09191862537467127;0.070632;7.760125565512477e-15;0.029184547900832435;0.019473999993137443;0.0;-1.672181996019851e-12
631.0;122.00043293010567;-0.268981432;0.010920000000000001;0.023375999999922785;0.003262503393762857;0.0;0.009854730005300686;0.09134094251325003;0.070632;7.760123219751853e-15;0.04014682947095009;0.019473999993137425;0.0;-1.672182230569602e-12
632.0;122.00037098332787;-0.28390676;0.010920000000000001;0.02337599999992278;0.022454520464464438;0.0;0.009577799985988688;0.09022350642676313;0.070632;7.760108418725617e-15;0.03727489050748343;0.01947399999313731;0.0;-1.6721837105124538e-12
633.0;122.0002253432385;-0.299517168;0.010920000000000001;0.023375999999922778;0.06757602870099566;0.0;0.00904230000686469;0.08670781196570237;0.070632;7.760073620957847e-15;0.011815887512595187;0.019473999993137044;0.0;-1.6721871899468879e-12
634.0;119.84439110914194;-0.31031916800000003;0.010920000000000001;0.005820515423280914;0.11548198732474506;0.0;0.008665919999316634;0.07906373026572877;0.070632;7.23487918495163e-15;2.396592771395452e-12;0.01947399998146283;0.0;-1.730626977480664e-12
635.0;64.49116081177887;-0.31443196;0.010920000000000001;3.0312877368473198e-15;0.1530161491064849;0.0;0.008303310006385768;0.07990399605158188;0.070632;0.0;0.0;4.3513506461711675e-13;0.0;-0.008313631225056657
636.0;64.49109800670969;-0.31813606400000005;0.010920000000000001;3.0312843421688183e-15;0.177385677895486;0.0;0.008650619993737766;0.08273113899653399;0.070632;0.0;0.0;4.351345659552653e-13;0.0;-0.03215351779477343
637.0;50.00106600779859;-0.321471976;0.009567293970742513;2.402216088418736e-15;0.18765403581655588;0.0;0.008373689998427969;0.08921402087831759;0.070632;0.0;0.0;3.431724912563793e-13;0.0;-0.044154545449137356
638.0;49.999398882560214;-0.32047864800000003;0.004319708045396614;2.402247045822141e-15;0.18634567984054531;0.0;0.008777609987207969;0.09456196011206947;0.070632;0.0;0.0;3.431769950567566e-13;0.0;-0.044154545449137
639.0;53.794444673729885;-0.31486401599999997;0.010920000000000001;2.540592734153037e-15;0.17192021604181182;0.0;0.009155520009716532;0.0969835586090908;0.070632;0.0;0.0;3.6332539381966795e-13;0.0;-0.04415454544711454
640.0;64.49119831298322;-0.30707448800000003;0.010920000000000001;3.0312894596273473e-15;0.1446795732281222;0.0;0.008890829990065765;0.0970302404573482;0.070632;0.0;0.0;4.3513531768516695e-13;0.0;-0.025048785217484153
641.0;118.57400206251494;-0.29741907200000006;0.010920000000000001;1.3297973122093695e-13;0.10220552870845406;0.0;0.008347679984152598;0.09388216241128168;0.070632;6.958092458324064e-15;1.5094835695139166e-12;0.011254196149694569;0.0;-1.7670714914082593e-12
642.0;122.00027102945198;-0.289359536;0.010920000000000001;0.023375999999922778;0.053421741319261355;0.0;0.008087579985376693;0.08705208718930313;0.070632;7.760084536725631e-15;0.016422704490455405;0.019473999993137127;0.0;-1.6721860984724536e-12
643.0;122.00039346094125;-0.28378644799999997;0.010920000000000001;0.02337599999992278;0.015490599763513605;0.0;0.00862920000033669;0.08191421440202681;0.070632;7.76011378932903e-15;0.05337625188451811;0.019473999993137352;0.0;-1.6721831735091783e-12
644.0;122.00043342618886;-0.28446620800000005;0.010920000000000001;0.023375999999922785;0.0031087433179948563;0.0;0.008725590006660691;0.0830287329064023;0.070632;7.760123338289904e-15;0.06522671208174148;0.019473999993137425;0.0;-1.6721822187172413e-12
645.0;122.0004383801646;-0.28149972;0.010920000000000001;0.023375999999922785;0.0015739413621516146;0.0;0.0072476099817046944;0.08537447426851709;0.070632;7.760124521950625e-15;0.06292723399044532;0.019473999993137436;0.0;-1.6721821003641358e-12
646.0;122.00043818170575;-0.276218784;0.010920000000000001;0.023375999999922785;0.0016354452046617783;0.0;0.006364800015228699;0.08595799175970756;0.070632;7.76012447453072e-15;0.0578840878521569;0.019473999993137436;0.0;-1.6721821051056385e-12
647.0;122.00043818175772;-0.269303616;0.010920000000000001;0.023375999999922785;0.0016354452046617783;0.0;0.005535540020260701;0.08643355871277564;0.070632;7.760124474542029e-15;0.05132261289257206;0.019473999993137436;0.0;-1.6721821051046045e-12
648.0;122.00043829910743;-0.26166432800000006;0.010920000000000001;0.023375999999922785;0.0015991017831368615;0.0;0.004388039986124705;0.0871016866196508;0.070632;7.760124502578928e-15;0.044199039712952186;0.019473999993137436;0.0;-1.6721821023013928e-12
649.0;118.57432848389148;-0.18646863200000002;0.010920000000000001;8.325831947729717e-14;0.0011741656033827216;0.0;0.00533204999890987;0.0807996953632178;0.070632;4.3568806037871695e-15;9.445527419574029e-13;0.017431242109017496;0.0;-1.1056479316230581e-12
650.0;119.46918464844785;-0.183750776;0.010920000000000001;2.9616149378568193e-13;0.000654177831445299;0.0;0.005748209987349884;0.07572017368371652;0.070632;4.476982016592128e-15;1.2753215865340473e-12;0.01947399998344158;0.0;-1.0895647985231728e-12
651.0;119.8447652096447;-0.181346952;0.010920000000000001;0.002289769112429316;0.00036343202422146995;0.0;0.005625810014753892;0.07177851223438902;0.070632;4.530349877600677e-15;1.4997635231529555e-12;0.019473999988398615;0.0;-1.0828438372060714e-12
652.0;119.84476582405537;-0.179056288;0.010920000000000001;0.0036679795345508867;0.00013419037250266745;0.0;0.006037379982317891;0.06792729529606178;0.070632;4.530349935033184e-15;1.4997638038504246e-12;0.01947399998839862;0.0;-1.0828438301058633e-12
653.0;119.84477439728084;-0.179490824;0.010920000000000001;0.0007601137012158571;0.00011182531040851159;0.0;0.006519329989933889;0.07082154262957646;0.070632;4.530374496407754e-15;1.4998838555720539e-12;0.0194739999884002;0.0;-1.0828407936274744e-12
654.0;118.99340071015006;-0.180944128;0.010920000000000001;1.2468693166384354e-13;0.002938209836935109;0.0;0.006609599984425874;0.07003379385613298;0.070632;4.412387412029002e-15;1.0753374248324203e-12;0.0194739999647752;0.0;-1.0980429997200149e-12
655.0;118.57428491927767;-0.18524337599999996;0.010920000000000001;8.325567615731869e-14;0.014598792951668344;0.0;0.006349499985649868;0.06907682478577387;0.070632;4.356875355595986e-15;9.44541741950998e-13;0.01348704891599307;0.0;-1.1056486652513011e-12
656.0;64.49218073884039;-0.19585150399999998;0.010920000000000001;1.8967279496743653e-15;0.04460152077747268;0.0;0.006063389996596097;0.0670549361069031;0.070632;0.0;0.0;2.722680783888888e-13;0.0;-0.0033859204662730564
657.0;64.49207452582613;-0.20968121600000006;0.010920000000000001;1.896724423426108e-15;0.08317286243128753;0.0;0.005703840009584099;0.0674984096567456;0.070632;0.0;0.0;2.722675604125251e-13;0.0;-0.028211306895219335
658.0;49.99962773694446;-0.22137192;0.0060862342979624414;1.503094797274837e-15;0.11538973171742761;0.0;0.005228009989794976;0.06819279580260419;0.070632;0.0;0.0;2.1472497876298977e-13;0.0;-0.04415454545113642
659.0;9.999577652500596;-0.228974584;0.0;0.0;0.13091108324519948;0.0;0.0056946600158189415;0.0712591810148022;0.06526681632777852;0.0;0.0;0.0;0.0;-0.04415454545374059
660.0;9.999557055216302;-0.23307682400000002;0.0;0.0;0.13723200817619705;0.0;0.005740560008542941;0.07503162323612121;0.05922992439486703;0.0;0.0;0.0;0.0;-0.0441545454537406
661.0;9.999543492793633;-0.23363184800000003;0.0;0.0;0.14143384386501712;0.0;0.0057237300120109415;0.08199007153655016;0.04864157847423475;0.0;0.0;0.0;0.0;-0.0441545454537406
662.0;9.999543772524138;-0.23206928800000004;0.0;0.0;0.14134717928852666;0.0;0.005283090000246944;0.08878805282085118;0.040808340044166974;0.0;0.0;0.0;0.0;-0.0441545454537406
663.0;9.999568000804809;-0.2297706;0.0;0.0;0.1338409057535438;0.0;0.00605574001779094;0.09488581226059792;0.03914536593320166;0.0;0.0;0.0;0.0;-0.04415454545374059
664.0;9.999619362952489;-0.22643844800000001;0.0;0.0;0.11792816579502469;0.0;0.006041970003170941;0.10218853631908117;0.04443668145910755;0.0;0.0;0.0;0.0;-0.04415454545374059
665.0;9.999704220584285;-0.22182217599999998;0.0;0.0;0.09163803796380242;0.0;0.006393870011398939;0.10399452392167671;0.06395212365564325;0.0;0.0;0.0;0.0;-0.04415454545374059
666.0;64.49215637212225;-0.21889894400000004;0.010920000000000001;1.896726880377119e-15;0.0612858555347377;0.0;0.0061154100011520975;0.10893691870785127;0.070632;0.0;0.0;2.7226792131804383e-13;0.0;-0.0389574498857814
667.0;64.4922420777399;-0.212393824;0.010920000000000001;1.896729743315357e-15;0.02947714902302627;0.0;0.005226479998840101;0.10800620787649504;0.070632;0.0;0.0;2.722683418597175e-13;0.0;-0.011834309223661296
668.0;118.57430720434549;-0.210785544;0.010920000000000001;8.325702795337254e-14;0.007721537140203045;0.0;0.005982299995849868;0.10533077973582057;0.070632;4.356878039565237e-15;9.445473674190748e-13;0.010019579626281172;0.0;-1.1056482900670941e-12
669.0;118.57432425862919;-0.20915314399999996;0.010920000000000001;8.325806154461233e-14;0.0024629525021803702;0.0;0.005264730012781871;0.10508278418744299;0.070632;4.3568800916872456e-15;9.445516686066881e-13;0.014611223025289489;0.0;-1.1056480032077853e-12
670.0;118.57432617197361;-0.20809532800000002;0.010920000000000001;8.325817748683202e-14;0.0018730738720738596;0.0;0.0051759900092458715;0.104376728247573;0.070632;4.356880321878928e-15;9.445521510844932e-13;0.014938069598297979;0.0;-1.1056479710299425e-12
671.0;118.57432615571842;-0.20610987200000003;0.010920000000000001;8.325817690475537e-14;0.0018758695439600119;0.0;0.00549881999727787;0.10594930821234806;0.070632;4.356880320723783e-15;9.445521486622693e-13;0.011054408529824889;0.0;-1.105647971191553e-12
672.0;118.5743261594858;-0.20188836800000004;0.010920000000000001;8.325817743780542e-14;0.0018730738720738596;0.0;0.005800229991905869;0.10557002146895672;0.070632;4.3568803217819925e-15;9.445521508805044e-13;0.0069135772702638935;0.0;-1.1056479710434876e-12
673.0;122.00043779746547;-0.20435380799999997;0.010920000000000001;0.02337599999995524;0.0017556575308321515;0.0;0.0010771199940820967;0.07043058609219631;0.070632;4.4988088507900896e-15;0.006713988108024044;0.01947399999602458;0.0;-9.685133100598238e-13
674.0;122.00043847303716;-0.199632928;0.010920000000000001;0.02337599999995524;0.0015459849563262916;0.0;0.0010740600121700967;0.070016288363468;0.070632;4.4988089450495014e-15;0.002620134477232722;0.01947399999602458;0.0;-9.685133006536429e-13
675.0;121.69517865117429;-0.197290136;0.010920000000000001;0.02337599999994794;0.001297173288409221;0.0;0.0015269399995900903;0.07004546418458207;0.070632;4.45298397732954e-15;9.804223951326512e-12;0.01947399999563523;0.0;-9.731570183669552e-13
676.0;121.43727193626692;-0.198417208;0.010920000000000001;0.02337599999993955;0.0011434138386312218;0.0;0.0025719300155700835;0.07030221194484025;0.070632;4.415101065177291e-15;5.3210714868842134e-12;0.019473999995242755;0.0;-9.771059383881268e-13
677.0;122.00043593862922;-0.20287396800000002;0.010920000000000001;0.02337599999995524;0.00233155748851284;0.0;0.0028733400101980905;0.06996085430335108;0.070632;4.498808593091825e-15;0.0033317714671671425;0.019473999996024578;0.0;-9.6851333577568e-13
678.0;122.00040865123296;-0.213876416;0.010920000000000001;0.02337599999995524;0.0107855500211186;0.0;0.0033017399982980893;0.06579161984597225;0.070632;4.498804809308401e-15;0.00962123053627947;0.01947399999602455;0.0;-9.68513713362123e-13
679.0;122.00032860172385;-0.22400424800000002;0.010920000000000001;0.023375999999955238;0.03558281066179486;0.0;0.0038999699906820877;0.058118362324885486;0.070632;4.498793713473333e-15;0.0020273274801237253;0.019473999996024467;0.0;-9.685148206287792e-13
680.0;119.84451275317203;-0.24325344800000004;0.010920000000000001;0.00541220695046283;0.0783252359266762;0.0;0.004176899985990052;0.05405124431031281;0.070632;4.194024795875924e-15;1.3881551908161021e-12;0.019473999989258164;0.0;-1.0023623128105008e-12
681.0;64.49115451272266;-0.258692096;0.010920000000000001;1.7557374709131689e-15;0.12697203695837614;0.0;0.0044461800025123914;0.05293380822379742;0.070632;0.0;0.0;2.520289268943727e-13;0.0;-0.007180565264724641
682.0;64.4910387407235;-0.27244291200000004;0.010920000000000001;1.7557339184014474e-15;0.16933425616765785;0.0;0.004657320002648391;0.055804714900420785;0.070632;0.0;0.0;2.520284050623134e-13;0.0;-0.03887382726814169
683.0;9.999370152847199;-0.28246992800000004;0.0;0.0;0.19531127344197327;0.0;0.005091840002560804;0.060318224046610615;0.06590700460557741;0.0;0.0;0.0;0.0;-0.04415454545379544
684.0;9.999346192201617;-0.284732776;0.0;0.0;0.20256034829338077;0.0;0.005455980010448803;0.06467126617700868;0.05620378041307866;0.0;0.0;0.0;0.0;-0.044154545453795435
685.0;9.99935216580387;-0.28315515199999997;0.0;0.0;0.2007096394833381;0.0;0.005494230000384803;0.06809359747605054;0.05301624690438837;0.0;0.0;0.0;0.0;-0.04415454545379544
686.0;9.99938115852681;-0.28201556000000005;0.0;0.0;0.19172727247613108;0.0;0.0055232999965768035;0.07566473962323772;0.053258630045264106;0.0;0.0;0.0;0.0;-0.044154545453795435
687.0;9.999431699530366;-0.27851188000000004;0.0;0.0;0.17606893490331105;0.0;0.0063816300117408;0.08154076282251677;0.05867862110508027;0.0;0.0;0.0;0.0;-0.044154545453795435
688.0;25.367477040833474;-0.27285483200000005;0.0;1.028645177189728e-15;0.1517161801460454;0.0;0.007825950019642838;0.08724756572512113;0.070632;0.0;0.0;0.0;0.0;-0.044154545453457913
689.0;64.49119774374608;-0.26515963200000003;0.010920000000000001;1.7557386402769287e-15;0.11665056189740589;0.0;0.007772400000132381;0.0909762436804104;0.070632;0.0;0.0;2.520290986634417e-13;0.0;-0.03176072395524652
690.0;64.49129923041477;-0.257854688;0.010920000000000001;1.755741679862328e-15;0.08230062532261911;0.0;0.007492409998908382;0.09445692715613417;0.070632;0.0;0.0;2.520295451513413e-13;0.0;-0.00791680342220845
691.0;118.57418416358975;-0.24766687200000004;0.010920000000000001;7.706665706279066e-14;0.045661065398618854;0.0;0.0072139500126460225;0.09688436081739676;0.070632;4.0334309171128105e-15;8.743216042909424e-13;0.01617691246067246;0.0;-1.0234696285763756e-12
692.0;122.00038129683377;-0.23583211200000004;0.010920000000000001;0.02337599999995524;0.01804021652929346;0.0;0.007648469988574075;0.08522567704640494;0.070632;4.498805787476537e-15;0.0005436786056453998;0.019473999996024557;0.0;-9.68513615749951e-13
693.0;122.00042853015718;-0.22916414399999996;0.010920000000000001;0.02337599999995524;0.004626771868552445;0.0;0.007218539985514076;0.0834955471131598;0.070632;4.4988075657642e-15;0.009446886206916907;0.01947399999602457;0.0;-9.685134382932915e-13
694.0;122.0004377433956;-0.22709020800000004;0.010920000000000001;0.02337599999995524;0.0017724309361589422;0.0;0.006528509983678078;0.08914691648985977;0.070632;4.498808843294573e-15;0.005265894650374039;0.01947399999602458;0.0;-9.68513310807802e-13
695.0;121.99864330083223;-0.22083732800000003;0.010920000000000001;0.0233759999999552;0.001722109781193386;0.0;0.005732910005778081;0.08891059180438145;0.070632;4.498509349891634e-15;8.141193974528233e-5;0.019473999996022284;0.0;-9.685432004036739e-13
696.0;119.8447610797614;-0.20704292;0.010920000000000001;0.01441251418459355;0.0016438319073652904;0.0;0.005804820012782047;0.08389233934921903;0.070632;4.194054705536186e-15;1.388301329510458e-12;0.01947399998926009;0.0;-1.0023586158737844e-12
697.0;122.00043868052363;-0.20447180800000003;0.010920000000000001;0.023375999999945087;0.001481685128922039;0.0;0.0019736999991816617;0.05880983088864455;0.070632;5.520283458828025e-15;0.0178301300755199;0.019473999995120804;0.0;-1.188741239391848e-12
698.0;122.00043973629232;-0.20283503200000003;0.010920000000000001;0.023375999999945087;0.0011545962131681562;0.0;0.0021175199891856613;0.05837511061958989;0.070632;5.5202836384057854e-15;0.016811336725456684;0.019473999995120807;0.0;-1.1887412214615709e-12
699.0;122.00044052132304;-0.200782496;0.010920000000000001;0.023375999999945087;0.000911376202018593;0.0;0.0021511800062536607;0.05473687717539605;0.070632;5.52028377193285e-15;0.018606589297855344;0.019473999995120807;0.0;-1.1887412081292806e-12
700.0;122.00044048522888;-0.19918836799999998;0.010920000000000001;0.023375999999945087;0.0009225585765681404;0.0;0.002011950013121661;0.05322848401707216;0.070632;5.520283765793619e-15;0.018648902298512262;0.019473999995120807;0.0;-1.1887412087422214e-12
701.0;122.00043992572533;-0.20140536000000003;0.010920000000000001;0.023375999999945087;0.0010958877295490837;0.0;0.0020394899943536613;0.04988784555160356;0.070632;5.520283670627863e-15;0.024005667099044083;0.019473999995120807;0.0;-1.1887412182442519e-12
702.0;122.00042879961964;-0.20920963200000003;0.010920000000000001;0.023375999999945087;0.00454290296393525;0.0;0.0020165399859896614;0.04547061661475432;0.070632;5.5202817781711e-15;0.03280317178050717;0.019473999995120794;0.0;-1.1887414072013585e-12
703.0;122.00037500110176;-0.22220399999999998;0.010920000000000001;0.023375999999945087;0.02121046400287842;0.0;0.0015345900023776633;0.04086082672409799;0.070632;5.520272627505364e-15;0.03422205210751998;0.01947399999512072;0.0;-1.1887423208752846e-12
704.0;122.00026542802222;-0.23797926400000002;0.010920000000000001;0.023375999999945083;0.055157829459970366;0.0;0.0013708800099256637;0.03950998353424418;0.070632;5.520253990157215e-15;0.017565183062704656;0.01947399999512058;0.0;-1.1887441817876446e-12
705.0;119.84445271003706;-0.252112272;0.010920000000000001;0.014987220177078134;0.09668974569988091;0.0;0.0012775499855136219;0.03787029864645225;0.070632;5.146398888091719e-15;1.7037901115960673e-12;0.019473999986817196;0.0;-1.2302872412851947e-12
706.0;118.5739143467101;-0.2616459280000001;0.010920000000000001;9.455960241311862e-14;0.12920295182405503;0.0;0.0011337300195135972;0.03951290058190086;0.070632;4.949364702552891e-15;1.0730720306541878e-12;0.010067388358837904;0.0;-1.256197554241874e-12
707.0;64.49022608611419;-0.26979672800000004;0.010920000000000001;2.154953781890032e-15;0.14918333678577428;0.0;0.0008583299911555859;0.040499045473339476;0.070632;0.0;0.0;3.0933603363083856e-13;0.0;-0.002264629716237877
708.0;64.49026335219301;-0.274558568;0.010920000000000001;2.154954481035743e-15;0.15779108939414804;0.0;0.0007007400105355864;0.043229908743068424;0.070632;0.0;0.0;3.093361363299645e-13;0.0;-0.008685535969954
709.0;64.49026329019439;-0.275530072;0.010920000000000001;2.1549544433428076e-15;0.1588394516406872;0.0;0.000527850000335587;0.04805560024442315;0.070632;0.0;0.0;3.0933613079317937e-13;0.0;-0.013415277324951808
710.0;64.49026968149641;-0.27488922400000004;0.010920000000000001;2.1549546526077643e-15;0.15734378846525998;0.0;0.0004743000048235872;0.05289587912188139;0.070632;0.0;0.0;3.093361615325551e-13;0.0;-0.017347272844574227
711.0;64.49030702933393;-0.270905728;0.010920000000000001;2.1549560008377953e-15;0.14535332044989144;0.0;0.0005859899927195868;0.057415223432630225;0.070632;0.0;0.0;3.0933635957701624e-13;0.0;-0.013971530296738954
712.0;79.92236198693995;-0.265262824;0.010920000000000001;2.987395678112701e-15;0.12523594944368652;0.0;0.000621180000744438;0.05708845423616618;0.070632;0.0;0.0;4.3272620042607126e-13;0.0;-4.004370179300304e-12
713.0;119.84446132191798;-0.257877928;0.010920000000000001;0.004658747287671134;0.09404228167010711;0.0;0.0005967000014256242;0.05729268551843927;0.070632;5.14640015602712e-15;1.7037963093316462e-12;0.01947399998681728;0.0;-1.2302870844797713e-12
714.0;122.00024083011819;-0.24988468;0.010920000000000001;0.023375999999945083;0.06277872366431513;0.0;0.0006104699920416661;0.05715264050818483;0.070632;5.5202498063095846e-15;0.0049676103793083026;0.019473999995120547;0.0;-1.1887445995412543e-12
715.0;122.00034193877796;-0.24025969600000002;0.010920000000000001;0.023375999999945087;0.031453661190021596;0.0;0.0005829300108096664;0.055781374243551105;0.070632;5.520267003902622e-15;0.02806586834184457;0.01947399999512068;0.0;-1.1887428823819247e-12
716.0;122.00041047271502;-0.23247553599999998;0.010920000000000001;0.023375999999945087;0.010220832437974583;0.0;0.0004635900201256667;0.054809817262635056;0.070632;5.520278660919151e-15;0.042605009231951776;0.01947399999512077;0.0;-1.1887417184515352e-12
717.0;122.00043451149736;-0.23018132799999996;0.010920000000000001;0.023375999999945087;0.002773267386610779;0.0;0.0004987800041456665;0.059227046199484296;0.070632;5.520282749714924e-15;0.04330579834853793;0.0194739999951208;0.0;-1.1887413101950964e-12
718.0;122.00043726370113;-0.22716040800000004;0.010920000000000001;0.023375999999945087;0.0019205993551467014;0.0;0.0005201999975496664;0.06098343437173217;0.070632;5.520283217841797e-15;0.03935972115337393;0.019473999995120804;0.0;-1.1887412634538083e-12
719.0;122.00043747126642;-0.22086326400000003;0.010920000000000001;0.023375999999945087;0.0018562998407503854;0.0;0.0004452300086336667;0.06069167562613693;0.070632;5.520283253146415e-15;0.03349360411507389;0.019473999995120804;0.0;-1.1887412599286747e-12
720.0;122.00043748032756;-0.213243976;0.010920000000000001;0.023375999999945087;0.0018535044818592946;0.0;0.00039780000094966685;0.06101552777495775;0.070632;5.52028325468607e-15;0.02560068927577992;0.019473999995120804;0.0;-1.1887412597750259e-12
721.0;64.49209622777826;-0.24255550399999998;0.010920000000000001;1.835235515884539e-15;0.0005814916143360976;0.0;0.017795429994760185;0.16220333129241404;0.070632;0.0;0.0;2.634408814885639e-13;0.0;-0.019545289705854108
722.0;64.49209685078202;-0.23993787200000002;0.010920000000000001;1.8352355378805053e-15;0.00029354147899822257;0.0;0.017581229988708185;0.15904941808207612;0.070632;0.0;0.0;2.6344088471958307e-13;0.0;-0.018506854055144527
723.0;64.49209784929822;-0.23767723200000002;0.010920000000000001;1.835235562998089e-15;0.00014537305999758735;0.0;0.01664028000584419;0.15966503004539934;0.070632;0.0;0.0;2.634408884091705e-13;0.0;-0.020294007665966347
724.0;64.492097320297;-0.23740304;0.010920000000000001;1.8352355523207493e-15;0.00014257738811143523;0.0;0.015609059980480193;0.15857968682768445;0.070632;0.0;0.0;2.6344088684068095e-13;0.0;-0.01844882314018981
725.0;64.49209426328441;-0.24353364800000005;0.010920000000000001;1.8352354900479685e-15;0.00014537305999758735;0.0;0.014134140009448196;0.15870806044058675;0.070632;0.0;0.0;2.6344087769335585e-13;0.0;-0.010974364221648826
726.0;118.5743310443623;-0.25840627200000005;0.010920000000000001;8.056114101990479e-14;0.0003466586188960532;0.0;0.011381670004893919;0.1589473032426595;0.070632;4.2157989901968056e-15;9.139316603202087e-13;0.005999148514968162;0.0;-1.069799555804441e-12
727.0;119.75912446084192;-0.27013643200000004;0.010920000000000001;1.2178891684606744e-11;0.003287663814785566;0.0;0.01125314999646194;0.15378025356536218;0.070632;4.37096652643821e-15;1.3914940095896269e-12;0.019473999987891333;0.0;-1.0493110058388437e-12
728.0;118.57425809192986;-0.280041304;0.010920000000000001;8.055685872566616e-14;0.022859886941087194;0.0;0.012688289986601915;0.1479975935281017;0.070632;4.215790486912587e-15;9.13913839329383e-13;0.01476449349140497;0.0;-1.0698007443455215e-12
729.0;64.49187174677346;-0.29099088800000006;0.010920000000000001;1.8352287921583146e-15;0.06724334844145527;0.0;0.0128902499929922;0.1344424771090301;0.070632;0.0;0.0;2.634398938309834e-13;0.0;-0.005104084229794267
730.0;64.49173869374889;-0.30073428;0.010920000000000001;1.8352245280536165e-15;0.11541209615356894;0.0;0.0132803999911562;0.1289340697902431;0.070632;0.0;0.0;2.634392674707467e-13;0.0;-0.03841094997441733
731.0;9.999528623350313;-0.308123784;0.0;0.0;0.14590126462710512;0.0;0.01265310000255973;0.12540087090506966;0.06832675522764897;0.0;0.0;0.0;0.0;-0.044154545453764515
732.0;9.999483973218346;-0.31193431200000005;0.0;0.0;0.15987383552720497;0.0;0.012458789998955729;0.13188666983454192;0.05187276146535638;0.0;0.0;0.0;0.0;-0.044154545453764515
733.0;9.999484451467099;-0.30882;0.0;0.0;0.15972566710820435;0.0;0.015145470008339722;0.12973932459045706;0.04836728015444283;0.0;0.0;0.0;0.0;-0.044154545453764515
734.0;9.999507488636183;-0.309053728;0.0;0.0;0.15258841725427258;0.0;0.016589789992223717;0.13317332621794456;0.050859793591925995;0.0;0.0;0.0;0.0;-0.044154545453764515
735.0;22.439644458939373;-0.305443136;0.0;0.0;0.13657783034511398;0.0;0.017064089997065154;0.12634616911276003;0.070632;0.0;0.0;0.0;0.0;-0.04415454545349941
736.0;64.49175270476148;-0.29789728000000004;0.010920000000000001;1.835225048128104e-15;0.10802883092959649;0.0;0.017068679993944187;0.12054600304849852;0.070632;0.0;0.0;2.63439343865219e-13;0.0;-0.02926473165376911
737.0;118.57411554613165;-0.28782416;0.010920000000000001;8.054848355612889e-14;0.0668855077609949;0.0;0.0168774300202619;0.1134270871975175;0.070632;4.215773853947058e-15;9.13878982137521e-13;0.008903966711429076;0.0;-1.069803069229691e-12
738.0;122.00035490658838;-0.275686568;0.010920000000000001;0.023375999999953236;0.027433541669851205;0.0;0.018122850003669956;0.10362107234290392;0.070632;4.702157147915059e-15;0.0021331630724982795;0.019473999995844597;0.0;-1.0123584835445143e-12
739.0;122.00042441506484;-0.27346876000000003;0.010920000000000001;0.023375999999953236;0.00590158009492171;0.0;0.018416610019513953;0.10572173627320613;0.070632;4.702167217618037e-15;0.01905246026613304;0.019473999995844673;0.0;-1.0123574785433862e-12
740.0;122.00043868139626;-0.27335156;0.010920000000000001;0.023375999999953236;0.0014816851289323522;0.0;0.01884501000761395;0.1156911362605136;0.070632;4.702169285110338e-15;0.012957266819578298;0.01947399999584469;0.0;-1.012357272199305e-12
741.0;122.00009454362797;-0.268994184;0.010920000000000001;0.023375999999953226;0.0009896540758559823;0.0;0.018895499997209953;0.12451100622365502;0.070632;4.702090906310541e-15;0.00020926383778368998;0.01947399999584409;0.0;-1.012365094911912e-12
742.0;119.8447636188869;-0.26132771200000005;0.010920000000000001;0.011950750980208934;0.0008330983282007634;0.0;0.01832327999510192;0.12893115274261505;0.070632;4.383658063790512e-15;1.4511411830667793e-12;0.019473999988774398;0.0;-1.0477350124954453e-12
743.0;118.70250445420803;-0.25381088799999996;0.010920000000000001;8.97202993547845e-14;0.0005535355215158268;0.0;0.018659879997753898;0.13340381573958085;0.070632;4.232185354533733e-15;9.49471839912431e-13;0.019473999893912384;0.0;-1.0675232496501666e-12
744.0;118.57433122918094;-0.24574703200000003;0.010920000000000001;8.056115166979217e-14;0.00029074580716313274;0.0;0.018188639998841894;0.13703621348509826;0.070632;4.215799011342822e-15;9.139317046387882e-13;0.008499939713676803;0.0;-1.0697995528487178e-12
745.0;64.49283624855211;-0.22891457600000004;0.010920000000000001;2.7195249265207656e-15;4.7526108903624215e-5;0.0;0.009152460003802404;0.16088458150575474;0.070632;0.0;0.0;3.903810967088051e-13;0.0;-0.022690718006908417
746.0;9.999999825284332;-0.17367828800000001;0.0;0.0;5.591249766790345e-5;0.0;0.008066160015944072;0.14560808843373454;0.06410267441667344;0.0;0.0;0.0;0.0;-0.044154545453420437
747.0;9.999999852353398;-0.173666904;0.0;0.0;4.7526107999567946e-5;0.0;0.00907748999085207;0.14425432712731576;0.0644421079700544;0.0;0.0;0.0;0.0;-0.044154545453420437
748.0;64.49283736235262;-0.21846605600000002;0.010920000000000001;2.719524960141134e-15;4.7526108903624215e-5;0.0;0.007982010009310406;0.1542091392045868;0.070632;0.0;0.0;3.9038110164743523e-13;0.0;-0.025293382248482172
749.0;64.49283685801413;-0.21712924;0.010920000000000001;2.7195249449166485e-15;4.7526108903624215e-5;0.0;0.008079930006590408;0.151618320945113;0.070632;0.0;0.0;3.9038109941110075e-13;0.0;-0.02413728344327903
750.0;64.49283638124274;-0.21831286400000002;0.010920000000000001;2.71952492999034e-15;5.8708170458110505e-5;0.0;0.007804530002238408;0.1520238653930535;0.070632;0.0;0.0;3.9038109721845174e-13;0.0;-0.02309497126781048
751.0;64.49283564060934;-0.22194922400000006;0.010920000000000001;2.7195248959939943e-15;0.000301928494602735;0.0;0.008918369995302405;0.15440753532261667;0.070632;0.0;0.0;3.903810922246073e-13;0.0;-0.02319933810269215
752.0;64.4928239003434;-0.22727757600000004;0.010920000000000001;2.719524364200871e-15;0.004008936832470195;0.0;0.009925109997342401;0.15553080710778;0.070632;0.0;0.0;3.903810141071178e-13;0.0;-0.023707939396229304
753.0;64.4927589868535;-0.236736448;0.010920000000000001;2.7195213262088696e-15;0.026561304561067475;0.0;0.011302109995098397;0.15236522303454283;0.070632;0.0;0.0;3.903805678432807e-13;0.0;-0.03501265698659357
754.0;42.482137355005015;-0.249092512;0.0;1.945611242206875e-15;0.06000266029257125;0.0;0.012270600007199508;0.15015369098395728;0.070632;0.0;0.0;2.7744684296700266e-13;0.0;-0.044154545451430625
755.0;9.999709428821827;-0.25738375999999996;0.0;0.0;0.09002495782081331;0.0;0.012342509990172059;0.14678387616244976;0.05238876352883856;0.0;0.0;0.0;0.0;-0.04415454545342044
756.0;9.999657579400672;-0.262081176;0.0;0.0;0.10608866218321425;0.0;0.012968279987792057;0.14811429681197727;0.039066605928599625;0.0;0.0;0.0;0.0;-0.04415454545342044
757.0;9.999645433678921;-0.26667402400000007;0.0;0.0;0.10985158333281463;0.0;0.013341599989424056;0.1550581572018491;0.03257942767759463;0.0;0.0;0.0;0.0;-0.04415454545342045
758.0;9.999686319465198;-0.265200904;0.0;0.0;0.09718457242384416;0.0;0.01543923000016805;0.16406183590691692;0.03267175642390632;0.0;0.0;0.0;0.0;-0.04415454545342044
759.0;9.999757398108672;-0.2606862;0.0;0.0;0.07516337546772446;0.0;0.016266960004180042;0.1693397531699948;0.044072161503625834;0.0;0.0;0.0;0.0;-0.04415454545342044
760.0;9.999857640923269;-0.253500408;0.0;0.0;0.044106694364550954;0.0;0.01574523001567205;0.17163297751965054;0.0661709348505988;0.0;0.0;0.0;0.0;-0.04415454545342044
761.0;49.999957117597646;-0.25618219200000003;0.009476058043522582;2.155126821524588e-15;0.01329323233439779;0.0;0.016548479996388768;0.19038723648525535;0.070632;0.0;0.0;3.0787342278997973e-13;0.0;-0.044154545449686854
762.0;64.49285882146825;-0.268622624;0.010920000000000001;2.7195255125893873e-15;0.0022476882708041793;0.0;0.01712987999224238;0.20868051587343034;0.070632;0.0;0.0;3.903811827989715e-13;0.0;-0.0409571017020023
763.0;49.999999717861684;-0.269699968;0.0007474362087013077;2.1551280258035333e-15;9.505127893987716e-5;0.0;0.017457300001148764;0.224922731296049;0.070632;0.0;0.0;3.0787359799221014e-13;0.0;-0.04415454544968684
764.0;36.367555178641005;-0.26780255999999997;0.0;1.8033512943337843e-15;6.15041552110996e-5;0.0;0.017057970009238074;0.22494898953500558;0.070632;0.0;0.0;2.5684917972348765e-13;0.0;-0.044154545452160104
765.0;9.99999982528434;-0.263212712;0.0;0.0;5.591249766790345e-5;0.0;0.017184960002684043;0.2239628446430857;0.06616354222058529;0.0;0.0;0.0;0.0;-0.044154545453420437
766.0;9.999999843330723;-0.25770234399999997;0.0;0.0;5.032146689065945e-5;0.0;0.016745850005880043;0.22308756787184636;0.06197315190753813;0.0;0.0;0.0;0.0;-0.044154545453420437
767.0;9.999999843330722;-0.253292128;0.0;0.0;5.032146689065945e-5;0.0;0.017065620012000047;0.21722613258312437;0.06310460119014003;0.0;0.0;0.0;0.0;-0.044154545453420437
768.0;9.999999834307022;-0.247296104;0.0;0.0;5.311713877681204e-5;0.0;0.017210969992960044;0.2136433342679546;0.06054322990840052;0.0;0.0;0.0;0.0;-0.044154545453420437
769.0;10.000034443348662;-0.3041777;0.0;0.0;5.596383924203987e-5;0.0;0.01746953999231098;0.32772866723476174;0.04497764554109559;0.0;0.0;0.0;0.0;-0.08606034461932757
770.0;10.000033793521997;-0.30146516;0.0;0.0;5.267145839605067e-5;0.0;0.01720521001712698;0.32870302828265735;0.0415584075891379;0.0;0.0;0.0;0.0;-0.08606034461932757
771.0;10.000034261868352;-0.29940113000000007;0.0;0.0;5.2671458396050675e-5;0.0;0.017298764999966982;0.32800259802028436;0.040101223396615794;0.0;0.0;0.0;0.0;-0.08606034461932757
772.0;10.000035693045296;-0.2965215400000001;0.0;0.0;5.5963839242039896e-5;0.0;0.016634969986370967;0.3258596963197076;0.04002494782145877;0.0;0.0;0.0;0.0;-0.08606034461932757
773.0;10.00003269052647;-0.29774224;0.0;0.0;5.5963839242039835e-5;0.0;0.01603651500590696;0.3303500804660505;0.03735390759779838;0.0;0.0;0.0;0.0;-0.08606034461932757
774.0;10.000030058976568;-0.3028886;0.0;0.0;5.5963839242039774e-5;0.0;0.01735668000709498;0.3342856674656492;0.037244681194661775;0.0;0.0;0.0;0.0;-0.08606034461932757
775.0;10.000024685434527;-0.31602405;0.0;0.0;7.242353208890251e-5;0.0;0.01668249000834897;0.3423094114265424;0.043014456446960704;0.0;0.0;0.0;0.0;-0.08606034461932757
776.0;10.000021766268404;-0.33242872;0.0;0.0;0.0017579098638953814;0.0;0.016487955016664967;0.3453850638967412;0.0548527843230512;0.0;0.0;0.0;0.0;-0.08606034461932757
777.0;21.422207877386604;-0.33923480000000006;0.0;0.0;0.009490737620276177;0.0;0.013391730006584671;0.33788490921539555;0.066708;0.0;0.0;0.0;0.0;-0.08606034461502797
778.0;10.000017292360754;-0.34494653;0.0;0.0;0.026776850861134245;0.0;0.013387275009602928;0.3329264165839925;0.05791241983580565;0.0;0.0;0.0;0.0;-0.08606034461932756
779.0;10.000004182642689;-0.35199985;0.0;0.0;0.05212498792669342;0.0;0.013593690000956933;0.33313099732918194;0.03920860488889493;0.0;0.0;0.0;0.0;-0.08606034461932757
780.0;9.999995642461743;-0.35687817;0.0;0.0;0.0689205979721904;0.0;0.013736249996996937;0.33304777804300323;0.02723328870185509;0.0;0.0;0.0;0.0;-0.08606034461932757
781.0;9.999993219663615;-0.35755262;0.0;0.0;0.07350959859482263;0.0;0.013831289994356937;0.33315873709124166;0.023113103833677828;0.0;0.0;0.0;0.0;-0.08606034461932756
782.0;9.999997333355564;-0.35488495000000003;0.0;0.0;0.0641307879174221;0.0;0.014048099994158937;0.33418511082818314;0.02858036793965877;0.0;0.0;0.0;0.0;-0.08606034461932756
783.0;10.000006757757424;-0.35152979000000006;0.0;0.0;0.04833922761255218;0.0;0.013611510012110932;0.3321774411028311;0.0434597042000888;0.0;0.0;0.0;0.0;-0.08606034461932757
784.0;25.823312779511657;-0.34570398;0.0;1.3432577837189562e-15;0.027023748097263635;0.0;0.013776344992991308;0.32577300956362104;0.066708;0.0;0.0;0.0;0.0;-0.08606034460761242
785.0;30.38062982053684;-0.34275739000000005;0.0;1.404741892746008e-15;0.00996148874260894;0.0;0.01355062499926323;0.3261370945758704;0.066708;0.0;0.0;1.9991884094311543e-13;0.0;-0.07341141069721613
786.0;30.38063016201716;-0.34383113;0.0;1.4047418178266382e-15;0.002413011094609904;0.0;0.013434795008305227;0.33209768928729244;0.066708;0.0;0.0;1.9991883012571266e-13;0.0;-0.0706343805284038
787.0;30.38062901896463;-0.34433324;0.0;1.4047417956981937e-15;0.0001975181566555634;0.0;0.012999689994181223;0.3354611424240436;0.066708;0.0;0.0;1.9991882693067585e-13;0.0;-0.07084515312664781
788.0;30.380629938291595;-0.33969359000000005;0.0;1.4047417977870721e-15;6.913115190742631e-5;0.0;0.009884160005005183;0.33416430600702113;0.066708;0.0;0.0;1.9991882723228658e-13;0.0;-0.07094411198949904
789.0;30.380633688331773;-0.33213995;0.0;1.4047418138356331e-15;6.254749590699e-5;0.0;0.009457965008107179;0.328279995641263;0.066708;0.0;0.0;1.9991882954947797e-13;0.0;-0.07218087814803578
790.0;30.380631585080028;-0.32262564000000005;0.0;1.4047418748851116e-15;6.254749590699004e-5;0.0;0.009273825001573177;0.3270594435699043;0.066708;0.0;0.0;1.9991883836422477e-13;0.0;-0.08029003280529876
791.0;30.38063047733824;-0.31495117;0.0;1.4047420041419525e-15;6.254749590699015e-5;0.0;0.01040242499352119;0.3216120363621372;0.066708;0.0;0.0;1.9991885702722885e-13;0.0;-0.08364497462605974
792.0;17.23501030433424;-0.3076206;0.0;0.0;6.25474956595392e-5;0.0;0.011066220007108895;0.31872015918025653;0.066708;0.0;0.0;0.0;0.0;-0.08606034461747253
793.0;117.63382611247116;-0.26931255000000004;0.01008;9.251906245643646e-15;5.596384016583744e-5;0.0;0.011375099998545902;0.1672815328609614;0.066708;5.171241584650959e-15;0.01383754451633284;1.4733290007295717e-12;1.1907847076392797e-14;-1.1415442673292335e-12
794.0;98.04455031786681;-0.26519754;0.01008;3.497738341332794e-15;5.5963840152471274e-5;0.0;0.013547654993529478;0.17157427056743788;0.066708;3.099649785681317e-15;1.73518430141938e-13;5.137906253352666e-13;0.0;-1.6948607292588265e-12
795.0;62.19622680839834;-0.2653648500000001;0.01008;1.6387951378804181e-15;5.9255483824658974e-5;0.0;0.01496731498903995;0.17769090144041855;0.066708;0.0;0.0;2.3484039452786225e-13;0.0;-0.0041192433368557315
796.0;62.19621967451081;-0.26636037000000007;0.01008;1.6387952207180833e-15;5.59638401063644e-5;0.0;0.01593850500283396;0.18367576844364272;0.066708;0.0;0.0;2.348404066544076e-13;0.0;-0.01007569442114549
797.0;62.196217291465864;-0.26874267;0.01008;1.6387952203902706e-15;5.267145926037564e-5;0.0;0.016786439999665972;0.18675835585435643;0.066708;0.0;0.0;2.3484040660640526e-13;0.0;-0.01162043881177336
798.0;62.1962114593482;-0.27614051000000006;0.01008;1.6387951984206837e-15;5.267145926037563e-5;0.0;0.01730322002025798;0.19511497695996477;0.066708;0.0;0.0;2.348404033903012e-13;0.0;-0.01309560584023094
799.0;62.196205426293126;-0.29224964000000003;0.01008;1.638795119150664e-15;7.900718895366193e-5;0.0;0.017338859995969978;0.205930040829946;0.066708;0.0;0.0;2.3484039178599117e-13;0.0;-0.007863268573459878
800.0;81.79492283989474;-0.31130476000000007;0.01008;2.3094334963358195e-15;0.001461632813599464;0.0;0.017419050011216995;0.21300369539957903;0.066708;0.0;9.495794152137515e-14;3.3388851119545605e-13;0.0;-2.9661605812086318e-12
801.0;70.67496797532353;-0.32072088000000004;0.01008;1.8739549407388474e-15;0.007867798416489519;0.0;0.01741162498521249;0.21680751916456997;0.066708;0.0;0.0;2.6937213372011995e-13;0.0;-6.613377998181562e-12
802.0;62.19618748606804;-0.32595905000000003;0.01008;1.6387953501678102e-15;0.02295158640047162;0.0;0.01745914500718998;0.21570832791702924;0.066708;0.0;0.0;2.348404256044692e-13;0.0;-0.006922857541563811
803.0;62.196175348470476;-0.33010827000000004;0.01008;1.6387956773620197e-15;0.04315767325696723;0.0;0.01744429500177798;0.21486226390384336;0.066708;0.0;0.0;2.34840473502285e-13;0.0;-0.02211684908097233
804.0;62.19616480280038;-0.33474135000000005;0.01008;1.6387958905274329e-15;0.059851232027409336;0.0;0.017139869984023975;0.21701903485026572;0.066708;0.0;0.0;2.348405047074668e-13;0.0;-0.036028175546061664
805.0;62.19615728991372;-0.33490072000000004;0.01008;1.638796021509317e-15;0.07039210682359658;0.0;0.017018100004879976;0.21961964326000977;0.066708;0.0;0.0;2.348405238818753e-13;0.0;-0.04888751617127234
806.0;62.19615663113157;-0.33172429000000003;0.01008;1.6387959906817435e-15;0.06830829253410868;0.0;0.01647904499946797;0.22205727993246968;0.066708;0.0;0.0;2.348405193690364e-13;0.0;-0.05187875792872104
807.0;62.19616184728223;-0.32771533;0.01008;1.6387958493757275e-15;0.05747772471129529;0.0;0.015536070005275958;0.2228686698782652;0.066708;0.0;0.0;2.3484049868329136e-13;0.0;-0.04492641836119602
808.0;62.19617559136989;-0.32139294;0.01008;1.6387956406775137e-15;0.03993483856610372;0.0;0.015512310005935956;0.2165855997977163;0.066708;0.0;0.0;2.3484046813207337e-13;0.0;-0.027400831425020547
809.0;62.196189223547606;-0.31673879000000005;0.01008;1.6387953654925377e-15;0.02066366992943786;0.0;0.016168679993527967;0.2133331063443876;0.066708;0.0;0.0;2.348404278478864e-13;0.0;-0.010189615911401684
810.0;117.63379594451783;-0.31427378000000006;0.01008;9.251904098449383e-15;0.006478588767354001;0.0;0.016229565006399962;0.2074834706812382;0.066708;5.1712410972085295e-15;0.007321942350120709;1.473328612563075e-12;1.1907846517015139e-14;-1.1415443184802215e-12
811.0;117.63379680499419;-0.31462153000000004;0.01008;9.2519015361708e-15;0.0007604441487564362;0.0;0.01631569498653396;0.2105729936676509;0.066708;5.171240515535365e-15;0.010211865267508476;1.4733281493584757e-12;1.1907845849503003e-14;-1.1415443795198434e-12
812.0;117.63379630242851;-0.31205615;0.01008;9.25190117664228e-15;0.00018435010778628;0.0;0.01590732000078996;0.21176580597694994;0.066708;5.1712404339179226e-15;0.0074381469549607135;1.4733280843635862e-12;1.1907845755840955e-14;-1.1415443880845749e-12
813.0;62.19620218321544;-0.30598692000000005;0.01008;1.6387949214467731e-15;0.0001020512749286536;0.0;0.014900489987983951;0.21694275050460185;0.066708;0.0;0.0;2.3484036284420815e-13;0.0;-0.002723682114107227
814.0;62.19619189510779;-0.29718348000000006;0.01008;1.6387951100914107e-15;8.229883267195651e-5;0.0;0.013365000001513931;0.22370433211586285;0.066708;0.0;0.0;2.3484039045981385e-13;0.0;-0.01673211784989954
815.0;62.19619305782204;-0.28857673;0.01008;1.6387951284644734e-15;5.596384010636439e-5;0.0;0.011130075002437904;0.22150595089116695;0.066708;0.0;0.0;2.348403931494433e-13;0.0;-0.020879265476548708
816.0;62.19619260116509;-0.28037277000000005;0.01008;1.6387951392558634e-15;5.9255483824658974e-5;0.0;0.00935698499926988;0.2216793250392236;0.066708;0.0;0.0;2.348403947292032e-13;0.0;-0.027486734781031016
817.0;117.63386179314686;-0.25918332;0.01008;1.5462143117606328e-14;0.001797413275032377;0.0;0.009844065009038378;0.11260287495660164;0.066708;8.633997984341007e-15;0.05817439367275416;2.462422002188642e-12;1.9903254091258942e-14;-1.908034706423448e-12
818.0;117.63386342361503;-0.25405657000000004;0.01008;1.5462143273584198e-14;0.0014023776981969302;0.0;0.010331144995508384;0.11046690883172397;0.066708;8.633998019677129e-15;0.0550914445075738;2.462422030389297e-12;1.9903254131900652e-14;-1.908034702706822e-12
819.0;117.63386482428119;-0.25239129;0.01008;1.5462143410404637e-14;0.0010665972367484922;0.0;0.010184130002504383;0.10862914514898696;0.066708;8.633998050672168e-15;0.0557466199668136;2.4624220551257195e-12;1.990325416755343e-14;-1.908034699446593e-12
820.0;117.6338663596016;-0.25185227;0.01008;1.5462143567690526e-14;0.0007077726893250625;0.0;0.010427670007388387;0.10660760617778928;0.066708;8.633998086303134e-15;0.057344310262651216;2.462422083562948e-12;1.9903254208540874e-14;-1.908034695698741e-12
821.0;117.63386544232483;-0.25341442999999997;0.01008;1.5462142983204827e-14;0.0003028607070793436;0.0;0.010243530000854383;0.10828933306375695;0.066708;8.633997953893652e-15;0.05781383435195765;2.4624219778889705e-12;1.9903254056236244e-14;-1.9080347096258776e-12
822.0;117.63386482641214;-0.26014707;0.01008;1.5462142772168353e-14;0.0002600656531030431;0.0;0.00994652998580638;0.10924288929010788;0.066708;8.63399790608439e-15;0.06393274997154685;2.4624219397344376e-12;1.990325400124489e-14;-1.9080347146546187e-12
823.0;117.63386325316523;-0.2734907900000001;0.01008;1.5462144934922538e-14;0.003841724522826127;0.0;0.009564885005144377;0.10855632827358053;0.066708;8.633998396038653e-15;0.07476327036397229;2.4624223307547073e-12;1.9903254564806918e-14;-1.908034663119612e-12
824.0;117.63385277384744;-0.28879395;0.01008;1.5462160042981415e-14;0.0264410704005648;0.0;0.009296099986400371;0.10722828462424094;0.066708;8.634001818632531e-15;0.06906562975301775;2.4624250622548096e-12;1.9903258501621178e-14;-1.908034303119753e-12
825.0;117.63382837607895;-0.30461671;0.01008;1.5462195111106383e-14;0.07957339971259406;0.0;0.008776350006662366;0.1030499734362526;0.066708;8.634009762980955e-15;0.03645811541248651;2.4624314024883257e-12;1.990326763955326e-14;-1.908033467508102e-12
826.0;63.180972687027214;-0.31546596;0.01008;2.779533354329804e-15;0.13598452755562324;0.0;0.008411039999333136;0.09396518167097215;0.066708;0.0;0.0;3.9844051763039303e-13;0.0;-9.264176863221387e-11
827.0;62.1957466350545;-0.31958270000000005;0.01008;2.7390950395183105e-15;0.18018246158275245;0.0;0.00805909500619702;0.09496381564585216;0.066708;0.0;0.0;3.9251874601450135e-13;0.0;-0.04034266654303925
828.0;62.19572742973311;-0.32329008000000004;0.01008;2.7390957265251307e-15;0.20887852870020493;0.0;0.008396189993921025;0.09832380131234592;0.066708;0.0;0.0;3.925188465875146e-13;0.0;-0.06902564754744984
829.0;61.08762075899001;-0.32663722;0.01008;2.6943334793171698e-15;0.22096991916744615;0.0;0.008127404998474894;0.1060285373743675;0.066708;0.0;0.0;3.8596827571830744e-13;0.0;-0.0860603445415797
830.0;50.0000661062808;-0.32563006;0.004651184013335189;2.3192397791489053e-15;0.21942927916462332;0.0;0.008519444987583301;0.1123844236951113;0.066708;0.0;0.0;3.3125739717261514e-13;0.0;-0.08606034461504232
831.0;62.19569687180902;-0.31991502;0.01008;2.739096619214116e-15;0.20244273498676046;0.0;0.00888624000943103;0.11526243036066514;0.066708;0.0;0.0;3.9251897727088446e-13;0.0;-0.08338970986051218
832.0;62.19573699861633;-0.31199861000000007;0.01008;2.7390947769135076e-15;0.17036581953741245;0.0;0.008629334990357028;0.11531791051996845;0.066708;0.0;0.0;3.925187075709722e-13;0.0;-0.05903418077385772
833.0;62.195768290390106;-0.30223909000000004;0.01008;2.7390936073011746e-15;0.12035098162890973;0.0;0.008102159984615023;0.11157650185478701;0.066708;0.0;0.0;3.925185363479458e-13;0.0;-0.014514918256190286
834.0;117.63383663253586;-0.29420117;0.01008;1.5462184283939416e-14;0.06290617630328138;0.0;0.007849709985806355;0.10345913556181574;0.066708;8.634007310190914e-15;0.04322598594323076;2.4624294449620974e-12;1.9903264818250216e-14;-1.9080337254998413e-12
835.0;128.1470092498096;-0.28870931;0.01008;1.2973243186254268e-13;0.018240783166243186;0.0;0.008375400000326669;0.09735290773477026;0.066708;1.3429957304619788e-14;0.0764999999994594;0.011262368303835637;2.4221205646306546e-14;-1.6334574119326336e-12
836.0;129.57897197775287;-0.28954601;0.01008;0.007198504425815773;0.0036606660587016953;0.0;0.008468955006464707;0.09867748391385306;0.066708;1.452748170067722e-14;0.07649999999952431;0.017975999981924128;2.4958330485531202e-14;-1.6024410873376905e-12
837.0;129.57897105306492;-0.2864714;0.01008;0.00457781607443031;0.0018533771152752163;0.0;0.007034444982242688;0.10146533635268358;0.066708;1.4527480619986752e-14;0.07649999999952431;0.017975999981924114;2.4958329793988823e-14;-1.60244111500378e-12
838.0;128.1470681741866;-0.28095448;0.01008;1.2973012672703252e-13;0.0019258002797896611;0.0;0.006177600014780642;0.10215883167454103;0.066708;1.3429939434852838e-14;0.07649999999945939;0.017208104299446584;2.4221193049434722e-14;-1.6334579694228981e-12
839.0;128.1470140080349;-0.27380127000000004;0.01008;1.297316161236119e-13;0.0019258002797896611;0.0;0.005372730019664631;0.1027240305968735;0.066708;1.3429950980952444e-14;0.0764999999994594;0.010299804113632077;2.422120118859145e-14;-1.6334576092141757e-12
840.0;128.14701344877776;-0.26595691000000005;0.01008;1.2973160425871253e-13;0.0018830044886856666;0.0;0.004258979986532617;0.1035180831913818;0.066708;1.3429950888974645e-14;0.0764999999994594;0.0028179717591174727;2.4221201123754708e-14;-1.6334576120836652e-12
841.0;117.6338730782157;-0.18979079000000004;0.01008;9.675622460740821e-15;0.001382625624545825;0.0;0.005175224998941722;0.09602833092052275;0.066708;5.407717394180466e-15;0.010439305634456464;1.5408101196434726e-12;1.2453292715405965e-14;-1.193826252882448e-12
842.0;117.63387742805891;-0.18703897;0.01008;9.675622940036652e-15;0.0007703198170359578;0.0;0.005579144987721727;0.08999145186343685;0.066708;5.407717502972084e-15;0.013932448451145798;1.5408102062902282e-12;1.2453292840269848e-14;-1.1938262414645638e-12
843.0;117.6338807355742;-0.18460743999999998;0.01008;9.675623365562512e-15;0.00042795533102323627;0.0;0.005460345014319725;0.08530689001786095;0.066708;5.407717599558345e-15;0.01664642077933316;1.5408102832169912e-12;1.2453292951128206e-14;-1.1938262313275688e-12
844.0;117.63388393417372;-0.18228711000000003;0.01008;9.675623807388031e-15;0.00015801437808993745;0.0;0.005859809982837731;0.08072981911508184;0.066708;5.4077176998451086e-15;0.018773423894726828;1.5408103630899647e-12;1.2453293066232326e-14;-1.1938262208023159e-12
845.0;117.63388164771638;-0.18272803;0.01008;9.675623382855151e-15;0.00013167864839665116;0.0;0.0063275849902297366;0.08416955659749692;0.066708;5.407717603483414e-15;0.015333309798170072;1.5408102863427e-12;1.2453292955634078e-14;-1.1938262309156329e-12
846.0;117.63388057041931;-0.18420141000000004;0.01008;9.675624838735439e-15;0.003459856258033298;0.0;0.006415199984883738;0.08323333772243324;0.066708;5.407717933942069e-15;0.014327337859816089;1.5408105495366816e-12;1.2453293334917392e-14;-1.1938261962329837e-12
847.0;117.63387430405977;-0.18858546999999998;0.01008;9.675630517312572e-15;0.017190645990826477;0.0;0.006162749986071735;0.08209600493725337;0.066708;5.407719222874852e-15;0.006371420582710436;1.5408115761085604e-12;1.2453294814291143e-14;-1.1938260609561766e-12
848.0;62.19579674115636;-0.19935863;0.01008;1.7138582017580295e-15;0.05252002387295125;0.0;0.005885054996695644;0.07969304296733216;0.066708;0.0;0.0;2.455971779470584e-13;0.0;-0.015473552909846899
849.0;62.19577165916835;-0.21337352000000004;0.01008;1.7138588272617195e-15;0.0979392775028213;0.0;0.00553608000930164;0.08022009971683272;0.066708;0.0;0.0;2.4559726951440124e-13;0.0;-0.04705215300025019
850.0;62.19574985577413;-0.22521415;0.01008;1.7138593683358608e-15;0.13587589299320746;0.0;0.005074244990095634;0.08104535954365805;0.066708;0.0;0.0;2.4559734872206307e-13;0.0;-0.07350823402918341
851.0;50.000118092925646;-0.23293748;0.007915733257643328;1.4511516387683519e-15;0.15415288755749668;0.0;0.005527170015372559;0.08468967840642823;0.066708;0.0;0.0;2.0726627957787404e-13;0.0;-0.08606034461767705
852.0;40.3533771670545;-0.23708053;0.0;1.2942222920884323e-15;0.16159602228668335;0.0;0.0055717200083092435;0.08917312761223363;0.066708;0.0;0.0;1.8448930224059616e-13;0.0;-0.08606034461973339
853.0;10.000103245455604;-0.23762581000000005;0.0;0.0;0.16654384708755773;0.0;0.005555385011654526;0.09744306196105018;0.054141007601274334;0.0;0.0;0.0;0.0;-0.08606034462123335
854.0;10.000097895469555;-0.23607361000000004;0.0;0.0;0.16644179618106675;0.0;0.0051277050002365215;0.10552228544606261;0.04503964697547224;0.0;0.0;0.0;0.0;-0.08606034462123335
855.0;10.000097573382948;-0.23374975000000003;0.0;0.0;0.15760286740953286;0.0;0.00587763001726453;0.1127693135285507;0.04355737392783467;0.0;0.0;0.0;0.0;-0.08606034462123335
856.0;10.000101359915027;-0.23038481;0.0;0.0;0.13886499775986083;0.0;0.00586426500307453;0.12144841063847012;0.05026346617979613;0.0;0.0;0.0;0.0;-0.08606034462123335
857.0;50.00011571559958;-0.22570222;0.007340266303817703;1.4511511116513436e-15;0.10790735063885219;0.0;0.006205815011082567;0.12359477980968243;0.066708;0.0;0.0;2.0726620292072023e-13;0.0;-0.08606034461767706
858.0;62.19575135221975;-0.22276643000000007;0.01008;1.713858334870343e-15;0.07216647638132356;0.0;0.005935545001117645;0.12946868712950266;0.066708;0.0;0.0;2.45597197433314e-13;0.0;-0.061534346063454315
859.0;62.19577244035091;-0.21619453000000005;0.01008;1.7138578233850489e-15;0.03471048841854469;0.0;0.0050727599988736344;0.1283625615766398;0.066708;0.0;0.0;2.4559712255708e-13;0.0;-0.02868453841722903
860.0;62.19579693675759;-0.21464392999999998;0.01008;1.713857166075295e-15;0.009092410031488371;0.0;0.005806349995969642;0.12518288499871755;0.066708;0.0;0.0;2.455970263336926e-13;0.0;-0.00217478244516782
861.0;117.63385300869867;-0.21303392999999998;0.01008;9.675619607225798e-15;0.00290022227847385;0.0;0.005109885012405721;0.12488814875650191;0.066708;5.407716746484314e-15;0.0033717048152419656;1.5408096037855185e-12;1.2453291972011317e-14;-1.193826320859944e-12
862.0;117.63385392181239;-0.21191541000000003;0.01008;9.67561942143671e-15;0.0022056172696019822;0.0;0.005023755008973721;0.12404901968383093;0.066708;5.4077167043134505e-15;0.003872958787530409;1.5408095701984701e-12;1.2453291923609942e-14;-1.1938263252858772e-12
863.0;62.491270894475534;-0.20981059000000002;0.01008;1.72153779059063e-15;0.0022089092818225616;0.0;0.00533708999735566;0.1259179899636654;0.066708;0.0;0.0;2.4672149968821434e-13;0.0;-1.8783427709602385e-10
864.0;62.19579576684842;-0.20545246000000006;0.01008;1.7138572552260941e-15;0.002205617269539785;0.0;0.005629634992141641;0.12546721755982834;0.066708;0.0;0.0;2.45597039384483e-13;0.0;-0.004586769140933553
865.0;117.63388096615449;-0.20789850999999998;0.01008;8.95667564967837e-15;0.002067354965140301;0.0;0.0010454399942558456;0.0837049149478176;0.066708;5.006446534600905e-15;0.04431503253194015;1.4263111842785844e-12;1.152778819223101e-14;-1.1051252234718446e-12
866.0;117.63388142177384;-0.20310441;0.01008;8.956675612291664e-15;0.0018204573610542995;0.0;0.0010424700118118455;0.08321253290089155;0.066708;5.006446526113014e-15;0.040263142070130126;1.4263111775196916e-12;1.1527788182492251e-14;-1.1051252243627182e-12
867.0;117.6338815485513;-0.20072792;0.01008;8.956675498971151e-15;0.0015274719535821619;0.0;0.0014820299996018507;0.08324720760346603;0.066708;5.006446500385193e-15;0.0377053812526295;1.4263111570337365e-12;1.1527788152970628e-14;-1.105125227062222e-12
868.0;117.63388143718313;-0.20188176000000002;0.01008;8.956675397334565e-15;0.0013464142265751467;0.0;0.0024962850151118636;0.0835523456213057;0.066708;5.006446477309762e-15;0.037720884576538466;1.4263111386604008e-12;1.1527788126494386e-14;-1.1051252294834831e-12
869.0;117.63388099239512;-0.20642546;0.01008;8.956675965226771e-15;0.002745499544037613;0.0;0.002788830009897867;0.08314665096600002;0.066708;5.006446606241693e-15;0.04097874164635973;1.426311241322407e-12;1.152778827443693e-14;-1.1051252159547374e-12
870.0;117.63387921074002;-0.21766777000000004;0.01008;8.956680236386183e-15;0.012700404262408276;0.0;0.0032046299983478723;0.07819162453479063;0.066708;5.006447575945363e-15;0.04680594611158142;1.4263120134527022e-12;1.1527789387122486e-14;-1.105125114203974e-12
871.0;117.63387036444983;-0.22805981000000003;0.01008;8.956692161459515e-15;0.04190014225631537;0.0;0.00378526499095588;0.06907215806699105;0.066708;5.006450283355976e-15;0.03653898737808705;1.4263141692396477e-12;1.152779249373337e-14;-1.1051248301165475e-12
872.0;117.63384783803309;-0.24766881000000002;0.01008;8.956711503975906e-15;0.09223100892113756;0.0;0.004054049986401883;0.0642384943651607;0.066708;5.006454674775857e-15;0.010385745830865654;1.4263176659364106e-12;1.1527797532655937e-14;-1.1051243693276257e-12
873.0;62.195843990930484;-0.26324512;0.01008;1.5864963687231504e-15;0.14951450748780204;0.0;0.004315410002437954;0.06291045071578795;0.066708;0.0;0.0;2.2734583450500706e-13;0.0;-0.030216867602402817
874.0;62.195814471756556;-0.2770758900000001;0.01008;1.5864969966942458e-15;0.19939766674783838;0.0;0.004520340002569957;0.06632244843614346;0.066708;0.0;0.0;2.27345926433285e-13;0.0;-0.06988183038820583
875.0;45.91927468591372;-0.28718041000000005;0.0;1.277790687236463e-15;0.22998661402231818;0.0;0.004942080002502508;0.07168663635770686;0.066708;0.0;0.0;1.8234334985560864e-13;0.0;-0.08606034461908403
876.0;10.00008017123504;-0.28944897;0.0;0.0;0.23852268134893917;0.0;0.0052955100101385695;0.07686011341479321;0.05483293948140678;0.0;0.0;0.0;0.0;-0.08606034462129644
877.0;10.000078566914071;-0.28784294;0.0;0.0;0.23634339980896066;0.0;0.005332635000370571;0.08092746491935902;0.051301714645137206;0.0;0.0;0.0;0.0;-0.08606034462129644
878.0;10.000077963532158;-0.28669345;0.0;0.0;0.2257663136147976;0.0;0.005360849996674571;0.0899255699281479;0.05170253938935902;0.0;0.0;0.0;0.0;-0.08606034462129644
879.0;10.000082730517907;-0.28315085000000006;0.0;0.0;0.20732801266003426;0.0;0.0061939350113925816;0.09690907027106985;0.05878050184791003;0.0;0.0;0.0;0.0;-0.08606034462129644
880.0;50.00009276848919;-0.27741529;0.006827069320755031;1.343307741110424e-15;0.17865169761688246;0.0;0.007595775019068994;0.10369145670422568;0.066708;0.0;0.0;1.9186283966357286e-13;0.0;-0.08606034461800446
881.0;62.19581901883418;-0.26963154;0.01008;1.586496099497419e-15;0.13736056952432388;0.0;0.007543800000127995;0.10812289322102496;0.066708;0.0;0.0;2.273457950932113e-13;0.0;-0.06011622640464128
882.0;62.19583790109028;-0.26227061000000007;0.01008;1.5864955801621638e-15;0.09691218441335679;0.0;0.007272044998939991;0.1122595947659239;0.066708;0.0;0.0;2.2734571906802347e-13;0.0;-0.030896882621865542
883.0;62.19589714076018;-0.25200809;0.01008;1.586495350301046e-15;0.05376767883682809;0.0;0.007001775012271988;0.11514453637196301;0.066708;0.0;0.0;2.2734568541883314e-13;0.0;-0.0006349634156229178
884.0;117.63385939494282;-0.24006014000000003;0.01008;8.95668085510577e-15;0.02124305598275176;0.0;0.007423514988909924;0.10128849473439064;0.066708;5.006447716416222e-15;0.0333415514456186;1.4263121253034442e-12;1.1527789548304767e-14;-1.1051250994643393e-12
885.0;117.6338688534165;-0.23326367999999997;0.01008;8.956675183101652e-15;0.005448203665599672;0.0;0.007006229985939919;0.0992322804254343;0.066708;5.006446428671703e-15;0.04481211702605257;1.4263110999318045e-12;1.1527788070683928e-14;-1.1051252345870841e-12
886.0;117.63386608259752;-0.23109026000000008;0.01008;8.95667317920391e-15;0.002087106301705457;0.0;0.0063364949841579095;0.10594878555853267;0.066708;5.006445973715904e-15;0.03995304309866476;1.4263107376719843e-12;1.1527787548644104e-14;-1.1051252823255384e-12
887.0;117.63386630075833;-0.22468016000000005;0.01008;8.956673188361866e-15;0.0020278511863184474;0.0;0.005564295005607902;0.10566791983249516;0.066708;5.006445975794761e-15;0.0346552474487235;1.4263107393275863e-12;1.1527787551030326e-14;-1.1051252821072661e-12
888.0;117.63387033589012;-0.2106524;0.01008;8.95667381830433e-15;0.0019356759481100225;0.0;0.005634090012405902;0.09970385765081567;0.066708;5.006446118814208e-15;0.02661367167476941;1.4263108532069888e-12;1.1527787715138436e-14;-1.1051252671003487e-12
889.0;117.63389036959013;-0.20793601;0.01008;1.0993061540078798e-14;0.0017447418156780463;0.0;0.0019156499992053636;0.06989395042355045;0.066708;6.142789564158744e-15;0.05761529367490209;1.7506285192954528e-12;1.4149300657582228e-14;-1.3564299602302965e-12
890.0;117.63389091218924;-0.20626779;0.01008;1.099306143411062e-14;0.0013595819071251772;0.0;0.002055239989503365;0.06937729672000639;0.066708;6.1427895401163845e-15;0.056709245330337096;1.7506285001381567e-12;1.4149300629975075e-14;-1.3564299627547483e-12
891.0;117.63389394995001;-0.20421237;0.01008;1.0993061893927519e-14;0.00107318089278117;0.0;0.0020879100060693656;0.06505335114602107;0.066708;6.142789644441308e-15;0.05923129748991194;1.7506285832652587e-12;1.4149300749772476e-14;-1.3564299518001886e-12
892.0;117.6338951418934;-0.20259846;0.01008;1.0993062145052566e-14;0.0010863485733458894;0.0;0.0019527750127353637;0.063260665211815;0.066708;6.142789701417008e-15;0.05953196633970197;1.7506286286648599e-12;1.4149300815198909e-14;-1.3564299458171913e-12
893.0;117.63389769198594;-0.20483620000000002;0.01008;1.0993062781382658e-14;0.0012904503863278964;0.0;0.001979504994519364;0.05929040350964192;0.066708;6.142789845790721e-15;0.06550898521826708;1.7506287437029356e-12;1.4149300980982382e-14;-1.356429930657142e-12
894.0;117.63389903530043;-0.21284504000000004;0.01008;1.0993065270858847e-14;0.005349444771376122;0.0;0.001957229986401364;0.05404064210654939;0.066708;6.142790410610484e-15;0.07473096524569896;1.750629193759706e-12;1.4149301629572762e-14;-1.356429871347258e-12
895.0;117.63389271200285;-0.22615025000000002;0.01008;1.0993075077305738e-14;0.02497614557461943;0.0;0.0014894550023073585;0.04856202703128107;0.066708;6.1427926355284225e-15;0.07435717397056411;1.7506309666064888e-12;1.414930418446064e-14;-1.3564296377165047e-12
896.0;117.63387335878382;-0.24218933000000004;0.01008;1.0993093657815714e-14;0.06495048755110736;0.0;0.001330560009633356;0.04695658512616141;0.066708;6.142796851125571e-15;0.05218931828614743;1.7506343256626725e-12;1.414930902525891e-14;-1.356429195052144e-12
897.0;117.6338496327963;-0.25648709000000003;0.01008;1.09931163491092e-14;0.11385593280020995;0.0;0.0012399749859393551;0.04500786239518601;0.066708;6.1428019993777465e-15;0.019624696732793354;1.7506384278841815e-12;1.4149314937026659e-14;-1.356428654454562e-12
898.0;62.19582586023549;-0.26611491000000004;0.01008;1.947268419647919e-15;0.15214149643253858;0.0;0.0011003850189369824;0.04696005196119401;0.066708;0.0;0.0;2.7904576984392524e-13;0.0;-0.010798091361906062
899.0;62.19581142019647;-0.27436441000000006;0.01008;1.9472688188638667e-15;0.17566917613697886;0.0;0.000833084991414979;0.04813205944894839;0.066708;0.0;0.0;2.790458282853729e-13;0.0;-0.026978798819193867
900.0;62.19580371158142;-0.27917721000000006;0.01008;1.947268964867581e-15;0.18580513931948425;0.0;0.0006801300102249772;0.05137761923213048;0.066708;0.0;0.0;2.7904584965889274e-13;0.0;-0.035393573544953504
901.0;62.195799040590664;-0.28013309000000003;0.01008;1.9472689662059182e-15;0.18703962660278653;0.0;0.000512325000324975;0.057112827741634176;0.066708;0.0;0.0;2.7904584985483115e-13;0.0;-0.041239210534374675
902.0;62.19579593738846;-0.27946378000000005;0.01008;1.947268922505397e-15;0.18527842509418235;0.0;0.00046035000468097435;0.06286537296724096;0.066708;0.0;0.0;2.790458434575197e-13;0.0;-0.04584775791189245
903.0;62.19579973321128;-0.27543141000000004;0.01008;1.9472686899096707e-15;0.17115918307199032;0.0;0.0005687549929329757;0.06823649582934423;0.066708;0.0;0.0;2.7904580940766375e-13;0.0;-0.04124132376709655
904.0;62.195812900471;-0.26970928;0.01008;1.9472683193051903e-15;0.1474701969771082;0.0;0.000602910000720976;0.06784813916050993;0.066708;0.0;0.0;2.7904575515464513e-13;0.0;-0.02292227811107348
905.0;117.63383579444077;-0.26225766;0.01008;1.0993111764086041e-14;0.11073844102811958;0.0;0.0005791500013833468;0.06809086271375618;0.066708;6.142800959118155e-15;0.0060913097499552885;1.7506375989855148e-12;1.4149313742492228e-14;-1.3564287636878978e-12
906.0;117.63385474592346;-0.25424610000000003;0.01008;1.0993094906023786e-14;0.07392438661482599;0.0;0.0005925149922753471;0.06792442287103036;0.066708;6.142797134322648e-15;0.035043982996531976;1.7506345513185776e-12;1.4149309350458828e-14;-1.3564291653148977e-12
907.0;117.63387471339894;-0.24458312000000004;0.01008;1.0993078215102502e-14;0.03703790829988915;0.0;0.0005657850104913468;0.06629470867410855;0.066708;6.142793347440528e-15;0.06392096219628117;1.7506315338691685e-12;1.4149305001954192e-14;-1.3564295629611942e-12
908.0;128.14703395731394;-0.23670641999999997;0.01008;9.226083874531388e-14;0.012035427364067498;0.0;0.00044995501953356355;0.06514003853764519;0.066708;9.560008428336134e-15;0.076499999999616;0.005601306788872981;1.721894952249303e-14;-1.1612316537833602e-12
909.0;128.1470349355434;-0.23433916;0.01008;9.226050403476018e-14;0.003265630113330868;0.0;0.00048411000402356387;0.07038979994073771;0.066708;9.560005825906373e-15;0.076499999999616;0.006719460153622082;1.7218947693263883e-14;-1.161231734738286e-12
910.0;128.14703401027006;-0.23115626;0.01008;9.226045070703032e-14;0.002261580372703849;0.0;0.0005048999976215641;0.07247722148201108;0.066708;9.560005411272398e-15;0.076499999999616;0.0024324098522913915;1.7218947401818427e-14;-1.1612317476364098e-12
911.0;117.63388864582508;-0.22464458;0.01008;1.0993061435231232e-14;0.002185865195899629;0.0;0.0004321350083793451;0.07213047382107826;0.066708;6.1427895403708394e-15;0.07312986070929613;1.7506285003406091e-12;1.4149300630269112e-14;-1.3564299627281751e-12
912.0;117.63388839249092;-0.21686397000000002;0.01008;1.0993061382391435e-14;0.0021825735521813342;0.0;0.00038610000092134455;0.07251536365483927;0.066708;6.142789528382779e-15;0.06501370337828606;1.7506284907881206e-12;1.4149300616501078e-14;-1.3564299639870406e-12
913.0;62.195787760526194;-0.24640038000000003;0.01008;1.658295561597879e-15;0.0006847289718977439;0.0;0.01727203499491393;0.19277442945471263;0.066708;0.0;0.0;2.3763485996215015e-13;0.0;-0.041071413550102985
914.0;62.19579048947809;-0.24376984000000004;0.01008;1.6582955694678835e-15;0.00034565649816716416;0.0;0.017064134989039925;0.1890260858490163;0.066708;0.0;0.0;2.3763486111425765e-13;0.0;-0.039406830329795924
915.0;62.19579003317703;-0.24148904000000004;0.01008;1.6582955665747708e-15;0.00017118242716058533;0.0;0.016150860005671917;0.1897577246140746;0.066708;0.0;0.0;2.376348606906895e-13;0.0;-0.04133149313970839
916.0;62.195790956235086;-0.24120180000000002;0.01008;1.65829556924468e-15;0.00016789041487844366;0.0;0.015149969981053902;0.1884678225023828;0.066708;0.0;0.0;2.376348610815323e-13;0.0;-0.039324713765781796
917.0;62.195791091772406;-0.24744431;0.01008;1.6582955605953314e-15;0.0001711824271605853;0.0;0.013718430009169884;0.18862039119371055;0.066708;0.0;0.0;2.376348598153773e-13;0.0;-0.03180655942705599
918.0;62.19579185506485;-0.26250809;0.01008;1.6582955259478536e-15;0.00040820399440016176;0.0;0.01104691500474785;0.18890472502518968;0.066708;0.0;0.0;2.3763485474331257e-13;0.0;-0.014592776112731756
919.0;63.826145558450015;-0.27459329000000005;0.01008;1.6993208911795009e-15;0.003871351896224789;0.0;0.010922174996563958;0.18276382122519802;0.066708;0.0;0.0;2.4364374476949354e-13;0.0;-3.3890937103449886e-11
920.0;62.195788658717156;-0.28469713;0.01008;1.6582958411082866e-15;0.02691840517874607;0.0;0.012315104986993867;0.17589128056569672;0.066708;0.0;0.0;2.3763490087956973e-13;0.0;-0.007167441574887497
921.0;62.195769897804624;-0.2957368600000001;0.01008;1.6582966352973477e-15;0.07918165577946072;0.0;0.012511124993197868;0.15978137817927615;0.066708;0.0;0.0;2.376350171405286e-13;0.0;-0.0324731708855932
922.0;62.19574305107162;-0.30552585;0.01008;1.658297428367236e-15;0.13590222798577734;0.0;0.012889799991415873;0.15323477972397692;0.066708;0.0;0.0;2.376351332377574e-13;0.0;-0.07323227325675324
923.0;19.57314827901687;-0.31296623;0.0;0.0;0.1718044086335021;0.0;0.012280950002494543;0.14903566498465218;0.066708;0.0;0.0;0.0;0.0;-0.08606034462103024
924.0;10.000052481167193;-0.31682139000000004;0.0;0.0;0.18825765382403384;0.0;0.0120923549989835;0.15674386788152542;0.045789204184086676;0.0;0.0;0.0;0.0;-0.08606034462126091
925.0;10.000054276913215;-0.313664;0.0;0.0;0.1880831797530273;0.0;0.014700015008091535;0.1541918040553856;0.04275057099613491;0.0;0.0;0.0;0.0;-0.0860603446212609
926.0;10.000055849266817;-0.31389266000000005;0.0;0.0;0.17967879070571452;0.0;0.01610185499244955;0.15827302544098115;0.04590007084731655;0.0;0.0;0.0;0.0;-0.0860603446212609
927.0;45.19605065113039;-0.31020917000000003;0.0;1.3237461979507304e-15;0.16082570246960518;0.0;0.016562204997156306;0.1501591272537504;0.066708;0.0;0.0;1.888723708398768e-13;0.0;-0.08606034461909721
928.0;62.19575536861319;-0.30257685;0.01008;1.6582973177414469e-15;0.12720814628040225;0.0;0.01656665999412192;0.14326578113754987;0.066708;0.0;0.0;2.376351170432671e-13;0.0;-0.06119636281744451
929.0;62.195787915735316;-0.29244745;0.01008;1.6582966836530823e-15;0.07876028447293199;0.0;0.016381035019663915;0.13480513528903387;0.066708;0.0;0.0;2.376350242193335e-13;0.0;-0.014236153105656209
930.0;117.63383911635782;-0.28028421000000003;0.01008;9.362012138828451e-15;0.03230406134823752;0.0;0.017589825003561953;0.12315094234641633;0.066708;5.232689532925103e-15;0.030477646374361695;1.4908647652996904e-12;1.2049568643063568e-14;-1.1551291777874784e-12
931.0;117.63385042315409;-0.2781512;0.01008;9.362001946843501e-15;0.006949339889550219;0.0;0.017874945018939957;0.12564752664843698;0.066708;5.232687219292044e-15;0.050915768808965776;1.4908629228045068e-12;1.2049565987896197e-14;-1.1551294205842201e-12
932.0;117.63384516439625;-0.27798395000000004;0.01008;9.361998534851105e-15;0.0017447418156898119;0.0;0.018290745007389957;0.13749589856069047;0.066708;5.232686444751299e-15;0.04368903508184421;1.4908623059885385e-12;1.2049565099016312e-14;-1.155129501866089e-12
933.0;117.63383845204993;-0.27343448;0.01008;9.36199708812837e-15;0.0011653561310013608;0.0;0.018339749997291963;0.1479780840155883;0.066708;5.232686116337574e-15;0.029188155907065284;1.4908620444518132e-12;1.2049564722122452e-14;-1.1551295363304659e-12
934.0;117.63383503394003;-0.26551864000000003;0.01008;9.361996404515898e-15;0.00098100565458451;0.0;0.017784359995245955;0.15323131288893826;0.066708;5.232685961154371e-15;0.01675903407730484;1.4908619208693753e-12;1.2049564544031435e-14;-1.1551295526156876e-12
935.0;79.10196761843812;-0.25779386;0.01008;2.2116903505425574e-15;0.0006518095862312517;0.0;0.01811105999781885;0.15854695622690335;0.066708;0.0;8.934636882772442e-14;3.1923304104110424e-13;0.0;-3.4538364930093542e-12
936.0;62.19581073354242;-0.24962779000000007;0.01008;1.6582955716282012e-15;0.0003423644858850225;0.0;0.017653679998873933;0.16286396622517396;0.066708;0.0;0.0;2.3763486143049914e-13;0.0;-0.007974592673247105
937.0;48.27065345583631;-0.23256747000000005;0.0;2.0363773687780078e-15;5.596383998873838e-5;0.0;0.008883270003687929;0.19120712972235804;0.066708;0.0;0.0;2.9074279271875117e-13;0.0;-0.034301774827328595
938.0;48.27066314059872;-0.17658186000000003;0.0;2.0363775214818395e-15;6.58391397074693e-5;0.0;0.007828920015501914;0.17305141607293759;0.066708;0.0;0.0;2.9074281490911187e-13;0.0;-0.07108753260153314
939.0;48.27066432604857;-0.17655138;0.0;2.0363775236905743e-15;5.596383998873841e-5;0.0;0.008810504991147928;0.17144250606237635;0.066708;0.0;0.0;2.9074281523010965e-13;0.0;-0.07048089901841272
940.0;48.270658691108046;-0.22202557000000006;0.0;2.036377400670657e-15;5.596383998873839e-5;0.0;0.007747245009033914;0.18327354062334258;0.066708;0.0;0.0;2.9074279735328905e-13;0.0;-0.03577438247737033
941.0;48.2706608278377;-0.2206648;0.0;2.036377409428023e-15;5.596383998873839e-5;0.0;0.007842285006393916;0.18019442068288632;0.066708;0.0;0.0;2.907427986259064e-13;0.0;-0.03415121562502733
942.0;48.27066054723799;-0.22186983000000002;0.0;2.036377406129322e-15;6.913115198961097e-5;0.0;0.007574985002169913;0.18067639968385593;0.066708;0.0;0.0;2.9074279814650356e-13;0.0;-0.033174019030155585
943.0;48.270658481249754;-0.22557353000000002;0.0;2.03637740003765e-15;0.0003555325348974655;0.0;0.008656064995437926;0.18350932923603325;0.066708;0.0;0.0;2.907427972612652e-13;0.0;-0.033670583909613735
944.0;48.27065529365631;-0.23103197000000003;0.0;2.0363774515978763e-15;0.0047206789022910065;0.0;0.009633194997417938;0.18484430846107192;0.066708;0.0;0.0;2.907428047538672e-13;0.0;-0.03488899020108994
945.0;48.2706435661412;-0.24062506;0.0;2.0363778192101378e-15;0.031276968258586904;0.0;0.010969694995239953;0.18108209433916161;0.066708;0.0;0.0;2.9074285817401833e-13;0.0;-0.04942443639579088
946.0;48.27062245084131;-0.25314414;0.0;2.0363784141523465e-15;0.07065546412041182;0.0;0.011909700006987965;0.1784537461673579;0.066708;0.0;0.0;2.907429446289714e-13;0.0;-0.07459205609722588
947.0;10.0000827245343;-0.26153069999999995;0.0;0.0;0.1060078860876407;0.0;0.01197949499045666;0.17444880912688876;0.05515049125536683;0.0;0.0;0.0;0.0;-0.0860603446204003
948.0;10.0000719864427;-0.26628322000000004;0.0;0.0;0.12492352218916526;0.0;0.012586859988146666;0.17602997937539044;0.03880039088188114;0.0;0.0;0.0;0.0;-0.0860603446204003
949.0;10.000064200566834;-0.27092728000000005;0.0;0.0;0.12935450806507395;0.0;0.01294919998973067;0.18428257637327533;0.030399222982074574;0.0;0.0;0.0;0.0;-0.0860603446204003
950.0;10.000064679339344;-0.26944688000000006;0.0;0.0;0.1144386104960829;0.0;0.014985135000158698;0.1949832137247607;0.031097427884354437;0.0;0.0;0.0;0.0;-0.0860603446204003
951.0;10.000073756221603;-0.26488025;0.0;0.0;0.08850779536498928;0.0;0.015788520004052703;0.20125588075935316;0.045383789938201254;0.0;0.0;0.0;0.0;-0.0860603446204003
952.0;48.27061148358387;-0.25759601;0.0;2.0363782066103378e-15;0.05193734654443266;0.0;0.015282135015238008;0.20398131809890288;0.066708;0.0;0.0;2.907429144696561e-13;0.0;-0.0803218641939941
953.0;48.270620413615575;-0.26033399000000007;0.0;2.0363774888658364e-15;0.015653297631595408;0.0;0.016061759996494018;0.22627026582296475;0.066708;0.0;0.0;2.9074281016952206e-13;0.0;-0.06437123420416112
954.0;48.27061281662859;-0.27300153;0.0;2.0363772360450796e-15;0.0026467402810856763;0.0;0.016626059992468026;0.24801135134079727;0.066708;0.0;0.0;2.9074277343045025e-13;0.0;-0.06100267766392459
955.0;48.270598341212924;-0.27409846000000004;0.0;2.0363772328495493e-15;0.00011192657452975858;0.0;0.01694385000111403;0.26731480082135406;0.066708;0.0;0.0;2.9074277296609173e-13;0.0;-0.07699105883755104
956.0;48.2705974653593;-0.27213919999999997;0.0;2.0363772629190842e-15;7.24235328355997e-5;0.0;0.01655626500896802;0.26734600805367115;0.066708;0.0;0.0;2.90742777335725e-13;0.0;-0.07855428647368108
957.0;48.27059380075683;-0.26745964000000005;0.0;2.0363774224360236e-15;6.583913970746928e-5;0.0;0.016679520002632023;0.26617400056591684;0.066708;0.0;0.0;2.907428005161692e-13;0.0;-0.0821777816768739
958.0;35.51648179943944;-0.26182217999999996;0.0;1.7603006781059005e-15;5.925548361950909e-5;0.0;0.01625332500573108;0.26513375694789504;0.066708;0.0;0.0;2.507208801239728e-13;0.0;-0.0860603446161587
959.0;48.27059127174274;-0.25732641;0.0;2.036377719176138e-15;5.9255483707033054e-5;0.0;0.016563690011674022;0.2581675939563107;0.066708;0.0;0.0;2.9074284363745644e-13;0.0;-0.08418117352222312
960.0;31.006657236563754;-0.25124738;0.0;1.6797098065170457e-15;6.254749585343166e-5;0.0;0.016704764993189472;0.25390953158750706;0.066708;0.0;0.0;2.3907421091219826e-13;0.0;-0.08606034461782755
961.0;9.997928840411348;-0.3090022400000001;0.0;0.0;5.831469041603878e-5;0.0;0.016940159992539887;0.34827550221497916;0.035200395488473195;0.0;0.0;0.0;0.0;-0.09130353385363013
962.0;9.997923463864304;-0.306248792;0.0;0.0;5.4884007808217463e-5;0.0;0.01668384001660388;0.3493109504904012;0.0316716481073774;0.0;0.0;0.0;0.0;-0.09130353385363013
963.0;9.997927279125163;-0.30415355600000005;0.0;0.0;5.488400780821746e-5;0.0;0.016774559999963887;0.34856660699597075;0.03022975065104894;0.0;0.0;0.0;0.0;-0.09130353385363014
964.0;9.997939020744402;-0.301235648;0.0;0.0;5.831469041603877e-5;0.0;0.016130879986779867;0.346289356817453;0.030228468508078452;0.0;0.0;0.0;0.0;-0.09130353385363014
965.0;9.997914561511545;-0.302477488;0.0;0.0;5.83146904160388e-5;0.0;0.01555056000572385;0.3510612640384518;0.027280548163918315;0.0;0.0;0.0;0.0;-0.09130353385363013
966.0;9.997893124268092;-0.30769451999999997;0.0;0.0;5.831469041603882e-5;0.0;0.016830720006875886;0.35524359129825844;0.027036694081527025;0.0;0.0;0.0;0.0;-0.09130353385363013
967.0;9.997849764583911;-0.32105586;0.0;0.0;7.546579917935312e-5;0.0;0.016176960008091868;0.36377038110033244;0.032511108497148875;0.0;0.0;0.0;0.0;-0.09130353385363014
968.0;9.9978684264907;-0.337821464;0.0;0.0;0.0018317536998616528;0.0;0.01598832001615586;0.36703886053405244;0.044440904405003936;0.0;0.0;0.0;0.0;-0.09130353385363013
969.0;9.98351329331242;-0.34487036000000004;0.0;0.0;0.009889411344050799;0.0;0.012985920006363658;0.3590684862592519;0.05304725314150468;0.0;0.0;0.0;0.0;-0.09130353385363998
970.0;9.998461981453758;-0.350658236;0.0;0.0;0.02790165562202095;0.0;0.012981600009307785;0.35379912265461044;0.04743532824123774;0.0;0.0;0.0;0.0;-0.09130353385363003
971.0;9.998993476484756;-0.35772102000000006;0.0;0.0;0.05431458202372229;0.0;0.013181760000923791;0.35401652951857376;0.027653684798055748;0.0;0.0;0.0;0.0;-0.09130353385362994
972.0;9.999346835384541;-0.362622804;0.0;0.0;0.07181571872879955;0.0;0.013319999997083798;0.3539280928281481;0.014995207024357485;0.0;0.0;0.0;0.0;-0.09130353385362987
973.0;9.999442654042555;-0.3632683440000001;0.0;0.0;0.07659748771598225;0.0;0.0134121599945238;0.3540460084153825;0.010646409896704779;0.0;0.0;0.0;0.0;-0.09130353385362985
974.0;9.999239997886;-0.36052534;0.0;0.0;0.06682470498575734;0.0;0.013622399994331805;0.3551367302973274;0.016380830766357515;0.0;0.0;0.0;0.0;-0.0913035338536299
975.0;9.998919124980038;-0.3571339480000001;0.0;0.0;0.05036979474829935;0.0;0.013199040011739794;0.35300319041575834;0.03200916472511314;0.0;0.0;0.0;0.0;-0.09130353385362995
976.0;9.98055811205628;-0.35125097600000005;0.0;0.0;0.028158924173699515;0.0;0.013358879993179763;0.3461972352649257;0.05575814456429631;0.0;0.0;0.0;0.0;-0.09130353385363252
977.0;26.15039285709265;-0.348319268;0.0;1.3430026564743939e-15;0.010379937126245499;0.0;0.01313999999928237;0.3465841464609334;0.062784;0.0;0.0;0.0;0.0;-0.08415407680234452
978.0;26.150202635961367;-0.349511756;0.0;1.3430014622304913e-15;0.0025143735131947314;0.0;0.013027680008050366;0.3529184385878211;0.062784;0.0;0.0;0.0;0.0;-0.08131133663200935
979.0;26.150137705070364;-0.350048488;0.0;1.34300110502925e-15;0.0002058152249730072;0.0;0.012605759994354355;0.356492762250937;0.062784;0.0;0.0;0.0;0.0;-0.08161586063531302
980.0;26.150142022597667;-0.34531790800000006;0.0;1.3430010823672072e-15;7.203511724450199e-5;0.0;0.009584640004850275;0.3551146211251085;0.062784;0.0;0.0;0.0;0.0;-0.08181385952033407
981.0;26.150173640407367;-0.33755634;0.0;1.343001070685755e-15;6.517490416675608e-5;0.0;0.009171360007858264;0.34886139596444427;0.062784;0.0;0.0;0.0;0.0;-0.0829044737344601
982.0;26.149636626190468;-0.327792368;0.0;1.3429984413229704e-15;6.517490416675253e-5;0.0;0.00899280000152226;0.34756432180483926;0.062784;0.0;0.0;0.0;0.0;-0.09116973408697886
983.0;25.77685677645308;-0.319935604;0.0;1.3390848820718623e-15;6.517490416137198e-5;0.0;0.010087199993714107;0.34177539129392764;0.062784;0.0;0.0;0.0;0.0;-0.09130353363099143
984.0;10.057005083254897;-0.31246992000000007;0.0;0.0;6.517490349976293e-5;0.0;0.010730880006875925;0.33870220887617664;0.053814085223472065;0.0;0.0;0.0;0.0;-0.09130353385361434
985.0;120.79622708621655;-0.27386066000000003;0.009239999999995977;6.235460553148627e-15;5.831469143410451e-5;0.0;0.011030399998589893;0.17776919047094814;0.062784;5.461436306472364e-15;0.013068797650440483;9.553266756552565e-13;1.2753421215823867e-14;-1.2225708941315714e-12
986.0;81.73863006399574;-0.26968904800000004;0.009239999999990985;2.0737888875918683e-15;5.8314691399914796e-5;0.0;0.013137119993724798;0.18233105987715922;0.062784;0.0;9.586763219364306e-14;2.993070016846912e-13;0.0;-3.550551959454203e-12
987.0;63.854811002768805;-0.2699100200000001;0.009239999999979324;1.5891882739576761e-15;6.174460588625334e-5;0.0;0.014513759989371846;0.1888311707985783;0.062784;0.0;0.0;2.278275907274686e-13;0.0;-0.0056634330451918995
988.0;63.854774063638125;-0.27094804400000005;0.009239999999979322;1.5891880996199462e-15;5.831469137036307e-5;0.0;0.015455520002747868;0.1951912569601736;0.062784;0.0;0.0;2.2782756518475166e-13;0.0;-0.01192167395296589
989.0;63.85475676396095;-0.273382004;0.009239999999979322;1.5891880830549274e-15;5.4884008762542244e-5;0.0;0.01627775999967589;0.19846710611809582;0.062784;0.0;0.0;2.278275627577779e-13;0.0;-0.013581146718561114
990.0;63.8547108639355;-0.28085421200000005;0.009239999999979322;1.5891880751663184e-15;5.4884008762542244e-5;0.0;0.016778880019643904;0.20734764268187283;0.062784;0.0;0.0;2.2782756160197393e-13;0.0;-0.01548722183914939
991.0;63.854653813009485;-0.297232968;0.009239999999979324;1.5891881490782685e-15;8.232601321142127e-5;0.0;0.016813439996091903;0.21884075322537885;0.062784;0.0;0.0;2.2782757243103477e-13;0.0;-0.010659103286504374
992.0;69.94845867915063;-0.31664671200000005;0.009239999999985652;1.7269816842670528e-15;0.001523031054766371;0.0;0.016891200010876302;0.2263578881117384;0.062784;0.0;0.0;2.4805465167170516e-13;0.0;-9.996636633072666e-12
993.0;65.23712339989116;-0.32630525600000004;0.009239999999981225;1.6188412726186134e-15;0.008198297964866852;0.0;0.016883999985660005;0.23040019128670586;0.062784;0.0;0.0;2.3217391851935903e-13;0.0;-4.281535811923662e-11
994.0;63.85508105865686;-0.33165306000000006;0.009239999999979324;1.5891946800691634e-15;0.023915704764809993;0.0;0.01693008000697191;0.22923208662563;0.062784;0.0;0.0;2.2782852930508877e-13;0.0;-0.01058903985454486
995.0;63.85550780430824;-0.33579872400000005;0.009239999999979324;1.5892003398364705e-15;0.044970580853994045;0.0;0.016915680001723908;0.22833297892295448;0.062784;0.0;0.0;2.278293585338522e-13;0.0;-0.026596430177764308
996.0;63.85584614515273;-0.34043662;0.009239999999979326;1.5892050752558478e-15;0.06236537945579161;0.0;0.0166204799845079;0.2306249678748697;0.062784;0.0;0.0;2.2783005233381404e-13;0.0;-0.04135852326503682
997.0;63.856052984326126;-0.34053706400000006;0.009239999999979326;1.5892080642255082e-15;0.073349040680329;0.0;0.0165024000047319;0.2333886205257358;0.062784;0.0;0.0;2.278304902564652e-13;0.0;-0.054892118304379435
998.0;63.85599580054823;-0.337282948;0.009239999999979326;1.589207466939234e-15;0.07117769241435169;0.0;0.01597967999948388;0.23597908398284478;0.062784;0.0;0.0;2.278304027462882e-13;0.0;-0.05804049411260944
999.0;63.855764089060564;-0.33321899600000005;0.009239999999979324;1.5892043901055392e-15;0.059892169140876625;0.0;0.01506528000511586;0.23684134373951632;0.062784;0.0;0.0;2.2782995195048363e-13;0.0;-0.05076044331340641
1000.0;63.85543040490395;-0.326815728;0.009239999999979326;1.5891994094752497e-15;0.0416123657995912;0.0;0.015042240005755858;0.23016435876222194;0.062784;0.0;0.0;2.2782922222394815e-13;0.0;-0.032176688392174094
1001.0;63.85504496780087;-0.3221441480000001;0.009239999999979324;1.589193984438642e-15;0.021531680676319376;0.0;0.015678719993723875;0.22670795136134717;0.062784;0.0;0.0;2.278284273862785e-13;0.0;-0.01393819891743961
1002.0;120.7701272000895;-0.319754136;0.009239999999995974;6.214192075818276e-15;0.006750732326260779;0.0;0.015737760006206015;0.22049157482173043;0.062784;5.449566615921776e-15;0.0021026569785092377;9.517688976524912e-13;1.2739396666534693e-14;-1.2238560526663567e-12
1003.0;120.79600607888024;-0.32015263600000005;0.009239999999995977;6.235464316791232e-15;0.0007923878303841602;0.0;0.01582127998694202;0.2237747943788615;0.062784;5.461438404308218e-15;0.007847439991627467;9.55327305433145e-13;1.2753423691846859e-14;-1.2225706677429911e-12
1004.0;120.79592539706849;-0.31751678;0.009239999999995979;6.235564594947634e-15;0.0001920940310706787;0.0;0.01542528000076601;0.2250423896416579;0.062784;5.461494298532336e-15;0.0049687776311284635;9.553440852031862e-13;1.2753489662037182e-14;-1.2225646359981092e-12
1005.0;63.85459794778144;-0.3112657040000001;0.009239999999979324;1.5891883189493544e-15;0.00010633810314441002;0.0;0.014448959988347844;0.2305439009086461;0.062784;0.0;0.0;2.2782759731934844e-13;0.0;-0.005984338235771384
1006.0;63.85455507740315;-0.30225097600000006;0.009239999999979322;1.5891880831216713e-15;8.57559277273115e-5;0.0;0.012960000001467804;0.2377293975308954;0.062784;0.0;0.0;2.2782756276754896e-13;0.0;-0.020672637036286787
1007.0;63.85456613134395;-0.293477276;0.009239999999979322;1.5891880576257879e-15;5.831469137036307e-5;0.0;0.010792800002363746;0.23539318955876049;0.062784;0.0;0.0;2.2782755903207886e-13;0.0;-0.024916393385374862
1008.0;63.85456485282587;-0.28511332400000006;0.009239999999979322;1.5891880413732085e-15;6.174460588625332e-5;0.0;0.0090734399992917;0.235577433338821;0.062784;0.0;0.0;2.2782755665088437e-13;0.0;-0.03174861875849071
1009.0;120.7965615063916;-0.26337318400000004;0.009239999999993257;1.0421338732434524e-14;0.0018729165154820504;0.0;0.009545760008764241;0.11966247309781719;0.062784;9.116922552094795e-15;0.06033486931878638;1.596701842832319e-12;2.1316581833050048e-14;-2.044462290295964e-12
1010.0;120.79656484059797;-0.25814528400000003;0.009239999999993257;1.0421335777763552e-14;0.001461286832794831;0.0;0.010018079995644255;0.11739259331850843;0.062784;9.116920909351257e-15;0.05731550822748543;1.5967013483840738e-12;2.1316579888910652e-14;-2.0444624682558076e-12
1011.0;120.79656779560993;-0.256453348;0.009239999999993257;1.0421333265825654e-14;0.0011114013720831158;0.0;0.009875520002428253;0.11543961167989202;0.062784;9.116919512757767e-15;0.05806843732011755;1.5967009280249486e-12;2.1316578236084235e-14;-2.0444626195502436e-12
1012.0;120.79657126747232;-0.255924324;0.009239999999993259;1.0421330580043108e-14;0.0007375038214384116;0.0;0.010111680007164258;0.11329133302492547;0.062784;9.116918019509353e-15;0.05982480549980327;1.5967004785742948e-12;2.1316576468871017e-14;-2.0444627813150283e-12
1013.0;120.79655359915328;-0.25751011600000007;0.009239999999993259;1.0421327651712062e-14;0.00031558285901966054;0.0;0.00993312000082825;0.11507849519398682;0.062784;9.116916391409497e-15;0.06022482442002242;1.5966999885340952e-12;2.1316574542057178e-14;-2.04446295768896e-12
1014.0;120.79654750613447;-0.264345684;0.009239999999993259;1.0421327363029663e-14;0.0002709901298534344;0.0;0.009645119986236244;0.11609183429680237;0.062784;9.116916230907378e-15;0.06638005776389727;1.5966999402244726e-12;2.1316574352109368e-14;-2.0444629750762966e-12
1015.0;138.6309384875378;-0.27800014800000006;0.009239999999994619;1.2338751932921497e-13;0.004003102350870374;0.0;0.00927504000498875;0.11536222957577832;0.062784;2.1756284423406702e-14;0.07199999999965045;0.005170964931129694;3.021386122735914e-14;-1.6022662785357804e-12
1016.0;120.79717751980357;-0.29368114;0.009239999999993257;1.042151415128811e-14;0.02755177016227922;0.0;0.009014399986812228;0.11395092469103119;0.062784;9.1170200812377e-15;0.07118515629180039;1.5967311982662291e-12;2.1316697255254247e-14;-2.044451725053008e-12
1017.0;120.79824775272712;-0.309716252;0.009239999999993257;1.0421909349743992e-14;0.08291600856922604;0.0;0.008510400006460216;0.10951065573413586;0.062784;9.117239798762272e-15;0.036775126224147366;1.5967973330087028e-12;2.1316957278529837e-14;-2.0444279245113136e-12
1018.0;63.88920680185068;-0.320612752;0.009239999999965514;2.6574684936101727e-15;0.14169677672197487;0.0;0.008156159999352637;0.09985629610405174;0.062784;0.0;0.0;3.809855887910337e-13;0.0;-0.0010626747582441367
1019.0;63.890110252596465;-0.32473344000000004;0.009239999999965515;2.6574883279689932e-15;0.18775131617576588;0.0;0.007814880006008626;0.10091753908918802;0.062784;0.0;0.0;3.809884949060165e-13;0.0;-0.043741582060379466
1020.0;63.89069193080603;-0.328444096;0.009239999999965515;2.6575018128255656e-15;0.2176528078250826;0.0;0.008141759994104634;0.10448817789020284;0.062784;0.0;0.0;3.8099047069737506e-13;0.0;-0.07384465213393797
1021.0;50.0090048108273;-0.331802464;0.009239533586403195;2.248719127021222e-15;0.23025211662943326;0.0;0.007881119998518525;0.11267595970393521;0.062784;0.0;0.0;3.212979974785127e-13;0.0;-0.09130353385075568
1022.0;50.00371313095459;-0.330781472;0.002922259636105324;2.248668318988166e-15;0.2286467595611969;0.0;0.008261279987958534;0.11943032611034536;0.062784;0.0;0.0;3.21290603272243e-13;0.0;-0.09130353385075674
1023.0;63.890238443446734;-0.324966024;0.009239999999965515;2.657494192995333e-15;0.21094666822791647;0.0;0.008616960009144647;0.12248876840434034;0.062784;0.0;0.0;3.8098935424534334e-13;0.0;-0.08907384711712094
1024.0;63.8897917880005;-0.31692273200000004;0.009239999999965515;2.6574835804781003e-15;0.17752231026559562;0.0;0.008367839990648641;0.1225477268729643;0.062784;0.0;0.0;3.8098779930719536e-13;0.0;-0.06349281761322512
1025.0;63.88876514291879;-0.307059108;0.009239999999965512;2.6574599848368955e-15;0.12540651851121018;0.0;0.007856639985080629;0.11857175189081781;0.062784;0.0;0.0;3.809843420923835e-13;0.0;-0.016727063284633272
1026.0;120.79789531607304;-0.299042804;0.009239999999993259;1.042178702007499e-14;0.06554865158783137;0.0;0.007611839986236192;0.1099454701370693;0.062784;9.117171788082976e-15;0.043942164202822945;1.5967768616213369e-12;2.1316876792392514e-14;-2.0444352914708743e-12
1027.0;140.2869359741414;-0.29363217199999997;0.00923999999999472;0.002277984943150133;0.01900701665110082;0.0;0.008121600000316762;0.10345641447695278;0.062784;2.4952359463157398e-14;0.07199999999968028;0.016477999982810028;3.1431263296407636e-14;-1.5712740056291445e-12
1028.0;140.2866220363586;-0.29462581200000004;0.00923999999999472;0.01697446040337741;0.0038144382342453387;0.0;0.008212320006268765;0.10486403449958999;0.062784;2.4951915923831926e-14;0.07199999999968028;0.016477999982807946;3.14311099059994e-14;-1.5712776820502308e-12
1029.0;140.28656887944499;-0.29144308;0.00923999999999472;0.014105474021179907;0.0019312312070042233;0.0;0.006821279982780727;0.10782667037892094;0.062784;2.495186138553293e-14;0.07199999999968028;0.016477999982807693;3.1431091044607684e-14;-1.5712781341192214e-12
1030.0;140.28656662229074;-0.285690176;0.00923999999999472;0.008371252816404603;0.002006696623227149;0.0;0.005990400014332706;0.10856364414914918;0.062784;2.4951863652481177e-14;0.07199999999968028;0.016477999982807703;3.1431091828606883e-14;-1.5712781153284697e-12
1031.0;140.28660632390876;-0.27829892400000006;0.00923999999999472;0.0011593099430128883;0.002006696623227149;0.0;0.005209920019068686;0.10916427802163772;0.062784;2.4951942621643574e-14;0.07199999999968028;0.01647799998280807;3.1431119139099255e-14;-1.5712774607525336e-12
1032.0;138.63092476341834;-0.2702494920000001;0.009239999999994619;1.2338547945038735e-13;0.0019621031259677646;0.0;0.004129919986940616;0.1100081134678032;0.062784;2.175623869978827e-14;0.07199999999965047;0.009959577625811948;3.0213842042488106e-14;-1.602266797312131e-12
1033.0;120.79664307922118;-0.19311294800000006;0.009239999999995792;6.521045943635984e-15;0.0014407050414684147;0.0;0.005018399998973623;0.10204879377932496;0.062784;5.711115845897735e-15;0.012641369317945277;9.990835536850951e-13;1.3337599431115672e-14;-1.27914382915752e-12
1034.0;120.79666309664526;-0.19032716400000002;0.009239999999995792;6.521043033710414e-15;0.0008026783420204876;0.0;0.005410079988093634;0.09563343468621356;0.062784;5.7111142241952e-15;0.016515173648652754;9.99083066758817e-13;1.3337597516712773e-14;-1.2791440043769144e-12
1035.0;120.7966814198994;-0.18786792800000002;0.009239999999995792;6.521041385474586e-15;0.000445932284185061;0.0;0.005294880013885631;0.09065517586256151;0.062784;5.7111133056321324e-15;0.019504425937458995;9.990827909548804e-13;1.3337596432359769e-14;-1.2791441036244224e-12
1036.0;120.79670067938842;-0.18551793200000002;0.009239999999995792;6.521040071609053e-15;0.00016465202661852566;0.0;0.005682239983357642;0.08579114708903596;0.062784;5.711112573414116e-15;0.021910666113382302;9.990825711020609e-13;1.333759556798511e-14;-1.2791441827383543e-12
1037.0;120.79668138967563;-0.18596523600000003;0.009239999999995792;6.521040006284403e-15;0.00013721002216964668;0.0;0.006135839990525653;0.08944653771837546;0.062784;5.7111125370088794e-15;0.01827783548584057;9.990825601710759e-13;1.3337595525008876e-14;-1.2791441866717015e-12
1038.0;120.79675642020095;-0.187458692;0.009239999999995792;6.521055277276353e-15;0.0036051930943679974;0.0;0.0062207999853416554;0.0884516229260653;0.062784;5.711121047536179e-15;0.017211041843922626;9.990851155100387e-13;1.333760557158432e-14;-1.2791432671393721e-12
1039.0;120.79705112348469;-0.191927564;0.009239999999995793;6.5211183243305506e-15;0.017912766771735644;0.0;0.00597599998649365;0.08724298545688605;0.062784;5.71115618351823e-15;0.008817721825224046;9.990956653659877e-13;1.3337647049035869e-14;-1.2791394708645714e-12
1040.0;63.883726617755975;-0.20286575599999998;0.009239999999978425;1.6626595665564661e-15;0.054726212091403506;0.0;0.005706719996795407;0.0846893706207495;0.062784;0.0;0.0;2.3836283267140045e-13;0.0;-0.0142517362453949
1041.0;63.88467588516643;-0.21706582400000007;0.009239999999978425;1.6626730290505106e-15;0.10205337464552854;0.0;0.005368320009019399;0.08524947101012624;0.062784;0.0;0.0;2.383648051383718e-13;0.0;-0.04762558940285732
1042.0;63.885466634182684;-0.22905638;0.009239999999978425;1.6626842721256209e-15;0.14158357878974798;0.0;0.004920479990395387;0.0861264702152021;0.062784;0.0;0.0;2.383664524260653e-13;0.0;-0.07561517436691417
1043.0;59.19488472511337;-0.236900376;0.009239999999967396;1.5664493177754771e-15;0.16062832795702894;0.0;0.005359680014907022;0.08999926838350529;0.062784;0.0;0.0;2.242844400475665e-13;0.0;-0.09130353384451079
1044.0;50.00251394555272;-0.241084236;0.0010357744254005203;1.4069811467093705e-15;0.16838412355225618;0.0;0.005402880008058083;0.09476380588028573;0.062784;0.0;0.0;2.010282113656706e-13;0.0;-0.091303533853284
1045.0;10.002681394148984;-0.241619772;0.0;0.0;0.17353978970531564;0.0;0.0053870400112978525;0.10355222089112004;0.050427098807548844;0.0;0.0;0.0;0.0;-0.09130353385660911
1046.0;10.002635242147639;-0.24007793200000005;0.0;0.0;0.173433451986082;0.0;0.004972320000225843;0.11213796848681122;0.04082391237734909;0.0;0.0;0.0;0.0;-0.09130353385660911
1047.0;10.002410045808595;-0.23772890000000002;0.0;0.0;0.1642232297709902;0.0;0.005699520016737861;0.11983934647821763;0.0392643609027515;0.0;0.0;0.0;0.0;-0.09130353385660912
1048.0;10.001969054623453;-0.23433117199999998;0.0;0.0;0.14469824571786558;0.0;0.0056865600029778595;0.12906257656740808;0.04619523990542888;0.0;0.0;0.0;0.0;-0.09130353385660911
1049.0;63.12074111503863;-0.22958226399999998;0.009239999999977187;1.6464671171494383e-15;0.1124401727533586;0.0;0.006017760010747359;0.13134351160846439;0.062784;0.0;0.0;2.359908928596475e-13;0.0;-0.09130353377587208
1050.0;63.88386542944496;-0.22663391600000005;0.009239999999978425;1.662665355276379e-15;0.07519794549003739;0.0;0.0057556800010834085;0.13758568150781955;0.062784;0.0;0.0;2.383636808097195e-13;0.0;-0.06389139751262649
1051.0;63.883085888830514;-0.21999523600000004;0.009239999999978423;1.6626542363003476e-15;0.036168558407067446;0.0;0.004919039998907387;0.13641020779754998;0.062784;0.0;0.0;2.38362051705317e-13;0.0;-0.029468210122759193
1052.0;63.88258980070875;-0.21850231599999997;0.009239999999978423;1.6626477049117153e-15;0.00947435136375368;0.0;0.005630399996091405;0.13303118250079773;0.062784;0.0;0.0;2.383610947546454e-13;0.0;-0.0015846334330902807
1053.0;120.79651776637145;-0.216914716;0.009239999999995792;6.52105338055656e-15;0.003022050787863793;0.0;0.004955040012029622;0.13271796787223128;0.062784;5.711119990493868e-15;0.00426687969497267;9.990847981262143e-13;1.3337604323761363e-14;-1.2791433813488197e-12
1054.0;120.79650774224142;-0.21573549200000003;0.009239999999995792;6.521050176735394e-15;0.0022982677765073733;0.0;0.00487152000870162;0.13182622989375795;0.062784;5.711118205004321e-15;0.004786739415759103;9.99084262021774e-13;1.3337602216011459e-14;-1.2791435742642957e-12
1055.0;96.20627329505868;-0.213511308;0.009239999999993538;2.8819796238026657e-15;0.0023016980750501202;0.0;0.005175359997436987;0.13381237461626624;0.062784;3.1662369831469426e-15;1.5933993063935205e-13;4.1994124280906715e-13;0.0;-2.1366659970426546e-12
1056.0;63.88242823916686;-0.20901655200000002;0.009239999999978423;1.662644956717499e-15;0.00229826777644078;0.0;0.0054590399923794015;0.13333334119308574;0.062784;0.0;0.0;2.383606921011661e-13;0.0;-0.004022274059522026
1057.0;120.79672459350361;-0.211443212;0.009239999999996107;6.036475226454554e-15;0.0021541975411907884;0.0;0.001013759994429705;0.08895276552182806;0.062784;5.287442060050833e-15;0.04735341661348921;9.248387927164389e-13;1.2346376497019164e-14;-1.1841635689040599e-12
1058.0;120.79672208775149;-0.20657589200000004;0.009239999999996107;6.0364741693346945e-15;0.001896928605465311;0.0;0.001010880011453705;0.08842951375346207;0.062784;5.287441470748058e-15;0.04326943350797177;9.248386158268634e-13;1.234637580156868e-14;-1.1841636325666716e-12
1059.0;120.796715742726;-0.204165704;0.009239999999996107;6.036472924163017e-15;0.0015916358739198216;0.0;0.0014371199996137162;0.08846636237447279;0.062784;5.2874407766134695e-15;0.040701625756135715;9.24838407470717e-13;1.234637498240138e-14;-1.1841637075548334e-12
1060.0;120.79671027628494;-0.20534631200000003;0.009239999999996107;6.036472158931286e-15;0.0014029725253854894;0.0;0.0024206400146537426;0.08879063091437404;0.062784;5.2874403500265725e-15;0.040763332818151865;9.24838279423365e-13;1.2346374478977966e-14;-1.18416375363934e-12
1061.0;120.79674188338966;-0.20997695200000005;0.009239999999996107;6.0364781013445016e-15;0.0028608286756919648;0.0;0.0027043200095977498;0.08835950137354168;0.062784;5.2874436626902475e-15;0.04408262747137865;9.248392737757318e-13;1.2346378388333708e-14;-1.184163395769781e-12
1062.0;120.79697804379201;-0.22145912400000006;0.009239999999996107;6.036520352681776e-15;0.013233905205230314;0.0;0.0031075199983977603;0.08309382128098551;0.062784;5.287467216089503e-15;0.05004668209272154;9.248463437580139e-13;1.2346406184214694e-14;-1.1841608512972831e-12
1063.0;120.79764125608446;-0.23211537200000004;0.009239999999996105;6.036644368773834e-15;0.04366022523763758;0.0;0.0036705599912297752;0.07340261302995194;0.062784;5.287536349316707e-15;0.03938492075356222;9.248670956165795e-13;1.2346487769143523e-14;-1.184153383037152e-12
1064.0;120.79872512597275;-0.25208417200000005;0.009239999999996107;6.036858307199037e-15;0.09610532104540959;0.0;0.003931199986813782;0.06826590446094695;0.062784;5.287655607648544e-15;0.011754894170916306;9.249028945422024e-13;1.2346628504817684e-14;-1.1841405006049777e-12
1065.0;63.88857927349021;-0.267798144;0.009239999999980038;1.5392076457211818e-15;0.15579510525953208;0.0;0.00418464000236372;0.06685459957617317;0.062784;0.0;0.0;2.2066453549009953e-13;0.0;-0.030985249641980815
1066.0;63.88960674885275;-0.28170886800000006;0.009239999999980038;1.5392213510934326e-15;0.20777368699167317;0.0;0.004383360002491727;0.07048051130870411;0.062784;0.0;0.0;2.2066654354375085e-13;0.0;-0.0729040851727332
1067.0;21.944163900486153;-0.29189089200000007;0.0;0.0;0.23964757227845135;0.0;0.004792320002419348;0.07618100512904291;0.062784;0.0;0.0;0.0;0.0;-0.09130353385637803
1068.0;10.004305912582716;-0.29416516400000003;0.0;0.0;0.24854221086585762;0.0;0.0051350400098281;0.0816788315337048;0.050047280976072354;0.0;0.0;0.0;0.0;-0.09130353385667629
1069.0;10.004237967041297;-0.292530728;0.0;0.0;0.24627138509372437;0.0;0.0051710400003561014;0.08600118422835898;0.046328177983555624;0.0;0.0;0.0;0.0;-0.09130353385667629
1070.0;10.00396671076921;-0.2913713400000001;0.0;0.0;0.23524999135309851;0.0;0.005198399996772101;0.09556342230585498;0.04661009558166962;0.0;0.0;0.0;0.0;-0.09130353385667629
1071.0;10.003541250010345;-0.28778982000000003;0.0;0.0;0.2160371598605511;0.0;0.006006240011044122;0.1029847507775798;0.05402527610575293;0.0;0.0;0.0;0.0;-0.0913035338566763
1072.0;50.002901469523046;-0.281975748;0.0067597538793231025;1.3024246038399764e-15;0.1861562500032737;0.0;0.007365600018490585;0.11019235657282055;0.062784;0.0;0.0;1.8608907623677713e-13;0.0;-0.09130353385359909
1073.0;63.88807642675641;-0.274103448;0.009239999999980037;1.5392042796916093e-15;0.14313062155053533;0.0;0.007315200000123804;0.11490162046311517;0.062784;0.0;0.0;2.206640423136963e-13;0.0;-0.06316801282869094
1074.0;63.88720517865545;-0.26668653200000003;0.009239999999980037;1.5391931521019995e-15;0.10098313685607872;0.0;0.007051679998971797;0.11929767107479759;0.062784;0.0;0.0;2.2066241194668016e-13;0.0;-0.03254583978176592
1075.0;63.88628664354547;-0.25634930800000005;0.009239999999980037;1.5391815015569066e-15;0.05602627681215093;0.0;0.006789600011899789;0.12236348309295861;0.062784;0.0;0.0;2.2066070495906126e-13;0.0;-0.0007042240297465726
1076.0;120.79703173080215;-0.24428816800000003;0.009239999999996107;6.036557020069076e-15;0.02213540477426074;0.0;0.007198559989245868;0.10763874173677877;0.062784;5.2874876565673916e-15;0.03534293889091733;9.248524793764113e-13;1.2346430306370091e-14;-1.184158643141533e-12
1077.0;120.7967110531811;-0.237363216;0.009239999999996107;6.0364898333759725e-15;0.00567706423824093;0.0;0.006793919986365857;0.10545361378579471;0.062784;5.287450202831323e-15;0.047473993314144126;9.248412369140704e-13;1.2346386106508819e-14;-1.184162689235322e-12
1078.0;120.79660384557056;-0.23509031200000005;0.009239999999996107;6.036475643569061e-15;0.002174778564469991;0.0;0.00614447998463784;0.11259120787573687;0.062784;5.2874422925762306e-15;0.04221981215503905;9.248388625126982e-13;1.2346376771426639e-14;-1.184163543784239e-12
1079.0;120.7966041303863;-0.228522992;0.009239999999996107;6.036475387414187e-15;0.0021130343424944865;0.0;0.005395680005437821;0.11229273337054316;0.062784;5.2874421497797344e-15;0.03676142935767133;9.248388196498532e-13;1.2346376602911207e-14;-1.1841635592106405e-12
1080.0;120.79663467999696;-0.21426188000000004;0.009239999999996107;6.036474906165616e-15;0.002016987134900428;0.0;0.005463360012029822;0.10595475638155427;0.062784;5.287441881502605e-15;0.028864286060561687;9.24838739121856e-13;1.2346376286309444e-14;-1.1841635881927744e-12
1081.0;120.79679304130177;-0.21140021200000003;0.009239999999995216;7.40901382796032e-15;0.0018180325066188296;0.0;0.0018575999992291993;0.07427592737291763;0.062784;6.4871740319687555e-15;0.061474139573772554;1.1351376930856262e-12;1.5154040098269522e-14;-1.4534250666592658e-12
1082.0;120.7967877626181;-0.209700548;0.009239999999995216;7.409011808572733e-15;0.0014166933355712113;0.0;0.0019929599898212027;0.07372688224485091;0.062784;6.487172907169528e-15;0.06058950267273153;1.1351373551703518e-12;1.5154038769694674e-14;-1.4534251882741512e-12
1083.0;120.79680529751961;-0.207642244;0.009239999999995216;7.409010234650985e-15;0.0011182615851953984;0.0;0.0020246400058852036;0.06913184840470371;0.062784;6.487172030496615e-15;0.06339138345655769;1.1351370917974924e-12;1.5154037734197025e-14;-1.4534252830616048e-12
1084.0;120.7968153390114;-0.20600855199999998;0.009239999999995216;7.409010270426042e-15;0.0011319823953968551;0.0;0.0018936000123491998;0.06722677064840801;0.062784;6.487172050422863e-15;0.0637793517694699;1.1351370977837984e-12;1.5154037757732898e-14;-1.4534252809071095e-12
1085.0;120.79684130549455;-0.20826704000000001;0.009239999999995216;7.409011307256752e-15;0.0013446578338641758;0.0;0.0019195199946852007;0.06300759476759069;0.062784;6.487172627937102e-15;0.07001669664322234;1.1351372712824504e-12;1.515403843987579e-14;-1.4534252184652096e-12
1086.0;138.63126711531928;-0.21648044800000005;0.009239999999996184;8.775252979351543e-14;0.005574156817564316;0.0;0.001897919986813567;0.057428701396449594;0.062784;1.5506442823511234e-14;0.071999999999752;0.0073678448403329015;2.147916504232421e-14;-1.1390619256329443e-12
1087.0;138.63170935087678;-0.2300965;0.009239999999996184;8.776691361077227e-14;0.026025308808873025;0.0;0.0014443200022375552;0.05160660645162458;0.062784;1.550676699121182e-14;0.071999999999752;0.0067953573277670255;2.1479300279543048e-14;-1.139058268703025e-12
1088.0;120.79824604662166;-0.24639939600000005;0.009239999999995214;7.409343245734957e-15;0.06767883742323885;0.0;0.0012902400093411843;0.04990051192378734;0.062784;6.487357514557808e-15;0.0555110095769925;1.1351928166036856e-12;1.5154256818811298e-14;-1.4534052290834313e-12
1089.0;120.79928425151066;-0.26086190800000003;0.009239999999995214;7.409598443211894e-15;0.11863863469220955;0.0;0.001202399986365182;0.047829614697936555;0.062784;6.487499653055971e-15;0.02114462418549751;1.135235520689753e-12;1.5154424701604813e-14;-1.453389862674303e-12
1090.0;63.89169333823917;-0.27058389200000005;0.009239999999975495;1.8892978618969034e-15;0.15853244510726652;0.0;0.0010670400183626406;0.04990419611083805;0.062784;0.0;0.0;2.708555373498887e-13;0.0;-0.010875202049698971
1091.0;63.89217925788617;-0.2789320920000001;0.009239999999975497;1.8893057415059993e-15;0.18304844290343328;0.0;0.0008078399916746337;0.051149682201028036;0.062784;0.0;0.0;2.708566918474206e-13;0.0;-0.028041964272552938
1092.0;63.892374105142956;-0.283795852;0.009239999999975497;1.8893091616468356e-15;0.19361018354959791;0.0;0.0006595200099146298;0.054598721227714246;0.062784;0.0;0.0;2.708571929565893e-13;0.0;-0.037044980539943144
1093.0;63.89236854472444;-0.28473610800000004;0.009239999999975497;1.8893095740299953e-15;0.1948965274601333;0.0;0.0004968000003146255;0.06069349664302548;0.062784;0.0;0.0;2.7085725337784206e-13;0.0;-0.04332149165677837
1094.0;63.89230000606949;-0.28403833600000006;0.009239999999975497;1.889308973062505e-15;0.19306134384466628;0.0;0.0004464000045386242;0.06680669569383528;0.062784;0.0;0.0;2.7085716532581e-13;0.0;-0.0482435789266003
1095.0;63.891974285949104;-0.2799570920000001;0.009239999999975497;1.8893041992107583e-15;0.1783490003136432;0.0;0.000551519993146627;0.07251455923852024;0.062784;0.0;0.0;2.7085646587470535e-13;0.0;-0.04341545504354641
1096.0;63.89147964174328;-0.27415573600000004;0.009239999999975495;1.8892962114741263e-15;0.1536649201922213;0.0;0.0005846400006986278;0.07210185468320003;0.062784;0.0;0.0;2.7085529553470016e-13;0.0;-0.024140134268169862
1097.0;120.79909301362443;-0.26663739200000003;0.009239999999995214;7.409582596783653e-15;0.11539018765560223;0.0;0.0005616000013411652;0.0723597957053255;0.062784;6.487490827101843e-15;0.006290289333589568;1.1352328689815605e-12;1.515441427718716e-14;-1.453390816806977e-12
1098.0;120.79832039177408;-0.25860752;0.009239999999995214;7.409390463837527e-15;0.07702969957509094;0.0;0.0005745599925091654;0.07218292097446041;0.062784;6.487383814108244e-15;0.03680511053198027;1.1352007179383622e-12;1.5154287882041163e-14;-1.453402385796073e-12
1099.0;120.79755421877144;-0.248906544;0.009239999999995216;7.40919793613359e-15;0.038593745310264806;0.0;0.0005486400101731649;0.07045103241192195;0.062784;6.487276579215368e-15;0.06731763245857575;1.1351685009916165e-12;1.515416122274021e-14;-1.4534139793550181e-12
1100.0;138.6313470601468;-0.24093730399999996;0.009239999999996184;8.775742120783102e-14;0.012540994880925783;0.0;0.00043632001894152844;0.06922397063224364;0.062784;1.5506553071632846e-14;0.071999999999752;0.014524963014264786;2.1479211036393546e-14;-1.1390606819060956e-12
1101.0;138.63093607896076;-0.23849699199999996;0.009239999999996184;8.774054992108271e-14;0.003402808167541021;0.0;0.0004694400039015292;0.07480286400339102;0.062784;1.5506172762376292e-14;0.071999999999752;0.01561917788357797;2.1479052374444044e-14;-1.1390649723229812e-12
1102.0;138.63110180051842;-0.23515211200000002;0.009239999999996184;8.77503124026347e-14;0.0023565816999217663;0.0;0.0004895999976935297;0.07702115571328474;0.062784;1.5506392841951517e-14;0.071999999999752;0.01108215843221372;2.1479144190525916e-14;-1.1390624894898113e-12
1103.0;138.63110211122822;-0.22842589600000004;0.009239999999996184;8.775025648501204e-14;0.0022776859851369844;0.0;0.00041904000812552795;0.0766526688281706;0.062784;1.5506391581499515e-14;0.071999999999752;0.004873785478811046;2.147914366467169e-14;-1.1390625037094596e-12
1104.0;120.79678796760452;-0.22048396400000003;0.009239999999995216;7.409016164085988e-15;0.00227425607061017;0.0;0.00037440000089316027;0.07706168919639025;0.062784;6.48717533318929e-15;0.06879993075401938;1.1351380840024983e-12;1.515404163522926e-14;-1.453424925969182e-12
1105.0;52.39327773437792;-0.250245256;0.00923999999987844;1.3983081923604887e-15;0.0007134921155040819;0.0;0.016748639995066844;0.20486035536357577;0.062784;0.0;0.0;1.9988954227188985e-13;0.0;-0.044578629352862144
1106.0;52.39329109343648;-0.247601808;0.00923999999987844;1.398308117669346e-15;0.0003601763562305109;0.0;0.01654703998937084;0.20087701065722718;0.062784;0.0;0.0;1.9988953139115607e-13;0.0;-0.04268514964674101
1107.0;52.393283371507586;-0.24530084800000002;0.00923999999987844;1.3983080778086714e-15;0.00017837322077392468;0.0;0.01566144000549882;0.2016545192605808;0.062784;0.0;0.0;1.9988952558439987e-13;0.0;-0.04469582602384777
1108.0;52.39329040030707;-0.24500056000000003;0.00923999999987844;1.3983080784800236e-15;0.00017494292221206917;0.0;0.01469087998162679;0.20028374718394754;0.062784;0.0;0.0;1.9988952568221398e-13;0.0;-0.04265186947116541
1109.0;52.39328993211076;-0.251354972;0.00923999999987844;1.3983080890478315e-15;0.00017837322077392468;0.0;0.013302720008890755;0.20044588111639475;0.062784;0.0;0.0;1.998895272217005e-13;0.0;-0.03507478054315697
1110.0;52.393294649550334;-0.26660990800000006;0.00923999999987844;1.3983081835642984e-15;0.00042535126081383545;0.0;0.010712160004602685;0.20074804115869638;0.062784;0.0;0.0;1.9988954099048368e-13;0.0;-0.017778346565546485
1111.0;52.393423229387516;-0.27905014800000005;0.009239999999878444;1.3983096806410225e-15;0.004033974269772472;0.0;0.010591199996666682;0.19422213552754594;0.062784;0.0;0.0;1.9988975907864258e-13;0.0;-0.00230266164946998
1112.0;52.39392431678449;-0.289352956;0.009239999999878458;1.3983140176879651e-15;0.028049156156827626;0.0;0.011941919987386718;0.18691872331806228;0.062784;0.0;0.0;1.9989039088252902e-13;0.0;-0.010079375851872309
1113.0;52.395107054208;-0.30048283200000003;0.009239999999878495;1.3983253080756961e-15;0.0825078088010074;0.0;0.012131999993402722;0.16979881619609494;0.062784;0.0;0.0;1.9989203562188585e-13;0.0;-0.03651400496627493
1114.0;52.39633170643161;-0.31031742;0.009239999999878533;1.3983375899924934e-15;0.1416110200260795;0.0;0.012499199991674733;0.16284178102411212;0.062784;0.0;0.0;1.9989382480390898e-13;0.0;-0.07922702399733927
1115.0;10.002511265634134;-0.317808676;0.0;0.0;0.17902132961395104;0.0;0.011908800002403007;0.15837940424421695;0.05980357540805297;0.0;0.0;0.0;0.0;-0.09130353385639067
1116.0;10.002814628803662;-0.3217084680000001;0.0;0.0;0.19616571987714687;0.0;0.011725919999011002;0.1665708702450797;0.038544453701597606;0.0;0.0;0.0;0.0;-0.09130353385639067
1117.0;10.00282486394263;-0.318508;0.0;0.0;0.19598391674169033;0.0;0.014254560007843071;0.16385880566362857;0.0357082715955171;0.0;0.0;0.0;0.0;-0.09130353385639066
1118.0;10.0026260422815;-0.31873159200000006;0.0;0.0;0.18722648779202797;0.0;0.015613919992675106;0.168195897806687;0.03899914844030592;0.0;0.0;0.0;0.0;-0.09130353385639067
1119.0;13.060528533441405;-0.314975204;0.0;0.0;0.1675814452096725;0.0;0.016060319997225972;0.15957330159010277;0.062784;0.0;0.0;0.0;0.0;-0.09130353385628322
1120.0;52.396204895059384;-0.30725642000000003;0.009239999999878528;1.3983357367617565e-15;0.13255172941152546;0.0;0.01606463999429883;0.15224777953329519;0.062784;0.0;0.0;1.9989355483237127e-13;0.0;-0.06619930744110823
1121.0;52.395235590160766;-0.29707074;0.009239999999878495;1.398325241360076e-15;0.08206873711387129;0.0;0.01588464001906682;0.14325669643147912;0.062784;0.0;0.0;1.9989202590303064e-13;0.0;-0.0167073785264607
1122.0;120.79714505785181;-0.28488185200000005;0.009239999999995929;6.309802940814371e-15;0.03366104549064887;0.0;0.017056800003454022;0.13087184790955414;0.062784;5.526390841649946e-15;0.03132241381990855;9.667192545995464e-13;1.2905295254738169e-14;-1.072488852298796e-12
1123.0;120.796598711224;-0.28283364;0.009239999999995929;6.309690298567917e-15;0.0072412581077779346;0.0;0.01733328001836603;0.13352495469738812;0.062784;5.52632805878726e-15;0.05277943919786567;9.667004058760513e-13;1.290522115084857e-14;-1.0724937116249678e-12
1124.0;120.79642481496451;-0.28261634;0.00923999999999593;6.309667354256421e-15;0.0018180325066314328;0.0;0.01773648000716604;0.14611615617203438;0.062784;5.526315270326997e-15;0.0449986619172873;9.666965665515661e-13;1.2905206056266114e-14;-1.0724947014575164e-12
1125.0;120.7963555442774;-0.277874776;0.00923999999999593;6.30966494347427e-15;0.0012143087928020604;0.0;0.017783999997374043;0.15725551860382378;0.062784;5.526313926629042e-15;0.029678524237115866;9.66696163150057e-13;1.2905204470257149e-14;-1.0724948054605891e-12
1126.0;120.79632305623491;-0.269709568;0.00923999999999593;6.309664206392125e-15;0.0010222143776139427;0.0;0.01724543999539003;0.16283809683707223;0.062784;5.5263135158013894e-15;0.016663631613035586;9.666960398124646e-13;1.2905203985345133e-14;-1.0724948372590663e-12
1127.0;69.08017300791148;-0.26177683199999996;0.009239999999984786;1.7252246718091034e-15;0.0006791898980176856;0.0;0.017562239997884217;0.16848700258810875;0.062784;0.0;0.0;2.4772663329461283e-13;0.0;-3.881523345836121e-12
1128.0;52.393437263002696;-0.25350854800000006;0.00923999999987844;1.3983082203363994e-15;0.00035674605766865535;0.0;0.017118719998906854;0.17307466602902388;0.062784;0.0;0.0;1.9988954634730533e-13;0.0;-0.009554691686255069
1129.0;48.00053448872179;-0.23622036400000002;0.0;1.973486094043864e-15;5.8314691235849034e-5;0.0;0.008614080003575176;0.2031947943187974;0.062784;0.0;0.0;2.818580987664486e-13;0.0;-0.03864879246498364
1130.0;48.000630959677224;-0.179485432;0.0;1.9734859606813364e-15;6.860481882948509e-5;0.0;0.007591680015031149;0.18390081450715592;0.062784;0.0;0.0;2.8185807937361275e-13;0.0;-0.07508521537858022
1131.0;48.00063962674447;-0.179435856;0.0;1.9734859610840972e-15;5.8314691235848994e-5;0.0;0.008543519991415175;0.18219103444221713;0.062784;0.0;0.0;2.818580794321875e-13;0.0;-0.0743672022898171
1132.0;48.00057763820571;-0.22558508400000005;0.0;1.9734860829557107e-15;5.831469123584903e-5;0.0;0.007512480008759146;0.194763811606358;0.062784;0.0;0.0;2.818580971540668e-13;0.0;-0.03975472212179682
1133.0;48.00059451136596;-0.22420036;0.0;1.973486084274459e-15;5.831469123584903e-5;0.0;0.00760464000619915;0.1914916473105369;0.062784;0.0;0.0;2.818580973458176e-13;0.0;-0.03796068735413132
1134.0;48.000592219477504;-0.225426796;0.0;1.9734860911622118e-15;7.203511739134068e-5;0.0;0.007345440002103143;0.19200384381759292;0.062784;0.0;0.0;2.8185809834737824e-13;0.0;-0.03700077543547818
1135.0;48.0005827722016;-0.22919783600000004;0.0;1.9734861765995334e-15;0.0003704672518131193;0.0;0.008393759995575172;0.19501438290423778;0.062784;0.0;0.0;2.8185811077116576e-13;0.0;-0.03758603488641065
1136.0;48.000667139932474;-0.23478636400000003;0.0;1.9734874550694964e-15;0.0049189786251113855;0.0;0.009341279997495195;0.19643305818818504;0.062784;0.0;0.0;2.8185829667881935e-13;0.0;-0.03891409002724496
1137.0;48.00124480256516;-0.24451367200000002;0.0;1.9734952055852033e-15;0.03259080770099116;0.0;0.01063727999538323;0.1924349733584253;0.062784;0.0;0.0;2.8185942371348963e-13;0.0;-0.05417280132678518
1138.0;48.00208315515664;-0.257195768;0.0;1.973506604614631e-15;0.0736234607246833;0.0;0.011548800006775252;0.18964184181075056;0.062784;0.0;0.0;2.8186108129405e-13;0.0;-0.0806648362322273
1139.0;10.000989982090637;-0.26567764;0.0;0.0;0.11046091813332627;0.0;0.011616479990740875;0.1853858166333255;0.04956560725475252;0.0;0.0;0.0;0.0;-0.09130353385564931
1140.0;10.001378820531537;-0.27048526400000006;0.0;0.0;0.1301711360045153;0.0;0.01220543998850089;0.1870661178014558;0.03238393523936211;0.0;0.0;0.0;0.0;-0.0913035338556493
1141.0;10.00142697131375;-0.27518053600000003;0.0;0.0;0.13478825258095878;0.0;0.012556799990036902;0.19583610850220062;0.02334164718085878;0.0;0.0;0.0;0.0;-0.0913035338556493
1142.0;10.001055275166527;-0.27369285600000004;0.0;0.0;0.11924578870339153;0.0;0.014531040000148952;0.20720761859637118;0.024063282899661295;0.0;0.0;0.0;0.0;-0.0913035338556493
1143.0;10.000476255301995;-0.2690743;0.0;0.0;0.09222570790525296;0.0;0.015310080003924968;0.21387354831235555;0.03903672962622489;0.0;0.0;0.0;0.0;-0.09130353385564932
1144.0;48.001546783495485;-0.261691612;0.0;1.9735009573704214e-15;0.054119058462929866;0.0;0.014819040014775341;0.2167698559994506;0.062784;0.0;0.0;2.818602601046032e-13;0.0;-0.08704240349131998
1145.0;48.00066917300297;-0.26448578800000005;0.0;1.9734906145747286e-15;0.01631083961782012;0.0;0.015575039996599361;0.24045620156067335;0.062784;0.0;0.0;2.818587561155594e-13;0.0;-0.0708527677042357
1146.0;48.00027777428481;-0.277380436;0.0;1.9734868353010146e-15;0.002757920870773659;0.0;0.016122239992695377;0.26356033688490615;0.062784;0.0;0.0;2.8185820655573386e-13;0.0;-0.06804047565986182
1147.0;48.00011554796924;-0.278496952;0.0;1.9734859399563827e-15;0.00011662823060353213;0.0;0.01643040000107938;0.28407400942703687;0.062784;0.0;0.0;2.818580763598836e-13;0.0;-0.08509552160019888
1148.0;48.00011337151385;-0.27647584;0.0;1.9734858752363912e-15;7.546579999916145e-5;0.0;0.016054560008695373;0.28410717318594647;0.062784;0.0;0.0;2.8185806694873956e-13;0.0;-0.08673284681073824
1149.0;48.00011382266744;-0.27170656800000004;0.0;1.9734856155209902e-15;6.8604818829485e-5;0.0;0.016174080002551373;0.2828616870957566;0.062784;0.0;0.0;2.8185802918241283e-13;0.0;-0.09037017445666712
1150.0;42.17295685089133;-0.265942016;0.0;1.8570797676282343e-15;6.174460571478e-5;0.0;0.015760800005558125;0.28175622576538606;0.062784;0.0;0.0;2.6494907121677544e-13;0.0;-0.09130353384258415
1151.0;47.96364276208242;-0.261360692;0.0;1.9729267472311945e-15;6.174460575159221e-5;0.0;0.016061760011319367;0.2743533216041878;0.062784;0.0;0.0;2.8177676224731145e-13;0.0;-0.09130352991109143
1152.0;41.97922527223982;-0.255198656;0.0;1.8532366183867612e-15;6.517490427515098e-5;0.0;0.016198559993398087;0.2698283014939525;0.062784;0.0;0.0;2.6439143706136473e-13;0.0;-0.09130353384310703
1153.0;10.003263304470096;-0.3138267800000001;0.0;0.0;6.062699854605584e-5;0.0;0.016410779992768458;0.36865169988840013;0.025267437552606242;0.0;0.0;0.0;0.0;-0.0965194167771638
1154.0;10.00327139254397;-0.31103242400000003;0.0;0.0;5.706028168249307e-5;0.0;0.016162470016080448;0.36974772807428513;0.021628846272028497;0.0;0.0;0.0;0.0;-0.09651941677716382
1155.0;10.003265599590105;-0.3089059820000001;0.0;0.0;5.706028168249244e-5;0.0;0.016250354999960453;0.3689598360383035;0.020202471761324614;0.0;0.0;0.0;0.0;-0.0965194167771638
1156.0;10.00324784702788;-0.3059497560000001;0.0;0.0;6.062699854605415e-5;0.0;0.015626789987188427;0.36654935311876824;0.020276911593626653;0.0;0.0;0.0;0.0;-0.09651941677716382
1157.0;10.003284985040864;-0.307212736;0.0;0.0;6.06269985460582e-5;0.0;0.015064605005540401;0.37160044542225495;0.017050596815345667;0.0;0.0;0.0;0.0;-0.0965194167771638
1158.0;10.003317534563319;-0.31250044;0.0;0.0;6.0626998546061747e-5;0.0;0.01630476000665645;0.37602746381433727;0.01667078783659682;0.0;0.0;0.0;0.0;-0.09651941677716379
1159.0;10.003383747689645;-0.32608767;0.0;0.0;7.845818721839428e-5;0.0;0.015671430007834428;0.38505312176367407;0.021847164935921568;0.0;0.0;0.0;0.0;-0.09651941677716377
1160.0;10.003394053619044;-0.343214208;0.0;0.0;0.0019043868401211984;0.0;0.01548868501564642;0.3885128267720024;0.033870402840095064;0.0;0.0;0.0;0.0;-0.09651941677716377
1161.0;10.00326260007304;-0.3505059200000001;0.0;0.0;0.01028154867224304;0.0;0.012580110006160305;0.38007613798262646;0.04413019379076432;0.0;0.0;0.0;0.0;-0.09651941677716382
1162.0;10.003066406046575;-0.35636994200000005;0.0;0.0;0.02900801881272867;0.0;0.012575925009012301;0.37449848512496725;0.0368485137211668;0.0;0.0;0.0;0.0;-0.09651941677716391
1163.0;10.002840535151558;-0.36344219;0.0;0.0;0.05646827695442811;0.0;0.01276983000089031;0.37472861158938325;0.016034258141937516;0.0;0.0;0.0;0.0;-0.096519416777164
1164.0;10.0026890642967;-0.36836743800000005;0.0;0.0;0.07466337296104239;0.0;0.012903749997170316;0.37463500082419715;0.002722652803082056;0.0;0.0;0.0;0.0;-0.09651941677716407
1165.0;9.022782275730389;-0.36898406800000005;0.0;0.0;0.07963474980742644;0.0;0.012993029994686068;0.37475981517770585;0.0;0.0;0.0;0.0;0.0;-0.09651941677750377
1166.0;10.002741471198272;-0.36616573;0.0;0.0;0.06947445433505173;0.0;0.013196699994504325;0.3759143508064039;0.004137880334338503;0.0;0.0;0.0;0.0;-0.09651941677716405
1167.0;10.002866635365358;-0.362738106;0.0;0.0;0.05236707002075689;0.0;0.012786570011368311;0.373655986094795;0.02048767686120082;0.0;0.0;0.0;0.0;-0.096519416777164
1168.0;10.003005026812595;-0.356797972;0.0;0.0;0.029275488639184756;0.0;0.012941414993388314;0.36645184190503255;0.04469082297545689;0.0;0.0;0.0;0.0;-0.09651941677716391
1169.0;24.73356941980697;-0.35388114600000004;0.0;1.3241985615289157e-15;0.01079152490129209;0.0;0.012729374999302254;0.36686138971763205;0.05886;0.0;0.0;0.0;0.0;-0.09495359139983497
1170.0;24.733679363418165;-0.35519238200000003;0.0;1.3241997829656742e-15;0.0026140740592520946;0.0;0.012620565007796248;0.37356627577856905;0.05886;0.0;0.0;0.0;0.0;-0.09206085341848595
1171.0;24.733727610388463;-0.355763736;0.0;1.3242002981674497e-15;0.00021397625995465727;0.0;0.012211829994528233;0.3773497187309985;0.05886;0.0;0.0;0.0;0.0;-0.09246420684954038
1172.0;24.733718540161597;-0.3509422260000001;0.0;1.324200216632276e-15;7.489147106839033e-5;0.0;0.009285120004696114;0.37589094811551826;0.05886;0.0;0.0;0.0;0.0;-0.09276102755897168
1173.0;24.733671882253972;-0.34297273;0.0;1.3241997790171035e-15;6.775923516400932e-5;0.0;0.0088847550076101;0.3692718719226686;0.05886;0.0;0.0;0.0;0.0;-0.09370343838549265
1174.0;14.77311299951349;-0.332959096;0.0;0.0;6.775923484142143e-5;0.0;0.008711775001461268;0.3678989111750899;0.05886;0.0;0.0;0.0;0.0;-0.09651941677441335
1175.0;10.000139694223561;-0.324920038;0.0;0.0;6.775923445048846e-5;0.0;0.009771974993884193;0.361771293642739;0.05014784158971261;0.0;0.0;0.0;0.0;-0.09651941677716364
1176.0;10.00318829734115;-0.31731924000000006;0.0;0.0;6.775923445042869e-5;0.0;0.010395540006656215;0.35851831169303144;0.044902180244400826;0.0;0.0;0.0;0.0;-0.09651941677716383
1177.0;124.1948884211163;-0.27840877;0.008399999999995801;4.795721302805277e-15;6.0626999667625065e-5;0.0;0.010685699998633861;0.18816975020669593;0.05886;5.757838914279051e-15;0.012252686228815292;7.229543193490611e-13;1.3642982047572792e-14;-1.3084872739939931e-12
1178.0;80.42977861391302;-0.274180556;0.00839999999998968;1.8648696120440616e-15;6.062699962599254e-5;0.0;0.012726584993920544;0.19299851622834263;0.05886;0.0;9.415183643301931e-14;2.688615828332411e-13;0.0;-4.6787555351051695e-12
1179.0;65.67975589077868;-0.27445519000000007;0.008399999999979925;1.5466512028751146e-15;6.419291791455353e-5;0.0;0.01406020498970371;0.1998789224739886;0.05886;0.0;0.0;2.2193198640443763e-13;0.0;-0.007085286345410548
1180.0;65.6798114771249;-0.27553571800000004;0.008399999999979927;1.5466521293606428e-15;6.0626999599487946e-5;0.0;0.014972535002661744;0.20661111167477159;0.05886;0.0;0.0;2.219321223945847e-13;0.0;-0.013646221937214126
1181.0;65.6798377031879;-0.278021338;0.008399999999979927;1.5466525593876044e-15;5.7060282735924916e-5;0.0;0.015769079999685773;0.21007861758019888;0.05886;0.0;0.0;2.2193218551422985e-13;0.0;-0.015421351053328803
1182.0;65.67990751618682;-0.28556791400000003;0.008399999999979927;1.5466536997850229e-15;5.706028273592506e-5;0.0;0.016254540019029796;0.21947871859028054;0.05886;0.0;0.0;2.219323529024986e-13;0.0;-0.01776105634807903
1183.0;65.67999512145155;-0.302216296;0.008399999999979927;1.5466551212941483e-15;8.55904241761916e-5;0.0;0.016288019996213796;0.23164424476689272;0.05886;0.0;0.0;2.2193256155252672e-13;0.0;-0.013341147800310616
1184.0;65.68001116374028;-0.32198866400000004;0.008399999999979925;1.546655207367052e-15;0.0015834226501530502;0.0;0.0163633500105358;0.23960117695569177;0.05886;0.0;0.0;2.219325741863664e-13;0.0;-0.003099688348474576
1185.0;65.67999964682045;-0.33188963200000005;0.008399999999979927;1.5466547747143826e-15;0.008523378856767901;0.0;0.0163563749861078;0.24387997901739453;0.05886;0.0;0.0;2.2193251068130679e-13;0.0;-0.004411406851602802
1186.0;65.67987110799116;-0.33734707;0.008399999999979927;1.5466520837907106e-15;0.024864016069039138;0.0;0.016401015006753804;0.24264353325473284;0.05886;0.0;0.0;2.2193211570582132e-13;0.0;-0.01410390789192379
1187.0;65.67968593697059;-0.34148917800000006;0.008399999999979927;1.5466481773042772e-15;0.0467537651925308;0.0;0.016387065001669802;0.24169182237967532;0.05886;0.0;0.0;2.2193154230923548e-13;0.0;-0.030887562376103184
1188.0;65.67955502585433;-0.34613189000000005;0.008399999999979927;1.5466453045134062e-15;0.0648383065516991;0.0;0.01610108998499179;0.2441179063789096;0.05886;0.0;0.0;2.2193112063923577e-13;0.0;-0.046471131867436274
1189.0;65.67948279020355;-0.34617340800000007;0.008399999999979925;1.5466436611307015e-15;0.07625749456516151;0.0;0.015986700004583784;0.2470432492214678;0.05886;0.0;0.0;2.219308794225124e-13;0.0;-0.06066089129677731
1190.0;65.6795218999043;-0.342841606;0.008399999999979925;1.5466443921859748e-15;0.07400004747306542;0.0;0.015480314999499763;0.2497852702677043;0.05886;0.0;0.0;2.2193098672725075e-13;0.0;-0.06397091169421887
1191.0;65.67962530481753;-0.338722662;0.008399999999979925;1.546646557741461e-15;0.06226702790376007;0.0;0.01459449000495573;0.25069797737176625;0.05886;0.0;0.0;2.2193130458879776e-13;0.0;-0.05638285054339262
1192.0;65.67972959783506;-0.33223851600000004;0.008399999999979927;1.5466490340055542e-15;0.04326238938332461;0.0;0.014572170005575728;0.24363034888123386;0.05886;0.0;0.0;2.2193166805640502e-13;0.0;-0.03677034894981078
1193.0;65.67987314029106;-0.32754950600000005;0.008399999999979927;1.5466522225065617e-15;0.022385460081325283;0.0;0.015188759993919755;0.2399717209968847;0.05886;0.0;0.0;2.219321360666136e-13;0.0;-0.0175384442929039
1194.0;90.0053183057627;-0.32523449200000004;0.00839999999999216;2.15207834324397e-15;0.007018413995651466;0.0;0.015245955006011067;0.23339164928955186;0.05886;0.0;1.204572542442821e-13;3.1160143052384066e-13;0.0;-2.9198045389693203e-12
1195.0;124.1427848993067;-0.32568374200000005;0.008399999999995796;4.782290578353572e-15;0.0008238077841018907;0.0;0.015326864987350043;0.23686695680659334;0.05886;5.7437686337014435e-15;0.0038551811646576483;7.207789377162878e-13;1.3625861660791996e-14;-1.3100583262691281e-12
1196.0;92.25203537393138;-0.32297741;0.00839999999999258;2.232870313272122e-15;0.00019971098997888112;0.0;0.014943240000741143;0.23820871396557564;0.05886;2.876661285051188e-15;1.2891960193465306e-13;3.2369040762747407e-13;0.0;-2.689268080358409e-12
1197.0;65.68008282549799;-0.316544488;0.008399999999979927;1.5466565394199817e-15;0.00011055464730139246;0.0;0.013997429988711708;0.24403209651082225;0.05886;0.0;0.0;2.2193276970598797e-13;0.0;-0.00913613686458759
1198.0;65.680144974718;-0.30731847200000006;0.008399999999979927;1.5466575736556298e-15;8.915634249125759e-5;0.0;0.01255500000142165;0.2516379876156742;0.05886;0.0;0.0;2.219329215117508e-13;0.0;-0.02450479134515481
1199.0;65.6801275661305;-0.298377822;0.008399999999979927;1.5466572928647431e-15;6.062699959948858e-5;0.0;0.010455525002289565;0.24916509751934804;0.05886;0.0;0.0;2.2193288029711489e-13;0.0;-0.028844354305135777
1200.0;65.68012960254248;-0.28985387800000006;0.008399999999979927;1.5466573280633885e-15;6.419291791455427e-5;0.0;0.0087898949993135;0.24936012066131816;0.05886;0.0;0.0;2.219328854635816e-13;0.0;-0.03590127183979256
1201.0;124.19442056263784;-0.267563048;0.008399999999992946;8.015110410846317e-15;0.0019471818537146746;0.0;0.00924745500849008;0.1266634427050027;0.05886;9.609563044295088e-15;0.06246952813511891;1.2083105747934953e-12;2.2803259368141658e-14;-2.1870430936244894e-12
1202.0;124.19440644303238;-0.262233998;0.008399999999992946;8.015106995217336e-15;0.001519230131384928;0.0;0.009705014995780099;0.12426076139706503;0.05886;9.609559478094901e-15;0.05951376975416021;1.208310021416283e-12;2.2803255020270332e-14;-2.1870434915920422e-12
1203.0;124.19439425818359;-0.260515406;0.008399999999992946;8.015104043797934e-15;0.0011554709278400945;0.0;0.009566910002352094;0.12219351866437804;0.05886;9.609556396567623e-15;0.06036447234760596;1.2083095432477795e-12;2.2803251263312925e-14;-2.1870438354733567e-12
1204.0;124.19438076050439;-0.259996378;0.008399999999992946;8.015100764898718e-15;0.00076674750117006;0.0;0.009795690006940104;0.11991955287307014;0.05886;9.609552973126369e-15;0.062279559051898505;1.2083090120226707e-12;2.28032470894888e-14;-2.1870442175108586e-12
1205.0;124.19439830465963;-0.26160580200000005;0.008399999999992946;8.01510564933753e-15;0.0003280964267981219;0.0;0.009622710000802094;0.12181127470653426;0.05886;9.609558072884677e-15;0.06260878225565521;1.2083098033660968e-12;2.2803253307053268e-14;-2.1870436484054272e-12
1206.0;136.00163851546318;-0.268544298;0.00839999999999392;1.3896366778903821e-14;0.0002817354959708633;0.0;0.009343709986666456;0.12288390020112903;0.05886;1.5212449220606126e-14;0.06749999999941822;2.216390507081429e-12;2.8129914785706577e-14;-1.8557541563592616e-12
1207.0;150.11861488202356;-0.282509506;0.008399999999994787;1.1532829279140198e-13;0.004161834332583825;0.0;0.008985195004832811;0.12211160924485279;0.05886;4.97411632836353e-14;0.06749999999973672;0.012253761394485033;3.906645490223069e-14;-1.5760407849465777e-12
1208.0;150.1184003137012;-0.29856833;0.008399999999994787;1.1531309004673038e-13;0.028644259610276165;0.0;0.0087326999872248;0.1206177345924276;0.05886;4.973914308586107e-14;0.06749999999973672;0.00557446173667221;3.9066181115677835e-14;-1.576045023065176e-12
1209.0;124.19364332061184;-0.31481579400000004;0.008399999999992946;8.014851256249108e-15;0.08620381417651485;0.0;0.00824445000625804;0.11591768337287534;0.05886;9.609292464290912e-15;0.03720849144247067;1.2082685884330202e-12;2.2802929475869787e-14;-2.1870732900922194e-12
1210.0;65.67310445377441;-0.325759544;0.00839999999996641;2.5850504212372964e-15;0.14731537155161195;0.0;0.007901279999372205;0.10569848602385236;0.05886;0.0;0.0;3.7093760256978466e-13;0.0;-0.0022563238408803343
1211.0;65.67273865498612;-0.32988418;0.00839999999996641;2.585037453322512e-15;0.1951960767322665;0.0;0.007570665005820191;0.10682181806408202;0.05886;0.0;0.0;3.70935699093347e-13;0.0;-0.04680862482745161
1212.0;65.67251442114451;-0.33359811200000006;0.00839999999996641;2.585029242929145e-15;0.22628322955374336;0.0;0.007887329994288204;0.11060136056796208;0.05886;0.0;0.0;3.70934493942945e-13;0.0;-0.07828082173942079
1213.0;50.00101505657496;-0.33696770800000003;0.008357185475227274;2.188020878779302e-15;0.23938212919524213;0.0;0.007634834998563653;0.11926817653620926;0.05886;0.0;0.0;3.1286470276858586e-13;0.0;-0.09651941677533364
1214.0;37.37681260080004;-0.33593288400000004;0.0;1.946831855318287e-15;0.2377131161205163;0.0;0.008003114988330062;0.126417713731719;0.05886;0.0;0.0;2.777849389880681e-13;0.0;-0.09651941677846133
1215.0;65.4622839779743;-0.330017028;0.008399999999965893;2.577947442760739e-15;0.21931117648882378;0.0;0.008347680008858192;0.1296550931728351;0.05886;0.0;0.0;3.698950678072181e-13;0.0;-0.09651941632231906
1216.0;65.67299762291809;-0.32184685400000007;0.00839999999996641;2.5850452529390675e-15;0.18456146780804852;0.0;0.008106344990940213;0.12971750106412516;0.05886;0.0;0.0;3.709368439485896e-13;0.0;-0.06764360722520936
1217.0;65.67340884090639;-0.31187912600000006;0.00839999999996641;2.585060135997649e-15;0.13037916808595867;0.0;0.0076111199855461945;0.12550890779081075;0.05886;0.0;0.0;3.7093902853698176e-13;0.0;-0.018720569319663052
1218.0;124.1937963345773;-0.30388443800000003;0.008399999999992944;8.014903243067599e-15;0.06814780255951255;0.0;0.007373969986666006;0.11637793701620636;0.05886;9.609346743246974e-15;0.04474478229101897;1.2082770109464903e-12;2.2802995653721218e-14;-2.1870672324047822e-12
1219.0;152.0666323588261;-0.298555034;0.008399999999994886;0.01133455930770046;0.019760687468135238;0.0;0.007867800000306811;0.10950923283070561;0.05886;7.248439616515738e-14;0.06749999999975528;0.014979999983935193;4.127735116058255e-14;-1.5443422503776075e-12
1220.0;155.7886163781298;-0.29970561400000006;0.008399999999995068;0.021914999999940343;0.003965689260820875;0.0;0.0079556850060729;0.11099920703458283;0.05886;0.004963325388382744;0.06749999999978443;0.014979999994479333;4.62890023170032e-14;-1.4873183168843388e-12
1221.0;155.7886541167199;-0.29641476;0.00839999999999507;0.021914999999940347;0.0020078088534846903;0.0;0.006608114983318844;0.11413517481330883;0.05886;0.0018418225055906547;0.06749999999978443;0.01497999999447937;4.628905957273914e-14;-1.4873177586683266e-12
1222.0;152.06681915630895;-0.29042587200000003;0.008399999999994887;0.017539295113819783;0.0020862666426243646;0.0;0.00580320001388473;0.1149152659521901;0.05886;7.248805063360693e-14;0.06749999999975528;0.014979999983936917;4.127760250833618e-14;-1.5443389125573215e-12
1223.0;152.06682324836422;-0.282796578;0.008399999999994887;0.010030356693653411;0.0020862666426243646;0.0;0.005047110018472698;0.115551040494744;0.05886;7.248813538176974e-14;0.06749999999975528;0.014979999983936957;4.1277608336870494e-14;-1.5443388351569976e-12
1224.0;152.0668308073069;-0.2745420740000001;0.008399999999994887;0.0019752492572367797;0.0020399049132375263;0.0;0.0040008599873486575;0.11644424535605881;0.05886;7.24882723671831e-14;0.06749999999975527;0.014979999983937021;4.1277617757972995e-14;-1.544338710048825e-12
1225.0;124.19428720713424;-0.19643510600000003;0.008399999999995605;5.0152695151739825e-15;0.0014978322258968845;0.0;0.004861574999005511;0.1080192579123452;0.05886;6.020863629276526e-15;0.014822467659305331;7.560515683232617e-13;1.4267777288134274e-14;-1.1213685415643556e-12
1226.0;124.19424277569108;-0.19361535800000004;0.008399999999995605;5.015262506856051e-15;0.0008345063375921301;0.0;0.005241014988465525;0.10122856198332081;0.05886;6.0208562913674096e-15;0.019077875440445258;7.560504329439417e-13;1.4267768368049578e-14;-1.121369054766026e-12
1227.0;124.19420710528658;-0.19112841600000002;0.008399999999995605;5.015256813724194e-15;0.00046361449886866756;0.0;0.005129415013451521;0.09595904527556497;0.05886;6.020850330493485e-15;0.022343375839034656;7.560495106310447e-13;1.4267761121905406e-14;-1.121369471661229e-12
1228.0;124.19417167371286;-0.18874875400000005;0.008399999999995605;5.0152511273554876e-15;0.00017118084856162415;0.0;0.005504669983877536;0.09081044175834266;0.05886;6.020844376699468e-15;0.02502991436261399;7.560485894138518e-13;1.426775388435939e-14;-1.1213698880627086e-12
1229.0;124.19420035872254;-0.18920244200000003;0.008399999999995605;5.015255840499654e-15;0.00014265070712135783;0.0;0.005944094990821554;0.09467969457885951;0.05886;6.020849311499059e-15;0.021203160156784816;7.560493529642161e-13;1.4267759883197592e-14;-1.1213695429285257e-12
1230.0;124.1941627369544;-0.19071597400000004;0.008399999999995605;5.015248185858012e-15;0.003748147082088611;0.0;0.006026399985799557;0.09362657132701828;0.05886;6.020841296864921e-15;0.02008180644560716;7.560481128782028e-13;1.426775014045108e-14;-1.1213701034630217e-12
1231.0;124.19403006246351;-0.195269658;0.008399999999995607;5.015220299907438e-15;0.018623048128138323;0.0;0.005789249986915548;0.09234722134481155;0.05886;6.02081209942938e-15;0.011275997785814597;7.560435952322179e-13;1.4267714647374998e-14;-1.1213721455167689e-12
1232.0;48.3121221529152;-0.206372882;0.0;1.346724719006854e-15;0.05689622907702463;0.0;0.005528384996893322;0.08964420478399697;0.05886;0.0;0.0;1.925056799187272e-13;0.0;-0.0047530754107054955
1233.0;48.311733756953274;-0.22075812800000005;0.0;1.3467187020442377e-15;0.10610001971669937;0.0;0.005200560008735309;0.0902370743925072;0.05886;0.0;0.0;1.9250480348219751e-13;0.0;-0.03984062256631303
1234.0;48.311402186427145;-0.23289861;0.0;1.3467135655863535e-15;0.14719768506757192;0.0;0.004766714990693292;0.09116538329076686;0.05886;0.0;0.0;1.9250405530095237e-13;0.0;-0.06929562519998606
1235.0;48.31127255088249;-0.240863272;0.0;1.3467114549400796e-15;0.16699760123074553;0.0;0.005192190014439308;0.09526476329019859;0.05886;0.0;0.0;1.9250374786226882e-13;0.0;-0.08565762634048556
1236.0;48.311274062249474;-0.245087942;0.0;1.346711310970743e-15;0.17506093150702445;0.0;0.00523404000780531;0.10030805469658641;0.05886;0.0;0.0;1.9250372689158593e-13;0.0;-0.09458241529059748
1237.0;9.999864062454261;-0.24561373400000003;0.0;0.0;0.18042103138014332;0.0;0.005218695010940884;0.10961064449247886;0.046932569487451566;0.0;0.0;0.0;0.0;-0.09651941678046431
1238.0;9.999931798355782;-0.24408225400000005;0.0;0.0;0.18031047713197157;0.0;0.0048169350002148685;0.11869870961860646;0.03682465034013565;0.0;0.0;0.0;0.0;-0.09651941678046431
1239.0;10.000071086846944;-0.24170805;0.0;0.0;0.17073504896008432;0.0;0.005521410016210896;0.12685066423487684;0.03516958542658107;0.0;0.0;0.0;0.0;-0.09651941678046431
1240.0;10.000311087097996;-0.238277534;0.0;0.0;0.15043585552134323;0.0;0.005508855002880897;0.13661350838905265;0.04228884841327896;0.0;0.0;0.0;0.0;-0.09651941678046431
1241.0;48.31201008064953;-0.233462308;0.0;1.3467216638020591e-15;0.11689867765292881;0.0;0.005829705010409334;0.13902789175759084;0.05886;0.0;0.0;1.9250523489465293e-13;0.0;-0.08735965926766791
1242.0;48.31237356139967;-0.23050140200000008;0.0;1.3467270971171877e-15;0.07817971259509207;0.0;0.005575815001047324;0.1456352658902935;0.05886;0.0;0.0;1.925060263166095e-13;0.0;-0.05795250280762118
1243.0;48.31269760809961;-0.22379594200000003;0.0;1.3467321270905375e-15;0.0376027228245972;0.0;0.004765319998939292;0.14439101994503162;0.05886;0.0;0.0;1.9250675898749436e-13;0.0;-0.022022895096941365
1244.0;76.26481729881735;-0.22236070199999997;0.008399999999987497;1.8437984442131097e-15;0.009850030633391805;0.0;0.0054544499962138485;0.14081430148026386;0.05886;0.0;8.996241779159457e-14;2.6542153626775935e-13;0.0;-2.7470349186508624e-12
1245.0;124.19451226998827;-0.22079550199999998;0.008399999999995607;5.015305723843488e-15;0.0031418818759386376;0.0;0.004800195011653508;0.1404827619245941;0.05886;6.0209015407468e-15;0.005134068282270319;7.560574342953586e-13;1.4267823373779935e-14;-1.1213658901243764e-12
1246.0;124.19451156573074;-0.21955557400000003;0.008399999999995607;5.015305919096685e-15;0.0023893992457237694;0.0;0.004719285008429505;0.1395388519466355;0.05886;6.020901745182388e-15;0.0056715754850047186;7.560574659273656e-13;1.4267823622291164e-14;-1.121365875826663e-12
1247.0;122.45855329462736;-0.217212026;0.008399999999995498;4.719199485301956e-15;0.0023929655633119426;0.0;0.005013629997517479;0.14164119800176797;0.05886;5.708498625784336e-15;2.4674605378454905e-12;7.082973388442329e-13;1.3878236247815089e-14;-1.1449196352214718e-12
1248.0;50.00101782361636;-0.21258064400000004;0.004897603173947095;1.3690434898077499e-15;0.0023893992456051004;0.0;0.005288444992615546;0.14113413826127738;0.05886;0.0;0.0;1.9575767823144996e-13;0.0;-4.083117130009775e-11
1249.0;124.19417913802806;-0.214987914;0.008399999999995937;4.6425627754600634e-15;0.0022396163026240016;0.0;0.0009820799946035552;0.09415703375874111;0.05886;5.57434785056071e-15;0.0503762146264354;6.99863503518009e-13;1.3207402616105923e-14;-1.266700474742755e-12
1250.0;124.19417728228957;-0.210047374;0.008399999999995937;4.642562596132719e-15;0.0019721460768936613;0.0;0.000979290011095555;0.09360316863572514;0.05886;5.574347662732953e-15;0.04625986383593621;6.998634744664954e-13;1.3207402387862235e-14;-1.2667004956337184e-12
1251.0;124.19418019935182;-0.207603488;0.008399999999995937;4.642563160007667e-15;0.0016547478041871687;0.0;0.0013922099996255717;0.09364217312121939;0.05886;5.574348253335872e-15;0.043681474028212396;6.998635658160829e-13;1.3207403105546429e-14;-1.2667004299445142e-12
1252.0;124.19418434845815;-0.20881086400000004;0.008399999999995937;4.642563864465352e-15;0.0014586035309688671;0.0;0.0023449950141956094;0.09398541330806764;0.05886;5.574348991185421e-15;0.04378895845884993;6.998636799406411e-13;1.3207404002158514e-14;-1.266700347877961e-12
1253.0;124.19416843283528;-0.21352844400000004;0.008399999999995937;4.642560870515417e-15;0.002974266945618049;0.0;0.00261981000929762;0.09352906011328604;0.05886;5.574345855320293e-15;0.047172327024422825;6.99863194910571e-13;1.3207400191547459e-14;-1.2667006966617683e-12
1254.0;124.19403808178768;-0.22525047800000003;0.008399999999995937;4.6425369724194384e-15;0.013758659212215977;0.0;0.003010409998447636;0.0879553062751788;0.05886;5.574320824415712e-15;0.053292687599228;6.998593233393802e-13;1.3207369774660691e-14;-1.2667034807228913e-12
1255.0;124.1937005180553;-0.23617093400000005;0.008399999999995937;4.642473669885783e-15;0.045391451038647224;0.0;0.0035558549915036585;0.07769710444072715;0.05886;5.574254521080013e-15;0.04229136543492751;6.9984906813261e-13;1.3207289203978077e-14;-1.2667108554923812e-12
1256.0;124.19320869568087;-0.25649953400000003;0.008399999999995937;4.642378218649657e-15;0.09991611245802028;0.0;0.0038083499872256683;0.07225986773084728;0.05886;5.574154544621079e-15;0.01327610180295801;6.998336047759493e-13;1.3207167712526774e-14;-1.2667219761528939e-12
1257.0;65.67185416054755;-0.27235116800000003;0.008399999999980565;1.497236779934293e-15;0.1619727304190092;0.0;0.004053870002289464;0.0707659930783841;0.05886;0.0;0.0;2.1484114079093662e-13;0.0;-0.03159538804931361
1258.0;65.67143818483889;-0.286341846;0.008399999999980565;1.4972280799141471e-15;0.21601237943389776;0.0;0.004246380002413472;0.07460404231050556;0.05886;0.0;0.0;2.1483986379982087e-13;0.0;-0.07567953016122626
1259.0;14.434243878964729;-0.2966013740000001;0.0;0.0;0.2491501357217133;0.0;0.004642560002334816;0.08063804907715896;0.05886;0.0;0.0;0.0;0.0;-0.09651941678089707
1260.0;9.99904763900971;-0.29888135800000004;0.0;0.0;0.2583974666678435;0.0;0.004974570009517348;0.08645753117371731;0.04561653534057084;0.0;0.0;0.0;0.0;-0.09651941678099266
1261.0;9.999100842801685;-0.297218516;0.0;0.0;0.25603659756348;0.0;0.005009445000341351;0.09103276732517651;0.041704289175090475;0.0;0.0;0.0;0.0;-0.09651941678099267
1262.0;9.999270217997006;-0.29604923000000005;0.0;0.0;0.24457818085508373;0.0;0.0050359499968693515;0.10115445346039824;0.04184536881088362;0.0;0.0;0.0;0.0;-0.09651941678099266
1263.0;9.999493505425484;-0.29242879000000005;0.0;0.0;0.2246035175256792;0.0;0.0058185450106953834;0.10900997398691224;0.049562471635179385;0.0;0.0;0.0;0.0;-0.09651941678099266
1264.0;49.99981806338594;-0.28653620600000007;0.006931514628128054;1.2672958917361849e-15;0.1935377626104738;0.0;0.007135425017912114;0.11663926778348434;0.05886;0.0;0.0;1.8120872936316312e-13;0.0;-0.09651941677808928
1265.0;65.6723394374837;-0.278575356;0.008399999999980565;1.4972449683277306e-15;0.14880607154178616;0.0;0.007086600000119586;0.12162405174715733;0.05886;0.0;0.0;2.1484234268560744e-13;0.0;-0.06609817503282675
1266.0;65.6727346600292;-0.271102454;0.008399999999980567;1.497252939787398e-15;0.10498734459986883;0.0;0.006831314999003575;0.12627729758410378;0.05886;0.0;0.0;2.1484351273904624e-13;0.0;-0.03414716590835442
1267.0;65.67304653225099;-0.26069052600000003;0.008399999999980567;1.4972571808441805e-15;0.058247844278276444;0.0;0.006577425011527566;0.12952247792221372;0.05886;0.0;0.0;2.148441352428118e-13;0.0;-0.000816717340336185
1268.0;124.19415241432995;-0.24851619600000002;0.008399999999995937;4.6425507816847966e-15;0.02301312319308172;0.0;0.0069736049895817945;0.11393625122280539;0.05886;5.57433528826649e-15;0.037357068550917145;6.99861560486053e-13;1.3207387350763983e-14;-1.266701871977058e-12
1269.0;124.19427720652195;-0.241462752;0.008399999999995937;4.642576254478914e-15;0.005902172561197538;0.0;0.006581609986791778;0.11162328023150453;0.05886;5.574361968490452e-15;0.05012108717152856;6.998656871654316e-13;1.3207419771773666e-14;-1.266698904495355e-12
1270.0;124.19436293008259;-0.23909036400000008;0.008399999999995937;4.642590652012566e-15;0.002261013409611391;0.0;0.005952464985117753;0.11917846621971266;0.05886;5.574377048461539e-15;0.04446352902344153;6.99868019616339e-13;1.3207438096435023e-14;-1.2666972272593807e-12
1271.0;124.19436113914345;-0.23236582400000003;0.008399999999995937;4.6425904048242e-15;0.0021968208908264776;0.0;0.005227065005267725;0.11886252917271042;0.05886;5.574376789556431e-15;0.03884454793705414;6.998679795709746e-13;1.3207437781822047e-14;-1.2666972560552956e-12
1272.0;124.19431264050243;-0.21787136000000004;0.008399999999995937;4.642583084792161e-15;0.0020969651961484214;0.0;0.005292630011653727;0.11215374266322395;0.05886;5.574369122559485e-15;0.031093683734186604;6.998667936999296e-13;1.3207428465155945e-14;-1.2666981087982706e-12
1273.0;126.60873995470057;-0.214864414;0.008399999999995161;6.245790358055924e-15;0.0018901215708728458;0.0;0.0017995499992530819;0.07862151289042867;0.05886;7.4046247807111e-15;0.0674999999979977;9.483626586383284e-13;1.687271459937072e-14;-1.4988742121799478e-12
1274.0;124.19406699494806;-0.21313330600000002;0.008399999999995;5.69817603678479e-15;0.001472868402035041;0.0;0.0019306799901390283;0.07804034534206442;0.05886;6.838646240865213e-15;0.0644577397934037;8.59004531153872e-13;1.6210844508750674e-14;-1.554838783956624e-12
1275.0;150.07797372890678;-0.211072118;0.008399999999996306;8.044883059817043e-14;0.0011626031637970969;0.0;0.0019613700057015556;0.07317647456895923;0.05886;3.538097551075571e-14;0.06749999999981328;4.8366713003257785e-9;2.7743663877851604e-14;-1.1208856005168966e-12
1276.0;150.11757656180382;-0.20941864400000001;0.00839999999999631;8.199393633429167e-14;0.0011768680348801244;0.0;0.0018344250119635506;0.07115993838191349;0.05886;3.559099049045544e-14;0.06749999999981356;0.00027982533449360896;2.7772003046873273e-14;-1.120446248475599e-12
1277.0;150.11822963168086;-0.21169788000000006;0.008399999999996308;8.20074445373462e-14;0.0013979765312236265;0.0;0.0018595349948515515;0.06669391550433695;0.05886;3.559280233389601e-14;0.06749999999981354;0.00675359479459773;2.7772246334640404e-14;-1.1204424821655193e-12
1278.0;152.0663873779246;-0.22011585600000005;0.008399999999996379;0.0016155353649482168;0.00579518463061492;0.0;0.0018386099872255833;0.060788623539529046;0.05886;5.1761195305366786e-14;0.06749999999982675;0.014979999988573588;2.934408627867458e-14;-1.0979047587329225e-12
1279.0;152.06768586555222;-0.23404275;0.00839999999999638;0.0008119941002557256;0.027057270642420726;0.0;0.001399185002167566;0.05462590125595971;0.05886;5.1766526225087106e-14;0.06749999999982675;0.014979999988576144;2.9344458301465173e-14;-1.0978998181112333e-12
1280.0;124.1933106747622;-0.25060946200000006;0.008399999999995;5.69800289431266e-15;0.07036245503839657;0.0;0.001249920009049001;0.052819990005072114;0.05886;6.838465071855905e-15;0.05894184962607957;8.589764810440557e-13;1.6210624124183294e-14;-1.5548589587012024e-12
1281.0;124.19285550925368;-0.26523672600000003;0.008399999999995;5.697893294674597e-15;0.12334292250240594;0.0;0.0011648249867909977;0.05062793291880346;0.05886;6.8383503906641715e-15;0.0228617289160497;8.589587253168004e-13;1.621048461635697e-14;-1.5548717302915883e-12
1282.0;65.67410403538929;-0.27505287400000006;0.00839999999997614;1.83779837978094e-15;0.16481861192782535;0.0;0.001033695017788276;0.05282388973907619;0.05886;0.0;0.0;2.6371010559978046e-13;0.0;-0.010624281211349135
1283.0;65.67390655781209;-0.28349977400000004;0.00839999999997614;1.8377933272222626e-15;0.19030672399255716;0.0;0.0007825949919342659;0.05414224420677718;0.05886;0.0;0.0;2.637093639772504e-13;0.0;-0.028734883025308817
1284.0;65.67384324815283;-0.2884144940000001;0.00839999999997614;1.8377915685653964e-15;0.20128726133092192;0.0;0.0006389100096042602;0.0577930726230249;0.05886;0.0;0.0;2.6370910583889324e-13;0.0;-0.03830900103644507
1285.0;65.6738800820378;-0.28933912600000006;0.00839999999997614;1.837792218736123e-15;0.20262461166102505;0.0;0.0004812750003042539;0.0642444288137505;0.05886;0.0;0.0;2.637092012719613e-13;0.0;-0.045016041761819205
1286.0;65.6739438359914;-0.28861289200000007;0.00839999999997614;1.8377935482198655e-15;0.2007166589013908;0.0;0.000432450004396252;0.0707152865327245;0.05886;0.0;0.0;2.637093964156551e-13;0.0;-0.05025669901192553
1287.0;65.67411464365152;-0.2844827740000001;0.00839999999997614;1.837797601567486e-15;0.1854209379696415;0.0;0.000534284993360256;0.07675709419676291;0.05886;0.0;0.0;2.637099913723934e-13;0.0;-0.04523397928219882
1288.0;65.67432229406906;-0.278602192;0.00839999999997614;1.837802868620902e-15;0.15975807873867875;0.0;0.0005663700006762573;0.07632024395922717;0.05886;0.0;0.0;2.6371076447881346e-13;0.0;-0.025044853001103796
1289.0;124.19307437419779;-0.271017124;0.008399999999995;5.6979356063647535e-15;0.11996566725896082;0.0;0.0005440500012989729;0.07659327607223235;0.05886;6.838394664190563e-15;0.006673084456144259;8.589655800308081e-13;1.621053847465857e-14;-1.5548667996467313e-12
1290.0;124.19340352754186;-0.26296894000000004;0.008399999999995;5.6980156235490326e-15;0.08008409983580027;0.0;0.0005566049927429733;0.07640605311286244;0.05886;6.838478391242529e-15;0.03868434794280494;8.589785432516449e-13;1.6210640326861423e-14;-1.5548574754162308e-12
1291.0;150.11796662927935;-0.253229968;0.00839999999999631;8.199351860339713e-14;0.04012407382496475;0.0;0.0005314950098554989;0.07457283872214748;0.05886;3.5590934453970795e-14;0.06749999999981356;0.00300500078619738;2.777199552217603e-14;-1.120446364966204e-12
1292.0;152.06642164792504;-0.245168188;0.008399999999996379;0.008353806406077576;0.013038273440304757;0.0;0.0004226850183495269;0.07327398649719419;0.05886;5.176137934169227e-14;0.06749999999982674;0.014979999988573677;2.9344099123005886e-14;-1.0979045881520467e-12
1293.0;152.0665437975341;-0.242654824;0.00839999999999638;0.009403908624437997;0.0035377371392445634;0.0;0.000454770003779528;0.07917927846200266;0.05886;5.176300492217286e-14;0.06749999999982675;0.014979999988574456;2.934421257237463e-14;-1.0979030814793705e-12
1294.0;152.06657007411422;-0.23914796400000005;0.00839999999999638;0.004617062533901976;0.0024500254469251295;0.0;0.00047429999776552875;0.08152735349024838;0.05886;5.1763327885944375e-14;0.06749999999982675;0.014979999988574612;2.934423511124333e-14;-1.0979027821521751e-12
1295.0;150.11833644909387;-0.23220721200000002;0.008399999999996308;8.201106382626797e-14;0.0023680013401926815;0.0;0.0004059450078714938;0.08113730792080644;0.05886;3.559328771554369e-14;0.06749999999981354;0.013301104404084033;2.7772311506459264e-14;-1.1204414732637694e-12
1296.0;150.11833100092323;-0.224103958;0.008399999999996308;8.201126654998967e-14;0.002364435421877616;0.0;0.0003627000008654922;0.0815702584242915;0.05886;3.559331490188142e-14;0.06749999999981354;0.004812487426922185;2.777231515670391e-14;-1.1204414167559598e-12
1297.0;47.787673612520734;-0.254090132;0.0;1.296538082724432e-15;0.0007417836772458189;0.0;0.0162252449952199;0.21684591010339543;0.05886;0.0;0.0;1.8531409349720452e-13;0.0;-0.038612448131544505
1298.0;47.78764550145257;-0.25143377600000005;0.0;1.2965377746026073e-15;0.00037445815611167067;0.0;0.01602994498970189;0.2126295159329822;0.05886;0.0;0.0;1.853140486244916e-13;0.0;-0.036489431820800465
1299.0;47.78765327197379;-0.24911265600000004;0.0;1.296537868321378e-15;0.00018544611879774941;0.0;0.015172020005325861;0.21345251343490604;0.05886;0.0;0.0;1.8531406227304925e-13;0.0;-0.03858666012167477
1300.0;47.787642481456984;-0.24879932000000005;0.0;1.2965377459094517e-15;0.000181879801208435;0.0;0.014231789982199821;0.2120015430020258;0.05886;0.0;0.0;1.853140444458078e-13;0.0;-0.036505117952974175
1301.0;47.78764302797774;-0.255265634;0.0;1.2965377503739753e-15;0.00018544611879774936;0.0;0.012887010008611767;0.21217316273820055;0.05886;0.0;0.0;1.853140450959976e-13;0.0;-0.028869224324898093
1302.0;47.787638614812984;-0.27071172600000004;0.0;1.2965376822314634e-15;0.00044221739176014647;0.0;0.010377405004457666;0.21249300094825097;0.05886;0.0;0.0;1.8531403517218254e-13;0.0;-0.011490187002999445
1303.0;50.001476416348964;-0.283507006;0.004591415934588796;1.324666665840578e-15;0.004193930392252702;0.0;0.01026022499676996;0.20558529084825017;0.05886;0.0;0.0;1.8941222788026932e-13;0.0;-3.0260840831792016e-11
1304.0;47.787271601674085;-0.294008782;0.0;1.296532670560545e-15;0.02916136807442066;0.0;0.011568734987779715;0.19785458538981143;0.05886;0.0;0.0;1.853133053070426e-13;0.0;-0.003466323372279511
1305.0;47.78669552163557;-0.3052288040000001;0.0;1.2965245841566998e-15;0.08577942837242684;0.0;0.01175287499360772;0.1797330614172483;0.05886;0.0;0.0;1.8531212765928445e-13;0.0;-0.03093015740334977
1306.0;47.78613580232398;-0.31510899000000003;0.0;1.296516504448302e-15;0.14722621441046818;0.0;0.012108599991933736;0.1723689981224607;0.05886;0.0;0.0;1.8531095098684978e-13;0.0;-0.07549276406614283
1307.0;10.000243578301237;-0.32265112200000007;0.0;0.0;0.1861199266337759;0.0;0.011536650002324218;0.16764554564018447;0.053913296019997864;0.0;0.0;0.0;0.0;-0.09651941678049065
1308.0;10.00015957783153;-0.32659554600000007;0.0;0.0;0.20394413040239248;0.0;0.011359484999038208;0.17631626134252595;0.031537877353750424;0.0;0.0;0.0;0.0;-0.09651941678049068
1309.0;10.000140037157351;-0.32335200000000003;0.0;0.0;0.2037551183650786;0.0;0.013809105007594311;0.17344552477965966;0.028904695269569968;0.0;0.0;0.0;0.0;-0.09651941678049068
1310.0;10.000249241558292;-0.323570524;0.0;0.0;0.19465043772659282;0.0;0.015125984992900361;0.17803636272531656;0.03232055803672101;0.0;0.0;0.0;0.0;-0.09651941678049068
1311.0;10.000375792944174;-0.31974123800000004;0.0;0.0;0.17422642516859696;0.0;0.01555843499730238;0.16890929311369476;0.05761195208084956;0.0;0.0;0.0;0.0;-0.09651941678049067
1312.0;47.78612987368058;-0.31193599000000005;0.0;1.2965167022506933e-15;0.1378077026154137;0.0;0.015562619994475875;0.1611551842499034;0.05886;0.0;0.0;1.8531097979341462e-13;0.0;-0.061485847048930065
1313.0;47.78648733473711;-0.30169403;0.0;1.2965222278599225e-15;0.08532294650865684;0.0;0.015388245018469866;0.15163806906884023;0.05886;0.0;0.0;1.8531178450462226e-13;0.0;-0.009546641190979284
1314.0;124.19423392923704;-0.28947949400000006;0.00839999999999575;4.852672466452467e-15;0.034995781400167486;0.0;0.016523775003346064;0.13852863291434067;0.05886;5.826086658146574e-15;0.03219231198714479;7.315387517598381e-13;1.3805199124338419e-14;-1.0796542973277238e-12
1315.0;124.19448219932242;-0.28751608;0.008399999999995751;4.85272281120738e-15;0.007528390224015121;0.0;0.016791615017792076;0.14133696230041615;0.05886;5.826139378672552e-15;0.05462210124784883;7.315469078166159e-13;1.380526320188457e-14;-1.0796506533031662e-12
1316.0;124.19462691636484;-0.28724873;0.008399999999995751;4.852748013974485e-15;0.0018901215708845777;0.0;0.01718221500694209;0.1546648242882535;0.05886;5.826165770706466e-15;0.04627398653491046;7.315509907728817e-13;1.3805295279060152e-14;-1.0796488291294127e-12
1317.0;124.19471881142977;-0.282315072;0.008399999999995751;4.852762838260026e-15;0.0012624588584729667;0.0;0.017228249997456094;0.16645590597512336;0.05886;5.826181294503572e-15;0.030130020304453255;7.315533923722626e-13;1.3805314146793046e-14;-1.07964775616087e-12
1318.0;124.19476391364529;-0.27390049600000005;0.008399999999995751;4.852770070784091e-15;0.0010627474691168538;0.0;0.01670651999553407;0.17236509838848124;0.05886;5.826188868302547e-15;0.016527255972596;7.315545640731867e-13;1.3805323352024026e-14;-1.0796472326804465e-12
1319.0;67.35491458486828;-0.265759804;0.008399999999981624;1.5954896653343613e-15;0.0007061212999595306;0.0;0.01701341999794989;0.17834449887569115;0.05886;0.0;0.0;2.29042028142014e-13;0.0;-3.700438502783646e-12
1320.0;47.78711009009548;-0.25738930600000004;0.0;1.2965234109194184e-15;0.0003708918385223514;0.0;0.016583759998939913;0.1832005680371742;0.05886;0.0;0.0;1.8531195679716732e-13;0.0;-0.0016971267652072554
1321.0;47.679980507771596;-0.23987325800000003;0.0;1.91922033558463e-15;6.062699944540005e-5;0.0;0.008344890003462311;0.21508290378650496;0.05886;0.0;0.0;2.743102520718237e-13;0.0;-0.042674286499511695
1322.0;47.67983487506766;-0.18238900400000002;0.0;1.9192179135952778e-15;7.132515366484505e-5;0.0;0.007354440014560271;0.19466011088278784;0.05886;0.0;0.0;2.7430989935968406e-13;0.0;-0.07875442378232221
1323.0;47.6798214313397;-0.182320332;0.0;1.9192176882043886e-15;6.062699944539915e-5;0.0;0.008276534991682308;0.19285029846886168;0.05886;0.0;0.0;2.743098665361751e-13;0.0;-0.07792454083520642
1324.0;47.67991496606854;-0.22914459800000003;0.0;1.919219238707393e-15;6.0626999445399676e-5;0.0;0.007277715008484268;0.20615865821395193;0.05886;0.0;0.0;2.74310092334562e-13;0.0;-0.04341084128675619
1325.0;47.67988931497375;-0.22773591999999998;0.0;1.9192188086724795e-15;6.062699944539953e-5;0.0;0.007366995006004271;0.2026950527570741;0.05886;0.0;0.0;2.7431002970892464e-13;0.0;-0.04144492838076555
1326.0;47.679893090518306;-0.228983762;0.0;1.9192188709475323e-15;7.489147125415978e-5;0.0;0.007115895002036262;0.2032372158199431;0.05886;0.0;0.0;2.743100387779778e-13;0.0;-0.04050245675736518
1327.0;47.67991401422683;-0.23282214200000007;0.0;1.919219208344225e-15;0.00038515710878202425;0.0;0.008131454995712304;0.20642388942981166;0.05886;0.0;0.0;2.7431008791276466e-13;0.0;-0.04117684517148059
1328.0;47.679886009196906;-0.23854075800000002;0.0;1.9192185406488964e-15;0.00511402715413911;0.0;0.009049364997572338;0.20792556569383444;0.05886;0.0;0.0;2.7430999067690817e-13;0.0;-0.04260717871354783
1329.0;47.67961797164513;-0.24840228400000003;0.0;1.9192128459701397e-15;0.03388310628305003;0.0;0.01030486499552639;0.20369356901472474;0.05886;0.0;0.0;2.7430916136604705e-13;0.0;-0.05854020959710314
1330.0;47.6792499073948;-0.261247396;0.0;1.919204911586329e-15;0.07654279597941009;0.0;0.011187900006562423;0.20073702258377107;0.05886;0.0;0.0;2.743080058891333e-13;0.0;-0.08628445052319815
1331.0;10.00104440603995;-0.26982458;0.0;0.0;0.11484094115042204;0.0;0.011253464991024677;0.1962319945055536;0.04406598705260979;0.0;0.0;0.0;0.0;-0.09651941677981343
1332.0;10.000887668091417;-0.2746873080000001;0.0;0.0;0.1353327133433406;0.0;0.011824019988854698;0.19801060333108433;0.026086003628924798;0.0;0.0;0.0;0.0;-0.09651941677981346
1333.0;10.000916142551361;-0.27943379200000007;0.0;0.0;0.14013290894193547;0.0;0.012164399990342712;0.20729369088468325;0.016407728463351177;0.0;0.0;0.0;0.0;-0.09651941677981346
1334.0;10.00113855032271;-0.277938832;0.0;0.0;0.12397415153107384;0.0;0.014076945000138789;0.21933050225916434;0.01712253858748334;0.0;0.0;0.0;0.0;-0.09651941677981345
1335.0;10.001423222702517;-0.27326835;0.0;0.0;0.09588266396009923;0.0;0.014831640003796817;0.22638642868954978;0.032734628297890686;0.0;0.0;0.0;0.0;-0.0965194167798134
1336.0;47.679642027093884;-0.265787214;0.0;1.919212378112186e-15;0.05626500044620485;0.0;0.014355945014312551;0.22945218768053532;0.05886;0.0;0.0;2.7430909323236906e-13;0.0;-0.0933506026069273
1337.0;47.680134598952506;-0.26863758600000004;0.0;1.919222217052195e-15;0.01695760097161621;0.0;0.015088319996704581;0.2545243259726494;0.05886;0.0;0.0;2.743105260682155e-13;0.0;-0.07699615590786185
1338.0;47.680430621643865;-0.28175934199999997;0.0;1.9192277645386448e-15;0.0028672786155367015;0.0;0.015618419992922605;0.278980191250458;0.05886;0.0;0.0;2.74311333943725e-13;0.0;-0.07477079258059653
1339.0;47.68062581454082;-0.28289544400000005;0.0;1.9192311942182357e-15;0.0001212528013667537;0.0;0.015916950001044615;0.3006940361965288;0.05886;0.0;0.0;2.7431183340499484e-13;0.0;-0.09290246324280599
1340.0;47.68063266271664;-0.28081248;0.0;1.9192313341235377e-15;7.845818811772712e-5;0.0;0.015552855008422599;0.3007291402334736;0.05886;0.0;0.0;2.743118537792805e-13;0.0;-0.09461362685900818
1341.0;47.15026517536393;-0.2759534960000001;0.0;1.909933511950931e-15;7.132515366163211e-5;0.0;0.015668640002470494;0.29941078576577085;0.05886;0.0;0.0;2.729579439712356e-13;0.0;-0.09651941658896136
1342.0;10.011544221602923;-0.270061852;0.0;0.0;6.419291663389875e-5;0.0;0.015268275005346789;0.29824064834230113;0.05152980647888656;0.0;0.0;0.0;0.0;-0.0965194167798141
1343.0;44.48885991510059;-0.265394974;0.0;1.8629869894699593e-15;6.419291773933124e-5;0.0;0.01555983001096389;0.29040463005917083;0.05886;0.0;0.0;2.6612557257627646e-13;0.0;-0.09651941675122269
1344.0;9.984418550077365;-0.259149932;0.0;0.0;6.775923422197942e-5;0.0;0.015692354993566762;0.28561486923685586;0.05431189157141953;0.0;0.0;0.0;0.0;-0.0965194167798147
1345.0;10.0020462370377;-0.31865132000000007;0.0;0.0;6.445491567388576e-5;0.0;0.015881399992996623;0.3888447707131612;0.01605429230974747;0.0;0.0;0.0;0.0;-0.10222779655660531
1346.0;10.002055226418847;-0.315816056;0.0;0.0;6.0663000514873095e-5;0.0;0.01564110001555661;0.39000083436013383;0.012306963650734547;0.0;0.0;0.0;0.0;-0.1022277965566053
1347.0;10.002048741635516;-0.31365840800000006;0.0;0.0;6.066300051487235e-5;0.0;0.015726149999956616;0.38916978516608225;0.010895381382245826;0.0;0.0;0.0;0.0;-0.10222779655660531
1348.0;10.002028933568619;-0.310663864;0.0;0.0;6.445491567388378e-5;0.0;0.01512269998759658;0.3866272669071443;0.011043217622982814;0.0;0.0;0.0;0.0;-0.10222779655660534
1349.0;10.002070506826998;-0.311947984;0.0;0.0;6.445491567388854e-5;0.0;0.014578650005356552;0.3919550351751193;0.007543192872660192;0.0;0.0;0.0;0.0;-0.10222779655660527
1350.0;10.002106943619742;-0.31730636;0.0;0.0;6.445491567389271e-5;0.0;0.015778800006436618;0.39662454558869786;0.007031534683535797;0.0;0.0;0.0;0.0;-0.10222779655660522
1351.0;10.002181387368147;-0.33111948;0.0;0.0;8.341194456524624e-5;0.0;0.015165900007576585;0.40614458821133603;0.011917794826816057;0.0;0.0;0.0;0.0;-0.1022277965566051
1352.0;10.002226004605335;-0.348606952;0.0;0.0;0.002024627578738612;0.0;0.014989050015136576;0.40979380019409906;0.02399158489278992;0.0;0.0;0.0;0.0;-0.10222779655660504
1353.0;10.002230623612975;-0.35614148000000007;0.0;0.0;0.010930713527202526;0.0;0.012174300005956425;0.4008949877950879;0.03433516324331548;0.0;0.0;0.0;0.0;-0.10222779655660501
1354.0;10.002350266247994;-0.362081648;0.0;0.0;0.030839550902529288;0.0;0.012170250008716424;0.3950118163701064;0.026256112201910854;0.0;0.0;0.0;0.0;-0.10222779655660474
1355.0;10.002594920407548;-0.36916336000000005;0.0;0.0;0.060033617351050554;0.0;0.012357900000856438;0.39525454812020555;0.0037161808277576067;0.0;0.0;0.0;0.0;-0.10222779655660426
1356.0;-0.0003215190735169422;-0.3741120720000001;0.0;0.0;0.07756895616892716;0.0;0.011187689648314007;0.38758475412833904;0.0;0.0;0.0;0.0;0.0;-0.10222779656375307
1357.0;-0.0003215200619283429;-0.37469979200000003;0.0;0.0;0.0826783319554611;0.0;0.011142030932765126;0.3831087571223467;0.0;0.0;0.0;0.0;0.0;-0.10222779656375307
1358.0;-0.000321518852705945;-0.37180612;0.0;0.0;0.07222119384983616;0.0;0.011446616209973233;0.39036763787173917;0.0;0.0;0.0;0.0;0.0;-0.10222779656375307
1359.0;10.002549835738103;-0.36834226400000003;0.0;0.0;0.05567346504938964;0.0;0.012374100010996439;0.3941231690579889;0.00837008494050985;0.0;0.0;0.0;0.0;-0.10222779655660434
1360.0;10.002286402506527;-0.36234496800000005;0.0;0.0;0.031123908458319194;0.0;0.012523949993596442;0.3865244144706616;0.03436948344918571;0.0;0.0;0.0;0.0;-0.10222779655660481
1361.0;9.999114219732872;-0.35944302400000006;0.0;0.0;0.01147288905302531;0.0;0.01231874999929645;0.386956395457525;0.05139883401748875;0.0;0.0;0.0;0.0;-0.10222779655659876
1362.0;16.76367588148683;-0.36087300800000005;0.0;0.0;0.0027791236115087543;0.0;0.012213450007534285;0.39402854481673105;0.05493599999999999;0.0;0.0;0.0;0.0;-0.1022277963874337
1363.0;15.846184354703547;-0.361478984;0.0;0.0;0.0002274864682847501;0.0;0.011817899994692748;0.3980192276422263;0.05493599999999999;0.0;0.0;0.0;0.0;-0.10222779650467984
1364.0;14.979163494632411;-0.35656654400000004;0.0;0.0;7.962002984548738e-5;0.0;0.008985600004530992;0.39648055217787503;0.05493599999999999;0.0;0.0;0.0;0.0;-0.10222779652908703
1365.0;12.732475820093892;-0.34838912000000005;0.0;0.0;7.203747282531433e-5;0.0;0.008598150007345805;0.3894989129629911;0.05493599999999999;0.0;0.0;0.0;0.0;-0.1022277965489307
1366.0;10.002040199374143;-0.338125824;0.0;0.0;7.203747254005093e-5;0.0;0.008430750001396224;0.3880507476426078;0.04376594381363212;0.0;0.0;0.0;0.0;-0.10222779655660533
1367.0;10.001989670444114;-0.329904472;0.0;0.0;7.203747254004515e-5;0.0;0.009456749994076278;0.38158748696859246;0.04098237714079526;0.0;0.0;0.0;0.0;-0.1022277965566054
1368.0;10.00196289673071;-0.32216856000000005;0.0;0.0;7.203747254004209e-5;0.0;0.01006020000643631;0.3781563213975369;0.03607445535455554;0.0;0.0;0.0;0.0;-0.10222779655660545
1369.0;128.19782193494353;-0.28295688;0.007559999999995631;3.99228524404282e-15;6.445491691056251e-5;0.0;0.010340999998677821;0.19847683706987165;0.05493599999999999;6.046315616280427e-15;0.011597118821781459;5.974070011719977e-13;1.4536122633514463e-14;-1.3950045331571453e-12
1370.0;74.58274057357262;-0.27867206400000005;0.0075599999999859495;1.6250883139352776e-15;6.445491685197524e-5;0.0;0.012316049994115959;0.20357010102899661;0.05493599999999999;0.0;0.0;2.3392057400916143e-13;0.0;-1.0926980595382552e-11
1371.0;67.82836847609893;-0.27900036000000006;0.0075599999999806005;1.512169220626793e-15;6.824598302913522e-5;0.0;0.013606649990035562;0.21082738477355742;0.05493599999999999;0.0;0.0;2.172720390225062e-13;0.0;-0.008089069870791195
1372.0;67.82841873595859;-0.2801233920000001;0.007559999999980601;1.5121699292186651e-15;6.445491683802983e-5;0.0;0.014489550002575608;0.21792833281467255;0.05493599999999999;0.0;0.0;2.1727214330632925e-13;0.0;-0.014946445831425839
1373.0;67.82844659264919;-0.282660672;0.007559999999980601;1.5121703094186224e-15;6.066300167901683e-5;0.0;0.015260399999695648;0.2215857729923543;0.05493599999999999;0.0;0.0;2.1727219926052234e-13;0.0;-0.01683392934240334
1374.0;67.82852323825297;-0.2902816160000001;0.007559999999980601;1.512171349728247e-15;6.066300167901698e-5;0.0;0.015730200018415675;0.23150076897108587;0.05493599999999999;0.0;0.0;2.1727235236335607e-13;0.0;-0.01959854401515012
1375.0;67.82862480144435;-0.307199624;0.007559999999980601;1.5121727170079182e-15;9.099450259553759e-5;0.0;0.015762599996335676;0.24433266758482386;0.05493599999999999;0.0;0.0;2.172725535865689e-13;0.0;-0.015576240823141423
1376.0;67.82871525255028;-0.327330616;0.007559999999980601;1.5121739327047228e-15;0.0016833980884708804;0.0;0.01583550001019568;0.2527254444890688;0.05493599999999999;0.0;0.0;2.1727273250126345e-13;0.0;-0.005504340487748672
1377.0;67.82880716801117;-0.33747400800000005;0.007559999999980601;1.5121754743310602e-15;0.00906153494356754;0.0;0.01582874998655568;0.2572386199528293;0.05493599999999999;0.0;0.0;2.172729593831536e-13;0.0;-0.007244962659349284
1378.0;67.82893367731775;-0.34304108000000005;0.007559999999980601;1.5121778711935643e-15;0.02643390071393173;0.0;0.015871950006535684;0.25593444729005027;0.05493599999999999;0.0;0.0;2.1727331213057766e-13;0.0;-0.017787170466015006
1379.0;67.82911676190125;-0.34717963200000007;0.007559999999980602;1.5121812221645774e-15;0.0497057427758332;0.0;0.015858450001615683;0.25493060600270767;0.05493599999999999;0.0;0.0;2.1727380529465074e-13;0.0;-0.0359006763121174
1380.0;67.82929550720542;-0.35182716;0.007559999999980602;1.512184356214871e-15;0.06893212074381228;0.0;0.015581699985475667;0.25748957989784715;0.05493599999999999;0.0;0.0;2.172742665344894e-13;0.0;-0.052760047735241435
1381.0;67.82941952899147;-0.3518097520000001;0.007559999999980602;1.512186487843911e-15;0.08107230281831868;0.0;0.01547100000443566;0.2605751597750493;0.05493599999999999;0.0;0.0;2.1727458024746716e-13;0.0;-0.06789154673508323
1382.0;67.82942184422667;-0.348400264;0.007559999999980602;1.5121864321025199e-15;0.07867232317972248;0.0;0.014980949999515632;0.26346737631802836;0.05493599999999999;0.0;0.0;2.1727457204395513e-13;0.0;-0.0713036724829812
1383.0;67.82932628742142;-0.344226328;0.007559999999980602;1.5121846749805372e-15;0.06619849459513436;0.0;0.014123700004795587;0.2644300773844135;0.05493599999999999;0.0;0.0;2.172743134473916e-13;0.0;-0.0631105431904378
1384.0;67.82910141452189;-0.33766130400000005;0.007559999999980602;1.512180879918599e-15;0.045993925616476486;0.0;0.014102100005395588;0.2569753162081622;0.05493599999999999;0.0;0.0;2.1727375492614982e-13;0.0;-0.04199605132385492
1385.0;67.82888896224648;-0.3329548640000001;0.007559999999980601;1.512177173906839e-15;0.023798851624869517;0.0;0.014698799994115622;0.2531162852549744;0.05493599999999999;0.0;0.0;2.1727320951052502e-13;0.0;-0.021247019978544363
1386.0;73.32768137529114;-0.33071484800000006;0.007559999999985193;1.6029296173139352e-15;0.007461548376353635;0.0;0.014754150005816011;0.246175787014779;0.05493599999999999;0.0;0.0;2.306487788318489e-13;0.0;-1.3350901494791507e-11
1387.0;96.819744198148;-0.33121484800000006;0.00755999999999265;2.1538567379646936e-15;0.0008758220357960849;0.0;0.014832449987757172;0.24984145614103487;0.05493599999999999;3.117512868427849e-15;1.4431730652651298e-13;3.126924668097109e-13;0.0;-2.7229742181543486e-12
1388.0;75.08669952659235;-0.32843804;0.007559999999986235;1.6342444044872628e-15;0.00021232050627650924;0.0;0.014461200000716112;0.25125670868156164;0.05493599999999999;0.0;8.537018118905225e-14;2.3527317804860634e-13;0.0;-1.018211919932018e-11
1389.0;67.82872885582458;-0.32182327200000005;0.007559999999980601;1.512174113902993e-15;0.00011753493732095268;0.0;0.01354589998907556;0.25739906975374244;0.05493599999999999;0.0;0.0;2.1727275916829978e-13;0.0;-0.011829958553858065
1390.0;67.82878687777954;-0.31238596800000007;0.007559999999980601;1.512174922721448e-15;9.47855687866434e-5;0.0;0.012150000001375484;0.26542157713301384;0.05493599999999999;0.0;0.0;2.1727287820248506e-13;0.0;-0.027871577390875514
1391.0;67.8287658035616;-0.303278368;0.007559999999980601;1.5121746394328637e-15;6.445491683803051e-5;0.0;0.010118250002215374;0.26281323331472695;0.05493599999999999;0.0;0.0;2.1727283651074688e-13;0.0;-0.03230852693378238
1392.0;67.82876685491927;-0.294594432;0.007559999999980601;1.5121746571951587e-15;6.8245983029136e-5;0.0;0.008506349999335288;0.26301893894132816;0.05493599999999999;0.0;0.0;2.172728391248444e-13;0.0;-0.03959005054220621
1393.0;141.41587343126218;-0.271752912;0.007559999999993722;1.0401517627481481e-14;0.002070124619066055;0.0;0.008949150008216337;0.13360149255050957;0.05493599999999999;1.6628782826388955e-14;0.06299999999942948;1.6168552433397765e-12;3.057268388149061e-14;-1.9532321731317797e-12
1394.0;128.197259476813;-0.266322712;0.007559999999992651;6.672409879308642e-15;0.0016151525297894895;0.0;0.009391949995915935;0.13106720324011867;0.05493599999999999;1.0088509989235382e-14;0.06177934501050359;9.984835514422104e-13;2.429606724588248e-14;-2.331085290889132e-12
1395.0;130.00435381747766;-0.264577464;0.007559999999992819;7.0175280301798696e-15;0.0012284259992267402;0.0;0.00925830000227599;0.12888672631123668;0.05493599999999999;1.066434921768259e-14;0.06299999999581972;1.0537675419423925e-12;2.5000127831930846e-14;-2.2701630904056252e-12
1396.0;141.19434037492456;-0.264068432;0.007559999999993707;1.0304008666527135e-14;0.0008151590339473002;0.0;0.009479700006716359;0.12648820297065214;0.05493599999999999;1.644849492240062e-14;0.0629999999994196;1.6000763114817274e-12;3.043953327662032e-14;-1.958543949458074e-12
1397.0;143.21366616388272;-0.26570148800000004;0.007559999999993844;1.1255901366192533e-14;0.0003488120481760584;0.0;0.009312300000776408;0.12848354476023166;0.05493599999999999;1.8230919320032798e-14;0.06299999999949815;1.765341558161783e-12;3.1684376058389936e-14;-1.9117138861979296e-12
1398.0;161.2678378455686;-0.272742912;0.0075599999999948556;6.562504979502235e-14;0.0002995239428658198;0.0;0.00904229998709685;0.1296149238224563;0.05493599999999999;0.00811949689977117;0.06299999999977451;2.3924218059165694e-11;5.0034030778068464e-14;-1.5782226843961369e-12
1399.0;161.26786579195178;-0.2870188640000001;0.0075599999999948556;6.56256476774694e-14;0.004424607643028636;0.0;0.008695350004676833;0.12880033026460622;0.05493599999999999;0.019432373031432738;0.06299999999977451;2.3924783857021032e-11;5.003408541327684e-14;-1.5782221713008626e-12
1400.0;161.26806993081703;-0.30345552000000003;0.0075599999999948556;6.562984409579593e-14;0.030452824373174446;0.0;0.00845099998763682;0.12722462792314848;0.05493599999999999;0.011663508760489119;0.06299999999977451;2.3928755541872242e-11;5.00344688623042e-14;-1.5782185702607455e-12
1401.0;128.19798881018306;-0.31991533600000005;0.007559999999992651;6.672558361835192e-15;0.09164662131720905;0.0;0.007978500006055858;0.12226712918013087;0.05493599999999999;1.008875650030968e-14;0.035560576784086334;9.98507254543993e-13;2.429637685138827e-14;-2.3310569300851076e-12
1402.0;67.80711456549638;-0.330906336;0.007559999999967495;2.526950673947723e-15;0.156616690337499;0.0;0.00764639999939177;0.11148817047396763;0.05493599999999999;0.0;0.0;3.63079855549663e-13;0.0;-0.00725891742959648
1403.0;67.80753116151597;-0.33503492000000007;0.0075599999999674955;2.526963378208431e-15;0.20752052676296284;0.0;0.007326450005631752;0.11267303355679109;0.05493599999999999;0.0;0.0;3.63081725258365e-13;0.0;-0.05489358444288539
1404.0;67.80782870966625;-0.33875212800000004;0.007559999999967496;2.5269722312604488e-15;0.24057048574304116;0.0;0.007632899994471768;0.11665960228485313;0.05493599999999999;0.0;0.0;3.6308302817815497e-13;0.0;-0.08851609146337606
1405.0;49.75840028741167;-0.34213295200000005;0.0;2.1307891009408896e-15;0.2544964344563696;0.0;0.007388549998608617;0.12580114718754531;0.05493599999999999;0.0;0.0;3.049971544437685e-13;0.0;-0.10222779656150412
1406.0;10.002155523491927;-0.34108429600000006;0.0;0.0;0.2527220418636009;0.0;0.00774494998866184;0.13334230365600327;0.049513540789920533;0.0;0.0;0.0;0.0;-0.10222779656607632
1407.0;50.0020150605184;-0.335068032;0.004374451303047665;2.135714758184395e-15;0.23315822547177723;0.0;0.008078400008568715;0.13675701208439;0.05493599999999999;0.0;0.0;3.0571661844314134e-13;0.0;-0.10222779656140431
1408.0;67.8076225573034;-0.32677097600000005;0.0075599999999674955;2.5269647736494018e-15;0.19621446117590272;0.0;0.00784484999123178;0.13682283839742748;0.05493599999999999;0.0;0.0;3.6308193062797574e-13;0.0;-0.07652256266297745
1409.0;67.80711601899539;-0.31669914400000004;0.007559999999967494;2.5269497036156397e-15;0.13861115496304688;0.0;0.007365599986011755;0.13238371744157013;0.05493599999999999;0.0;0.0;3.6307971274416807e-13;0.0;-0.024078241174824867
1410.0;128.1978329755895;-0.308726072;0.007559999999992651;6.672525549371574e-15;0.07245057442566252;0.0;0.007136099987095813;0.1227525934339649;0.05493599999999999;1.0088702024881258e-14;0.04392239957081591;9.985020164996919e-13;2.4296308433615752e-14;-2.331063197234735e-12
1411.0;161.26790371917804;-0.303477896;0.0075599999999948556;6.562783415398935e-14;0.02100835396507934;0.0;0.007614000000296775;0.11550765273542578;0.05493599999999999;0.03368812051699504;0.0629999999997745;2.392685313886729e-11;5.0034285208646686e-14;-1.578220294976887e-12
1412.0;165.02396666454453;-0.3047854160000001;0.0075599999999950256;0.0007067438274314442;0.0042160782028065604;0.0;0.007699050005876862;0.11707924097942561;0.05493599999999999;0.03569999999989847;0.06299999999979787;0.013481999985148556;5.687194478905603e-14;-1.5237897216115784e-12
1413.0;162.70595658368876;-0.30138644000000003;0.007559999999994922;1.0657618265468127e-13;0.0021345795360742815;0.0;0.0063949499838567405;0.12038698287306533;0.05493599999999999;0.03569999999977368;0.06299999999978405;0.011015906298110636;5.244842523498043e-14;-1.5569017573778716e-12
1414.0;162.70595847462252;-0.29516156800000004;0.0075599999999949215;1.0657648679015638e-13;0.002217991057473724;0.0;0.005616000013436701;0.12120980387219828;0.05493599999999999;0.03569999999977368;0.06299999999978405;0.004664120894539167;5.244843679912695e-14;-1.5569016613525423e-12
1415.0;161.26779375593884;-0.28729423200000004;0.0075599999999948556;6.562448098470629e-14;0.0022179910574727678;0.0;0.004884300017876628;0.1218804032653363;0.05493599999999999;0.032645766920622064;0.06299999999977451;2.3923679788551036e-11;5.003397879869147e-14;-1.5782231725509851e-12
1416.0;161.267800388577;-0.27883465600000007;0.0075599999999948556;6.562455698803522e-14;0.002168702103180951;0.0;0.003871799987756575;0.12282253384442492;0.05493599999999999;0.02430567730663025;0.06299999999977451;2.3923751710366742e-11;5.003398574411348e-14;-1.5782231073241749e-12
1417.0;128.19717495596691;-0.19975726400000005;0.007559999999995428;4.175074108121154e-15;0.0015924035857901178;0.0;0.004704749999037393;0.11393606373780492;0.05493599999999999;6.322413895797103e-15;0.017053492327578787;6.247599239087426e-13;1.5201822273075134e-14;-1.1696310033787819e-12
1418.0;128.19711320070618;-0.196903552;0.007559999999995428;4.1750678327917226e-15;0.000887196083360031;0.0;0.005071949988837412;0.10677340423480018;0.05493599999999999;6.32240344269995e-15;0.02170095247084221;6.247589221856796e-13;1.5201809189371977e-14;-1.1696317194806187e-12
1419.0;128.1970665508354;-0.19438890400000003;0.007559999999995428;4.175063129744016e-15;0.0004928865714452662;0.0;0.0049639500130174066;0.10121524726273971;0.05493599999999999;6.322395608624234e-15;0.02524717769720652;6.247581714440002e-13;1.5201799383772663e-14;-1.1696322561653263e-12
1420.0;128.1970215897559;-0.191979576;0.007559999999995427;4.175058615603884e-15;0.00018198900541389776;0.0;0.0053270999843974265;0.09578462655828208;0.05493599999999999;6.322388089222078e-15;0.02821662262177817;6.247574508577071e-13;1.5201789972030874e-14;-1.1696327712948445e-12
1421.0;128.19705318363222;-0.19243964800000002;0.007559999999995428;4.175061720569545e-15;0.00015165750449737736;0.0;0.005752349991117449;0.09986581952790818;0.05493599999999999;6.3223932613009326e-15;0.02420025352421651;6.247579464993671e-13;1.520179644572083e-14;-1.169632416972546e-12
1422.0;128.1970763899442;-0.193973256;0.007559999999995428;4.175065040841626e-15;0.003984800667520168;0.0;0.005831999986257453;0.09875501095298798;0.05493599999999999;6.322398792023571e-15;0.02293233667417167;6.247584765101747e-13;1.5201803368308136e-14;-1.1696320380817427e-12
1423.0;128.19719736058224;-0.19861175199999997;0.007559999999995428;4.175081225176732e-15;0.01979888541911664;0.0;0.005602499987337441;0.09740558397179219;0.05493599999999999;6.322425750998918e-15;0.013337312755591812;6.247610599957156e-13;1.5201837111716277e-14;-1.169630191228041e-12
1424.0;47.48868757396909;-0.20988000800000003;0.0;1.3077396367846592e-15;0.060488589865886316;0.0;0.0053500499969925674;0.09455450840332282;0.05493599999999999;0.0;0.0;1.8711306686081071e-13;0.0;-0.005447126329651298
1425.0;47.48911344690274;-0.22445043200000003;0.0;1.3077451945713354e-15;0.11279904980553526;0.0;0.005032800008452551;0.095179852724409;0.05493599999999999;0.0;0.0;1.8711387797375006e-13;0.0;-0.04348965433471471
1426.0;47.489481945831514;-0.23674084;0.0;1.3077499233700114e-15;0.15649157326766924;0.0;0.004612949990992528;0.09615901018063142;0.05493599999999999;0.0;0.0;1.8711456810289112e-13;0.0;-0.07544682206150341
1427.0;47.489684111476905;-0.24482616799999998;0.0;1.3077524625958071e-15;0.17754163278131466;0.0;0.0050247000139725505;0.10048293565399238;0.05493599999999999;0.0;0.0;1.8711493868195105e-13;0.0;-0.09314525223552626
1428.0;37.69645626714379;-0.249091648;0.0;1.2072239705702092e-15;0.1861140722196371;0.0;0.005065200007550549;0.10580247572701434;0.05493599999999999;0.0;0.0;1.7246614504513782e-13;0.0;-0.10222779656041403
1429.0;10.001508722927111;-0.24960769600000005;0.0;0.0;0.19181260247598145;0.0;0.005050350010583618;0.11561461926880107;0.039364147351388594;0.0;0.0;0.0;0.0;-0.1022277965661055
1430.0;10.001582545340579;-0.24808657600000006;0.0;0.0;0.19169506796299046;0.0;0.004661550000203598;0.1252004874507881;0.02876271501532794;0.0;0.0;0.0;0.0;-0.1022277965661055
1431.0;10.00156498963578;-0.2456872;0.0;0.0;0.18151505855154873;0.0;0.0053433000156836346;0.1337989692279984;0.02726144354421456;0.0;0.0;0.0;0.0;-0.1022277965661055
1432.0;10.00146588989236;-0.242223896;0.0;0.0;0.1599341979841062;0.0;0.0053311500027836325;0.14409657777771706;0.03509062955429767;0.0;0.0;0.0;0.0;-0.10222779656610552
1433.0;47.48960048689726;-0.23734235200000003;0.0;1.307750249706117e-15;0.12427952226571232;0.0;0.005641650010072583;0.14664321013461085;0.05493599999999999;0.0;0.0;1.8711461572895226e-13;0.0;-0.0941529846659301
1434.0;47.489321361833056;-0.23436888800000005;0.0;1.3077464244058653e-15;0.08311588742719074;0.0;0.00539595000101257;0.1536125063033924;0.05493599999999999;0.0;0.0;1.871140574579326e-13;0.0;-0.06269133594224689
1435.0;47.488955490061684;-0.227596648;0.0;1.3077417331748156e-15;0.03997691438738819;0.0;0.004611599998972528;0.1523001061993304;0.05493599999999999;0.0;0.0;1.8711337281155144e-13;0.0;-0.024232053946819567
1436.0;83.60167815721294;-0.226219088;0.00755999999998927;1.8880360890311247e-15;0.010471949948451062;0.0;0.005278499996335898;0.14852747129284533;0.05493599999999999;0.0;1.0634492922054584e-13;2.7256052768820785e-13;0.0;-2.400088687286805e-12
1437.0;128.19745668274672;-0.224676288;0.007559999999995428;4.175102340097676e-15;0.003340256591407075;0.0;0.00464535001127739;0.1481777715015589;0.05493599999999999;6.3224609231018614e-15;0.0060397836588275775;6.247644305467113e-13;1.52018811349341e-14;-1.1696277817580366e-12
1438.0;128.1974422615472;-0.22337565600000003;0.007559999999995428;4.175100703347209e-15;0.0025402630955523673;0.0;0.004567050008157385;0.147182158409135;0.05493599999999999;6.322458196689521e-15;0.006613060563350463;6.2476416927396e-13;1.52018777224231e-14;-1.1696279685301456e-12
1439.0;128.19746030304142;-0.22091274400000005;0.007559999999995428;4.17510250196431e-15;0.0025440545862274273;0.0;0.004851899997597401;0.14939966146151615;0.05493599999999999;6.322461192730833e-15;0.0016438280912454545;6.247644563852487e-13;1.5201881472414096e-14;-1.1696277632873003e-12
1440.0;50.00124072247696;-0.21614473600000006;0.0046748212162395445;1.3363080735249975e-15;0.0025402630954190855;0.0;0.005117849992852943;0.14886482728445793;0.05493599999999999;0.0;0.0;1.912842150009846e-13;0.0;-3.036986024591456e-11
1441.0;128.19706742020708;-0.218532616;0.007559999999995772;3.8648058840817254e-15;0.002381023034109935;0.0;0.0009503999947774039;0.09931452971472891;0.05493599999999999;5.853706997387914e-15;0.053417355701623044;5.783296405342069e-13;1.4072032887538036e-14;-1.2339157559163888e-12
1442.0;128.19706049713784;-0.21351885600000003;0.007559999999995772;3.864805181588745e-15;0.0020966650538360738;0.0;0.0009477000107374037;0.0987303263682358;0.05493599999999999;5.8537058267237835e-15;0.04927487624540999;5.783295283968468e-13;1.4072031422893593e-14;-1.2339158647798714e-12
1443.0;128.19705801226627;-0.21104127200000006;0.007559999999995772;3.864804870692629e-15;0.0017592266285953368;0.0;0.0013472999996374253;0.09877146734282886;0.05493599999999999;5.8537053086328586e-15;0.04669395376201524;5.78329478769112e-13;1.4072030774702263e-14;-1.2339159129587994e-12
1444.0;128.1970591033252;-0.21227541600000005;0.007559999999995772;3.864804918162568e-15;0.0015506980373387069;0.0;0.002269350013737475;0.09913350867288366;0.05493599999999999;5.853705387738467e-15;0.046852485856256086;5.783294863467068e-13;1.4072030873671515e-14;-1.2339159056024754e-12
1445.0;128.197068746338;-0.21707993600000003;0.007559999999995772;3.864806199977478e-15;0.003162058652105392;0.0;0.002535300008997489;0.09865215851650896;0.05493599999999999;5.853707523810018e-15;0.050261239827500595;5.783296909600677e-13;1.4072033546153134e-14;-1.2339157069628061e-12
1446.0;128.19711820954282;-0.22904183200000006;0.007559999999995772;3.864813573708301e-15;0.014627364725098227;0.0;0.0029132999984975098;0.09277309968171532;0.05493599999999999;5.85371981171615e-15;0.056260468399031545;5.783308680135741e-13;1.4072048919778185e-14;-1.2339145642785508e-12
1447.0;128.1973134262708;-0.24022649600000007;0.007559999999995772;3.8648397750341695e-15;0.048257413713265467;0.0;0.003441149991777538;0.08195300000102886;0.05493599999999999;5.8537634747792105e-15;0.04411145251979049;5.783350504794607e-13;1.407210354718812e-14;-1.2339105039937546e-12
1448.0;128.19775069571236;-0.26091489600000006;0.007559999999995773;3.8648941314741945e-15;0.10622469793711954;0.0;0.0036854999876375512;0.07621793608458247;0.05493599999999999;5.853854056974181e-15;0.012329349005333792;5.783437273027859e-13;1.4072216874466944e-14;-1.2339020809216275e-12
1449.0;60.512396128169925;-0.27690419200000005;0.007559999999968105;1.3614157807216885e-15;0.1721994975538789;0.0;0.003923100002214602;0.07464223374307392;0.05493599999999999;0.0;0.0;1.9527944364491074e-13;0.0;-0.036444741777517935
1450.0;60.5129014530004;-0.2909748240000001;0.007559999999968107;1.3614232998706262e-15;0.22965114626215213;0.0;0.0041094000023346134;0.07869051393302558;0.05493599999999999;0.0;0.0;1.95280546488684e-13;0.0;-0.08405492960609154
1451.0;10.001877605338793;-0.30131185600000004;0.0;0.0;0.26488118139221706;0.0;0.004492800002246314;0.08505503626753144;0.049126375903987565;0.0;0.0;0.0;0.0;-0.1022277965666185
1452.0;10.002007508627832;-0.30359755200000005;0.0;0.0;0.27471237790639286;0.0;0.004814100009206332;0.09119328324226145;0.03512178879260225;0.0;0.0;0.0;0.0;-0.10222779656661851
1453.0;10.002024294266704;-0.301906304;0.0;0.0;0.2722024463116718;0.0;0.004847850000326334;0.09601913011292941;0.031080246425538503;0.0;0.0;0.0;0.0;-0.10222779656661851
1454.0;10.002006304129576;-0.30072712;0.0;0.0;0.2600205586887077;0.0;0.004873499996966335;0.1066952363825401;0.03137916072521282;0.0;0.0;0.0;0.0;-0.1022277965666185
1455.0;10.00189437504988;-0.29706776000000007;0.0;0.0;0.238784718678888;0.0;0.0056308500103463745;0.11498104675284301;0.03990976274372274;0.0;0.0;0.0;0.0;-0.10222779656661851
1456.0;50.001699890398434;-0.291096664;0.0027033778150587786;1.237005919030306e-15;0.2057575086436688;0.0;0.006905250017333582;0.12302823871733617;0.05493599999999999;0.0;0.0;1.7706958748843556e-13;0.0;-0.10222779656136241
1457.0;60.51269592996853;-0.283047264;0.007559999999968105;1.3614187522434875e-15;0.15820151136659855;0.0;0.00685800000011476;0.12828606657488742;0.05493599999999999;0.0;0.0;1.952798794820328e-13;0.0;-0.07288796117830833
1458.0;60.51234911601126;-0.27551837600000006;0.007559999999968104;1.3614133727277133e-15;0.11161612169433785;0.0;0.006610949999034747;0.13319419614837724;0.05493599999999999;0.0;0.0;1.952790904612523e-13;0.0;-0.038497536709161284
1459.0;60.51207427478051;-0.265031744;0.0075599999999681035;1.3614078673021152e-15;0.06192554445656693;0.0;0.0063652500111547345;0.13661713277087845;0.05493599999999999;0.0;0.0;1.9527828297325104e-13;0.0;-0.0024824570960341563
1460.0;128.19741386064544;-0.252744224;0.007559999999995772;3.8648429976083135e-15;0.0244661446451081;0.0;0.006748649989917715;0.12017716314902126;0.05493599999999999;5.853768845024367e-15;0.03888342517577807;5.783355648928473e-13;1.4072110265941643e-14;-1.2339100046135485e-12
1461.0;128.1972435555494;-0.24556228799999996;0.007559999999995773;3.864822922251906e-15;0.006274828774481811;0.0;0.006369299987217695;0.1177374980802018;0.05493599999999999;5.8537353905409625e-15;0.052710255606375614;5.783323603026135e-13;1.4072068410686658e-14;-1.2339131155731409e-12
1462.0;128.197273549613;-0.24309041600000006;0.007559999999995773;3.8648246918808806e-15;0.002403771129192383;0.0;0.005760449985597662;0.12570652294613802;0.05493599999999999;5.853738339529511e-15;0.04674825398985571;5.783326427849994e-13;1.4072072100204611e-14;-1.2339128413422951e-12
1463.0;128.1972703818339;-0.23620865600000004;0.007559999999995773;3.864824385879438e-15;0.002335525570493177;0.0;0.0050584500050976245;0.1253732802982984;0.05493599999999999;5.853737829594474e-15;0.04097000223771194;5.783325939385367e-13;1.4072071462220561e-14;-1.2339128887618713e-12
1464.0;128.19721428211608;-0.22148084000000004;0.007559999999995773;3.864819242195285e-15;0.0022293651050433795;0.0;0.005121900011277627;0.11829701684193906;0.05493599999999999;5.85372925793053e-15;0.033361716296883885;5.783317728625171e-13;1.4072060738088876e-14;-1.2339136858551332e-12
1465.0;161.26748775650745;-0.21832861600000003;0.007559999999996362;4.6665920462716746e-14;0.0020094616172795336;0.0;0.0017414999992775106;0.08292804335979302;0.05493599999999999;0.005986845936903957;0.06299999999984075;1.701831108852515e-11;3.5569091890403977e-14;-1.1219719787067872e-12
1466.0;161.26747928391404;-0.216566064;0.007559999999996362;4.6665815475143943e-14;0.0015658635755569058;0.0;0.0018683999904575176;0.08231504208472047;0.05493599999999999;0.005153999380485295;0.06299999999984075;1.7018211609124472e-11;3.556908230089267e-14;-1.1219720687676274e-12
1467.0;161.26743650990696;-0.214501992;0.007559999999996362;4.666534213923073e-14;0.001236008556150241;0.0;0.0018981000055175194;0.07718475049479229;0.05493599999999999;0.00852075278985698;0.06299999999984075;1.7017763115657625e-11;3.5569039066120147e-14;-1.1219724748121853e-12
1468.0;161.26742003887315;-0.212828736;0.007559999999996363;4.666516408520872e-14;0.0012511740943665242;0.0;0.001775250011577512;0.0750577575865159;0.05493599999999999;0.009082345878563231;0.06299999999984075;1.701759441034197e-11;3.5569022802372824e-14;-1.1219726275554281e-12
1469.0;161.26738523610823;-0.21512872000000005;0.007559999999996363;4.666479388923924e-14;0.0014862431203485687;0.0;0.0017995499950175136;0.07034710619834428;0.05493599999999999;0.01583401206964831;0.06299999999984075;1.701724365804839e-11;3.5568988987707596e-14;-1.1219729451313652e-12
1470.0;161.26737550677404;-0.22375126400000006;0.007559999999996363;4.6664827101265426e-14;0.006161085752167764;0.0;0.0017792999876375126;0.06411834907950953;0.05493599999999999;0.02603167144737659;0.06299999999984075;1.701727512532569e-11;3.5568992021398955e-14;-1.1219729166398527e-12
1471.0;161.2675127494208;-0.23798900000000003;0.007559999999996363;4.666698490084152e-14;0.028765634793905783;0.0;0.0013540500020974902;0.05761806077472474;0.05493599999999999;0.02459310377002064;0.06299999999984077;1.7019319721263584e-11;3.556918911356195e-14;-1.1219710656290515e-12
1472.0;128.19732840995607;-0.2548195280000001;0.007559999999994796;4.743658625038828e-15;0.07480505744964924;0.0;0.001209600008756816;0.05571322988287525;0.05493599999999999;7.180887897604963e-15;0.060632848553978894;7.09846962279025e-13;1.727223012832114e-14;-1.6571833413833903e-12
1473.0;128.19777975922668;-0.26961154400000004;0.007559999999994795;4.743726408935937e-15;0.1311306491333362;0.0;0.0011272499872168116;0.05340110183529431;0.05493599999999999;7.181000722428919e-15;0.0214993660951439;7.098577826634627e-13;1.7272371455221028e-14;-1.6571703952707165e-12
1474.0;67.80680345673817;-0.27952185600000007;0.0075599999999769124;1.7964498783701166e-15;0.17522506466416485;0.0;0.0010003500172139112;0.05571734322664916;0.05493599999999999;0.0;0.0;2.5811760588831744e-13;0.0;-0.014793021645165877
1475.0;67.80703603333733;-0.28806745600000006;0.0075599999999769124;1.796454827998425e-15;0.20232246605877108;0.0;0.000757349992193898;0.057107911182438034;0.05493599999999999;0.0;0.0;2.5811833432434777e-13;0.0;-0.03448972715284523
1476.0;67.80716231245171;-0.293033136;0.0075599999999769124;1.7964573743776366e-15;0.21399630157198848;0.0;0.0006183000092938906;0.060958715447978665;0.05493599999999999;0.0;0.0;2.581187090745952e-13;0.0;-0.04490877964471289
1477.0;67.80722672813087;-0.29394214400000007;0.007559999999976913;1.7964584746617935e-15;0.21541809062438982;0.0;0.00046575000029388245;0.06776344771838794;0.05493599999999999;0.0;0.0;2.581188710032651e-13;0.0;-0.05207412830307042
1478.0;67.80726272398971;-0.29318744799999996;0.0075599999999769124;1.7964589662672626e-15;0.21338967197814201;0.0;0.00041850000425388;0.074588749722458;0.05493599999999999;0.0;0.0;2.5811894335277247e-13;0.0;-0.057579183119526145
1479.0;67.80717764059429;-0.289008456;0.0075599999999769124;1.7964568827270067e-15;0.1971281972696639;0.0;0.0005170499935738853;0.08096150025236855;0.05493599999999999;0.0;0.0;2.5811863671841866e-13;0.0;-0.051970101936201545
1480.0;67.80694896425854;-0.283048648;0.0075599999999769124;1.7964519997748377e-15;0.16984501537888347;0.0;0.0005481000006538869;0.08050072133692611;0.05493599999999999;0.0;0.0;2.5811791809507685e-13;0.0;-0.03021967865778053
1481.0;128.19796289043958;-0.275396856;0.007559999999994796;4.743745903958199e-15;0.12754015797764556;0.0;0.0005265000012567792;0.08078870891276302;0.05493599999999999;7.181033171528007e-15;0.004085835864265841;7.098608946693352e-13;1.7272412101299516e-14;-1.6571666720062888e-12
1482.0;128.19760950121434;-0.26733036;0.007559999999994796;4.743693256785835e-15;0.08514051543186466;0.0;0.0005386499929767799;0.0805912307274448;0.05493599999999999;7.180945541355658e-15;0.03860016137069997;7.098524905630119e-13;1.7272302334438692e-14;-1.6571767269590433e-12
1483.0;161.26779243845635;-0.25755339200000005;0.007559999999996363;4.667042850898385e-14;0.0426574605157363;0.0;0.0005143500095374448;0.07865760115340305;0.05493599999999999;0.010065489404600754;0.06299999999984075;1.7022583294584615e-11;3.5569503617485924e-14;-1.1219681119894923e-12
1484.0;161.2675423956609;-0.249399072;0.007559999999996362;4.666686527470996e-14;0.01386149464532097;0.0;0.00040905001775743923;0.07728760368491072;0.05493599999999999;0.03217976180813878;0.06299999999984077;1.7019206363115568e-11;3.5569178187404324e-14;-1.1219711682423575e-12
1485.0;161.26750602117446;-0.24681265599999996;0.007559999999996362;4.666624782204445e-14;0.0037611056890875954;0.0;0.00044010000365744074;0.08351636080374548;0.05493599999999999;0.033432916059389535;0.06299999999984075;1.7018621277529237e-11;3.5569121791018567e-14;-1.121971697892411e-12
1486.0;161.26751662766895;-0.243143816;0.007559999999996362;4.666625106079259e-14;0.0026047171635847632;0.0;0.00045899999783744177;0.08599305274969873;0.05493599999999999;0.028424093428361278;0.06299999999984075;1.7018624346438793e-11;3.5569122086839033e-14;-1.1219716951142214e-12
1487.0;161.26751268897908;-0.23598852800000006;0.007559999999996362;4.666620575688996e-14;0.002517514151510261;0.0;0.00039285000761743835;0.08558164225013222;0.05493599999999999;0.021833593295132236;0.06299999999984075;1.7018581418345805e-11;3.5569117948855094e-14;-1.1219717339764074e-12
1488.0;161.2675162203603;-0.227723952;0.007559999999996362;4.6666243913389875e-14;0.002513723085319155;0.0;0.00035100000083743604;0.08603830782175109;0.05493599999999999;0.0131579558607919;0.06299999999984075;1.7018617573851205e-11;3.556912143400612e-14;-1.1219717012452841e-12
1489.0;47.49796505310075;-0.257935008;0.0;1.265436063647966e-15;0.0007886190236069617;0.0;0.015701849995373374;0.228723747156928;0.05493599999999999;0.0;0.0;1.8106040808230206e-13;0.0;-0.0422775047901574
1490.0;47.497927262717475;-0.25526574400000007;0.0;1.2654356994565587e-15;0.00039810100236725596;0.0;0.015512849990033365;0.22427639800615207;0.05493599999999999;0.0;0.0;1.8106035493147576e-13;0.0;-0.0399195903040936
1491.0;47.49793221625046;-0.25292446400000007;0.0;1.2654357412572e-15;0.00019715496797679117;0.0;0.014682600005153323;0.22514447558460884;0.05493599999999999;0.0;0.0;1.8106036103193278e-13;0.0;-0.042097834361035445
1492.0;47.49792038722053;-0.25259808000000006;0.0;1.2654356299095716e-15;0.00019336347730173186;0.0;0.01377269998277327;0.22361402756156776;0.05493599999999999;0.0;0.0;1.8106034478165945e-13;0.0;-0.03997996292255535
1493.0;47.497922453990995;-0.25917629600000003;0.0;1.2654356468312565e-15;0.00019715496797679112;0.0;0.012471300008333202;0.2237950478497773;0.05493599999999999;0.0;0.0;1.8106034725123302e-13;0.0;-0.03228519964432456
1494.0;47.4979307076369;-0.2748135440000001;0.0;1.2654357176199233e-15;0.0004701384762254745;0.0;0.010042650004313071;0.22413240534871198;0.05493599999999999;0.0;0.0;1.8106035758227943e-13;0.0;-0.014829786786961188
1495.0;50.001729401697624;-0.287963864;0.0017766500141096627;1.2929916921433377e-15;0.0044587302100331195;0.0;0.009929249996873437;0.2168463221682987;0.05493599999999999;0.0;0.0;1.850836836122632e-13;0.0;-2.9468955123569514e-11
1496.0;47.49807085142676;-0.298664608;0.0;1.2654377841851042e-15;0.031002582455748627;0.0;0.011195549988173134;0.20869216367032295;0.05493599999999999;0.0;0.0;1.8106065918096447e-13;0.0;-0.007219918890515599
1497.0;47.49841170111848;-0.309974776;0.0;1.265442555483163e-15;0.09119544029404991;0.0;0.011373749993813142;0.18957802467077925;0.05493599999999999;0.0;0.0;1.8106135551393427e-13;0.0;-0.03715887050292513
1498.0;47.49888973046168;-0.31990056;0.0;1.2654487189654463e-15;0.15652190391962537;0.0;0.011717999992193162;0.18181059133398478;0.05493599999999999;0.0;0.0;1.8106225502523584e-13;0.0;-0.08512922636046856
1499.0;10.002036763054756;-0.32749356800000007;0.0;0.0;0.1978713192534869;0.0;0.011164500002245137;0.17682840951301843;0.04385904858604896;0.0;0.0;0.0;0.0;-0.10222779656615762
1500.0;10.002265701167483;-0.33148262400000006;0.0;0.0;0.21682092222254226;0.0;0.010993049999065127;0.18597406775958808;0.01992539449593132;0.0;0.0;0.0;0.0;-0.10222779656615759
1501.0;10.00224040249295;-0.328196;0.0;0.0;0.21661997618815185;0.0;0.013363650007345258;0.18294608524681616;0.017497321971323084;0.0;0.0;0.0;0.0;-0.10222779656615759
1502.0;10.002197698450443;-0.32840945600000004;0.0;0.0;0.20694043675407467;0.0;0.014638049993125323;0.18778838850732132;0.021272290150556757;0.0;0.0;0.0;0.0;-0.10222779656615759
1503.0;10.001942018441348;-0.324507272;0.0;0.0;0.18522687613542485;0.0;0.015056549997385345;0.17816137935074125;0.04829084603054825;0.0;0.0;0.0;0.0;-0.1022277965661576
1504.0;47.49871652683961;-0.3166155600000001;0.0;1.2654468324401091e-15;0.14650871839995042;0.0;0.015060599994653341;0.16998253551486078;0.05493599999999999;0.0;0.0;1.8106197970183957e-13;0.0;-0.06991570992258002
1505.0;47.498180284687514;-0.30631732;0.0;1.2654403626953147e-15;0.09071013670386954;0.0;0.01489185001787333;0.1599441158587142;0.05493599999999999;0.0;0.0;1.810610354939887e-13;0.0;-0.014213053511944526
1506.0;128.19772220026525;-0.2940771360000001;0.007559999999995578;4.039794178360744e-15;0.03720537375659122;0.0;0.015990750003238092;0.14611660415263303;0.05493599999999999;6.118085271329138e-15;0.03229472304115026;6.04516499349884e-13;1.470911926053012e-14;-1.1317816017124654e-12
1507.0;128.19750249073434;-0.29219852;0.007559999999995579;4.039765611002469e-15;0.008003723902235948;0.0;0.016249950017218108;0.14907876110605603;0.05493599999999999;6.118037676589789e-15;0.05639333793102846;6.04511939180405e-13;1.4709059700176904e-14;-1.131784862022826e-12
1508.0;128.19756234207216;-0.29188112000000005;0.007559999999995578;4.0397697534560815e-15;0.002009461617274048;0.0;0.016627950006718125;0.1631366630235748;0.05493599999999999;6.118044578134475e-15;0.0476325930842118;6.045126004344804e-13;1.4709068336840765e-14;-1.1317843892523999e-12
1509.0;128.1976538404565;-0.286755368;0.007559999999995578;4.0397783032448246e-15;0.0013421690215945532;0.0;0.01667249999753813;0.17557360677394782;0.05493599999999999;6.118058822533186e-15;0.03069157983130591;6.045139652258292e-13;1.4709086162397173e-14;-1.131783413485644e-12
1510.0;128.19770071064954;-0.27809142400000003;0.007559999999995578;4.03978271664805e-15;0.0011298480906949573;0.0;0.0161675999956781;0.18180647799024188;0.05493599999999999;6.1180661754975554e-15;0.016511466053140883;6.04514669731421e-13;1.4709095363941383e-14;-1.131782909796861e-12
1511.0;63.11753125837944;-0.26974277599999996;0.007559999999973246;1.4590869223838315e-15;0.0007507049658792931;0.0;0.01646459999801526;0.18811340296075446;0.05493599999999999;0.0;0.0;2.0940893669044565e-13;0.0;-5.024036492279251e-12
1512.0;47.49771320126707;-0.2612700640000001;0.0;1.2654335903554677e-15;0.0003943095116921958;0.0;0.016048799998973393;0.19323546560209665;0.05493599999999999;0.0;0.0;1.8106004712500702e-13;0.0;-0.0034051754953196927
1513.0;47.505471470716365;-0.24352615200000005;0.0;1.875269588232196e-15;6.445491666229127e-5;0.0;0.00807570000334937;0.22686417133708064;0.05493599999999999;0.0;0.0;2.6831808717766443e-13;0.0;-0.046509595069933234
1514.0;47.50529875113972;-0.18529257600000004;0.0;1.875267222343375e-15;7.582853971956061e-5;0.0;0.007117200014089316;0.205322710314731;0.05493599999999999;0.0;0.0;2.6831774189034967e-13;0.0;-0.08225265436976074
1515.0;47.505284026437494;-0.18520480800000003;0.0;1.8752670161593936e-15;6.445491666229016e-5;0.0;0.008009549991949364;0.20341376457179794;0.05493599999999999;0.0;0.0;2.6831771179906995e-13;0.0;-0.08131231276726714
1516.0;47.50539798089148;-0.23270411200000007;0.0;1.875268569548922e-15;6.445491666229084e-5;0.0;0.007042950008209313;0.21745109600202017;0.05493599999999999;0.0;0.0;2.68317938506942e-13;0.0;-0.04688505462395197
1517.0;47.50536966927328;-0.23127147999999997;0.0;1.875268175845433e-15;6.445491666229066e-5;0.0;0.007129350005809318;0.21379776992179778;0.05493599999999999;0.0;0.0;2.683178810482366e-13;0.0;-0.044750476547916467
1518.0;47.505374345512756;-0.232540728;0.0;1.8752682407295833e-15;7.962003039462033e-5;0.0;0.006886350001969304;0.21436963022227729;0.05493599999999999;0.0;0.0;2.6831789051774855e-13;0.0;-0.04382530204855553
1519.0;47.50540324506544;-0.23644644800000003;0.0;1.8752686543550286e-15;0.00040947547428523947;0.0;0.007869149995849358;0.21773085538288886;0.05493599999999999;0.0;0.0;2.683179508838904e-13;0.0;-0.04459369670649003
1520.0;47.505457256267974;-0.242295152;0.0;1.8752695948712242e-15;0.0054369207961095945;0.0;0.008757449997649406;0.21931478667290094;0.05493599999999999;0.0;0.0;2.6831808814655143e-13;0.0;-0.046244303111875905
1521.0;47.50567514455033;-0.25229089600000004;0.0;1.8752737859597648e-15;0.036022445645083584;0.0;0.00997244999566947;0.214850980378652;0.05493599999999999;0.0;0.0;2.6831869981078715e-13;0.0;-0.06358189189584328
1522.0;47.506017141120935;-0.265299024;0.0;1.8752803145173583e-15;0.08137561782730816;0.0;0.010827000006349514;0.21173248772177533;0.05493599999999999;0.0;0.0;2.6831965261480234e-13;0.0;-0.09365788449086737
1523.0;10.001641902977747;-0.27397151999999997;0.0;0.0;0.12209186270771175;0.0;0.010890449991308032;0.2069806946046629;0.03622847717861483;0.0;0.0;0.0;0.0;-0.10222779656541427
1524.0;10.00183769768648;-0.27888935200000003;0.0;0.0;0.14387746122470377;0.0;0.011442599989208062;0.20885672756792156;0.016934485079983713;0.0;0.0;0.0;0.0;-0.10222779656541425
1525.0;10.00195646772859;-0.28368704800000005;0.0;0.0;0.14898073551106142;0.0;0.011771999990648081;0.21864830062287396;0.006507656165014411;0.0;0.0;0.0;0.0;-0.10222779656541424
1526.0;10.001912757746833;-0.28218480800000006;0.0;0.0;0.1318017332182215;0.0;0.01362285000012818;0.23134443402045474;0.007634744367759977;0.0;0.0;0.0;0.0;-0.10222779656541424
1527.0;10.00172249147007;-0.2774624;0.0;0.0;0.10193658225886171;0.0;0.014353200003668213;0.2387868521506924;0.024601234292432075;0.0;0.0;0.0;0.0;-0.10222779656541427
1528.0;47.5060268492509;-0.269882816;0.0;1.8752798760132595e-15;0.05981750620391602;0.0;0.013892850013849682;0.2420205395371417;0.05493599999999999;0.0;0.0;2.683195886176995e-13;0.0;-0.10087252978466915
1529.0;47.50594049507115;-0.2727893840000001;0.0;1.875276802707275e-15;0.01802828389368875;0.0;0.01460159999680972;0.2684660160355218;0.05493599999999999;0.0;0.0;2.6831914008707736e-13;0.0;-0.08333931352167064
1530.0;47.50601784589584;-0.286138248;0.0;1.8752773029784253e-15;0.003048315205054608;0.0;0.01511459999314975;0.2942614628744241;0.05493599999999999;0.0;0.0;2.683192130986911e-13;0.0;-0.08132246901276072
1531.0;47.506134366330976;-0.287293936;0.0;1.8752790423578786e-15;0.0001289085602024882;0.0;0.015403500001009762;0.31716469392398317;0.05493599999999999;0.0;0.0;2.6831946695070173e-13;0.0;-0.10043995298458151
1532.0;47.40201105910623;-0.28514912;0.0;1.8736160015232224e-15;8.341194555291252e-5;0.0;0.015051150008149716;0.31720172080111647;0.05493599999999999;0.0;0.0;2.6807676037641124e-13;0.0;-0.10222779552826201
1533.0;17.295610504527204;-0.28020042400000006;0.0;0.0;7.582853914593546e-5;0.0;0.015163200002370501;0.3158111528449978;0.05493599999999999;0.0;0.0;0.0;0.0;-0.10222779656472479
1534.0;10.001466815548808;-0.274181688;0.0;0.0;6.824598161680639e-5;0.0;0.014775750005168236;0.3145769205922809;0.04696031870010142;0.0;0.0;0.0;0.0;-0.1022277965654143
1535.0;10.001402320773593;-0.26942925600000006;0.0;0.0;6.82459816167976e-5;0.0;0.015057900010568252;0.30631168070927445;0.05019163827089527;0.0;0.0;0.0;0.0;-0.1022277965654143
1536.0;10.001362929949266;-0.26310120800000003;0.0;0.0;7.20374722918522e-5;0.0;0.015186149993768258;0.3012595584783446;0.04878407573999361;0.0;0.0;0.0;0.0;-0.1022277965654143
1537.0;9.983230471089287;-0.32347585999999995;0.0;0.0;6.892751576906067e-5;0.0;0.015352019993224301;0.4215311685417649;0.0;0.0;0.0;0.0;0.0;-0.11341234921274956
1538.0;9.638241054852555;-0.32059968799999994;0.0;0.0;6.487247523800213e-5;0.0;0.015119730015030515;0.42278441121521393;0.0;0.0;0.0;0.0;0.0;-0.11773471844598957
1539.0;6.876147091095829;-0.318410834;0.0;0.0;6.487247463813786e-5;0.0;0.015201944999930396;0.4218835037981584;0.0;0.0;0.0;0.0;0.0;-0.11773471869673041
1540.0;7.487607722216846;-0.31537797199999995;0.0;0.0;6.89275152870603e-5;0.0;0.014618609987988078;0.4191272607587445;0.0;0.0;0.0;0.0;0.0;-0.11773471868882993
1541.0;0.0015979082913488865;-0.3166832319999999;0.0;0.0;6.888892980038241e-5;0.0;0.012707169129230539;0.4216349950656919;0.0;0.0;0.0;0.0;0.0;-0.11773471871885431
1542.0;0.0015911092750831848;-0.3221122799999999;0.0;0.0;6.888962095691148e-5;0.0;0.012813113477591854;0.42695916029283415;0.0;0.0;0.0;0.0;0.0;-0.1177347187188543
1543.0;6.621481142060457;-0.33615128999999994;0.0;0.0;8.91999937912168e-5;0.0;0.014660370007293666;0.4402852134322908;0.0;0.0;0.0;0.0;0.0;-0.11773471869917437
1544.0;9.992920956037022;-0.3539996959999999;0.0;0.0;0.002165118796373493;0.0;0.014489415014626287;0.44424117917330896;0.003619553905641203;0.0;0.0;0.0;0.0;-0.11051596268367614
1545.0;9.992997200261435;-0.36177704;0.0;0.0;0.011689208210151698;0.0;0.011768490005752105;0.43459433016898913;0.004936791613494449;0.0;0.0;0.0;0.0;-0.10121511896682482
1546.0;9.993092587521483;-0.3677933539999999;0.0;0.0;0.03297954252583222;0.0;0.0117645750084201;0.428216617744168;0.004862876984627639;0.0;0.0;0.0;0.0;-0.1100344901850863
1547.0;0.0010154304925274623;-0.37488453;0.0;0.0;0.06363088969640975;0.0;0.011274261765447035;0.41771291887331036;0.0;0.0;0.0;0.0;0.0;-0.1177347187188548
1548.0;0.0010154237847482769;-0.379856706;0.0;0.0;0.08369261044163345;0.0;0.008355062074183526;0.40554257485810236;0.0;0.0;0.0;0.0;0.0;-0.11773471871885478
1549.0;0.0010154233907050509;-0.380415516;0.0;0.0;0.08919389903828509;0.0;0.008569397742649105;0.4003857606281281;0.0;0.0;0.0;0.0;0.0;-0.11773471871885478
1550.0;0.0010154242363952556;-0.37744650999999996;0.0;0.0;0.07792522012081017;0.0;0.008509808064396013;0.4087450231425648;0.0;0.0;0.0;0.0;0.0;-0.11773471871885478
1551.0;0.0010154330779896601;-0.37394642199999995;0.0;0.0;0.05897068748532192;0.0;0.01128988538372434;0.4214193896973473;0.0;0.0;0.0;0.0;0.0;-0.11773471871885478
1552.0;9.993128195389456;-0.36789196399999996;0.0;0.0;0.033283631976854605;0.0;0.012106484993804126;0.41901576251858536;0.004832722905005051;0.0;0.0;0.0;0.0;-0.10135097024116176
1553.0;9.993056174255726;-0.36500490199999996;0.0;0.0;0.012269005914303042;0.0;0.011908124999314113;0.41948405594541033;0.015877719143855978;0.0;0.0;0.0;0.0;-0.09453750005546094
1554.0;9.99299615150112;-0.36655363399999996;0.0;0.0;0.0029719701691265895;0.0;0.011806335007260107;0.427150692114624;0.018517999081570844;0.0;0.0;0.0;0.0;-0.09389642265703663
1555.0;9.992970696965424;-0.3671942319999999;0.0;0.0;0.00024327201330604962;0.0;0.01142396999484808;0.43147683283045857;0.01825903879789796;0.0;0.0;0.0;0.0;-0.09421179575585042
1556.0;9.992976467171601;-0.36219086199999995;0.0;0.0;8.514495404715204e-5;0.0;0.008686080004359895;0.4298088158855646;0.017734839168473654;0.0;0.0;0.0;0.0;-0.09412694049532719
1557.0;9.993005020807727;-0.35380550999999993;0.0;0.0;7.703623490876993e-5;0.0;0.00831154500708587;0.42224029816793607;0.017291903772213214;0.0;0.0;0.0;0.0;-0.09411826169155083
1558.0;9.993010948403732;-0.343292552;0.0;0.0;7.703623490877074e-5;0.0;0.008149725001343859;0.42067039967462716;0.008312658433549551;0.0;0.0;0.0;0.0;-0.09392026963927394
1559.0;9.99303740700661;-0.33488890599999993;0.0;0.0;7.703623490877437e-5;0.0;0.009141524994267927;0.4136638355397643;0.0058789096338960735;0.0;0.0;0.0;0.0;-0.09387546412856862
1560.0;9.993051463527474;-0.32701788;0.0;0.0;7.70362349087763e-5;0.0;0.009724860006215965;0.40994424525191064;0.004877667184775886;0.0;0.0;0.0;0.0;-0.09760902373883037
1561.0;132.68080426862053;-0.28750498999999996;0.006719999999995475;3.4705639493850776e-15;6.892751713500818e-5;0.0;0.009996299998721772;0.2151608543046504;0.051012;6.330649981408233e-15;0.004573401922272814;5.174631539285969e-13;1.54454954965102e-14;-1.481968736370634e-12
1562.0;70.15740971817694;-0.283163572;0.006719999999981155;1.4816660768601192e-15;6.892751705782493e-5;0.0;0.01190551499431131;0.22068225942587902;0.051012;0.0;0.0;2.1323088113665585e-13;0.0;-0.007074401492056708
1563.0;70.157339284694;-0.28354552999999993;0.006719999999981155;1.4816648998554905e-15;7.29816496573274e-5;0.0;0.013153094990367396;0.22854959242788053;0.051012;0.0;0.0;2.1323070735996783e-13;0.0;-0.01581258779917868
1564.0;70.15727811425809;-0.284711066;0.006719999999981155;1.4816639737794631e-15;6.892751705782456e-5;0.0;0.014006565002489452;0.2362474481044167;0.051012;0.0;0.0;2.1323057063120018e-13;0.0;-0.023194866307629645
1565.0;70.15724613246492;-0.28730000599999994;0.006719999999981155;1.4816634942677997e-15;6.487247657956251e-5;0.0;0.0147517199997055;0.24021233370424677;0.051012;0.0;0.0;2.13230499834621e-13;0.0;-0.025312167192432112
1566.0;70.15715912062625;-0.294995318;0.006719999999981155;1.4816621931334463e-15;6.487247657956228e-5;0.0;0.015205860017801533;0.2509607869580642;0.051012;0.0;0.0;2.1323030773107443e-13;0.0;-0.028820121981996193
1567.0;70.15704584641075;-0.31218295199999996;0.006719999999981155;1.481660506950153e-15;9.730871495124096e-5;0.0;0.015237179996457535;0.2648713384805602;0.051012;0.0;0.0;2.1323005877770494e-13;0.0;-0.025607625627080886
1568.0;70.15697725503809;-0.332672568;0.006719999999981155;1.4816595027104801e-15;0.001800211002494694;0.0;0.015307650009855539;0.2739696145079536;0.051012;0.0;0.0;2.1322991050868207e-13;0.0;-0.015990062096757993
1569.0;70.15697058395259;-0.343058384;0.006719999999981154;1.4816594081579402e-15;0.009690325192011674;0.0;0.01530112498700354;0.2788621687361714;0.051012;0.0;0.0;2.1322989654863921e-13;0.0;-0.018380428339174384
1570.0;70.15706025976307;-0.34873508999999997;0.006719999999981155;1.4816607555765425e-15;0.028268179244087786;0.0;0.015342885006317544;0.27744836696248876;0.051012;0.0;0.0;2.1323009548570578e-13;0.0;-0.029908846407255153
1571.0;70.15717294219058;-0.35287008599999997;0.006719999999981155;1.481662458488761e-15;0.05315488097854638;0.0;0.015329835001561544;0.27636014250184365;0.051012;0.0;0.0;2.1323034690893318e-13;0.0;-0.049558356841993494
1572.0;70.1572359909413;-0.35752242999999995;0.006719999999981155;1.4816634191002354e-15;0.07371539924995502;0.0;0.015062309985959522;0.2791342244428395;0.051012;0.0;0.0;2.1323048873662307e-13;0.0;-0.06797254142689989
1573.0;70.15726326827964;-0.357446096;0.006719999999981156;1.4816638348496476e-15;0.0866980024098862;0.0;0.014955300004287514;0.2824791790088492;0.051012;0.0;0.0;2.1323055011918894e-13;0.0;-0.08426919587957445
1574.0;70.15722748682373;-0.3539589219999999;0.006719999999981155;1.4816632950240523e-15;0.08413148544592408;0.0;0.014481584999531482;0.28561451606584976;0.051012;0.0;0.0;2.1323047041764858e-13;0.0;-0.08785177488216171
1575.0;70.15716332083073;-0.34972999399999993;0.006719999999981155;1.4816623262233182e-15;0.07079208366390442;0.0;0.013652910004635426;0.2866581420473063;0.051012;0.0;0.0;2.1323032738087912e-13;0.0;-0.07895677286681828
1576.0;70.15713881345826;-0.34308409199999995;0.006719999999981155;1.4816619416767753e-15;0.049185496591524276;0.0;0.013632030005215427;0.2785767316066779;0.051012;0.0;0.0;2.1323027060524398e-13;0.0;-0.05589404465218429
1577.0;70.15707373642445;-0.338360222;0.006719999999981155;1.4816609502500211e-15;0.025450281092290604;0.0;0.014208839994311467;0.27439330945559;0.051012;0.0;0.0;2.1323012422787977e-13;0.0;-0.03327664449157456
1578.0;70.15705994145507;-0.33619520399999997;0.006719999999981155;1.4816606649085556e-15;0.007979313731390455;0.0;0.014262345005621471;0.2668693910341366;0.051012;0.0;0.0;2.1323008209918343e-13;0.0;-0.010500773929943995
1579.0;70.15696121607515;-0.33674595399999996;0.006719999999981155;1.4816592332187322e-15;0.0009365963260760103;0.0;0.014338034988163474;0.27084319731018813;0.051012;0.0;0.0;2.1322987072005383e-13;0.0;-0.006957070877424269
1580.0;70.15696621427135;-0.33389866999999995;0.006719999999981154;1.4816594203663263e-15;0.00022705366843795644;0.0;0.013979160000691455;0.27237741636655705;0.051012;0.0;0.0;2.1322989835109162e-13;0.0;-0.010269633796713513
1581.0;70.15693045459342;-0.327102056;0.006719999999981155;1.4816587895485916e-15;0.0001256908207234169;0.0;0.013094369989439393;0.27903610599125434;0.051012;0.0;0.0;2.1322980521520754e-13;0.0;-0.022739704831274046
1582.0;70.15686112280521;-0.31745346399999996;0.006719999999981155;1.4816577415471567e-15;0.00010136284755074315;0.0;0.011745000001329298;0.28773298753608534;0.051012;0.0;0.0;2.1322965048505105e-13;0.0;-0.03971208598418009
1583.0;70.15688420609001;-0.3081789139999999;0.006719999999981155;1.4816580835840428e-15;6.892751705782354e-5;0.0;0.009780975002141165;0.28490538562269285;0.051012;0.0;0.0;2.132297009844016e-13;0.0;-0.04416241423390522
1584.0;70.1568827493344;-0.29933498599999997;0.006719999999981155;1.4816580586749457e-15;7.298164965732622e-5;0.0;0.008222804999357061;0.28512838292055487;0.051012;0.0;0.0;2.132296973067566e-13;0.0;-0.05167525413417941
1585.0;167.3878644738622;-0.27594277599999995;0.0067199999999946565;2.273434292242895e-14;0.002213772928297793;0.0;0.008650845007942736;0.1448320705726806;0.051012;0.003123515026455048;0.05849999999976532;4.152381031246571e-12;5.393472071631419e-14;-1.670282293142935e-12
1586.0;144.70113328293417;-0.270411426;0.006719999999993354;7.814435022231246e-15;0.0017272298066439914;0.0;0.009078884996052161;0.14208474820937947;0.051012;1.600801132344313e-14;0.05849999999931105;1.1911776728821915e-12;3.149778580276064e-14;-2.1173189752055697e-12
1587.0;153.1096308039084;-0.26863952199999996;0.006719999999993903;1.0319997779155664e-14;0.0013136678808972103;0.0;0.008949690002200396;0.13972097979319867;0.051012;2.499531463548117e-14;0.0584999999995969;1.618063588720071e-12;3.722702299734902e-14;-1.924852028559872e-12
1588.0;167.39709284242807;-0.26814048599999996;0.006719999999994658;2.277690070160088e-14;0.0008717238493817053;0.0;0.009163710006492772;0.13712083592427843;0.051012;0.004766711007325734;0.058499999999765476;4.1625073414406096e-12;5.3972344734500794e-14;-1.6699421835479509e-12
1589.0;167.39171077612423;-0.2697971739999999;0.006719999999994657;2.2759706609220375e-14;0.0003730165141898686;0.0;0.009001890000750759;0.13928390669068905;0.051012;0.004688718096412624;0.05849999999976541;4.1584147549950846e-12;5.3957154593095516e-14;-1.6700794230118477e-12
1590.0;167.39236865706505;-0.27694152599999994;0.006719999999994657;2.2761719517809177e-14;0.000320308251002538;0.0;0.008740889987526741;0.14051038978646338;0.051012;0.010945211498735478;0.05849999999976543;4.158893776537684e-12;5.395893364350677e-14;-1.6700633444658695e-12
1591.0;167.39239403965578;-0.29152822199999995;0.006719999999994657;2.276177380241414e-14;0.00473163621561149;0.0;0.00840550500452072;0.13962732127123717;0.051012;0.022339248668140032;0.05849999999976542;4.158906695261684e-12;5.395898161863813e-14;-1.6700629108997718e-12
1592.0;167.39252276489398;-0.30834270999999996;0.006719999999994657;2.2762050135329826e-14;0.0325659806014146;0.0;0.008169299988048703;0.13791916495978543;0.051012;0.013264878601428862;0.05849999999976542;4.158972457629159e-12;5.3959225831267504e-14;-1.6700607038898736e-12
1593.0;132.68187991533878;-0.32501487799999995;0.006719999999992375;5.800699809630456e-15;0.0980060849341258;0.0;0.007712550005853665;0.13254493751587287;0.051012;1.056000296172211e-14;0.02905442755359749;8.649042643815266e-13;2.581664954684969e-14;-2.477835302396292e-12
1594.0;70.1867250317012;-0.3360531279999999;0.006719999999968484;2.4770995036663865e-15;0.1674845011709818;0.0;0.007391519999411318;0.12085989659134487;0.051012;0.0;0.0;3.5649185091067586e-13;0.0;-0.01736987156073741
1595.0;70.18694554416511;-0.34018565999999995;0.006719999999968484;2.477105025274892e-15;0.2219206128844642;0.0;0.007082235005443296;0.12214435958913332;0.051012;0.0;0.0;3.564926661622583e-13;0.0;-0.06864702922772378
1596.0;70.1870637766462;-0.34390614399999997;0.006719999999968485;2.4771079340746505e-15;0.2572639462263413;0.0;0.007378469994655317;0.12646604037535053;0.051012;0.0;0.0;3.5649309563934373e-13;0.0;-0.10488714132968953
1597.0;10.003199260266786;-0.34729819599999995;0.0;0.0;0.27215623240807707;0.0;0.007142264998602059;0.13637602604314164;0.0493842061403241;0.0;0.0;0.0;0.0;-0.11773471872465457
1598.0;10.003131782524177;-0.346235708;0.0;0.0;0.2702587126903036;0.0;0.007486784989032081;0.14455109418875117;0.041697718683105026;0.0;0.0;0.0;0.0;-0.11773471872465459
1599.0;26.662323756779415;-0.34011903599999993;0.0;1.7703547962724626e-15;0.24933734075752712;0.0;0.0078091200082703385;0.148252843941839;0.051012;0.0;0.0;0.0;0.0;-0.11773471872382946
1600.0;70.18668543700544;-0.33169509799999997;0.006719999999968484;2.477098470531534e-15;0.20983000650672387;0.0;0.00758335499152333;0.14832420363296325;0.051012;0.0;0.0;3.564916983709195e-13;0.0;-0.0917301180291791
1601.0;70.18646518511258;-0.32151916199999997;0.006719999999968484;2.4770929214702147e-15;0.14822954115357867;0.0;0.0071200799864773005;0.14351192895484707;0.051012;0.0;0.0;3.5649087906604864e-13;0.0;-0.03503174414385756
1602.0;132.68179093992865;-0.31356770599999995;0.006719999999992375;5.800687389508611e-15;0.07747800244714943;0.0;0.00689822998752561;0.13307121002772535;0.051012;1.0559973075647804e-14;0.03842260057711603;8.649022959779766e-13;2.5816610857072738e-14;-2.4778388491933168e-12
1603.0;176.50167359899666;-0.30840075799999994;0.006719999999995049;9.788322908777495e-14;0.02246614761609049;0.0;0.007360200000286847;0.12521725763158362;0.051012;0.03173333333329184;0.058499999999815346;0.005115579753602144;7.55798314800924e-14;-1.5418801597429242e-12
1604.0;179.27392015320754;-0.309865218;0.006719999999995157;0.010593018351805995;0.004508636679616843;0.0;0.007442415005680909;0.12692095401341882;0.051012;0.03173333333330157;0.05849999999982666;0.011983999986332126;8.606833408866081e-14;-1.5069070566844978e-12
1605.0;179.27388183149984;-0.30635811999999996;0.006719999999995157;0.006986394372474475;0.0022827004455270258;0.0;0.006181784984394823;0.1305067455957607;0.051012;0.03173333333330157;0.05849999999982667;0.011983999986331916;8.606815166283013e-14;-1.5069075780711204e-12
1606.0;178.69585642202657;-0.29989726399999994;0.006719999999995134;5.213795384281488e-13;0.0023718999875639492;0.0;0.005428800012988762;0.13139873315323516;0.051012;0.031733333333299904;0.0584999999998244;0.011983999982705334;8.363126367550124e-14;-1.5141114941328612e-12
1607.0;176.50153453772526;-0.291791886;0.0067199999999950485;9.787773656901296e-14;0.002371899987562616;0.0;0.004721490017280667;0.13212570331486126;0.051012;0.031733333333291834;0.05849999999981535;0.0043300611057349205;7.557931712891238e-14;-1.5418821607123681e-12
1608.0;167.3924299999804;-0.283127238;0.006719999999994657;2.2761852257680484e-14;0.002319190816490604;0.0;0.0037427399881644037;0.1331470296482268;0.051012;0.027494188949678307;0.05849999999976542;4.158925366183947e-12;5.395905095482347e-14;-1.6700622842888477e-12
1609.0;132.68155600154972;-0.203079422;0.0067199999999952645;3.62958647345131e-15;0.0017029022874528747;0.0;0.004547924999069269;0.12351356043277334;0.051012;6.619852064010852e-15;0.0156151752152873;5.411747547017012e-13;1.615318116140373e-14;-1.2238483446214553e-12
1610.0;132.68161600870002;-0.20019174599999998;0.0067199999999952645;3.629591603028005e-15;0.0009487596318264953;0.0;0.004902884989209292;0.11574880581197454;0.051012;6.619864456723353e-15;0.020891882214682547;5.411755676366092e-13;1.615319713910812e-14;-1.2238475011402148e-12
1611.0;132.6816632483969;-0.19764939199999998;0.006719999999995264;3.629595642535143e-15;0.0005270885329946693;0.0;0.004798485012583285;0.10972342864392308;0.051012;6.619874215909676e-15;0.024901328323955432;5.411762078173279e-13;1.6153209721433198e-14;-1.2238468369070485e-12
1612.0;132.6817097322369;-0.19521039799999998;0.0067199999999952645;3.629599618048471e-15;0.0001946174301394953;0.0;0.00514952998491731;0.10383630847702785;0.051012;6.619883820497235e-15;0.028331227329247567;5.41176837856502e-13;1.6153222104423903e-14;-1.2238461831987215e-12
1613.0;132.68167363417092;-0.19567685399999996;0.006719999999995264;3.629596528544483e-15;0.00016218119176781632;0.0;0.005560604991413337;0.10826056764444773;0.051012;6.619876356451153e-15;0.02399451448252298;5.411763482321674e-13;1.6153212481188834e-14;-1.223846691216968e-12
1614.0;132.6817003355543;-0.19723053799999998;0.0067199999999952645;3.629598845057579e-15;0.004261310532276627;0.0;0.005637599986715343;0.10705638419676099;0.051012;6.619881953000081e-15;0.022576481346403162;5.411767153530179e-13;1.6153219696698242e-14;-1.223846310304225e-12
1615.0;132.68178200224992;-0.20195384599999994;0.0067199999999952645;3.6296059636991086e-15;0.02117275266778047;0.0;0.005415749987759328;0.10559352401427219;0.051012;6.619899151200579e-15;0.012073766812513265;5.411778435150836e-13;1.615324186992726e-14;-1.2238451397646625e-12
1616.0;47.283541039983604;-0.21338713399999995;0.0;1.2809407722385614e-15;0.06468596213080004;0.0;0.005171714997091822;0.10250278625335259;0.051012;0.0;0.0;1.835194650263761e-13;0.0;-0.010017885683660339
1617.0;47.28377296264111;-0.228142736;0.0;1.2809432531703634e-15;0.12062630456899631;0.0;0.004865040008169802;0.10318069718918688;0.051012;0.0;0.0;1.835198280499166e-13;0.0;-0.051572184327665416
1618.0;47.28395893741146;-0.24058306999999995;0.0;1.280945267867498e-15;0.16735070208491507;0.0;0.004459184991291774;0.10424216288911345;0.051012;0.0;0.0;1.835201228514259e-13;0.0;-0.08651030073395413
1619.0;47.28401776588357;-0.24878906399999992;0.0;1.2809458889148686e-15;0.18986144924516335;0.0;0.0048572100135058005;0.10892955872095283;0.051012;0.0;0.0;1.8352021372649613e-13;0.0;-0.10590014039119583
1620.0;43.651145190221165;-0.25309535399999994;0.0;1.2464940734118577e-15;0.1990287400368318;0.0;0.004896360007299091;0.11469626078816314;0.051012;0.0;0.0;1.7848192522859403e-13;0.0;-0.11773471870406817
1621.0;10.00301925465718;-0.253601658;0.0;0.0;0.20512269780930328;0.0;0.004882005010226019;0.1253332158010095;0.036021124562121;0.0;0.0;0.0;0.0;-0.11773471872460327
1622.0;10.00293426381242;-0.252090898;0.0;0.0;0.20499700744235547;0.0;0.004506165000191994;0.13572487468542632;0.024619597933908513;0.0;0.0;0.0;0.0;-0.11773471872460327
1623.0;10.00281357582511;-0.24966634999999998;0.0;0.0;0.19411059556302734;0.0;0.005165190015156038;0.14504614719369505;0.023100196756920117;0.0;0.0;0.0;0.0;-0.11773471872460327
1624.0;10.002627611442044;-0.24617025799999998;0.0;0.0;0.17103221445824437;0.0;0.005153445002686036;0.15620937553591382;0.03152947554675272;0.0;0.0;0.0;0.0;-0.11773471872460328
1625.0;47.283376777996956;-0.24122239599999995;0.0;1.2809389971345133e-15;0.13290342011176773;0.0;0.005453595009735841;0.15897007850558925;0.051012;0.0;0.0;1.835192052834178e-13;0.0;-0.10715086245859966
1626.0;47.283128050282286;-0.23823637399999997;0.0;1.280936342343296e-15;0.08888339368637559;0.0;0.005216085000977825;0.16652521561737865;0.051012;0.0;0.0;1.8351881681986e-13;0.0;-0.07343627342443546
1627.0;47.2829471604087;-0.231397354;0.0;1.280934384397951e-15;0.04275095808816421;0.0;0.004457879999005774;0.16510249480144742;0.051012;0.0;0.0;1.8351853032264952e-13;0.0;-0.03196343142331367
1628.0;49.99872716447906;-0.23007747399999995;0.0017426080891538036;1.3078507919069356e-15;0.01119861050318786;0.0;0.00510254999645428;0.16101273117233514;0.051012;0.0;0.0;1.8745885181559665e-13;0.0;-3.096473503326524e-11
1629.0;132.68126196288105;-0.22855707399999992;0.0067199999999952645;3.629561324210374e-15;0.0035720408073329837;0.0;0.004490505010901265;0.16063363552096016;0.051012;6.619791305295476e-15;0.0021588388582389133;5.411707690546525e-13;1.615310282587784e-14;-1.223852480084975e-12
1630.0;132.6812672107689;-0.22719573799999998;0.0067199999999952645;3.629561766926283e-15;0.0027165348500526845;0.0;0.00441481500788526;0.15955433091955012;0.051012;6.619792374862222e-15;0.002808038084310515;5.411708392163189e-13;1.615310420486547e-14;-1.2238524072853263e-12
1631.0;90.09059719994536;-0.22461346199999999;0.006719999999990143;1.8965550714204548e-15;0.0027205894365487926;0.0;0.004690169997675843;0.16195823788528155;0.051012;2.993816642267214e-15;1.2254992210372066e-13;2.7453257613646166e-13;0.0;-2.2658123143375976e-12
1632.0;49.596192465928276;-0.21970882800000002;0.0;1.3038360716976825e-15;0.0027165348499009656;0.0;0.0049472549930902054;0.16137844540096966;0.051012;0.0;0.0;1.8687090842586983e-13;0.0;-3.621017531084773e-11
1633.0;132.68514401392426;-0.22207731799999997;0.006719999999995624;3.3603749272819306e-15;0.002546244939062642;0.0;0.000918719994951249;0.10766293625871903;0.051012;6.130581499682759e-15;0.05348941423151881;5.010388615012051e-13;1.4954307822728347e-14;-1.217111758250634e-12
1634.0;132.68169222300514;-0.21699033799999995;0.006719999999995623;3.3598725902859812e-15;0.0022421550341008806;0.0;0.0009161100103792485;0.10702962461905982;0.051012;6.129367216415964e-15;0.049103614007831815;5.009592507243787e-13;1.4952743223973534e-14;-1.2172094662792892e-12
1635.0;132.68169037138443;-0.214479056;0.006719999999995623;3.359872441031731e-15;0.0018813013715341506;0.0;0.001302389999649275;0.10707422391523488;0.051012;6.129366855646875e-15;0.0465222904226421;5.009592270707355e-13;1.4952742759081874e-14;-1.2172094953171544e-12
1636.0;132.68168626095206;-0.21573996799999995;0.006719999999995623;3.359872113820558e-15;0.0016583027434106598;0.0;0.0021937050132793358;0.10746669853856214;0.051012;6.129366064727308e-15;0.046722379309030206;5.009591752144727e-13;1.4952741739890346e-14;-1.217209558976871e-12
1637.0;132.68169761275547;-0.22063142799999996;0.006719999999995623;3.3598730253531456e-15;0.003381477509709145;0.0;0.0024507900086973527;0.10694488595632717;0.051012;6.129368268039999e-15;0.05015548715442744;5.009593196735016e-13;1.4952744579111866e-14;-1.2172093816358616e-12
1638.0;132.68184533707745;-0.23283318600000003;0.006719999999995624;3.3598779108457244e-15;0.01564237425238563;0.0;0.002816189998547378;0.10057163182715044;0.051012;6.1293800770218854e-15;0.05609799779582989;5.00960093923137e-13;1.4952759796336773e-14;-1.2172084311535356e-12
1639.0;132.6820437399549;-0.24428205799999997;0.006719999999995623;3.359900788088443e-15;0.051606050709863495;0.0;0.003326444992051412;0.0888419916065216;0.051012;6.129435374958641e-15;0.042811655627949;5.009637194954665e-13;1.4952831053689473e-14;-1.2172039803968906e-12
1640.0;132.68235016326315;-0.265330258;0.006719999999995623;3.3599255026035583e-15;0.11359575092346884;0.0;0.003562649988049428;0.08262483664793079;0.051012;6.129495114148871e-15;0.00785375713585737;5.009676362410585e-13;1.4952908033395255e-14;-1.2171991723066996e-12
1641.0;55.36640302905918;-0.28145721599999995;0.00671999999993125;1.26313150714566e-15;0.1841486171592016;0.0;0.0037923300021395147;0.08091668033641163;0.051012;0.0;0.0;1.8122008523897122e-13;0.0;-0.04495682033083141
1642.0;55.36662387653914;-0.29560780200000003;0.006719999999931253;1.263134020132276e-15;0.24558690132048844;0.0;0.003972420002255528;0.08530526006689146;0.051012;0.0;0.0;1.8122045397830392e-13;0.0;-0.09681135457591666
1643.0;10.003610942671807;-0.306022338;0.0;0.0;0.28326158878373714;0.0;0.004343040002166981;0.09220478589040931;0.043975193839021764;0.0;0.0;0.0;0.0;-0.11773471872503735
1644.0;10.003600229126894;-0.30831374599999994;0.0;0.0;0.2937749832408818;0.0;0.0046536300088950025;0.098859015585489;0.028788367611364954;0.0;0.0;0.0;0.0;-0.11773471872503735
1645.0;10.003546628521821;-0.30659409199999993;0.0;0.0;0.29109088462911026;0.0;0.004686255000311006;0.10409052446463747;0.02448826097837202;0.0;0.0;0.0;0.0;-0.11773471872503735
1646.0;10.00339879937523;-0.30540501;0.0;0.0;0.27806368192513015;0.0;0.004711049997063005;0.1156640671486535;0.024726860645419405;0.0;0.0;0.0;0.0;-0.11773471872503737
1647.0;10.003232085608804;-0.30170673;0.0;0.0;0.2553542627481128;0.0;0.005443155009997054;0.12464638500599164;0.034022196455044076;0.0;0.0;0.0;0.0;-0.11773471872503737
1648.0;50.00218630330984;-0.29565712199999994;0.001769018510091048;1.210622193316818e-15;0.22003525692635847;0.0;0.006675075016754985;0.13337002612904014;0.051012;0.0;0.0;1.7352249097872834e-13;0.0;-0.11773471871243599
1649.0;55.36587038307138;-0.28751917199999993;0.006719999999931243;1.2631255154318687e-15;0.1691792947394596;0.0;0.006629400000109707;0.13906982843502594;0.051012;0.0;0.0;1.8121920605387545e-13;0.0;-0.08491994591889583
1650.0;55.36561988286875;-0.279934298;0.006719999999931239;1.2631226727139405e-15;0.11936129172649346;0.0;0.006390584999065691;0.14439053672351113;0.051012;0.0;0.0;1.812187889320508e-13;0.0;-0.04777077653870549
1651.0;55.36536237259951;-0.269372962;0.006719999999931236;1.263119793968924e-15;0.06622262863999945;0.0;0.006153075010781676;0.14810120633514323;0.051012;0.0;0.0;1.812183665238441e-13;0.0;-0.008668373307427398
1652.0;132.6816019291071;-0.25697225199999996;0.006719999999995623;3.359865606941594e-15;0.02616387833654749;0.0;0.006523694990253628;0.1302792883682946;0.051012;6.129350336627495e-15;0.03630601594272586;5.009581440088315e-13;1.4952721472385294e-14;-1.2172108249114512e-12
1653.0;132.68154316420424;-0.24966182399999992;0.006719999999995624;3.3598608135752967e-15;0.006710246302375425;0.0;0.006156989987643603;0.1276345443862066;0.051012;6.129338750355911e-15;0.05146011673922335;5.009573843596577e-13;1.4952706542080583e-14;-1.2172117574812844e-12
1654.0;132.68145585904975;-0.24709046799999998;0.006719999999995624;3.359853867901151e-15;0.002570571550417172;0.0;0.005568434986077563;0.13627344766299662;0.051012;6.129321961660303e-15;0.044977408702975535;5.009562836144933e-13;1.4952684907775892e-14;-1.2172131087989985e-12
1655.0;132.68145849429908;-0.240051488;0.006719999999995624;3.359854076138266e-15;0.0024975903545354293;0.0;0.004889835004927518;0.13591219254699194;0.051012;6.129322464998494e-15;0.03905128433360637;5.009563166157945e-13;1.4952685556393736e-14;-1.217213068285243e-12
1656.0;132.68152038292985;-0.22509031999999998;0.006719999999995624;3.359858978112661e-15;0.0023840632932648634;0.0;0.004951170010901521;0.12824109644816076;0.051012;6.129334313775119e-15;0.031813867973359305;5.00957093476839e-13;1.4952700825004008e-14;-1.2172121145793942e-12
1657.0;167.39278761963317;-0.221792818;0.006719999999996229;1.6184282518593637e-14;0.0021489004515876185;0.0;0.001683449999301377;0.08989899737683194;0.051012;0.011639896368932983;0.058499999999834865;2.9570762503096103e-12;3.836025171671238e-14;-1.1873475007050632e-12
1658.0;167.39279106417368;-0.21999882199999998;0.006719999999996229;1.6184287613508414e-14;0.0016745206356290816;0.0;0.0018061199907753855;0.08923446704683671;0.051012;0.010862163638030128;0.058499999999834865;2.9570774627876435e-12;3.8360256218016016e-14;-1.1873474600191508e-12
1659.0;167.39283481800263;-0.21793186599999995;0.006719999999996229;1.6184353091959654e-14;0.0013217766000794958;0.0;0.0018348300053333876;0.08367292174201953;0.051012;0.01468111307244444;0.05849999999983486;2.9570930452478692e-12;3.836031406729282e-14;-1.1873469371388468e-12
1660.0;167.39285362838436;-0.21623882799999997;0.006719999999996229;1.618438126477792e-14;0.0013379944922956456;0.0;0.0017160750111913786;0.08136713322784864;0.051012;0.015396541851826612;0.05849999999983486;2.9570997497833076e-12;3.836033895748703e-14;-1.1873467121650556e-12
1661.0;167.39289617833126;-0.21855955999999999;0.006719999999996229;1.6184445022445088e-14;0.0015893752261913123;0.0;0.0017395649951833804;0.07626050319497696;0.051012;0.02254935372250574;0.058499999999834865;2.9571149227866486e-12;3.836039528606983e-14;-1.1873462030324934e-12
1662.0;176.50206044137747;-0.22738667199999996;0.006719999999996507;6.962752687079029e-14;0.006588610521972957;0.0;0.0017199899880495206;0.06950815504831452;0.051012;0.03173333333330325;0.05849999999987036;0.0013311752050656116;5.373116911903209e-14;-1.0962059097212191e-12
1663.0;174.71563649713522;-0.24193524999999996;0.006719999999996456;4.235036519645766e-14;0.03076171501225382;0.0;0.0013089150020274666;0.06246145072990711;0.051012;0.031733333333296976;0.058499999999864646;1.5139514692726413e-11;4.9837351041020334e-14;-1.112800548733909e-12
1664.0;167.39379319630928;-0.259029594;0.006719999999996229;1.6185926027342594e-14;0.07999586573452631;0.0;0.0011692800084653421;0.06039649923206621;0.051012;0.0010584100001060771;0.058499999999834865;2.957467381427689e-12;3.836170364506994e-14;-1.1873343778245129e-12
1665.0;132.6826609949672;-0.273986362;0.006719999999994607;4.123963124657276e-15;0.1402299544895008;0.0;0.0010896749876426208;0.05789001306810865;0.051012;7.51839127013033e-15;0.01708594154316499;6.148900729170345e-13;1.835340772311372e-14;-1.7617272973444668e-12
1666.0;70.19831549154411;-0.283990838;0.006719999999977635;1.7611970891653544e-15;0.1873841318232981;0.0;0.0009670050166395389;0.060400958344632126;0.051012;0.0;0.0;2.5346197524074666e-13;0.0;-0.02243116100935107
1667.0;70.19842489858684;-0.292635138;0.006719999999977635;1.7611990521589802e-15;0.216361852817309;0.0;0.0007321049924535229;0.061908417823296;0.051012;0.0;0.0;2.5346226507009914e-13;0.0;-0.04403627525359028
1668.0;70.19844307630979;-0.297651778;0.006719999999977635;1.7611993876551114e-15;0.22884574909598776;0.0;0.0005976900089835138;0.06608292174912202;0.051012;0.0;0.0;2.5346231460498294e-13;0.0;-0.055543447227503054
1669.0;70.19838976691742;-0.298545162;0.0067199999999776345;1.761198440411737e-15;0.23036619771291772;0.0;0.0004502250002835038;0.07345966167621108;0.051012;0.0;0.0;2.534621747477148e-13;0.0;-0.06340019977543626
1670.0;70.19832097599772;-0.29776200399999997;0.0067199999999776345;1.7611972136057767e-15;0.22819702478249354;0.0;0.0004045500041115008;0.08085870043440115;0.051012;0.0;0.0;2.5346199361392733e-13;0.0;-0.06936809446718702
1671.0;70.19819275552805;-0.29353413799999994;0.0067199999999776345;1.7611949155568984e-15;0.21080714779055293;0.0;0.0004998149937875073;0.0877671461176788;0.051012;0.0;0.0;2.534616543148315e-13;0.0;-0.06321083743210691
1672.0;70.19807518276744;-0.28749510399999995;0.0067199999999776345;1.7611927980629079e-15;0.18163075477977306;0.0;0.0005298300006315092;0.08726763400051794;0.051012;0.0;0.0;2.534613416741125e-13;0.0;-0.03960495837020523
1673.0;102.62241573351199;-0.27977658799999994;0.006719999999991478;2.5073186383880954e-15;0.1363903150559353;0.0;0.0005089500012135712;0.08757982989076545;0.051012;4.054896182266799e-15;1.973421733969279e-13;3.648479586574028e-13;0.0;-3.1945806046905328e-12
1674.0;132.68221847155775;-0.27169177999999994;0.006719999999994606;4.123919667130978e-15;0.09104851293829096;0.0;0.0005206949932105822;0.08736575163516931;0.051012;7.518286374456162e-15;0.03506244179091559;6.14883185705065e-13;1.835327235966906e-14;-1.7617397099676249e-12
1675.0;167.3930046007654;-0.26187681599999996;0.006719999999996229;1.618461330702422e-14;0.04561751037072183;0.0;0.0004972050092192966;0.08526958063002013;0.051012;0.0140728226896999;0.058499999999834865;2.9571549712012944e-12;3.8360543960695545e-14;-1.1873448592285779e-12
1676.0;176.50197888272055;-0.25362995599999993;0.006719999999996507;6.962527769287404e-14;0.014823359573961758;0.0;0.000395415017165431;0.08378442079944623;0.051012;0.03173333333330325;0.05849999999987036;0.006387432955681964;5.373095867155343e-14;-1.0962067285181494e-12
1677.0;176.501878133498;-0.25097048799999994;0.006719999999996507;6.962248019005799e-14;0.004022093104071439;0.0;0.0004254300035354329;0.09053676894611111;0.051012;0.03173333333330325;0.05849999999987036;0.007746130332562944;5.3730696902584245e-14;-1.0962077470042343e-12
1678.0;176.5018524710376;-0.24713966799999998;0.006719999999996507;6.962174140240675e-14;0.0027854614594087597;0.0;0.0004436999979094341;0.09322165229475671;0.051012;0.03173333333330325;0.05849999999987036;0.00244851092392435;5.37306277693942e-14;-1.096208015988687e-12
1679.0;167.39258424767291;-0.23976984399999998;0.006719999999996228;1.618398931488063e-14;0.002692207330828395;0.0;0.00037975500736328865;0.0927756585160169;0.051012;0.027500906860661218;0.058499999999834865;2.9570064746264118e-12;3.835999267170711e-14;-1.1873498421535243e-12
1680.0;167.39276243704379;-0.23134394599999997;0.006719999999996229;1.618424487761405e-14;0.0026881531982288925;0.0;0.00033930000080928597;0.09327071152054685;0.051012;0.01862402170149909;0.058499999999834865;2.9570672925862957e-12;3.8360218461298795e-14;-1.1873478012908139e-12
1681.0;47.26839410839826;-0.26177988399999996;0.0;1.2392766479838093e-15;0.0008433421974176422;0.0;0.015178454995526773;0.2479503279303066;0.051012;0.0;0.0;1.7754979377471027e-13;0.0;-0.053200338991998074
1682.0;47.26843145854765;-0.259097712;0.0;1.23927703347696e-15;0.00042572568512469873;0.0;0.01499575499036476;0.24312913339295542;0.051012;0.0;0.0;1.7754985018188815e-13;0.0;-0.05046071545961286
1683.0;47.268423020901;-0.256736272;0.0;1.2392769456385226e-15;0.00021083577613959322;0.0;0.01419318000498071;0.24407018181019577;0.051012;0.0;0.0;1.77549837328949e-13;0.0;-0.05274580917112377
1684.0;47.26843639576953;-0.25639684;0.0;1.2392770841585343e-15;0.00020678118960071098;0.0;0.013313609983346646;0.24241108390755006;0.051012;0.0;0.0;1.7754985759782084e-13;0.0;-0.0505424129122834
1685.0;47.26843445117687;-0.263086958;0.0;1.2392770664890345e-15;0.0002108357761395933;0.0;0.012055590008054564;0.2426073208107204;0.051012;0.0;0.0;1.7754985501236443e-13;0.0;-0.042794559876032645
1686.0;47.26843133568582;-0.278915362;0.0;1.23927704344329e-15;0.0005027619214847035;0.0;0.009707895004168403;0.24297303667332915;0.051012;0.0;0.0;1.7754985164020757e-13;0.0;-0.025276046416612807
1687.0;47.26851988837627;-0.29242072199999997;0.0;1.2392779207911646e-15;0.004768126586451411;0.0;0.009598274996976394;0.23507448334701855;0.051012;0.0;0.0;1.775499800178373e-13;0.0;-0.008027545361066236
1688.0;47.268700859868076;-0.30332043399999997;0.0;1.2392798609694185e-15;0.03315388702457306;0.0;0.01082236498856648;0.22623488405442724;0.051012;0.0;0.0;1.775502639138491e-13;0.0;-0.017896134860844418
1689.0;47.26913783328736;-0.31472074799999994;0.0;1.2392844067298725e-15;0.09752359594498823;0.0;0.010994624994018489;0.20551400530023875;0.051012;0.0;0.0;1.7755092907092447e-13;0.0;-0.05031343664770161
1690.0;47.26949876462085;-0.32469212999999997;0.0;1.2392881653881393e-15;0.16738313741541616;0.0;0.011327399992452513;0.1970936393916931;0.051012;0.0;0.0;1.7755147905553308e-13;0.0;-0.10211114203469672
1691.0;10.002506560599473;-0.33233601399999996;0.0;0.0;0.21160183585666079;0.0;0.010792350002165725;0.191692654003538;0.036002751437033916;0.0;0.0;0.0;0.0;-0.11773471872465983
1692.0;10.002509578103185;-0.336369702;0.0;0.0;0.23186637339618543;0.0;0.010626614999091712;0.20160709878490835;0.010023330920451929;0.0;0.0;0.0;0.0;-0.11773471872465983
1693.0;10.002535148910948;-0.33303999999999995;0.0;0.0;0.2316514834872004;0.0;0.012918195007095871;0.19832458323354354;0.007899641354869424;0.0;0.0;0.0;0.0;-0.11773471872465983
1694.0;10.002449994681795;-0.33324838799999995;0.0;0.0;0.22130026976797468;0.0;0.014150114993349951;0.203573931831162;0.011977280089987384;0.0;0.0;0.0;0.0;-0.11773471872465982
1695.0;10.0024390238127;-0.32927330599999993;0.0;0.0;0.19807998040402772;0.0;0.01455466499746798;0.19313767365057016;0.04125398021863185;0.0;0.0;0.0;0.0;-0.11773471872465983
1696.0;47.269556282469225;-0.32129513;0.0;1.2392887649724095e-15;0.15667512552804136;0.0;0.014558579994830732;0.1842713139638152;0.051012;0.0;0.0;1.7755156678956588e-13;0.0;-0.08520846911465055
1697.0;47.26939506701708;-0.31094060999999995;0.0;1.2392870700945057e-15;0.09700461658498076;0.0;0.01439545501727672;0.17338906200448595;0.051012;0.0;0.0;1.775513187869888e-13;0.0;-0.02484845403731727
1698.0;132.68142955542967;-0.298674778;0.0067199999999954215;3.5119166023377714e-15;0.0397870970908307;0.0;0.015457725003130106;0.15839920588067105;0.051012;6.405883474303223e-15;0.02733016103965719;5.236295094250833e-13;1.5629476355776595e-14;-1.1840447022149972e-12
1699.0;132.6812808504028;-0.29688095999999997;0.006719999999995421;3.511904126299345e-15;0.00855911143561795;0.0;0.015708285016644126;0.1616103625581557;0.051012;6.405853326536517e-15;0.05330134558630183;5.236275322285e-13;1.5629437495238545e-14;-1.18404675321036e-12
1700.0;132.68112427912445;-0.29651351;0.006719999999995421;3.51189104512231e-15;0.0021489004515815513;0.0;0.01607368500649415;0.17684997555762874;0.051012;6.405821716554807e-15;0.04373785475297446;5.236254591307678e-13;1.5629396749717438e-14;-1.1840489037106908e-12
1701.0;132.681011737995;-0.29119566399999997;0.006719999999995421;3.5118817210701477e-15;0.0014353036613439943;0.0;0.016116749997620153;0.190332372202871;0.051012;6.4057991855156494e-15;0.02560729578284454;5.236239814606982e-13;1.5629367706918224e-14;-1.1840504365675625e-12
1702.0;128.41526432444084;-0.28228235199999996;0.006719999999995159;3.208863865680435e-15;0.0012082495387998578;0.0;0.015628679995822018;0.19708918027915162;0.051012;5.6934489520248904e-15;1.1470088316880817e-12;4.758611292528544e-13;1.4660428930627877e-14;-1.2413381197660047e-12
1703.0;49.998348232524776;-0.27372574799999994;0.0020576443611038052;1.2654483796479215e-15;0.0008027972399210098;0.0;0.015915779998079273;0.2039262670884674;0.051012;0.0;0.0;1.8138108979715892e-13;0.0;-2.982203346148281e-11
1704.0;47.268699671501466;-0.265150822;0.0;1.2392798349076251e-15;0.00042167109858581804;0.0;0.015513839999006795;0.20947889171705528;0.051012;0.0;0.0;1.7755026010036554e-13;0.0;-0.011269065527420543
1705.0;47.24800721476471;-0.247179046;0.0;1.8361059403781725e-15;6.892751685691195e-5;0.0;0.007806510003236292;0.24593443565819195;0.051012;0.0;0.0;2.63057273331243e-13;0.0;-0.05765357596183054
1706.0;47.24820023515258;-0.18819614799999995;0.0;1.836108858495325e-15;8.109036859480137e-5;0.0;0.006879960013618228;0.22258219352775438;0.051012;0.0;0.0;2.6305770032513224e-13;0.0;-0.09236857770932921
1707.0;47.24821681300209;-0.18808928399999997;0.0;1.8361091135482174e-15;6.892751685691371e-5;0.0;0.007742564992216286;0.22051278128331142;0.051012;0.0;0.0;2.630577376457637e-13;0.0;-0.09125633620249589
1708.0;47.24809014790409;-0.236263626;0.0;1.8361072072651584e-15;6.892751685691266e-5;0.0;0.006808185007934223;0.2357300946346969;0.051012;0.0;0.0;2.6305745870867385e-13;0.0;-0.05736570705918965
1709.0;47.24812219320607;-0.23480703999999997;0.0;1.836107698152928e-15;6.892751685691293e-5;0.0;0.006891705005614229;0.2317696689644844;0.051012;0.0;0.0;2.630575305378846e-13;0.0;-0.05494513853204111
1710.0;47.2481171654862;-0.23609769399999994;0.0;1.8361076219118567e-15;8.514495513368301e-5;0.0;0.006656805001902214;0.23238959999830458;0.051012;0.0;0.0;2.630575193819065e-13;0.0;-0.0540557674291701
1711.0;47.24808906119215;-0.240070754;0.0;1.8361071925508704e-15;0.0004378894446226486;0.0;0.007606844995986279;0.23603337066567404;0.051012;0.0;0.0;2.630574565556261e-13;0.0;-0.05502947476969644
1712.0;47.2480974061112;-0.24604954599999995;0.0;1.836107326214528e-15;0.005814194933364824;0.0;0.008465534997726336;0.23775044765334738;0.051012;0.0;0.0;2.630574761139498e-13;0.0;-0.05700266876158665
1713.0;47.248272941736275;-0.25617950799999994;0.0;1.8361100401694045e-15;0.03852208424799754;0.0;0.009640034995812416;0.23291141258053957;0.051012;0.0;0.0;2.630578732337976e-13;0.0;-0.07591462877621699
1714.0;47.24851043019479;-0.26935065199999997;0.0;1.836113639075058e-15;0.0870223647934021;0.0;0.01046610000613647;0.22953077857758963;0.051012;0.0;0.0;2.630583998442208e-13;0.0;-0.10868770632034631
1715.0;10.001906504675672;-0.2781184599999999;0.0;0.0;0.13056395636099943;0.0;0.010527434991590909;0.22437954843077396;0.030396132902630133;0.0;0.0;0.0;0.0;-0.11773471872383509
1716.0;10.001986096277726;-0.283091396;0.0;0.0;0.1538612824152458;0.0;0.011061179989560944;0.22641328123827692;0.009504995526747235;0.0;0.0;0.0;0.0;-0.11773471872383509
1717.0;0.000982643450287734;-0.287940304;0.0;0.0;0.1584760151422374;0.0;0.011305986621777167;0.2358950623486423;0.0;0.0;0.0;0.0;0.0;-0.11773471872448199
1718.0;0.0018521788578091216;-0.286430784;0.0;0.0;0.1409198285882836;0.0;0.01316874143996057;0.250078584713786;0.0;0.0;0.0;0.0;0.0;-0.11773471872448195
1719.0;10.001537293435948;-0.28165644999999995;0.0;0.0;0.10901007800574591;0.0;0.013874760003539129;0.2588593402834767;0.017657991865122596;0.0;0.0;0.0;0.0;-0.11773471872383512
1720.0;23.859116315781623;-0.27397841799999995;0.0;1.5596430135628947e-15;0.06396831120749458;0.0;0.013429755013374664;0.2623648523162931;0.051012;0.0;0.0;0.0;0.0;-0.1177347187219639
1721.0;47.24772441893591;-0.276941182;0.0;1.836101603793389e-15;0.019279287082332317;0.0;0.01411487999691472;0.29103334280580445;0.051012;0.0;0.0;2.630566387799537e-13;0.0;-0.09851134781830401
1722.0;47.247430677790575;-0.29051715399999994;0.0;1.8360970984824656e-15;0.003259841275079949;0.0;0.014610779993376757;0.31899716196458366;0.051012;0.0;0.0;2.630559795398564e-13;0.0;-0.09737792465480775
1723.0;45.147414277209116;-0.29169242799999995;0.0;1.8074230607576732e-15;0.00013785367224347184;0.0;0.014890050000974204;0.3438256448833394;0.051012;0.0;0.0;2.588616452184967e-13;0.0;-0.11773471867025527
1724.0;26.124855530428658;-0.2894857599999999;0.0;1.5831344506828823e-15;8.919999531778369e-5;0.0;0.014549445007866877;0.3438657842497372;0.051012;0.0;0.0;0.0;0.0;-0.11773471872140756
1725.0;10.000410058003053;-0.284447352;0.0;0.0;8.109036723640921e-5;0.0;0.014657760002263176;0.3423583247704603;0.045086788746444395;0.0;0.0;0.0;0.0;-0.11773471872383523
1726.0;10.00042013683004;-0.2783015239999999;0.0;0.0;7.298164809802472e-5;0.0;0.014283225004989153;0.34102034261726166;0.040661695925515405;0.0;0.0;0.0;0.0;-0.11773471872383523
1727.0;10.00049221397741;-0.27346353799999995;0.0;0.0;7.298164809803846e-5;0.0;0.014555970010209172;0.33206032440801103;0.044511571226379686;0.0;0.0;0.0;0.0;-0.11773471872383523
1728.0;10.000537859912425;-0.267052484;0.0;0.0;7.703623463692993e-5;0.0;0.01467994499396918;0.32658351939989966;0.043449542851875377;0.0;0.0;0.0;0.0;-0.11773471872383523
1729.0;1.9757264878863565e-6;-0.32830040000000005;0.0;0.0;4.9176922707071886e-5;0.0;0.014464757655595909;0.4378108744019102;0.0;0.0;0.0;0.0;0.0;-0.12402458074869632
1730.0;1.9157596253696934e-6;-0.32538332000000003;0.0;0.0;4.538738769365461e-5;0.0;0.01423551406380077;0.4389074454484442;0.0;0.0;0.0;0.0;0.0;-0.12780519121928935
1731.0;1.9143512579277166e-6;-0.32316326000000006;0.0;0.0;4.53846021874386e-5;0.0;0.01431196408428322;0.43805412122643345;0.0;0.0;0.0;0.0;0.0;-0.12924837409972134
1732.0;1.9713853766939213e-6;-0.3200920800000001;0.0;0.0;4.916780547875824e-5;0.0;0.013750760596761022;0.43495604618945355;0.0;0.0;0.0;0.0;0.0;-0.128664065947778
1733.0;1.9655701766662186e-6;-0.32141848;0.0;0.0;4.9155118548241115e-5;0.0;0.0132366134267235;0.4403788840665551;0.0;0.0;0.0;0.0;0.0;-0.13224634341142866
1734.0;1.9624451657849623e-6;-0.3269182;0.0;0.0;4.9148176504473415e-5;0.0;0.01434980477090001;0.44612040957567484;0.0;0.0;0.0;0.0;0.0;-0.13360133301911079
1735.0;2.13872777549164e-6;-0.3411831;0.0;0.0;6.880376341831688e-5;0.0;0.01378959522607277;0.4560724434180148;0.0;0.0;0.0;0.0;0.0;-0.12874793503470128
1736.0;4.767511081876905e-8;-0.35939244000000004;0.0;0.0;0.0020838650079335747;0.0;0.013700707969828835;0.46007442512076935;0.0;0.0;0.0;0.0;0.0;-0.11646656063013806
1737.0;3.608160509232229e-8;-0.3674126000000001;0.0;0.0;0.012312987873920326;0.0;0.011073359083429945;0.44908341935209084;0.0;0.0;0.0;0.0;0.0;-0.1050571685068405
1738.0;3.0311473347974444e-8;-0.37350506000000006;0.0;0.0;0.03521807474586821;0.0;0.011070436535811249;0.44325133343906004;0.0;0.0;0.0;0.0;0.0;-0.11603478666092111
1739.0;1.987757078045104e-8;-0.38060570000000005;0.0;0.0;0.06873958487154372;0.0;0.01118118263559198;0.44427340057452197;0.0;0.0;0.0;0.0;0.0;-0.14358846931194125
1740.0;3.5139815759525493e-9;-0.38560134;0.0;0.0;0.09075414515012224;0.0;0.011149445380251859;0.43255840753149244;0.0;0.0;0.0;0.0;0.0;-0.14886065822767955
1741.0;3.224527884679908e-9;-0.3861312400000001;0.0;0.0;0.09681622128265052;0.0;0.011225617559217041;0.42697033267972145;0.0;0.0;0.0;0.0;0.0;-0.14888093167210345
1742.0;3.7092734992913484e-9;-0.38308690000000006;0.0;0.0;0.08442145995722936;0.0;0.01141593310269036;0.43610334890586844;0.0;0.0;0.0;0.0;0.0;-0.14885384214211503
1743.0;2.4023732089909548e-8;-0.3795505800000001;0.0;0.0;0.06375588657828185;0.0;0.011229271045047498;0.44301181644054327;0.0;0.0;0.0;0.0;0.0;-0.13844639558308583
1744.0;3.08704124284549e-8;-0.37343896000000004;0.0;0.0;0.03555063812719604;0.0;0.011405728214415474;0.4343040399562258;0.0;0.0;0.0;0.0;0.0;-0.1078214482857492
1745.0;3.6653788190007956e-8;-0.37056678000000004;0.0;0.0;0.012944921520676443;0.0;0.011214757445839142;0.4341330798734632;0.0;0.0;0.0;0.0;0.0;-0.08772598109262181
1746.0;5.019747933776841e-8;-0.37223426000000004;0.0;0.0;0.002955086113660618;0.0;0.011120618666137642;0.4414706090901565;0.0;0.0;0.0;0.0;0.0;-0.0833120563485334
1747.0;2.1163962862932687e-6;-0.37290948;0.0;0.0;0.00022863008442571578;0.0;0.010706623193394302;0.44539884412745634;0.0;0.0;0.0;0.0;0.0;-0.08342474269023337
1748.0;2.1440043225221216e-6;-0.3678151800000001;0.0;0.0;6.487473539401947e-5;0.0;0.008069183991410725;0.44206901849661584;0.0;0.0;0.0;0.0;0.0;-0.08238808973893454
1749.0;2.078951630373446e-6;-0.35922190000000004;0.0;0.0;5.6950908585668516e-5;0.0;0.007706855431224138;0.4342976825977097;0.0;0.0;0.0;0.0;0.0;-0.0828397733682735
1750.0;2.07755071586938e-6;-0.34845928000000004;0.0;0.0;5.694805252072092e-5;0.0;0.007546686764151768;0.4326286588021257;0.0;0.0;0.0;0.0;0.0;-0.09177319791473545
1751.0;2.0770654867303863e-6;-0.33987334;0.0;0.0;5.694700042119706e-5;0.0;0.008504562941606657;0.42624216024227046;0.0;0.0;0.0;0.0;0.0;-0.09493051443791381
1752.0;2.076015316381903e-6;-0.3318672000000001;0.0;0.0;5.6944754486646e-5;0.0;0.009065445397318848;0.42288341628987525;0.0;0.0;0.0;0.0;0.0;-0.10013879059553372
1753.0;74.73157686997281;-0.29205310000000007;0.005879999999983161;1.4795626539075296e-15;7.667637246908449e-5;0.0;0.009651599998763118;0.2312345624795578;0.047088000000000005;0.0;8.73873626028732e-14;2.1341614354982765e-13;0.0;-1.328822914677337e-11
1754.0;68.0395155811379;-0.28765508000000006;0.0058799999999768395;1.4012057622639516e-15;7.667637245238058e-5;0.0;0.011494979994506707;0.2371684471613893;0.047088000000000005;0.0;0.0;2.0181157438227665e-13;0.0;-0.014491422234205683
1755.0;68.03947622302084;-0.28809070000000003;0.0058799999999768395;1.4012056872522915e-15;8.1186272046248e-5;0.0;0.012699539990698807;0.24562351353709397;0.047088000000000005;0.0;0.0;2.0181156328975879e-13;0.0;-0.023717358598172925
1756.0;68.03943927815205;-0.28929874000000005;0.0058799999999768395;1.401205620530108e-15;7.667637245238054e-5;0.0;0.013523580002402873;0.25389644169192743;0.047088000000000005;0.0;0.0;2.0181155342304504e-13;0.0;-0.031599334401828376
1757.0;68.0394205618405;-0.29193934000000005;0.0058799999999768395;1.4012055875145247e-15;7.216546291570849e-5;0.0;0.014243039999714931;0.25815752621829874;0.047088000000000005;0.0;0.0;2.0181154854076657e-13;0.0;-0.03393352620916655
1758.0;68.03937001150899;-0.29970902000000005;0.0058799999999768395;1.4012054981080589e-15;7.216546291570848e-5;0.0;0.014681520017186969;0.269708948494954;0.047088000000000005;0.0;0.0;2.018115353196028e-13;0.0;-0.03815039716642382
1759.0;68.03930499555888;-0.31716628;0.0058799999999768395;1.4012053820947663e-15;0.00010824819446646402;0.0;0.01471175999657897;0.2846586953043801;0.047088000000000005;0.0;0.0;2.0181151816379935e-13;0.0;-0.03570490582889654
1760.0;68.03925433377395;-0.3380145200000001;0.0058799999999768395;1.4012051753505294e-15;0.0020025913483954277;0.0;0.014779800009514978;0.2944366629709989;0.047088000000000005;0.0;0.0;2.0181148759099711e-13;0.0;-0.026594496327073208
1761.0;68.03918912576216;-0.3486427600000001;0.0058799999999768395;1.4012045047927086e-15;0.010779714914416752;0.0;0.014773499987450978;0.29969471811316617;0.047088000000000005;0.0;0.0;2.0181138843060153e-13;0.0;-0.02999476317863398
1762.0;68.03909601457477;-0.35442910000000005;0.005879999999976839;1.4012030319207613e-15;0.03144609776895491;0.0;0.01481382000609898;0.29817529751211436;0.047088000000000005;0.0;0.0;2.0181117062601048e-13;0.0;-0.04339884063478365
1763.0;68.03896799120405;-0.3585605400000001;0.005879999999976839;1.4012010541462803e-15;0.05913057115265792;0.0;0.01480122000150698;0.29700577665363803;0.047088000000000005;0.0;0.0;2.018108781577192e-13;0.0;-0.06577372889904423
1764.0;68.03884515597461;-0.3632177000000001;0.005879999999976839;1.4011993904538278e-15;0.08200251002641462;0.0;0.014542919986442956;0.2999870978887753;0.047088000000000005;0.0;0.0;2.0181063213510233e-13;0.0;-0.08671367968948761
1765.0;68.03875988063261;-0.36308244000000006;0.005879999999976839;1.401198325831813e-15;0.09644462194093317;0.0;0.014439600004138948;0.3035819390976239;0.047088000000000005;0.0;0.0;2.018104747015128e-13;0.0;-0.1047834220082372
1766.0;68.0387586923307;-0.35951758;0.005879999999976839;1.4011985039691768e-15;0.09358957624882962;0.0;0.01398221999954691;0.3069515032079013;0.047088000000000005;0.0;0.0;2.0181050104398414e-13;0.0;-0.10840405831090337
1767.0;68.03882514322095;-0.35523366000000006;0.005879999999976839;1.4011995602055117e-15;0.07875055428725278;0.0;0.013182120004474844;0.30807309383364195;0.047088000000000005;0.0;0.0;2.0181065723752653e-13;0.0;-0.09816817218208536
1768.0;68.03897853581945;-0.3485068800000001;0.0058799999999768395;1.4012013515551467e-15;0.054714947194741334;0.0;0.013161960005034844;0.29938795724829054;0.047088000000000005;0.0;0.0;2.0181092213780085e-13;0.0;-0.07215339982022848
1769.0;68.03912511289303;-0.34376558000000007;0.0058799999999768395;1.401203280939461e-15;0.028311410528604454;0.0;0.013718879994506892;0.2948920102792169;0.047088000000000005;0.0;0.0;2.0181120745025605e-13;0.0;-0.046549968079078095
1770.0;68.03925558043554;-0.34167556000000004;0.005879999999976839;1.4012047447040658e-15;0.008876350951357248;0.0;0.013770540005426895;0.2868060134563302;0.047088000000000005;0.0;0.0;2.018114239081195e-13;0.0;-0.021170472916451206
1771.0;68.03927555126708;-0.3422770600000001;0.005879999999976839;1.4012052778016748e-15;0.0010418888102208378;0.0;0.0138436199885709;0.29107668508287254;0.047088000000000005;0.0;0.0;2.0181150274122362e-13;0.0;-0.017076047814840813
1772.0;68.03927120306216;-0.33935930000000003;0.0058799999999768395;1.4012053180066461e-15;0.00025257912066948613;0.0;0.013497120000666876;0.2927255188049446;0.047088000000000005;0.0;0.0;2.0181150868661012e-13;0.0;-0.020506199159809106
1773.0;68.03923880243124;-0.33238084;0.0058799999999768395;1.401205264278125e-15;0.0001398210264233521;0.0;0.012642839989802805;0.2998816494451131;0.047088000000000005;0.0;0.0;2.0181150074138524e-13;0.0;-0.03367157189752167
1774.0;68.03919725414374;-0.3225209600000001;0.0058799999999768395;1.401205190815712e-15;0.0001127580940603314;0.0;0.011340000001282696;0.30922823623691154;0.047088000000000005;0.0;0.0;2.018114898779447e-13;0.0;-0.051545378087117386
1775.0;68.03921047143369;-0.31307946000000003;0.0058799999999768395;1.4012052159226681e-15;7.667637245238044e-5;0.0;0.009443700002066539;0.30618939679084756;0.047088000000000005;0.0;0.0;2.018114935906932e-13;0.0;-0.056016519896196576
1776.0;68.03920914735103;-0.30407554000000003;0.0058799999999768395;1.4012052127455908e-15;8.118627204624788e-5;0.0;0.007939259999378417;0.3064290532226456;0.047088000000000005;0.0;0.0;2.018114931209063e-13;0.0;-0.06376008340855599
1777.0;174.03220111088282;-0.28013264000000004;0.005879999999994467;1.4216198535051363e-14;0.0024626460494891053;0.0;0.008352540007668613;0.1556518288613477;0.047088000000000005;0.006543375999649225;0.05399999999975818;2.3686427097448426e-12;5.815351261402099e-14;-1.7642951569309545e-12
1778.0;174.04112659815226;-0.27450014000000006;0.005879999999994468;1.4225217333953122e-14;0.0019214055811991842;0.0;0.008765819996188647;0.15269926629266384;0.047088000000000005;0.0042613980454193675;0.05399999999975827;2.370427716440446e-12;5.817724076572772e-14;-1.76408933193484e-12
1779.0;174.03222975175754;-0.27270158;0.005879999999994467;1.421620551917396e-14;0.0014613508801698926;0.0;0.008641080002124634;0.15015891127647799;0.047088000000000005;0.005316537364095612;0.05399999999975818;2.3686440918825824e-12;5.815353099315994e-14;-1.764294997420237e-12
1780.0;174.03224428645117;-0.27221254;0.005879999999994467;1.4216209018509033e-14;0.0009697233471837222;0.0;0.008847720006268652;0.14736452225130753;0.047088000000000005;0.007906131915909614;0.05399999999975818;2.3686447843911602e-12;5.81535402018709e-14;-1.7642949174986665e-12
1781.0;174.03223682574856;-0.27389286;0.005879999999994467;1.421621037316289e-14;0.0004149511602265803;0.0;0.008691480000724639;0.14968918639107326;0.047088000000000005;0.007973544859701703;0.05399999999975818;2.3686450524733657e-12;5.815354376672853e-14;-1.7642948865597335e-12
1782.0;174.03223137363108;-0.28114014000000004;0.005879999999994467;1.421621001254385e-14;0.0003563174157922807;0.0;0.008439479987956617;0.15100729457091178;0.047088000000000005;0.014213738716744842;0.05399999999975818;2.3686449811079448e-12;5.815354281773911e-14;-1.7642948947958674e-12
1783.0;174.03223007258802;-0.29603758;0.005879999999994467;1.421620069153828e-14;0.005263568401723628;0.0;0.008115660004364592;0.15005825594389127;0.047088000000000005;0.025475708829486153;0.05399999999975818;2.3686431365075865e-12;5.815351828894528e-14;-1.7642951076790699e-12
1784.0;174.03207214682268;-0.3132299;0.005879999999994466;1.42160530667435e-14;0.036227059447008714;0.0;0.007887599988460572;0.14822249088987244;0.047088000000000005;0.013763860650553534;0.05399999999975818;2.368613922044278e-12;5.815312980386786e-14;-1.7642984793335245e-12
1785.0;137.53311694428365;-0.3301144200000001;0.005879999999992107;5.177540801864663e-15;0.10902396302854044;0.0;0.007446600005651456;0.14244677887350626;0.047088000000000005;1.1031692084428794e-14;0.018300649804596093;7.706613006627573e-13;2.7391352535935748e-14;-2.629817381706228e-12
1786.0;72.76244461350859;-0.34119992000000005;0.005879999999969291;2.432642211033128e-15;0.18631316694052233;0.0;0.007136639999430842;0.12988880063684496;0.047088000000000005;0.0;0.0;3.5073160802204905e-13;0.0;-0.03502730272461181
1787.0;72.76214587632596;-0.34533640000000004;0.00587999999996929;2.4326343445083948e-15;0.24686900523216382;0.0;0.006838020005254817;0.1312692201386857;0.047088000000000005;0.0;0.0;3.507304423136349e-13;0.0;-0.092535933748879
1788.0;72.76193054107245;-0.34906016000000006;0.005879999999969289;2.432629149472956e-15;0.2861856483789631;0.0;0.00712403999483884;0.1359137544291216;0.047088000000000005;0.0;0.0;3.507296724824882e-13;0.0;-0.1330628636465889
1789.0;44.89482414513303;-0.35246344;0.0;1.9807041549753292e-15;0.3027521305452592;0.0;0.006895979998696773;0.14656407094544813;0.047088000000000005;0.0;0.0;2.841048879224643e-13;0.0;-0.15147541784999424
1790.0;9.997877470365536;-0.35138712000000005;0.0;0.0;0.3006412910003829;0.0;0.007228619989401685;0.15534986198442033;0.03964835144310185;0.0;0.0;0.0;0.0;-0.15147541785288218
1791.0;49.991312308082634;-0.34517004;0.0053886655246647335;2.0504581787276913e-15;0.27736793117172204;0.0;0.007539840007994436;0.15932815295830735;0.047088000000000005;0.0;0.0;2.943436117640009e-13;0.0;-0.15147541784881924
1792.0;72.76208565544947;-0.33661922000000005;0.00587999999996929;2.4326356798285214e-15;0.23341916868777673;0.0;0.007321859991814856;0.15940484361361243;0.047088000000000005;0.0;0.0;3.507306401892995e-13;0.0;-0.11641271368460561
1793.0;72.76243968618182;-0.32633918000000006;0.005879999999969291;2.432644633328306e-15;0.164893557632955;0.0;0.0068745599869428214;0.15423306534882514;0.047088000000000005;0.0;0.0;3.507319669722679e-13;0.0;-0.052540664759072285
1794.0;137.53322356164176;-0.31840934000000004;0.005879999999992107;5.177554130053813e-15;0.08618810638136307;0.0;0.006660359987955391;0.14301236685844212;0.047088000000000005;1.103173600496636e-14;0.029655282140696893;7.706634057226449e-13;2.7391411201332855e-14;-2.629812000050758e-12
1795.0;194.95698311951696;-0.31332362;0.005879999999995283;0.0008831576938009569;0.024991799730983772;0.0;0.0071064000002769466;0.13457168069401013;0.047088000000000005;0.027766666666647;0.05399999999984973;0.01048599998747583;1.6324007431474514e-13;-1.4921767947607955e-12
1796.0;202.6405404820355;-0.3149450200000001;0.005879999999995527;0.02045399999996145;0.005015499180479344;4.067972973242445e-18;0.007185780005485091;0.13640265263695575;0.047088000000000005;0.027766666666652277;0.05399999999986858;0.010485999996214088;4.851660672627902e-13;-1.4130652902758782e-12
1797.0;194.95114835991185;-0.31132980000000005;0.005879999999995283;0.016895354430280164;0.0025393224221403137;0.0;0.005968619984932853;0.14025632272190222;0.047088000000000005;0.027766666666646997;0.05399999999984972;0.010485999987457003;1.631696450076954e-13;-1.4922312899909255e-12
1798.0;194.95114121039157;-0.30463296000000006;0.005879999999995283;0.009867676515511181;0.002638549807662041;0.0;0.005241600012540794;0.14121494669305387;0.047088000000000005;0.027766666666646997;0.05399999999984972;0.010485999987456975;1.6316953783331555e-13;-1.4922313729569341e-12
1799.0;194.9511789589706;-0.2962895400000001;0.005879999999995283;0.0014251773865477727;0.002638549807662041;0.0;0.004558680016684737;0.14199622555440983;0.047088000000000005;0.027766666666646997;0.05399999999984971;0.010485999987457095;1.6316998168268997e-13;-1.4922310293640989e-12
1800.0;191.63000485391913;-0.2874198200000001;0.0058799999999951695;8.984573277791026e-14;0.0025799150532830597;0.0;0.003613679988572597;0.14309385062477156;0.047088000000000005;0.027766666666643288;0.05399999999983991;0.00313655886350118;1.2682749041231547e-13;-1.529373758452153e-12
1801.0;137.5336708496173;-0.20640158000000008;0.005879999999995108;3.2397183478977638e-15;0.0018943431538328429;0.0;0.004391099999101135;0.13274070787305395;0.047088000000000005;6.9183769638382556e-15;0.014490462204478924;4.822169869429684e-13;1.7138739664369917e-14;-1.2789382264401388e-12
1802.0;137.53371115099372;-0.20347994000000005;0.005879999999995108;3.239718980756919e-15;0.0010554195190349267;0.0;0.004733819989581162;0.12439588305208711;0.047088000000000005;6.918379059495087e-15;0.02040755358502404;4.822170868950275e-13;1.7138742449729377e-14;-1.2789380845382353e-12
1803.0;137.53374155548127;-0.20090987999999999;0.005879999999995108;3.2397194052289115e-15;0.0005863440088751049;0.0;0.004633020012149155;0.11792037681870791;0.047088000000000005;6.918380465096283e-15;0.024881068567649076;4.822171539348108e-13;1.7138744317929716e-14;-1.2789379893619034e-12
1804.0;137.53377083973663;-0.19844122000000006;0.005879999999995108;3.239719787564574e-15;0.00021649638920841254;0.0;0.004971959985437183;0.1115934561506511;0.047088000000000005;6.918381731168508e-15;0.028768459822053897;4.822172143196159e-13;1.7138746000680038e-14;-1.2789379036333183e-12
1805.0;137.53375033211117;-0.19891406;0.005879999999995108;3.2397196152244418e-15;0.000180413657657657;0.0;0.005368859991709215;0.11634823199582485;0.047088000000000005;6.918381160479317e-15;0.024127083998711215;4.822171871008243e-13;1.7138745242174803e-14;-1.2789379422758878e-12
1806.0;137.53373417977;-0.20048782000000007;0.005879999999995108;3.2397179959129756e-15;0.004740368541777259;0.0;0.005443199987173222;0.11505408937136416;0.047088000000000005;6.918375798271302e-15;0.022359711064102204;4.822169313515715e-13;1.71387381152028e-14;-1.2789383053633022e-12
1807.0;137.53365115730634;-0.20529594;0.005879999999995109;3.2397111682453025e-15;0.023553000873531082;0.0;0.005228999988181204;0.11348194542650106;0.047088000000000005;6.9183531890837715e-15;0.01013858412620826;4.822158530102839e-13;1.7138708065023617e-14;-1.2789398362916023e-12
1808.0;47.04520220236894;-0.21689426000000003;0.0;1.2574127229940722e-15;0.0719579804514564;0.0;0.004993379997190981;0.11016031242687274;0.047088000000000005;0.0;0.0;1.8041701196007002e-13;0.0;-0.017314711807067562
1809.0;47.04489791059484;-0.23183504000000005;0.0;1.257409274205872e-15;0.1341871556081284;0.0;0.0046972800078869574;0.11088886706639756;0.047088000000000005;0.0;0.0;1.804165058097266e-13;0.0;-0.06504342420195372
1810.0;47.04464325442554;-0.2444253;0.0;1.2574063960033142e-15;0.18616432611473482;0.0;0.004305419991590924;0.11202963013644045;0.047088000000000005;0.0;0.0;1.804160833995812e-13;0.0;-0.10518575086529192
1811.0;47.044499595115866;-0.25275196;0.0;1.2574049785775853e-15;0.21120573928610215;0.0;0.004689720013038956;0.11706720041309213;0.047088000000000005;0.0;0.0;1.8041587537567712e-13;0.0;-0.12732413719329677
1812.0;47.044418866528574;-0.25709906;0.0;1.2574043642647393e-15;0.22140362009132733;0.0;0.004727520007046958;0.1232647070821089;0.047088000000000005;0.0;0.0;1.8041578521805683e-13;0.0;-0.13940951637874643
1813.0;9.998313399195567;-0.25759562;0.0;0.0;0.22818266271229137;0.0;0.004713660009868022;0.13469630158127557;0.04148768553657844;0.0;0.0;0.0;0.0;-0.1514754178527328
1814.0;9.99826549439259;-0.25609522000000007;0.0;0.0;0.22804284219065363;0.0;0.0043507800001799934;0.14586427497188623;0.029325254995369636;0.0;0.0;0.0;0.0;-0.1514754178527328
1815.0;9.998279770305219;-0.2536455;0.0;0.0;0.215932576108267;0.0;0.004987080014628046;0.15588189819228293;0.02833638186184471;0.0;0.0;0.0;0.0;-0.1514754178527328
1816.0;9.998350219066399;-0.25011662;0.0;0.0;0.1902597153872472;0.0;0.0049757400025880446;0.16787908155500514;0.03850140039979614;0.0;0.0;0.0;0.0;-0.1514754178527328
1817.0;47.04456875157923;-0.24510244000000003;0.0;1.2574081588468482e-15;0.1478444687426323;0.0;0.005265540009399003;0.1708460243355353;0.047088000000000005;0.0;0.0;1.8041634211766272e-13;0.0;-0.1259430932041004
1818.0;47.04476981672647;-0.24210386000000006;0.0;1.2574108198543147e-15;0.09887569566346299;0.0;0.0050362200009429845;0.17896557205793096;0.047088000000000005;0.0;0.0;1.804167326518604e-13;0.0;-0.08785440004318043
1819.0;47.0450232940226;-0.23519806000000004;0.0;1.2574136648793013e-15;0.04755703563887215;0.0;0.004304159999038925;0.17743656611274788;0.047088000000000005;0.0;0.0;1.8041715019285882e-13;0.0;-0.041174175896893525
1820.0;47.0452354403178;-0.23393586;0.0;1.2574157054406733e-15;0.012457562183917385;0.0;0.004926599996574975;0.173041274476261;0.047088000000000005;0.0;0.0;1.8041744966933444e-13;0.0;-0.0035620206537100036
1821.0;129.7685599942331;-0.23243786;0.005879999999994621;2.8544136915057153e-15;0.003973610875046518;0.0;0.0043356600105249376;0.17263385827890174;0.047088000000000005;5.7206530868688855e-15;7.405106279965648e-13;4.218019917068197e-13;1.5408341086225068e-14;-1.3855558935455013e-12
1822.0;136.0228714609299;-0.23101582000000004;0.005879999999995021;3.1570453402929146e-15;0.0030219286410357407;0.0;0.004262580007613089;0.17147392364257935;0.047088000000000005;6.648391512503765e-15;3.817249895105561e-12;4.691801775850965e-13;1.6773309356639388e-14;-1.2982612623023156e-12
1823.0;49.935458850799655;-0.22831418000000003;0.0;1.2825199055174314e-15;0.0030264390454334796;0.0;0.0045284399977514895;0.1740574157803287;0.047088000000000005;0.0;0.0;1.8410346962376948e-13;0.0;-3.1976691696765054e-11
1824.0;47.04527079330951;-0.22327292000000004;0.0;1.257416198446074e-15;0.0030219286408519203;0.0;0.004776659993326963;0.17343430958445677;0.047088000000000005;0.0;0.0;1.8041752202372735e-13;0.0;-0.005030622389306584
1825.0;171.64302718727853;-0.22562202000000003;0.0058799999999967845;7.393872536074774e-15;0.002832494679148717;0.0;0.0008870399951256807;0.11570595423369436;0.047088000000000005;8.175401427748555e-14;0.05399999999985376;1.2087342807485582e-12;3.138564884259564e-14;-8.877523497394893e-13
1826.0;149.10607749275724;-0.22046182000000003;0.0058799999999960256;3.761139139957131e-15;0.002494218881485361;0.0;0.0008845200100213198;0.11502533070491892;0.047088000000000005;9.33990241600997e-15;0.05399999999955283;5.686545513550557e-13;1.908210736562043e-14;-1.0622178469704186e-12
1827.0;137.53374674234192;-0.21791684000000006;0.005879999999995482;2.9989649327603395e-15;0.0020927979248834406;0.0;0.0012574799996611177;0.1150732618156705;0.047088000000000005;6.406044188859006e-15;0.046603207266981146;4.463813154524422e-13;1.5865027815836268e-14;-1.1839036051274154e-12
1828.0;137.53374609279527;-0.21920452;0.005879999999995482;2.9989650016161078e-15;0.0018447297135648236;0.0;0.0021180600128211883;0.11549505646833963;0.047088000000000005;6.4060444170065666e-15;0.04685673559412618;4.46381326327334e-13;1.586502811888487e-14;-1.1839035896880893e-12
1829.0;137.5485156949026;-0.22418292000000006;0.005879999999995481;2.9987429903631164e-15;0.0037616243853487307;0.0;0.0023662800083972084;0.11493426159447932;0.047088000000000005;6.4053088318682705e-15;0.04870601526275149;4.4634626278585176e-13;1.586405099292593e-14;-1.1839533764704116e-12
1830.0;174.03238511728287;-0.23662454000000005;0.005879999999996848;8.234957023919642e-15;0.017400895396638767;0.0;0.002719079998597864;0.10808489006315737;0.047088000000000005;0.0012799326806916392;0.053999999999863914;1.3720455169836197e-12;3.3682149397696134e-14;-8.726901013613241e-13
1831.0;137.53356774836462;-0.24833762000000004;0.005879999999995482;2.9989468900752306e-15;0.05740762084744902;0.0;0.003211739992325278;0.0954789807158085;0.047088000000000005;6.405984406186056e-15;0.03933616476959003;4.4637846585338564e-13;1.586494840646515e-14;-1.1839076508230203e-12
1832.0;49.999009794428545;-0.2697456200000001;0.004063005430765298;1.1876903151120334e-15;0.12636622468072406;0.0;0.0034397999884560704;0.08879736982807063;0.047088000000000005;0.0;0.0;1.7049235533868119e-13;0.0;-2.9033528002094185e-11
1833.0;47.04578021041458;-0.2860102400000001;0.0;1.163970433103112e-15;0.20485066863359622;0.0;0.0036615600020635723;0.08696160477404295;0.047088000000000005;0.0;0.0;1.6700956451601027e-13;0.0;-0.05656724296041408
1834.0;47.04543098471785;-0.3002407800000001;0.0;1.1639669111515338e-15;0.2731958660306642;0.0;0.003835440002175587;0.09167803573061227;0.047088000000000005;0.0;0.0;1.6700904762860402e-13;0.0;-0.11557982581239234
1835.0;9.998049230643522;-0.3107328200000001;0.0;0.0;0.31510595493861715;0.0;0.0041932800020872745;0.0990929943683057;0.04380347605738905;0.0;0.0;0.0;0.0;-0.1514754178528782
1836.0;9.997966089539474;-0.31302994;0.0;0.0;0.326801268850713;0.0;0.0044931600085832985;0.10624433189739854;0.026954526088744796;0.0;0.0;0.0;0.0;-0.1514754178528782
1837.0;9.997955898498848;-0.31128188;0.0;0.0;0.3238154229411308;0.0;0.004524660000295303;0.11186666348130835;0.02254050088062492;0.0;0.0;0.0;0.0;-0.1514754178528782
1838.0;9.997971022034509;-0.31008290000000005;0.0;0.0;0.30932369758633715;0.0;0.004548599997159304;0.1243048139410019;0.02337667556728428;0.0;0.0;0.0;0.0;-0.1514754178528782
1839.0;9.998049704306304;-0.30634570000000005;0.0;0.0;0.2840612776211;0.0;0.005255460009647362;0.1339581607196562;0.034547838699974465;0.0;0.0;0.0;0.0;-0.1514754178528782
1840.0;47.04533353868356;-0.3002175800000001;0.0;1.1639680575441184e-15;0.24477169690265638;0.0;0.0064449000161758;0.1433335061784632;0.047088000000000005;0.0;0.0;1.670092158750468e-13;0.0;-0.1414246237800306
1841.0;47.045586651736116;-0.29199108;0.0;1.1639709397580529e-15;0.18819848979032244;0.0;0.006400800000103797;0.14945911530332665;0.047088000000000005;0.0;0.0;1.6700963887352443e-13;0.0;-0.09915064720258085
1842.0;47.04582780106062;-0.2843502200000001;0.0;1.1639737422063863e-15;0.13277992958264123;0.0;0.0061702199990957786;0.15517730998676757;0.047088000000000005;0.0;0.0;1.6701005016545767e-13;0.0;-0.05685160429943946
1843.0;47.04609805392836;-0.27371418000000003;0.0;1.1639767538116846e-15;0.07366739954308721;0.0;0.00594090001040776;0.159165187181832;0.047088000000000005;0.0;0.0;1.670104921536757e-13;0.0;-0.012124936398975193
1844.0;137.53350925002655;-0.26120028000000006;0.005879999999995481;2.9989548752337894e-15;0.029105230622817904;0.0;0.006298739990589532;0.1400118731790399;0.047088000000000005;6.406010864179546e-15;0.032897945420995646;4.463797270013302e-13;1.5864983550723046e-14;-1.18390586030828e-12
1845.0;137.5336249819072;-0.25376136;0.005879999999995481;2.99896231368781e-15;0.007464614521380742;0.0;0.005944679988069502;0.1371695521650939;0.047088000000000005;6.4060355107945126e-15;0.050298083309486076;4.4638090180511214e-13;1.5865016288799782e-14;-1.1839041923949413e-12
1846.0;137.533606596588;-0.2510905200000001;0.005879999999995482;2.9989635392597395e-15;0.002859556096579846;0.0;0.005376419986557455;0.14645382939093013;0.047088000000000005;6.4060395716163945e-15;0.04351957762971292;4.463810953677536e-13;1.586502168277347e-14;-1.183903917588171e-12
1847.0;137.53360867262427;-0.24389432000000003;0.005879999999995482;2.998963580783156e-15;0.0027783703293191974;0.0;0.004721220004757402;0.14606558651578994;0.047088000000000005;6.406039709201814e-15;0.03744790498969397;4.463811019258483e-13;1.5865021865525456e-14;-1.1839039082773226e-12
1848.0;137.53364513187068;-0.22869980000000004;0.005879999999995482;2.998963921384669e-15;0.002652080516405852;0.0;0.0047804400105254065;0.13782141702740977;0.047088000000000005;6.406040837754455e-15;0.030562261367674263;4.463811557192647e-13;1.586502336458352e-14;-1.1839038319051842e-12
1849.0;174.03245821809648;-0.22525702000000003;0.005879999999996103;1.0107276969833983e-14;0.002390480586422693;0.0;0.0016253999993252374;0.09661495067477734;0.047088000000000005;0.017486907898254814;0.053999999999830815;1.6840086273492097e-12;4.134176605745109e-14;-1.2542147851422454e-12
1850.0;174.03246384463176;-0.22343158000000002;0.005879999999996103;1.0107278863833228e-14;0.0018627708268571688;0.0;0.0017438399910932473;0.09590077624649916;0.047088000000000005;0.01678477619879429;0.053999999999830815;1.684009002157153e-12;4.1341771040768376e-14;-1.2542147418953818e-12
1851.0;174.0324917189994;-0.22136174;0.005879999999996103;1.0107282095435626e-14;0.0014703711843641282;0.0;0.0017715600051492497;0.08992375268695806;0.047088000000000005;0.021054966385885398;0.053999999999830815;1.6840096416668214e-12;4.134177954346129e-14;-1.2542146681062182e-12
1852.0;174.03250241456757;-0.21964892;0.005879999999996103;1.0107282869550058e-14;0.0014884122976538048;0.0;0.0016569000108052397;0.08744570899277444;0.047088000000000005;0.021916091295078204;0.053999999999830815;1.684009794858396e-12;4.134178158023845e-14;-1.254214650430506e-12
1853.0;191.63027560397424;-0.22199040000000003;0.005879999999996602;6.390121802026944e-14;0.001768053340937235;0.0;0.0016795799953495077;0.08195758539700486;0.047088000000000005;0.027766666666650085;0.05399999999988892;0.0015717848792922442;9.01632508417778e-14;-1.0872164824886497e-12
1854.0;194.95141047672337;-0.23102208000000002;0.005879999999996683;0.0016407556808124171;0.0073293044043201885;0.0;0.0016606799884615509;0.07470079942425048;0.047088000000000005;0.027766666666652468;0.05399999999989589;0.010485999991079523;1.1599932626259298e-13;-1.0608132733297536e-12
1855.0;191.6301888330956;-0.2458815;0.005879999999996602;6.389748936775678e-14;0.034219957693905234;0.0;0.001263780001957474;0.06712766724248773;0.047088000000000005;0.027766666666650085;0.05399999999988892;0.008248357229398096;9.01620842287124e-14;-1.0872180565553494e-12
1856.0;174.032106848779;-0.26323966000000004;0.005879999999996103;1.0106969063008609e-14;0.08898902873366489;0.0;0.0011289600081731965;0.06490845242439969;0.047088000000000005;0.0010521200264461386;0.053999999999830815;1.6839476952743836e-12;4.1340955912662024e-14;-1.2542218160369348e-12
1857.0;137.53324148631526;-0.27836118000000004;0.005879999999994425;3.680837460341192e-15;0.15599465465876677;0.0;0.001052099988068422;0.06221471785378279;0.047088000000000005;7.85629004206396e-15;0.006173867558795856;5.478764242116697e-13;1.9472577473822955e-14;-1.8694809004451104e-12
1858.0;72.75936702678013;-0.2884598200000001;0.005879999999978202;1.729358361962236e-15;0.2084499209795949;0.0;0.0009336600160651499;0.06491324465738608;0.047088000000000005;0.0;0.0;2.493327534103462e-13;0.0;-0.03871838917021949
1859.0;72.75920485862436;-0.2972028200000001;0.005879999999978201;1.7293553799712557e-15;0.24068532742834414;0.0;0.0007068599927131313;0.06653331971300476;0.047088000000000005;0.0;0.0;2.493323115258618e-13;0.0;-0.06360783202756845
1860.0;72.75911855438937;-0.30227042000000004;0.005879999999978202;1.7293540584114129e-15;0.254572667660877;0.0;0.0005770800086731207;0.07101968221596724;0.047088000000000005;0.0;0.0;2.4933211569136874e-13;0.0;-0.07678468365542397
1861.0;72.7590756894719;-0.30314818000000004;0.005879999999978201;1.7293538239592003e-15;0.25626404563919714;0.0;0.00043470000027310895;0.07894750549534052;0.047088000000000005;0.0;0.0;2.4933208094921433e-13;0.0;-0.08538166494761142
1862.0;72.75905238590468;-0.30233656;0.005879999999978201;1.7293539665067698e-15;0.25385101353483325;0.0;0.0003906000039691055;0.08689929345207162;0.047088000000000005;0.0;0.0;2.4933210207256374e-13;0.0;-0.09168531078271967
1863.0;72.75911280026092;-0.2980598200000001;0.005879999999978201;1.7293556719175443e-15;0.23450616053397727;0.0;0.000482579994001113;0.09432383831247132;0.047088000000000005;0.0;0.0;2.493323547877697e-13;0.0;-0.0841290205419434
1864.0;72.75927112535538;-0.29194156000000004;0.005879999999978202;1.729358662659731e-15;0.20204974729135816;0.0;0.0005115600006091154;0.09378700987200878;0.047088000000000005;0.0;0.0;2.4933279796906653e-13;0.0;-0.05727890512394489
1865.0;72.75951443405503;-0.28415632;0.005879999999978202;1.7293633032646665e-15;0.151723361626956;0.0;0.0004914000011691138;0.09412252852531784;0.047088000000000005;0.0;0.0;2.4933348563424334e-13;0.0;-0.01504656040436576
1866.0;137.53336507923916;-0.2760532;0.005879999999994425;3.680858819198072e-15;0.10128421837337627;0.0;0.0005027399934443768;0.09389245743770708;0.047088000000000005;7.856360690872645e-15;0.027464370838204886;5.478797975781813e-13;1.9472671481303372e-14;-1.8694722774154084e-12
1867.0;174.03224888434278;-0.26620024000000003;0.005879999999996103;1.0107126945241429e-14;0.05074584672425774;0.0;0.0004800600089011435;0.0916396908421079;0.047088000000000005;0.01618748735813239;0.053999999999830815;1.6839789387039946e-12;4.1341371324516945e-14;-1.254218210813145e-12
1868.0;194.95129761002488;-0.25786084;0.005879999999996683;0.005258869373043073;0.016489806803704016;0.0;0.00038178001657344614;0.09004358134187235;0.047088000000000005;0.027766666666652468;0.05399999999989589;0.010485999991079346;1.1599866925451328e-13;-1.0608137819026247e-12
1869.0;194.95132343583822;-0.25512832;0.005879999999996683;0.007259826684475178;0.004474258207245232;0.0;0.0004107600034134484;0.0973003673146275;0.047088000000000005;0.027766666666652468;0.05399999999989589;0.01048599999107954;1.1599939974448476e-13;-1.0608132164496093e-12
1870.0;194.95132416078792;-0.25113552000000006;0.005879999999996683;0.0017405062609344758;0.003098604003751254;0.0;0.00042839999798144986;0.10018582632825354;0.047088000000000005;0.027766666666652468;0.05399999999989589;0.010485999991079577;1.1599952971846969e-13;-1.0608131158411824e-12
1871.0;191.6301929187531;-0.24355116000000002;0.005879999999996602;6.390082639762083e-14;0.002994866213662922;0.0;0.0003666600071094001;0.09970651434267691;0.047088000000000005;0.027766666666650085;0.05399999999988892;0.00547465219657932;9.016312831668354e-14;-1.0872166478049344e-12
1872.0;177.0451989928988;-0.23496394000000004;0.005879999999996199;1.1837629943859723e-14;0.002990356314062619;0.0;0.00032760000078118094;0.10023855055008019;0.047088000000000005;0.02776666666658015;0.05399999999984462;2.0378021322729375e-12;4.5632455694834665e-14;-1.2214138744689044e-12
1873.0;47.04564018439529;-0.26562476;0.0;1.2166524394330268e-15;0.0009381510200477505;0.0;0.01465505999568008;0.26647359149474265;0.047088000000000005;0.0;0.0;1.74568577086934e-13;0.0;-0.06354631915070143
1874.0;47.045665039800824;-0.26292968000000005;0.0;1.2166524939965036e-15;0.00047358591445319833;0.0;0.014478659990696065;0.26129222700780425;0.047088000000000005;0.0;0.0;1.745685850947661e-13;0.0;-0.060420508870774534
1875.0;47.04566170549403;-0.26054808000000007;0.0;1.2166525007761635e-15;0.00023453800729371886;0.0;0.013703760004808004;0.26230357695682693;0.047088000000000005;0.0;0.0;1.7456858608978683e-13;0.0;-0.06279918292592988
1876.0;47.04566955634415;-0.2601956;0.0;1.216652511376586e-15;0.00023002760272844915;0.0;0.01285451998391993;0.2605205352466193;0.047088000000000005;0.0;0.0;1.7456858764548092e-13;0.0;-0.060515388945206326
1877.0;47.04566889867153;-0.26699762000000005;0.0;1.2166525107606687e-15;0.00023453800729371886;0.0;0.011639880007775832;0.26073143213394384;0.047088000000000005;0.0;0.0;1.745685875550856e-13;0.0;-0.05271409136875823
1878.0;47.04566658910579;-0.28301718000000003;0.0;1.2166524939834779e-15;0.0005592825912505186;0.0;0.009373140004023645;0.2611244689981796;0.047088000000000005;0.0;0.0;1.7456858509285325e-13;0.0;-0.03514555461776868
1879.0;47.04568352960539;-0.29687758000000003;0.0;1.216652296907293e-15;0.005304161032717765;0.0;0.009267299997079636;0.252635849966926;0.047088000000000005;0.0;0.0;1.7456855616960425e-13;0.0;-0.017438802776439093
1880.0;47.045571778417354;-0.30797626;0.0;1.2166506589355178e-15;0.03688105851436569;0.0;0.010449179988959735;0.24313588362070965;0.047088000000000005;0.0;0.0;1.745683157780194e-13;0.0;-0.029605757924525213
1881.0;47.04532465089417;-0.3194667200000001;0.0;1.2166469579231417e-15;0.10848723245972608;0.0;0.010615499994223747;0.22086704039454622;0.047088000000000005;0.0;0.0;1.7456777261108508e-13;0.0;-0.06763480372337943
1882.0;47.044989659418384;-0.32948370000000005;0.0;1.2166428522903506e-15;0.1862004078363519;0.0;0.010936799992711774;0.21181762648943228;0.047088000000000005;0.0;0.0;1.7456717006139743e-13;0.0;-0.12661567175280353
1883.0;9.997968795855034;-0.33717846000000007;0.0;0.0;0.23539018770838335;0.0;0.01042020000208593;0.20601315756209104;0.036859230990680246;0.0;0.0;0.0;0.0;-0.15147541785279622
1884.0;9.997814849362879;-0.3412567800000001;0.0;0.0;0.25793287159361794;0.0;0.010260179999117913;0.2166682663115769;0.007899851495734671;0.0;0.0;0.0;0.0;-0.15147541785279622
1885.0;9.997831866169845;-0.337884;0.0;0.0;0.25769382368645855;0.0;0.012472740006846098;0.21314052865778604;0.006080299963615291;0.0;0.0;0.0;0.0;-0.15147541785279622
1886.0;9.99786161252922;-0.3380873200000001;0.0;0.0;0.24617892292714505;0.0;0.013662179993574193;0.21878203268599805;0.010970755921808413;0.0;0.0;0.0;0.0;-0.15147541785279622
1887.0;9.998034811142464;-0.33403934;0.0;0.0;0.22034820057119783;0.0;0.014052779997550228;0.20756612818463188;0.04357886996560364;0.0;0.0;0.0;0.0;-0.1514754178527962
1888.0;47.045108221915704;-0.32597470000000006;0.0;1.2166435715190717e-15;0.17428859753495146;0.0;0.01405655999500803;0.19803740229452238;0.047088000000000005;0.0;0.0;1.7456727561664878e-13;0.0;-0.10755488385896728
1889.0;47.04547865304525;-0.3155639;0.0;1.2166471882911248e-15;0.10790990925988539;0.0;0.013899060016680016;0.18634218580758033;0.047088000000000005;0.0;0.0;1.7456780642028316e-13;0.0;-0.03972895436642217
1890.0;137.53330542495183;-0.30327242;0.005879999999995272;3.1346798450785965e-15;0.04425997635921698;0.0;0.014924700003022104;0.17023250436193216;0.047088000000000005;6.6948658378771586e-15;0.02097545413548538;4.665820483137105e-13;1.6583044153436196e-14;-1.2374813345012676e-12
1891.0;137.5334563494048;-0.30156340000000004;0.005879999999995271;3.134692023412782e-15;0.009521329714798379;0.0;0.015166620016070125;0.17368355223851406;0.047088000000000005;6.694906175828041e-15;0.050317734141159545;4.665839717205997e-13;1.6583097752969206e-14;-1.2374786038095275e-12
1892.0;137.53341917503872;-0.3011459;0.005879999999995271;3.134693931519233e-15;0.0023904805864159973;0.0;0.015519420006270152;0.19006164878251647;0.047088000000000005;6.694912496008948e-15;0.04030586383873194;4.665842730807983e-13;1.658310615095915e-14;-1.237478175966589e-12
1893.0;137.5333599468054;-0.29563596000000003;0.005879999999995271;3.1346936656493286e-15;0.0015966609972707776;0.0;0.015560999997702158;0.20455125517264902;0.047088000000000005;6.6949116153738075e-15;0.0210628452384482;4.665842310902152e-13;1.6583104980808775e-14;-1.2374782355808754e-12
1894.0;80.032252458358;-0.28647328000000005;0.005879999999985945;1.5650604541422685e-15;0.0013440813713771356;0.0;0.015089759995963872;0.21181283425644112;0.047088000000000005;0.0;9.643525460496842e-14;2.2603838086069135e-13;0.0;-3.05820317291411e-12
1895.0;47.045865897718926;-0.27770871999999996;0.0;1.216652769542336e-15;0.000893047984337858;0.0;0.015366959998144138;0.21916068933956742;0.047088000000000005;0.0;0.0;1.7456862553435963e-13;0.0;-0.004830977373964135
1896.0;47.045825904394505;-0.2690315800000001;0.0;1.216652710376203e-15;0.00046907550988792887;0.0;0.014978879999040106;0.2251281257989374;0.047088000000000005;0.0;0.0;1.745686168510053e-13;0.0;-0.01866085005394731
1897.0;44.448383626864754;-0.25083194000000003;0.0;1.7718553921615897e-15;7.667637221182017e-5;0.0;0.0075373200031223124;0.26430710089840137;0.047088000000000005;0.0;0.0;2.541316829391442e-13;0.0;-0.06747489915761684
1898.0;44.448491129115354;-0.19109972000000003;0.0;1.7718555887874549e-15;9.020657596482505e-5;0.0;0.006642720013146238;0.23921031686953848;0.047088000000000005;0.0;0.0;2.541317117738849e-13;0.0;-0.10123642463526526
1899.0;44.448500941215215;-0.19097376000000002;0.0;1.771855608238922e-15;7.667637221182035e-5;0.0;0.007475579992482306;0.23698630806235949;0.047088000000000005;0.0;0.0;2.5413171462636554e-13;0.0;-0.09995834986425539
1900.0;44.44843136353227;-0.23982314000000005;0.0;1.7718554816050625e-15;7.667637221182024e-5;0.0;0.0065734200076582325;0.2533404390509841;0.047088000000000005;0.0;0.0;2.541316960558506e-13;0.0;-0.06655630507655999
1901.0;44.448449998000065;-0.23834260000000002;0.0;1.7718555167690233e-15;7.667637221182028e-5;0.0;0.0066540600054182395;0.24908414763568837;0.047088000000000005;0.0;0.0;2.5413170121254623e-13;0.0;-0.06386242897938224
1902.0;44.448447054247936;-0.23965466;0.0;1.771855510135372e-15;9.471698053009475e-5;0.0;0.006427260001834221;0.24975039095321103;0.047088000000000005;0.0;0.0;2.5413170023973013e-13;0.0;-0.06300766518342318
1903.0;44.44842809329078;-0.24369506000000007;0.0;1.771855448048712e-15;0.00048711712799453854;0.0;0.007344539996122297;0.25366637148214205;0.047088000000000005;0.0;0.0;2.5413169113490143e-13;0.0;-0.06419184471918375
1904.0;44.44839138052276;-0.24980394000000006;0.0;1.7718549756353072e-15;0.006467828746346609;0.0;0.008173619997802365;0.255511723636332;0.047088000000000005;0.0;0.0;2.5413162185661227e-13;0.0;-0.06673836555193041
1905.0;44.44823921313881;-0.26006812;0.0;1.7718522342392795e-15;0.042852750333375565;0.0;0.00930761999595446;0.25031118582707135;0.047088000000000005;0.0;0.0;2.541312198375805e-13;0.0;-0.08879886054450091
1906.0;44.44799376460991;-0.27340228;0.0;1.7718481273439323e-15;0.09680544925620017;0.0;0.010105200005922521;0.24667799972961826;0.047088000000000005;0.0;0.0;2.54130617571409e-13;0.0;-0.12658983146422847
1907.0;9.998246592753482;-0.2822654;0.0;0.0;0.14524200166479784;0.0;0.010164419991873227;0.24114194414422221;0.03724349292702239;0.0;0.0;0.0;0.0;-0.15147541785166377
1908.0;9.998113295417507;-0.28729344000000007;0.0;0.0;0.17115842120251373;0.0;0.01067975998991327;0.24332760806279677;0.013651289840855663;0.0;0.0;0.0;0.0;-0.1514754178516638
1909.0;9.747134884886764;-0.2921935600000001;0.0;0.0;0.1772293399021777;0.0;0.010987199991255595;0.2547352370071561;0.0;0.0;0.0;0.0;0.0;-0.15147541785169152
1910.0;9.998068185460458;-0.29067676000000003;0.0;0.0;0.1567929846506906;0.0;0.012714660000105437;0.26952681115111793;0.003175375125688963;0.0;0.0;0.0;0.0;-0.1514754178516638
1911.0;9.998199954781807;-0.2858505;0.0;0.0;0.12126502882169211;0.0;0.01339632000340949;0.2781975675252228;0.024531931020781047;0.0;0.0;0.0;0.0;-0.15147541785166374
1912.0;44.44796052251015;-0.27807402000000003;0.0;1.7718497897639837e-15;0.07115965096257196;0.0;0.012966660012922758;0.28196496073363786;0.047088000000000005;0.0;0.0;2.5413086136128445e-13;0.0;-0.1344069895406268
1913.0;44.44806829266453;-0.2810929800000001;0.0;1.771853354761644e-15;0.02144667122956121;0.0;0.01362815999701881;0.3127751463348661;0.047088000000000005;0.0;0.0;2.54131384159439e-13;0.0;-0.11313145943218833
1914.0;44.44802283182884;-0.29489606;0.0;1.7718544720059066e-15;0.0036263137629674634;0.0;0.014106959993602855;0.34282801775209604;0.047088000000000005;0.0;0.0;2.541315480005505e-13;0.0;-0.11202865278745085
1915.0;44.44791947939587;-0.29609092000000004;0.0;1.771854503863013e-15;0.0001533512299357961;0.0;0.014376600000938874;0.3695113259370687;0.047088000000000005;0.0;0.0;2.541315526723632e-13;0.0;-0.13430540042456948
1916.0;44.44791873889267;-0.2938224;0.0;1.7718545042656223e-15;9.922789006676601e-5;0.0;0.014047740007602847;0.3695544639367487;0.047088000000000005;0.0;0.0;2.5413155273140323e-13;0.0;-0.13623401087262058
1917.0;44.44792365977907;-0.2886942800000001;0.0;1.7718545091167761e-15;9.020657596482417e-5;0.0;0.014152320002226854;0.3679343888811301;0.047088000000000005;0.0;0.0;2.5413155344283025e-13;0.0;-0.1398379618049458
1918.0;44.447924684289;-0.28242136;0.0;1.7718544996178558e-15;8.118627180568693e-5;0.0;0.013790700004858825;0.3664964520463826;0.047088000000000005;0.0;0.0;2.541315520498064e-13;0.0;-0.14430242849732305
1919.0;44.447971789418595;-0.27749782000000006;0.0;1.7718545996909327e-15;8.118627180568701e-5;0.0;0.014054040009898848;0.3568670708231061;0.047088000000000005;0.0;0.0;2.5413156672533464e-13;0.0;-0.13986299431196386
1920.0;44.447996745337335;-0.27100376000000004;0.0;1.7718546446675911e-15;8.56966763709568e-5;0.0;0.014173739994218858;0.3509811181300406;0.047088000000000005;0.0;0.0;2.5413157332101435e-13;0.0;-0.14059697747211694
1921.0;1.7675646637188363e-6;-0.33071267000000004;0.0;0.0;4.884671278661951e-5;0.0;0.013847548343206294;0.4529567626814566;0.0;0.0;0.0;0.0;0.0;-0.13614067943423078
1922.0;1.7173333620908794e-6;-0.32777513599999997;0.0;0.0;4.506017342439788e-5;0.0;0.013612636432043487;0.4538971365314885;0.0;0.0;0.0;0.0;0.0;-0.13977988269503672
1923.0;1.7097250500848832e-6;-0.325539473;0.0;0.0;4.5040690941868074e-5;0.0;0.013678277314932045;0.4530710153958189;0.0;0.0;0.0;0.0;0.0;-0.141255045078606
1924.0;1.7523601183078574e-6;-0.3224491340000001;0.0;0.0;4.880643032793174e-5;0.0;0.013141672263863074;0.4496420746658588;0.0;0.0;0.0;0.0;0.0;-0.1403836092909638
1925.0;1.7194060278972338e-6;-0.32378610399999996;0.0;0.0;4.8713511252664504e-5;0.0;0.012620084047548297;0.45470745914388666;0.0;0.0;0.0;0.0;0.0;-0.14359033876456867
1926.0;1.6699411572316671e-6;-0.32932115999999995;0.0;0.0;4.856714491441148e-5;0.0;0.013669133469284098;0.46106636108226695;0.0;0.0;0.0;0.0;0.0;-0.1454630819213196
1927.0;1.8662871887529269e-6;-0.343699005;0.0;0.0;6.832933218479955e-5;0.0;0.01318041798563822;0.47082441615538195;0.0;0.0;0.0;0.0;0.0;-0.14037436243014598
1928.0;6.270656287403679e-8;-0.362088812;0.0;0.0;0.002111925294254741;0.0;0.013145287756438421;0.4747346644146144;0.0;0.0;0.0;0.0;0.0;-0.1279030709420779
1929.0;4.417506782926133e-8;-0.37023038;0.0;0.0;0.012426699297105121;0.0;0.010618134661113734;0.46220297422042417;0.0;0.0;0.0;0.0;0.0;-0.11501743192973907
1930.0;3.92610378807588e-8;-0.37636091299999996;0.0;0.0;0.03596159205105816;0.0;0.010604671717420758;0.4561652579431856;0.0;0.0;0.0;0.0;0.0;-0.1263706120591987
1931.0;1.8730517214913364e-8;-0.383466285;0.0;0.0;0.07035350974161567;0.0;0.010610058619911857;0.4507993312700465;0.0;0.0;0.0;0.0;0.0;-0.14829661613579947
1932.0;1.8072540519627348e-8;-0.388473657;0.0;0.0;0.0932642561261678;0.0;0.01072751789841353;0.43276169027435424;0.0;0.0;0.0;0.0;0.0;-0.1482798087505997
1933.0;1.6519934861530175e-8;-0.38898910200000003;0.0;0.0;0.09921780931988215;0.0;0.010806039959430141;0.4272294114432524;0.0;0.0;0.0;0.0;0.0;-0.14826416003872225
1934.0;1.8201244576788042e-8;-0.38590709500000003;0.0;0.0;0.0867201720721134;0.0;0.01098255684545729;0.4364852508808129;0.0;0.0;0.0;0.0;0.0;-0.148280886261203
1935.0;1.7916340124423418e-8;-0.38235265900000004;0.0;0.0;0.0650784721835237;0.0;0.010622087258980338;0.4549991602781601;0.0;0.0;0.0;0.0;0.0;-0.14834706215042073
1936.0;4.055897980045544e-8;-0.376212458;0.0;0.0;0.036321196173751506;0.0;0.010930396008023188;0.4473938936105499;0.0;0.0;0.0;0.0;0.0;-0.11843303125459996
1937.0;4.5685204381804774e-8;-0.373347719;0.0;0.0;0.01308354449357924;0.0;0.01075597719470957;0.4473054009211599;0.0;0.0;0.0;0.0;0.0;-0.09779720749098138
1938.0;4.45748745824142e-8;-0.37507457299999997;0.0;0.0;0.0027996120529524614;0.0;0.010662868468956076;0.4545362030168812;0.0;0.0;0.0;0.0;0.0;-0.09292411438615561
1939.0;2.314577398445462e-6;-0.375767104;0.0;0.0;0.0002277705567793201;0.0;0.010233885610737514;0.458170866772824;0.0;0.0;0.0;0.0;0.0;-0.09286564945531273
1940.0;1.8980776114608504e-6;-0.370627339;0.0;0.0;6.449232359708247e-5;0.0;0.007690045335018903;0.4529614395124331;0.0;0.0;0.0;0.0;0.0;-0.0900888458575861
1941.0;1.8488014230267605e-6;-0.361930095;0.0;0.0;5.659534626086292e-5;0.0;0.007342567386539078;0.4449041625486256;0.0;0.0;0.0;0.0;0.0;-0.09037343200377859
1942.0;1.8484031887529713e-6;-0.351042644;0.0;0.0;5.659515606643404e-5;0.0;0.007188414108743236;0.4431160407996634;0.0;0.0;0.0;0.0;0.0;-0.09931860774925952
1943.0;1.8481295958887754e-6;-0.342365557;0.0;0.0;5.6594870762600134e-5;0.0;0.008106130572551377;0.437389053187971;0.0;0.0;0.0;0.0;0.0;-0.1031864232880031
1944.0;1.8476202720620358e-6;-0.33429186000000005;0.0;0.0;5.659415542321344e-5;0.0;0.008644148267438685;0.43441700757636836;0.0;0.0;0.0;0.0;0.0;-0.10882609160298842
1945.0;56.92146484830417;-0.294327155;0.005039999999933441;1.259822268390075e-15;7.668135139657734e-5;0.0;0.009306899998804706;0.2433655423044578;0.043163999999902634;0.0;0.0;1.813460769354043e-13;0.0;-0.006571150417356184
1946.0;56.92150511153613;-0.289900834;0.0050399999999334415;1.2598225585688607e-15;7.66813513965775e-5;0.0;0.011084444994700874;0.24961072921805455;0.043163999999902634;0.0;0.0;1.813461197978874e-13;0.0;-0.01902066953918826
1947.0;56.921551598304085;-0.2903632850000001;0.0050399999999334415;1.2598229315119287e-15;8.119154384209385e-5;0.0;0.01224598499102899;0.2585093635384572;0.043163999999902634;0.0;0.0;1.813461748855054e-13;0.0;-0.02862304624551251
1948.0;56.92159632333649;-0.291592577;0.005039999999933443;1.259823293459336e-15;7.668135139657789e-5;0.0;0.013040595002315063;0.2672163043402898;0.043163999999902634;0.0;0.0;1.8134622834898013e-13;0.0;-0.03689090005392751
1949.0;56.921619172767905;-0.294259007;0.005039999999933443;1.2598234791580513e-15;7.21701489426763e-5;0.0;0.01373435999972313;0.27170093300239706;0.043163999999902634;0.0;0.0;1.8134625577862528e-13;0.0;-0.03939839810460775
1950.0;56.92168100445283;-0.30206587100000004;0.005039999999933443;1.259823982343418e-15;7.217014894267656e-5;0.0;0.014157180016571175;0.283858363607067;0.043163999999902634;0.0;0.0;1.8134633010442223e-13;0.0;-0.044171900925964444
1951.0;56.921760770675455;-0.31965794399999997;0.005039999999933444;1.2598246331576784e-15;0.00010825522353615546;0.0;0.014186339996699176;0.2995924009437758;0.043163999999902634;0.0;0.0;1.8134642623658714e-13;0.0;-0.04237924231913033
1952.0;56.921818693464694;-0.340685496;0.005039999999933444;1.2598251085146324e-15;0.0020027213871916774;0.0;0.014251950009173182;0.30988333832919757;0.043163999999902634;0.0;0.0;1.8134649645181344e-13;0.0;-0.03360274873678682
1953.0;56.92187606606813;-0.351434948;0.005039999999933445;1.2598255790248502e-15;0.01078041489829797;0.0;0.014245874987897181;0.3154172404734914;0.043163999999902634;0.0;0.0;1.8134656595114076e-13;0.0;-0.03715878320585643
1954.0;56.92193707925807;-0.357276105;0.005039999999933447;1.2598260826045968e-15;0.03144813973044912;0.0;0.014284755005879187;0.3138181083429031;0.043163999999902634;0.0;0.0;1.813466403352281e-13;0.0;-0.05042489437755879
1955.0;56.92202325316096;-0.36140576700000004;0.005039999999933447;1.2598267941929034e-15;0.05913441081352552;0.0;0.014272605001451187;0.3125872323228675;0.043163999999902634;0.0;0.0;1.8134674544434475e-13;0.0;-0.07273820287255459
1956.0;56.92211551311964;-0.36606533500000005;0.0050399999999334475;1.2598275538020384e-15;0.08200783488332017;0.0;0.01402352998692516;0.31572495901645914;0.043163999999902634;0.0;0.0;1.8134685764663856e-13;0.0;-0.09384052043162752
1957.0;56.922183225110594;-0.365900612;0.005039999999933448;1.259828109113819e-15;0.0964508846005984;0.0;0.01392390000398915;0.3195083920418198;0.043163999999902634;0.0;0.0;1.8134693967209115e-13;0.0;-0.1121320072483765
1958.0;56.92219193135753;-0.362296909;0.005039999999933448;1.2598281780071245e-15;0.09359565351526809;0.0;0.013482854999561106;0.3230547295280247;0.043163999999902634;0.0;0.0;1.8134694984835138e-13;0.0;-0.11598584235455786
1959.0;56.92214824424559;-0.357985493;0.0050399999999334475;1.2598278176012398e-15;0.07875566797746161;0.0;0.012711330004313032;0.3242351608093611;0.043163999999902634;0.0;0.0;1.8134689661258397e-13;0.0;-0.10586632426274586
1960.0;56.92202147983265;-0.351218274;0.005039999999933447;1.2598267771509835e-15;0.05471850012577622;0.0;0.01269189000485303;0.31509438638352444;0.043163999999902634;0.0;0.0;1.813467429271049e-13;0.0;-0.07943630061266066
1961.0;56.921909282684624;-0.34646825900000006;0.005039999999933446;1.259825854148762e-15;0.0283132489382662;0.0;0.013228919994701084;0.3103625739737875;0.043163999999902634;0.0;0.0;1.8134660658987802e-13;0.0;-0.05358648864600662
1962.0;56.92180029138566;-0.344415738;0.005039999999933445;1.2598249635614032e-15;0.008876927339743029;0.0;0.013278735005231088;0.3018523712568031;0.043163999999902634;0.0;0.0;1.8134647504068272e-13;0.0;-0.027742364265690954
1963.0;56.92179661941264;-0.345042613;0.005039999999933445;1.2598249324128328e-15;0.0010419564655168862;0.0;0.013349204988977096;0.306347089975549;0.043163999999902634;0.0;0.0;1.8134647043974906e-13;0.0;-0.023845806534653645
1964.0;56.921803228872825;-0.34208961499999996;0.005039999999933445;1.2598249840551007e-15;0.00025259552191006946;0.0;0.013015080000641065;0.30808242447156525;0.043163999999902634;0.0;0.0;1.8134647806782772e-13;0.0;-0.02741069725594812
1965.0;56.92184199681074;-0.335020232;0.005039999999933445;1.2598252957961183e-15;0.00013983010568411816;0.0;0.012191309990164984;0.3156139785583397;0.043163999999902634;0.0;0.0;1.813465241152922e-13;0.0;-0.04107521220559426
1966.0;56.92189242970594;-0.325054708;0.005039999999933445;1.2598257040272949e-15;0.00011276541598167216;0.0;0.010935000001234861;0.3254509040546446;0.043163999999902634;0.0;0.0;1.8134658441533715e-13;0.0;-0.05959440495877167
1967.0;56.9218762255176;-0.315529733;0.005039999999933445;1.2598255713373313e-15;7.668135139657909e-5;0.0;0.009106425001990685;0.32225264164163264;0.043163999999902634;0.0;0.0;1.8134656481562858e-13;0.0;-0.06405643700216167
1968.0;56.92187771783819;-0.306445817;0.005039999999933445;1.2598255826232424e-15;8.119154384209525e-5;0.0;0.007655714999398546;0.3225048708796231;0.043163999999902634;0.0;0.0;1.8134656648268185e-13;0.0;-0.07194639412434489
1969.0;182.65685313441494;-0.282227572;0.0050399999999943546;1.1072440617034517e-14;0.0024628059621245165;0.0;0.008054235007394512;0.16381760293674677;0.0431639999999558;0.009966145126860377;0.04949999999976184;1.7936222892910499e-12;6.195850784124631e-14;-1.846445567292699e-12
1970.0;182.6568355928441;-0.276544497;0.0050399999999943546;1.1072433996070262e-14;0.0019215303482265325;0.0;0.00845275499632455;0.16071014364082412;0.0431639999999558;0.00753330623511765;0.04949999999976184;1.7936210507615837e-12;6.195847523759935e-14;-1.8464458401894058e-12
1971.0;182.65682051989273;-0.27473260899999996;0.0050399999999943546;1.1072428306982724e-14;0.0014614457734107309;0.0;0.008332470002048538;0.15803651704482308;0.0431639999999558;0.008975432685564434;0.049499999999761846;1.7936199865507123e-12;6.195844722280146e-14;-1.846446074677015e-12
1972.0;182.65680398740287;-0.274248567;0.0050399999999943546;1.107242206727078e-14;0.0009697863164469665;0.0;0.008531730006044558;0.1550955293601621;0.0431639999999558;0.011724798090954185;0.049499999999761846;1.7936188193395178e-12;6.19584164965443e-14;-1.846446331860392e-12
1973.0;182.65681454609842;-0.27594070300000006;0.0050399999999943546;1.1072426035370077e-14;0.00041497810519566325;0.0;0.008381070000698543;0.15754214954956358;0.0431639999999558;0.011675755016859675;0.049499999999761846;1.7936195616191394e-12;6.195843603669586e-14;-1.846446168306312e-12
1974.0;182.6568213892942;-0.283239447;0.0050399999999943546;1.1072428613102559e-14;0.00035634055336202576;0.0;0.008138069988386518;0.15892940804830444;0.0431639999999558;0.017888865417684488;0.049499999999761846;1.7936200438141513e-12;6.195844873023473e-14;-1.846446062059822e-12
1975.0;208.2216232343466;-0.298292259;0.005039999999995296;8.253418572365472e-14;0.005263910193086522;4.1790439159498834e-18;0.007825815004209013;0.15793058115299075;0.04316399999996151;0.02379999999998234;0.049499999999865596;0.00542803266747262;2.602298846431475e-13;-1.5239450756880674e-12
1976.0;182.65692545837086;-0.31567349499999997;0.005039999999994355;1.1072468531803733e-14;0.036229411861699944;0.0;0.007605899988872467;0.15599850857211733;0.0431639999999558;0.017913318118455094;0.049499999999761846;1.7936275110795977e-12;6.195864530199126e-14;-1.8464444167324434e-12
1977.0;143.97215778826677;-0.332664191;0.00503999999999196;4.793078513019482e-15;0.10903104253144773;0.0;0.007180650005449278;0.14991979234568018;0.043163999999943026;1.1431216240290582e-14;0.018374734339142176;7.137751295599081e-13;2.877917476983955e-14;-2.763201380337056e-12
1978.0;76.1648333351513;-0.343773316;0.005039999999970667;2.403591773486686e-15;0.1863252652404761;0.0;0.006881759999450427;0.13670300005026678;0.04316399999988457;0.0;1.4876011981119834e-13;3.472734473411107e-13;0.0;-0.034277248902370425
1979.0;76.16504447485173;-0.34791177;0.005039999999970668;2.4035955494221427e-15;0.24688503574318205;0.0;0.006593805005066399;0.13815583883470614;0.04316399999988458;0.0;1.4876058859144018e-13;3.4727400924241925e-13;0.0;-0.09186296339047646
1980.0;76.16520456938137;-0.351637168;0.005039999999970668;2.403598380604602e-15;0.2862042319276992;0.0;0.006869609995022426;0.14304403372314844;0.04316399999988458;0.0;1.487609400821073e-13;3.4727443055404296e-13;0.0;-0.13262062418511078
1981.0;10.005993057165185;-0.355046062;0.0;0.0;0.30277178984152153;0.0;0.006649694998680712;0.1542530849422805;0.042958849905603884;0.0;0.0;0.0;0.0;-0.15156021978938655
1982.0;10.001837341318742;-0.353962826;0.0;0.0;0.3006608132303042;0.0;0.006970454989770706;0.16349979433587541;0.03439305681641386;0.0;0.0;0.0;0.0;-0.15156021978938672
1983.0;23.521570904926683;-0.34769554199999997;0.0;1.7324685952862971e-15;0.2773859421388607;0.0;0.007270560007689485;0.16768679358833932;0.04316399999943308;0.0;0.0;0.0;0.0;-0.15156021978878254
1984.0;76.16515171178497;-0.339081281;0.005039999999970668;2.403597424222659e-15;0.23343432582972656;0.0;0.007060364992106444;0.16776750757326675;0.04316399999988458;0.0;1.4876082134740602e-13;3.4727428823368946e-13;0.0;-0.11732145571926846
1985.0;76.1648934823632;-0.32874918900000005;0.005039999999970667;2.403592809005994e-15;0.16490426504431582;0.0;0.006629039987408404;0.16232440854606212;0.04316399999988458;0.0;1.4876024837019086e-13;3.4727360143793117e-13;0.0;-0.053249577537279214
1986.0;143.97208509901031;-0.320830157;0.005039999999991959;4.793073296422216e-15;0.08619370303124234;0.0;0.006422489988385204;0.15051505209058527;0.043163999999943026;1.143119470952483e-14;0.029540692332471606;7.137743048631121e-13;2.8779145193379596e-14;-2.763204093750027e-12
1987.0;212.19683500177086;-0.315785051;0.005039999999995415;0.011295217152609694;0.024993422580805124;4.264995855673955e-18;0.006852600000266989;0.14163155239312947;0.04316399999996227;0.023799999999984715;0.049499999999874734;0.00898799998847855;5.177036500044584e-13;-1.4841041633642629e-12
1988.0;338.14499445837265;-0.31748492100000003;0.005039999999997494;0.0199669999999974;0.005015824863420552;1.2242159202846572e-17;0.006929145005290364;0.1435585804077392;0.04316399999997676;0.023799999999997105;0.049499999999970616;0.008987999999647755;0.0011389999999871943;-8.213713135806029e-13
1989.0;300.87771503628005;-0.31381564;0.005039999999997097;0.01996699999999631;0.0025394873138153526;7.880533006020295e-18;0.005755454985471965;0.1476144209361981;0.04316399999997378;0.023799999999996192;0.049499999999958286;0.008987999999505749;0.0011389999999796866;-9.446412054383532e-13
1990.0;216.2054182455974;-0.307000808;0.005039999999995531;0.01996699999991908;0.002638721142666137;4.35546360450029e-18;0.005054400012092883;0.1486233360399772;0.043163999999963;0.023799999999986547;0.04949999999988295;0.00898799999426285;8.27830103438651e-6;-1.4460225853508157e-12
1991.0;212.19680049227085;-0.298538367;0.005039999999995415;0.011045609525698462;0.002638721142664104;4.264995064282384e-18;0.00439587001608875;0.14944560219148068;0.04316399999996227;0.023799999999984715;0.04949999999987474;0.008987999988478447;5.176990289297743e-13;-1.484104512956329e-12
1992.0;212.19677968867654;-0.28956611100000007;0.005039999999995415;0.0018850080691168408;0.002580082580822081;4.264993688427713e-18;0.0034846199889806626;0.1506008106414263;0.04316399999996227;0.023799999999984715;0.04949999999987474;0.008987999988478266;5.17690995280114e-13;-1.4841051207302825e-12
1993.0;143.97175088136197;-0.20806265900000004;0.0050399999999950346;2.9990890617550796e-15;0.0018944661635545168;0.0;0.004234274999133021;0.13970452345446563;0.04316399999996437;7.172357653653006e-15;0.014070373298977869;4.4661467764921446e-13;1.8006863492522675e-14;-1.326495443678209e-12
1994.0;143.97170359579405;-0.205124037;0.0050399999999950346;2.999086970452205e-15;0.0010554880530050947;0.0;0.004564754989953052;0.13092191415846063;0.04316399999996437;7.172348970178315e-15;0.02042292592703054;4.466143470379449e-13;1.8006851636320004e-14;-1.3264960297453924e-12
1995.0;143.97166750568016;-0.202540124;0.0050399999999950346;2.9990853746860535e-15;0.000586382083289875;0.0;0.004467555011715043;0.12410669125543207;0.04316399999996437;7.172342344267738e-15;0.025220595867269678;4.466140947653323e-13;1.800684258945857e-14;-1.3264964769441503e-12
1996.0;143.97163253694708;-0.200056631;0.0050399999999950346;2.9990838286988172e-15;0.00021651044745986565;0.0;0.004794389985957075;0.11744784898294394;0.04316399999996437;7.172335925053763e-15;0.029439035589563598;4.466138503623609e-13;1.8006833824801433e-14;-1.3264969101935412e-12
1997.0;143.9716577753285;-0.200532663;0.0050399999999950346;2.9990849438074503e-15;0.00018042537286638722;0.0;0.005177114992005112;0.12245206889578386;0.04316399999996437;7.172340555182702e-15;0.024564163986783218;4.466140266484047e-13;1.800684014668113e-14;-1.3264965976940116e-12
1998.0;143.97166599068532;-0.202116461;0.0050399999999950346;2.9990853172622303e-15;0.004740676358989605;0.0;0.005248799987631119;0.12109003322843381;0.04316399999996437;7.17234210583535e-15;0.02287812192516301;4.4661408568738696e-13;1.8006842263904837e-14;-1.326496493036639e-12
1999.0;143.97171997382304;-0.206966987;0.0050399999999950346;2.9990877456882078e-15;0.023554530294524225;0.0;0.005042249988603099;0.1194354117928681;0.04316399999996437;7.172352189100778e-15;0.010776179641603672;4.4661446959400676e-13;1.800685603135678e-14;-1.3264958124928151e-12
2000.0;47.44076264212393;-0.218647823;0.0;1.241695864162671e-15;0.0719626530639302;0.0;0.004815044997290181;0.11593951996932646;0.04316399999987237;0.0;0.0;1.784682494003449e-13;0.0;-0.01725213844327141
2001.0;47.44097622727953;-0.23368119200000004;0.0;1.2416974923445436e-15;0.13419586909028525;0.0;0.004529520007604154;0.11670629589177141;0.04316399999987237;0.0;0.0;1.7846848917769644e-13;0.0;-0.06493274484505865
2002.0;47.44115579002222;-0.24634641499999999;0.0;1.2416988680306196e-15;0.1861764147496553;0.0;0.004151654991890117;0.11790690543822047;0.043163999999872374;0.0;0.0;1.7846869177077207e-13;0.0;-0.1050703259274659
2003.0;47.441267294761985;-0.254733408;0.0;1.2416997157697552e-15;0.21121945399250835;0.0;0.004522230012572153;0.12320875568555417;0.043163999999872374;0.0;0.0;1.7846881661473793e-13;0.0;-0.1273986549044479
2004.0;47.44133754047502;-0.259100913;0.0;1.2417002379010869e-15;0.22141799700010523;0.0;0.004558680006794156;0.12973139466853206;0.043163999999872374;0.0;0.0;1.7846889350740557e-13;0.0;-0.1397888921888703
2005.0;10.001486982809114;-0.25959260100000003;0.0;0.0;0.228197479820078;0.0;0.004545315009509655;0.14176271111558733;0.03664780712921606;0.0;0.0;0.0;0.0;-0.15156021978914055
2006.0;10.001546068422323;-0.258097381;0.0;0.0;0.2280576502191538;0.0;0.004195395000167621;0.1535165764180047;0.023888368220394213;0.0;0.0;0.0;0.0;-0.15156021978914055
2007.0;10.001559345933725;-0.255635075;0.0;0.0;0.21594659775309832;0.0;0.004808970014099681;0.1640597421173343;0.022380153920785482;0.0;0.0;0.0;0.0;-0.15156021978914058
2008.0;10.0015382191907;-0.252089801;0.0;0.0;0.1902720699573615;0.0;0.0047980350024896794;0.17668631923403796;0.03189338335064871;0.0;0.0;0.0;0.0;-0.15156021978914058
2009.0;47.44134417780196;-0.24704246200000002;0.0;1.2417002726815729e-15;0.14785406906641055;0.0;0.005077485009062206;0.17980891315353834;0.043163999999872374;0.0;0.0;1.7846889862943717e-13;0.0;-0.12888079846049
2010.0;47.4412228999912;-0.24403760300000005;0.0;1.2416993440746273e-15;0.09888211618564414;0.0;0.0048563550009081856;0.18835442691038748;0.043163999999872374;0.0;0.0;1.7846876187634524e-13;0.0;-0.09123857539884264
2011.0;47.44104324152059;-0.237098413;0.0;1.241697968781871e-15;0.04756012376886032;0.0;0.004150439999072117;0.18674520657132515;0.04316399999987237;0.0;0.0;1.784685593411464e-13;0.0;-0.04454110320333224
2012.0;47.44089287817751;-0.235865053;0.0;1.2416968594967732e-15;0.012458371119334566;0.0;0.004750649996696174;0.18211933005342956;0.04316399999987237;0.0;0.0;1.784683959801357e-13;0.0;-0.006646871982622307
2013.0;68.37036448740969;-0.23437825299999998;0.00503999999997394;1.4228505444222562e-15;0.003973868902519781;0.0;0.004180815010145273;0.18169054007167532;0.04316399999991821;0.0;0.0;2.0524248256561305e-13;0.0;-5.245997191293469e-12
2014.0;83.58111905273104;-0.232925861;0.005039999999985804;1.591089544373065e-15;0.0030221248707788567;0.0;0.0041103450073385625;0.18046975318421837;0.043163999999935115;0.0;1.0456717810475206e-13;2.3028121298978866e-13;0.0;-3.19045400709471e-12
2015.0;47.44085467447842;-0.230164539;0.0;1.241696616385771e-15;0.0030266355680959515;0.0;0.004366709997830138;0.18318877995256397;0.04316399999987237;0.0;0.0;1.7846836017789764e-13;0.0;-0.0036006873966404605
2016.0;47.44086619060405;-0.22505496600000002;0.0;1.2416966434015937e-15;0.0030221248706462415;0.0;0.004606064993564161;0.18253298448823851;0.04316399999987237;0.0;0.0;1.784683641564813e-13;0.0;-0.008290005267521517
2017.0;182.6566413250439;-0.22739437099999998;0.005039999999996805;6.4136812805097314e-15;0.0028326786080164557;0.0;0.0008553599952996101;0.12177609609044397;0.043163999999974424;0.004003821828201309;0.04949999999987157;1.0389411408498394e-12;3.5886042102127074e-14;-9.467148918405815e-13
2018.0;182.0683067699742;-0.222197561;0.005039999999996789;6.288692818297281e-15;0.002494380844325785;0.0;0.0008529300096636017;0.12105976583078046;0.04316399999997434;1.0504928929995922e-12;0.049499999999869246;1.015631223660104e-12;3.5269228845833346e-14;-9.506818879556978e-13
2019.0;170.7324202189932;-0.21963573200000003;0.005039999999996473;4.572071508046781e-15;0.0020929338213387266;0.0;0.0012125699996734724;0.12111021149355922;0.04316399999997253;2.0737183300851308e-14;0.04949999999980453;7.091087320018691e-13;2.649526585062879e-14;-1.0344813260398983e-12
2020.0;161.010428924245;-0.220936796;0.005039999999996148;3.702599040370586e-15;0.0018448495016335181;0.0;0.0020424150123633934;0.12155413425011687;0.043163999999970754;1.173418031366485e-14;0.049499999999680265;5.629480971503643e-13;2.1824574912685005e-14;-1.1199941734084132e-12
2021.0;182.65440246316336;-0.22595866600000003;0.005039999999996804;6.413362661220038e-15;0.0037618686475432836;0.0;0.002281770008097748;0.1209639190714956;0.04316399999997443;0.0010981801629944634;0.04949999999987156;1.0388815406956521e-12;3.588447339812981e-14;-9.467247650709062e-13
2022.0;182.65664898519125;-0.23852021700000003;0.005039999999996805;6.413683117971404e-15;0.01740202532886555;0.0;0.002621969998647781;0.11375521722652328;0.043163999999974424;0.0068148143324929045;0.04949999999987157;1.0389414845636499e-12;3.588605114871063e-14;-9.467148349055848e-13
2023.0;143.97173619849252;-0.25036540100000004;0.005039999999995417;2.7762157780819304e-15;0.05741134862808876;0.0;0.003097034992599163;0.10048797926839968;0.04316399999996703;6.641621396070793e-15;0.04121094673942382;4.134247362652568e-13;1.6668635208215525e-14;-1.3124928786631809e-12
2024.0;56.28359921299479;-0.27195330100000004;0.005039999999928924;1.2145615118991947e-15;0.12637443030847553;0.0;0.0033169499888682954;0.09345583909124394;0.043163999999904425;0.0;0.0;1.7481201033874638e-13;0.0;-6.700969485886469e-10
2025.0;56.144882481374005;-0.288286752;0.0050399999999273535;1.2135081828813853e-15;0.20486397067167741;0.0;0.0035307900019902966;0.0915237665103792;0.04316399999990415;0.0;0.0;1.746564597981506e-13;0.0;-0.060163373001817705
2026.0;56.145136121226884;-0.302557269;0.005039999999927357;1.2135101846968378e-15;0.2732136060841208;0.0;0.0036984600020983126;0.09648762989299388;0.04316399999990414;0.0;0.0;1.7465675540990916e-13;0.0;-0.11937343303232337
2027.0;10.001585903572664;-0.31308806100000003;0.0;0.0;0.3151264164358086;0.0;0.004043520002007232;0.1042915905581518;0.04118859619226273;0.0;0.0;0.0;0.0;-0.1515602197896847
2028.0;10.001662168292292;-0.315388037;0.0;0.0;0.32682248978653267;0.0;0.0043326900082712606;0.11181810007864808;0.023976776540239594;0.0;0.0;0.0;0.0;-0.15156021978968467
2029.0;10.001682254495286;-0.31362577399999997;0.0;0.0;0.3238364499901734;0.0;0.004363065000279265;0.11773538926008204;0.01925280614302556;0.0;0.0;0.0;0.0;-0.15156021978968467
2030.0;10.001700546103773;-0.31242184500000003;0.0;0.0;0.3093437836109568;0.0;0.004386149997255265;0.1308260673984587;0.019427512953702732;0.0;0.0;0.0;0.0;-0.15156021978968467
2031.0;10.001668279021905;-0.308665185;0.0;0.0;0.28407972322309305;0.0;0.005067765009297331;0.1409858460606483;0.03009316320700152;0.0;0.0;0.0;0.0;-0.15156021978968467
2032.0;56.142348851259314;-0.302497809;0.005039999999927354;1.2135088935351e-15;0.24478759122438012;0.0;0.006214725015598555;0.1508530389552592;0.04316399999990415;0.0;0.0;1.7465656474167604e-13;0.0;-0.1476694059855153
2033.0;56.14516178670529;-0.294227034;0.005039999999927356;1.2135103538259653e-15;0.18821071051430177;0.0;0.006172200000100552;0.15730000851998227;0.04316399999990414;0.0;0.0;1.7465678038551623e-13;0.0;-0.10598828746239994
2034.0;56.145007439801155;-0.2865581810000001;0.005039999999927355;1.2135091298838604e-15;0.13278855168621054;0.0;0.005949854999128532;0.16331818995106184;0.04316399999990415;0.0;0.0;1.7465659964376066e-13;0.0;-0.06403140543007621
2035.0;56.144829862208795;-0.275884789;0.0050399999999273535;1.2135077303666624e-15;0.07367218315723538;0.0;0.00572872501003651;0.16751527833531404;0.04316399999990415;0.0;0.0;1.7465639297446822e-13;0.0;-0.019564913937026373
2036.0;143.97187987158446;-0.263314294;0.005039999999995416;2.7762215947236065e-15;0.029107120579473508;0.0;0.006073784990925451;0.14735714713192016;0.04316399999996703;6.6416455657858445e-15;0.03261744297771467;4.1342565580901166e-13;1.6668668184158385e-14;-1.3124909736702627e-12
2037.0;148.47000383174614;-0.25581112799999994;0.005039999999995634;2.971908221939537e-15;0.007465099238305463;0.0;0.005732369988495512;0.14436571286039682;0.043163999999968096;7.499120549619689e-15;0.04949999999872201;4.4449633663563693e-13;1.7773718650145164e-14;-1.2553655741176132e-12
2038.0;143.97182721810995;-0.253090546;0.005039999999995416;2.776219385362308e-15;0.002859741782686523;0.0;0.005184404987037364;0.15413705991916657;0.04316399999996703;6.6416363852850614e-15;0.04275020337692807;4.1342530653458295e-13;1.6668655658760137e-14;-1.3124916972507428e-12
2039.0;143.97182487762984;-0.24581573600000003;0.005039999999995416;2.7762192894577237e-15;0.002778550743604341;0.0;0.004552605004587303;0.15372844912655334;0.04316399999996703;6.641635986775857e-15;0.03659699787304027;4.134252913731378e-13;1.6668655115050443e-14;-1.3124917286602382e-12
2040.0;143.97178049077112;-0.23050454;0.005039999999995416;2.7762174736317417e-15;0.0026522527300250703;0.0;0.004609710010149309;0.14505177572238961;0.04316399999996703;6.641628441529962e-15;0.030031742154083146;4.1342500431204864e-13;1.6668644820697247e-14;-1.3124923233567766e-12
2041.0;206.99813100638002;-0.22698912100000002;0.00503999999999668;4.489027690581159e-14;0.002390635812984984;2.9529509892371366e-18;0.0015673499993494734;0.10168354424857842;0.04316399999997248;0.023799999999986717;0.04949999999990883;2.6662977818429863e-11;1.60536597351247e-13;-1.0923906186373581e-12
2042.0;205.12626623326963;-0.225147959;0.0050399999999966374;3.300674530837921e-14;0.0018628917864312083;2.9254618536829656e-18;0.0016815599914114605;0.10093190294905001;0.04316399999997222;0.02379999999998564;0.04949999999990536;1.0568282899841371e-11;1.335073380974017e-13;-1.106479605097714e-12
2043.0;208.22129959830443;-0.22307667699999997;0.005039999999996706;5.869490443929783e-14;0.0014704666633538466;2.971185043918165e-18;0.0017082900049655032;0.09464131401486806;0.043163999999972655;0.023799999999987338;0.04949999999991098;0.003412973794506212;1.8499801254677507e-13;-1.0833904850720138e-12
2044.0;208.2212880212682;-0.22135396599999999;0.005039999999996706;5.869473001992602e-14;0.0014885089481484893;2.971184866663486e-18;0.001597725010419492;0.09203326770456553;0.043163999999972655;0.023799999999987338;0.04949999999991098;0.0043908353738487125;1.8499774020435678e-13;-1.08339057127447e-12
2045.0;212.19647745659145;-0.22370582;0.005039999999996792;0.0030487912701312224;0.0017681681499983849;3.0322994295237506e-18;0.001619594995515544;0.08625722730300335;0.04316399999997319;0.023799999999989066;0.04949999999991748;0.008987999991805237;3.680337965484243e-13;-1.0550669291133322e-12
2046.0;212.1964568872778;-0.232839784;0.005039999999996792;0.014276999815198243;0.007329780334843773;3.032299112568905e-18;0.0016013699888735421;0.07861973732438762;0.04316399999997319;0.023799999999989066;0.04949999999991748;0.008987999991805195;3.680319461658667e-13;-1.0550670691031043e-12
2047.0;212.1965059086094;-0.24785462499999997;0.005039999999996792;0.010752949528025973;0.034222179776863655;3.0322999074472414e-18;0.0012186450018875055;0.07064930504733098;0.04316399999997319;0.023799999999989066;0.049499999999917485;0.008987999991805298;3.680365866979585e-13;-1.0550667180287306e-12
2048.0;182.65665604383074;-0.265344693;0.005039999999996037;7.87195270399926e-15;0.0889948072622597;0.0;0.0010886400078810702;0.0683136662401242;0.043163999999968596;0.009022543748479312;0.04949999999983722;1.2751673401895844e-12;4.404666825753905e-14;-1.312662717900042e-12
2049.0;143.97188562288076;-0.280548589;0.005039999999994335;3.4075094900401626e-15;0.15600478421727035;0.0;0.0010145249884942478;0.0654786135232081;0.04316399999995951;8.144013251607786e-15;0.009893925639185395;5.074362191802439e-13;2.0459225881470452e-14;-1.9644174064833475e-12
2050.0;76.16649011845219;-0.29069431100000004;0.005039999999979199;1.7087707873377414e-15;0.20846345673614866;0.0;0.0009003150154908087;0.06831870988224706;0.04316399999991796;0.0;1.0575683399270002e-13;2.468842907551842e-13;0.0;-0.035120354668851224
2051.0;76.16660673942441;-0.29948666100000004;0.005039999999979199;1.708772273103109e-15;0.2407009564004405;0.0;0.0006816149929727875;0.07002377698059435;0.04316399999991797;0.0;1.0575701844850291e-13;2.4688451185239355e-13;0.0;-0.06005159716804298
2052.0;76.16667710529677;-0.30457974099999996;0.0050399999999792;1.7087731678103665e-15;0.25458919841147165;0.0;0.0005564700083627754;0.07474550210593993;0.04316399999991797;0.0;1.0575712952536074e-13;2.4688464499409247e-13;0.0;-0.07344325186518862
2053.0;76.1667252539035;-0.305449689;0.0050399999999792;1.7087737749980693e-15;0.25628068621991534;0.0;0.0004191750002627621;0.08308923321166271;0.04316399999991797;0.0;1.0575720490709636e-13;2.468847353498742e-13;0.0;-0.08247129462228103
2054.0;76.16675986883558;-0.30462383800000004;0.005039999999979199;1.7087742090120476e-15;0.2538674974246062;0.0;0.00037665000382675816;0.09145818622469383;0.04316399999991797;0.0;1.0575725878951595e-13;2.4688479993567116e-13;0.0;-0.08921049290816528
2055.0;76.16673510881361;-0.30032266100000005;0.005039999999979199;1.7087738852905931e-15;0.2345213882600647;0.0;0.00046534499421476663;0.09927223602304508;0.04316399999991797;0.0;1.0575721859979337e-13;2.4688475176253344e-13;0.0;-0.08206856806986484
2056.0;76.1666238313918;-0.294164788;0.0050399999999792;1.7087724647697275e-15;0.20206286745076224;0.0;0.0004932900005867693;0.09870724459989141;0.04316399999991797;0.0;1.0575704224368427e-13;2.4688454037440825e-13;0.0;-0.055231174742674215
2057.0;76.16645414352499;-0.286346186;0.005039999999979199;1.7087703214949043e-15;0.1517332138277928;0.0;0.0004738500011267674;0.09906036516344494;0.04316399999991796;0.0;1.0575677615899828e-13;2.468842214329511e-13;0.0;-0.01305411853350167
2058.0;143.97187318970234;-0.27823391;0.005039999999994335;3.4075087234197833e-15;0.10129079529370373;0.0;0.0004847849936781963;0.09881822413398723;0.04316399999995951;8.144010072770463e-15;0.029482494693236;5.074360979858765e-13;2.045922153520825e-14;-1.9644178052407544e-12
2059.0;202.86894885419392;-0.268361952;0.005039999999996585;2.4992672297236025e-14;0.05074914192065645;2.8928396159188257e-18;0.0004629150085833123;0.0964472733628598;0.0431639999999719;0.0237999999999841;0.04949999999990087;6.102429257186101e-12;1.1089012356898018e-13;-1.1240673202171187e-12
2060.0;214.7920841090872;-0.25997628199999995;0.005039999999996846;0.019966999999912454;0.016490877574130154;3.074115257783096e-18;0.000368145015981455;0.09476742909590591;0.043163999999973536;0.023799999999989985;0.049499999999921385;0.008987999995065141;1.0645316927518261e-12;-1.0371730300647262e-12
2061.0;243.2447378447945;-0.25720723599999995;0.005039999999997336;0.019966999999992525;0.004474548744519214;3.613701318996139e-18;0.0003960900032917593;0.10240491907452683;0.043163999999976777;0.023799999999994718;0.04949999999995038;0.008987999999070953;0.0011389999999496477;-8.774052885728352e-13
2062.0;212.19657902997466;-0.253133446;0.005039999999996792;0.013167604210497513;0.0030988052125073785;3.0323010346557164e-18;0.0004130999980534273;0.10544175444254951;0.04316399999997319;0.023799999999989066;0.049499999999917485;0.008987999991805447;3.6804316758602534e-13;-1.0550662201746727e-12
2063.0;212.19657614016626;-0.245441818;0.005039999999996792;0.006143720422495865;0.0029950606861766514;3.0323009897876747e-18;0.00035356500685542163;0.1049372968906512;0.04316399999997319;0.023799999999989066;0.049499999999917485;0.00898799999180544;3.680429056316255e-13;-1.055066239991542e-12
2064.0;208.22135149304043;-0.236773937;0.005039999999996706;5.86957240509299e-14;0.0029905504937296494;2.9711858768412905e-18;0.0003159000007533681;0.10549724467160837;0.043163999999972655;0.023799999999987338;0.04949999999991099;0.006126812937702352;1.8499929229635722e-13;-1.083390080006631e-12
2065.0;47.44393439275517;-0.267547198;0.0;1.2014659300125998e-15;0.0009382119391338683;0.0;0.014131664995833418;0.2804532739766205;0.04316399999987652;0.0;0.0;1.726860751996073e-13;0.0;-0.07115113277463665
2066.0;47.443905134715756;-0.26484566400000004;0.0;1.2014657157411405e-15;0.00047361666686835714;0.0;0.013961564991027402;0.2750000858168596;0.04316399999987652;0.0;0.0;1.726860436444764e-13;0.0;-0.06776473694638194
2067.0;47.443909798092285;-0.26245398400000003;0.0;1.2014657495801936e-15;0.00023455323706313472;0.0;0.01321434000463533;0.27606449299788083;0.04316399999987652;0.0;0.0;1.7268604862785184e-13;0.0;-0.07023455045791656
2068.0;47.44390021500236;-0.26209498000000003;0.0;1.2014656795785954e-15;0.00023004253961342577;0.0;0.012395429984493249;0.27418790972199364;0.04316399999987652;0.0;0.0;1.7268603831893251e-13;0.0;-0.0678935314254362
2069.0;47.443901146134074;-0.268952951;0.0;1.2014656872369076e-15;0.00023455323706313467;0.0;0.011224170007497137;0.2744098706382325;0.04316399999987652;0.0;0.0;1.7268603944674158e-13;0.0;-0.060090763936019934
2070.0;47.44390369338026;-0.285068089;0.0;1.2014657085238584e-15;0.0005593189084044407;0.0;0.009038385003878923;0.27482352692120643;0.04316399999987652;0.0;0.0;1.7268604258162686e-13;0.0;-0.04252823303708745
2071.0;47.443872721573854;-0.299106009;0.0;1.2014654890369556e-15;0.005304505459940565;0.0;0.008936324997182913;0.2658895797127742;0.04316399999987652;0.0;0.0;1.726860102584329e-13;0.0;-0.02419929597878684
2072.0;47.4439278195976;-0.310304173;0.0;1.2014659005575433e-15;0.036883453396658744;0.0;0.010075994989353026;0.25589122809556825;0.04316399999987652;0.0;0.0;1.7268607086184632e-13;0.0;-0.03572102776732367
2073.0;47.44404776883206;-0.321839706;0.0;1.2014668016101455e-15;0.10849427710986011;0.0;0.01023637499442904;0.23245412141862773;0.043163999999876516;0.0;0.0;1.726862035571779e-13;0.0;-0.07251869125645763
2074.0;47.444260102127686;-0.331879485;0.0;1.2014683755494374e-15;0.18621249881425034;0.0;0.01054619999297107;0.22292995903156848;0.043163999999876516;0.0;0.0;1.7268643534654969e-13;0.0;-0.13098203013215978
2075.0;10.00189121247137;-0.33959968300000004;0.0;0.0;0.2354054728389172;0.0;0.01004805000200577;0.21682097725500768;0.0288853210822471;0.0;0.0;0.0;0.0;-0.15156021978920953
2076.0;0.001100939005160156;-0.34370031900000003;0.0;0.0;0.2579476339457721;0.0;0.009893376253378258;0.22741545588412826;0.0;0.0;0.0;0.0;0.0;-0.151560219789733
2077.0;0.001081139529180531;-0.340306;0.0;0.0;0.25770869801154794;0.0;0.012026977284939015;0.22213145903605602;0.0;0.0;0.0;0.0;0.0;-0.15156021978973302
2078.0;1.8951644935774334;-0.340506786;0.0;0.0;0.2461949086212237;0.0;0.01317424499359222;0.23025973046304588;0.0;0.0;0.0;0.0;0.0;-0.15156021978965428
2079.0;10.001849633627678;-0.336422357;0.0;0.0;0.22036250894589898;0.0;0.013550894997632111;0.21845541950137826;0.03561349758972267;0.0;0.0;0.0;0.0;-0.15156021978920953
2080.0;47.444145355261234;-0.32831448500000004;0.0;1.2014675370694841e-15;0.1742999150159653;0.0;0.013554539995185362;0.20842679956306012;0.043163999999876516;0.0;0.0;1.7268631186608767e-13;0.0;-0.11113954318992654
2081.0;47.443860810342585;-0.317875545;0.0;1.2014654348278226e-15;0.10791691642136864;0.0;0.013402665016083346;0.1961180310459629;0.04316399999987652;0.0;0.0;1.7268600227523526e-13;0.0;-0.042735338411716235
2082.0;143.97209130313422;-0.305571241;0.005039999999995202;2.9018817788845043e-15;0.044262850393717634;0.0;0.014391675002914115;0.1791632068218894;0.04316399999996553;6.940945243079492e-15;0.019594598840369855;4.321388499512908e-13;1.7423182202555586e-14;-1.283515658898227e-12
2083.0;143.97213849176478;-0.30390462;0.005039999999995201;2.9018863371709588e-15;0.009521947985122483;0.0;0.01462495501549614;0.1827953028589054;0.04316399999996553;6.940964176217008e-15;0.04880706105277243;4.321395705647775e-13;1.742320804469251e-14;-1.283514381449086e-12
2084.0;143.97205823215037;-0.303462095;0.005039999999995202;2.901880270369095e-15;0.0023906358129670716;0.0;0.01496515500604617;0.2000326237187527;0.04316399999996553;6.9409389773725486e-15;0.03791414173553943;4.321386114721217e-13;1.742317365038047e-14;-1.2835160816575203e-12
2085.0;143.97213286373122;-0.297856108;0.005039999999995202;2.9018834593898673e-15;0.0015967646769147388;0.0;0.015005249997784176;0.21528238084459342;0.04316399999996553;6.940952223162312e-15;0.017812033099652038;4.3213911562014517e-13;1.7423191729789236e-14;-1.28351518793974e-12
2086.0;57.43880204417085;-0.288568744;0.00503999999993718;1.2789177899206622e-15;0.0013441686496088834;0.0;0.014550839996105189;0.22292491538940246;0.04316399999990251;0.0;0.0;1.8411030585789022e-13;0.0;-1.0209851036707594e-11
2087.0;47.443674644428604;-0.27970020599999995;0.0;1.201464055240028e-15;0.0008931059746451631;0.0;0.014818139998209485;0.23065825212727348;0.043163999999876516;0.0;0.0;1.726857991074242e-13;0.0;-0.009843692897456197
2088.0;47.44370998011703;-0.27097195900000004;0.0;1.201464294498688e-15;0.00046910596941864707;0.0;0.014443919999073448;0.23693875100481732;0.043163999999876516;0.0;0.0;1.7268583434234561e-13;0.0;-0.02405451282128244
2089.0;47.42727054573608;-0.25265838700000004;0.0;1.780168172038132e-15;7.668135120121764e-5;0.0;0.007268130003009953;0.2781731253983984;0.043163999999816904;0.0;0.0;2.5586265630408117e-13;0.0;-0.07614374495691688
2090.0;47.42713818714473;-0.19255150599999998;0.0;1.7801667263910746e-15;9.02124335419577e-5;0.0;0.006405480012675867;0.25175971907284966;0.043163999999816904;0.0;0.0;2.5586244340795403e-13;0.0;-0.10898794084044203
2091.0;47.427126194590954;-0.192415998;0.0;1.780166596683182e-15;7.66813512012163e-5;0.0;0.007208594992749945;0.2494190347752895;0.043163999999816904;0.0;0.0;2.5586242430623404e-13;0.0;-0.10757232413942903
2092.0;47.42721200875116;-0.24160289700000004;0.0;1.7801675367483007e-15;7.66813512012171e-5;0.0;0.006338655007383862;0.266631132803746;0.043163999999816904;0.0;0.0;2.5586256274685197e-13;0.0;-0.07472766494252414
2093.0;47.427189203823126;-0.24011037999999996;0.0;1.7801672897595863e-15;7.668135120121688e-5;0.0;0.00641641500522387;0.2621515487079169;0.043163999999816904;0.0;0.0;2.558625263736008e-13;0.0;-0.07181831396576674
2094.0;47.42719278654797;-0.241433143;0.0;1.780167328849348e-15;9.472313099166717e-5;0.0;0.0061977150017678475;0.26285274434466344;0.043163999999816904;0.0;0.0;2.5586253213015746e-13;0.0;-0.07099609281210484
2095.0;47.42721502021088;-0.24550721300000006;0.0;1.7801675701947157e-15;0.00048714875907441467;0.0;0.007082234996259935;0.26697416423474324;0.043163999999816904;0.0;0.0;2.558625676724023e-13;0.0;-0.07232042218492689
2096.0;47.42724478300047;-0.251681137;0.0;1.780167896167087e-15;0.006468248736684031;0.0;0.007881704997880013;0.2689163268722465;0.043163999999816904;0.0;0.0;2.558626156773639e-13;0.0;-0.07486918858566594
2097.0;47.427338516387586;-0.262012426;0.0;1.7801689294029894e-15;0.04285553298923427;0.0;0.008975204996098118;0.2634429595232904;0.043163999999816904;0.0;0.0;2.558627678389436e-13;0.0;-0.09654492295755954
2098.0;47.42750216100221;-0.275428094;0.0;1.7801707120679347e-15;0.09681173534633783;0.0;0.009744300005710192;0.2596191699677044;0.043163999999816904;0.0;0.0;2.558630303667347e-13;0.0;-0.13403035549696082
2099.0;10.001779711077731;-0.28433886999999997;0.0;0.0;0.1452514329964524;0.0;0.009801404992155002;0.25379268297832996;0.027052209206721287;0.0;0.0;0.0;0.0;-0.15156021978821718
2100.0;10.001804523987321;-0.289394462;0.0;0.0;0.17116953542444846;0.0;0.010298339990265054;0.25609301074566493;0.003428876629336192;0.0;0.0;0.0;0.0;-0.15156021978821715
2101.0;2.6730925952338804e-5;-0.29432018800000004;0.0;0.0;0.176397314218936;0.0;0.010441525811804377;0.2590413402400718;0.0;0.0;0.0;0.0;0.0;-0.1515602197889932
2102.0;2.672709688043482e-5;-0.292799748;0.0;0.0;0.15604934371975013;0.0;0.012107079426257461;0.2762033172537542;0.0;0.0;0.0;0.0;0.0;-0.1515602197889932
2103.0;10.001897845314113;-0.287947525;0.0;0.0;0.12127290320160482;0.0;0.012917880003279302;0.2927923108144395;0.01252269842722567;0.0;0.0;0.0;0.0;-0.15156021978821718
2104.0;47.42761122403285;-0.280121821;0.0;1.7801718469797028e-15;0.07116427173529924;0.0;0.01250356501246046;0.2967573482267612;0.043163999999816904;0.0;0.0;2.558631975018862e-13;0.0;-0.14358748515746536
2105.0;47.42760264201599;-0.28316887900000004;0.0;1.780171773588931e-15;0.02144806387541472;0.0;0.013141439997124521;0.32918389141711135;0.043163999999816904;0.0;0.0;2.558631866937892e-13;0.0;-0.1238890590418381
2106.0;47.427703857211746;-0.29708551299999997;0.0;1.7801728624342766e-15;0.003626549238698658;0.0;0.01360313999383057;0.36081339036326493;0.043163999999816904;0.0;0.0;2.558633470448189e-13;0.0;-0.12424257365388387
2107.0;47.42785041393556;-0.298290166;0.0;1.780174360972981e-15;0.0001533611878295037;0.0;0.01386315000090459;0.38889655274729623;0.04316399999981691;0.0;0.0;2.55863567730144e-13;0.0;-0.1479089244187652
2108.0;47.42786094360812;-0.29599072;0.0;1.780174415181382e-15;9.923433344557498e-5;0.0;0.01354603500733056;0.38894195384379965;0.04316399999981691;0.0;0.0;2.5586357571331577e-13;0.0;-0.14988302025445494
2109.0;31.472264134641428;-0.29081774400000004;0.0;1.6231979114861607e-15;9.02124333195454e-5;0.0;0.013646880002139107;0.3872368867453243;0.04316399999968113;0.0;0.0;0.0;0.0;-0.15156021978304743
2110.0;10.001967026334745;-0.28448127799999995;0.0;0.0;8.119154200173898e-5;0.0;0.013298175004629343;0.38572351316472786;0.03693456731934577;0.0;0.0;0.0;0.0;-0.15156021978821715
2111.0;33.263368666624096;-0.279514961;0.0;1.6393999245177376e-15;8.119154345984505e-5;0.0;0.013552110009538293;0.37558895733476866;0.0431639999997056;0.0;0.0;2.351724029330878e-13;0.0;-0.1515602197819049
2112.0;23.02292688119751;-0.272979398;0.0;1.5506852150456538e-15;8.570224063128458e-5;0.0;0.013667534994408963;0.36939421700787584;0.04316399999947456;0.0;0.0;0.0;0.0;-0.15156021978618206
2113.0;1.0922403712345662e-6;-0.33312494000000004;0.0;0.0;4.76563267006815e-5;0.0;0.013514995098607926;0.45860251275828035;0.0;0.0;0.0;0.0;0.0;-0.13904037178700912
2114.0;1.0466967519052612e-6;-0.33016695199999996;0.0;0.0;4.392638247136122e-5;0.0;0.013309280450700543;0.454958267118203;0.0;0.0;0.0;0.0;0.0;-0.13814466376958906
2115.0;1.0481918300877393e-6;-0.327915686;0.0;0.0;4.393479795891081e-5;0.0;0.013381594662812541;0.4531262430291061;0.0;0.0;0.0;0.0;0.0;-0.13863622852427923
2116.0;1.090021116813325e-6;-0.32480618800000005;0.0;0.0;4.7644141238927075e-5;0.0;0.012858068122491736;0.45021873920789895;0.0;0.0;0.0;0.0;0.0;-0.13831841073583956
2117.0;1.0950210001113696e-6;-0.3261537279999999;0.0;0.0;4.7674708151901124e-5;0.0;0.01237886124015141;0.4537908998314907;0.0;0.0;0.0;0.0;0.0;-0.14006385575073943
2118.0;1.0907217972417442e-6;-0.33172411999999996;0.0;0.0;4.764746669893136e-5;0.0;0.013427520245390722;0.4567631321455609;0.0;0.0;0.0;0.0;0.0;-0.13851432724188825
2119.0;1.2158936618954945e-6;-0.34621490999999993;0.0;0.0;6.690214342150275e-5;0.0;0.012892965236631082;0.47207730866681746;0.0;0.0;0.0;0.0;0.0;-0.13882242990280302
2120.0;1.003048274424082e-7;-0.36478518399999993;0.0;0.0;0.002122829201389601;0.0;0.012787919683246092;0.4924914145639108;0.0;0.0;0.0;0.0;0.0;-0.14261699168995592
2121.0;3.544564085143291e-7;-0.37304816;0.0;0.0;0.012598152699902629;0.0;0.010361928645610308;0.4827138527051127;0.0;0.0;0.0;0.0;0.0;-0.13262581216313676
2122.0;6.075423896296096e-7;-0.379216766;0.0;0.0;0.035978793355764635;0.0;0.010343447747752149;0.4743990083951413;0.0;0.0;0.0;0.0;0.0;-0.14150453705182797
2123.0;8.014818490584635e-6;-0.38632687;0.0;0.0;0.0702677572952312;0.0;0.010489614285525037;0.45071000741576106;0.0;0.0;0.0;0.0;0.0;-0.14514108526247096
2124.0;5.638900735690889e-8;-0.39134597399999993;0.0;0.0;0.09171256500984638;0.0;0.010559196936226768;0.43837390392936587;0.0;0.0;0.0;0.0;0.0;-0.14929969710838467
2125.0;1.687467170186591e-5;-0.39184696399999996;0.0;0.0;0.09915830186233773;0.0;0.01064222563073606;0.43098177914755575;0.0;0.0;0.0;0.0;0.0;-0.148936526835378
2126.0;7.170862359523546e-6;-0.38872728999999995;0.0;0.0;0.0864737625309336;0.0;0.010812513437918848;0.44034198517395573;0.0;0.0;0.0;0.0;0.0;-0.14890148448385035
2127.0;7.175385817670835e-6;-0.385154738;0.0;0.0;0.06515374429537432;0.0;0.010510259346126302;0.45342757217179847;0.0;0.0;0.0;0.0;0.0;-0.14393735735525437
2128.0;1.3017610933089597e-6;-0.37898595599999996;0.0;0.0;0.036333056808672576;0.0;0.01066468487381172;0.46662805444278166;0.0;0.0;0.0;0.0;0.0;-0.1346399490845223
2129.0;5.527310225837426e-7;-0.37612865799999995;0.0;0.0;0.013252828504142642;0.0;0.010498071042419682;0.46687058758278316;0.0;0.0;0.0;0.0;0.0;-0.11449288590760834
2130.0;1.6834449645532175e-7;-0.37791488599999995;0.0;0.0;0.0030501202962875313;0.0;0.0104093883270856;0.4747109199204848;0.0;0.0;0.0;0.0;0.0;-0.11025556440238825
2131.0;7.895513276075189e-8;-0.3786247279999999;0.0;0.0;0.0001356774897845542;0.0;0.010041777884654981;0.478840871315641;0.0;0.0;0.0;0.0;0.0;-0.1103936070725592
2132.0;1.1754591158481902e-6;-0.373439498;0.0;0.0;6.283481060358042e-5;0.0;0.007555576128985166;0.4739746289087019;0.0;0.0;0.0;0.0;0.0;-0.1081537000772564
2133.0;1.1249238653700933e-6;-0.36463829;0.0;0.0;5.5058525541589604e-5;0.0;0.007218613460639696;0.46547430309436383;0.0;0.0;0.0;0.0;0.0;-0.10810983643813821
2134.0;1.1285296693379304e-6;-0.353626008;0.0;0.0;5.50840481895219e-5;0.0;0.007067393367490843;0.46359216195968456;0.0;0.0;0.0;0.0;0.0;-0.1170887832290472
2135.0;1.131153283666395e-6;-0.34485777399999995;0.0;0.0;5.509720788808952e-5;0.0;0.007958767309742662;0.45729359073676956;0.0;0.0;0.0;0.0;0.0;-0.1204498335543515
2136.0;1.1352074861055911e-6;-0.33671651999999996;0.0;0.0;5.512245141359662e-5;0.0;0.008478829446944879;0.4540035104180063;0.0;0.0;0.0;0.0;0.0;-0.12582109522684576
2137.0;47.89453150493355;-0.29660121;0.0;1.1741061907039704e-15;7.555933278022669e-5;0.0;0.008962199998846296;0.26378379366930554;0.03923999999986742;0.0;0.0;1.6906058507411234e-13;0.0;-0.015307126297536727
2138.0;47.89451148778026;-0.292146588;0.0;1.1741062931728115e-15;7.55593327802268e-5;0.0;0.010673909994894487;0.27055294874624625;0.03923999999986742;0.0;0.0;1.6906060021932406e-13;0.0;-0.028239495152555902
2139.0;47.8944857572799;-0.29263587;0.0;1.174106452335685e-15;8.000353108974588e-5;0.0;0.011792429991358617;0.28019817418483944;0.03923999999986742;0.0;0.0;1.690606237440822e-13;0.0;-0.03851403544235568
2140.0;47.894460898353266;-0.293886414;0.0;1.1741066094589048e-15;7.555933278022712e-5;0.0;0.012557610002226698;0.28963562311131247;0.03923999999986742;0.0;0.0;1.6906064696741053e-13;0.0;-0.04745741310730172
2141.0;47.89444820885149;-0.29657867399999993;0.0;1.1741066908940384e-15;7.111413924098944e-5;0.0;0.013225679999730773;0.29449650995045656;0.03923999999986742;0.0;0.0;1.6906065900376732e-13;0.0;-0.050287472569945986
2142.0;47.894413988392174;-0.304422722;0.0;1.174106912609795e-15;7.111413924098967e-5;0.0;0.013632840015954823;0.3076739431063779;0.03923999999986742;0.0;0.0;1.6906069177407825e-13;0.0;-0.05602207816764542
2143.0;47.894370214950214;-0.322149608;0.0;1.1741072022842148e-15;0.00010667120902115726;0.0;0.013660919996818822;0.32472805857034853;0.03923999999986742;0.0;0.0;1.690607345888692e-13;0.0;-0.05540526689200628
2144.0;47.894351899364956;-0.34335647199999997;0.0;1.1741074582338589e-15;0.0019734171236725014;0.0;0.013724100008830833;0.33588240062812474;0.03923999999986742;0.0;0.0;1.690607724190181e-13;0.0;-0.047277655756671484
2145.0;47.894383124230885;-0.354227136;0.0;1.1741078637623096e-15;0.010622673476872147;0.0;0.013718249988342831;0.34188059448742847;0.03923999999986742;0.0;0.0;1.6906083235745586e-13;0.0;-0.05104587380894238
2146.0;47.894497470753166;-0.36012310999999997;0.0;1.1741085502045074e-15;0.03098798357621456;0.0;0.013755690005658839;0.3401472959440488;0.03923999999986742;0.0;0.0;1.6906093381575918e-13;0.0;-0.0638200882824171
2147.0;47.89464804083015;-0.364250994;0.0;1.1741094862025874e-15;0.058269143001377185;0.0;0.013743990001394835;0.338813150020895;0.03923999999986743;0.0;0.0;1.690610721592868e-13;0.0;-0.08562805824398476
2148.0;47.8947605327101;-0.36891297;0.0;1.1741103343352952e-15;0.08080787805800445;0.0;0.013504139987406806;0.3422141304674107;0.03923999999986742;0.0;0.0;1.6906119751602708e-13;0.0;-0.1066643580354989
2149.0;47.894825472938614;-0.36871878399999997;0.0;1.1741108981879529e-15;0.09503959386907548;0.0;0.013408200003838794;0.3463149916948188;0.03923999999986742;0.0;0.0;1.6906128085527513e-13;0.0;-0.12509326617369482
2150.0;47.89479959278013;-0.365076238;0.0;1.174110860775221e-15;0.09222614115813277;0.0;0.012983489999574745;0.35015886518193967;0.03923999999986742;0.0;0.0;1.6906127532552103e-13;0.0;-0.1293397746407847
2151.0;47.89471844331002;-0.36073732599999997;0.0;1.1741103731135516e-15;0.07760329757947992;0.0;0.012240540004150665;0.35143833407720065;0.03923999999986742;0.0;0.0;1.690612032475874e-13;0.0;-0.11959184904305512
2152.0;47.89461720656419;-0.353929668;0.0;1.174109377628392e-15;0.053917846898038524;0.0;0.01222182000467066;0.34153065309536973;0.03923999999986743;0.0;0.0;1.6906105611167272e-13;0.0;-0.09279219685472362
2153.0;47.894490293493696;-0.349170938;0.0;1.1741083775300749e-15;0.027898963201264403;0.0;0.012738959994894722;0.33640184391164996;0.03923999999986742;0.0;0.0;1.6906090829395441e-13;0.0;-0.06692274584924765
2154.0;47.89441140323318;-0.347155916;0.0;1.1741075514616426e-15;0.008747038170372043;0.0;0.012786930005034726;0.3271776393002474;0.03923999999986742;0.0;0.0;1.6906078619839954e-13;0.0;-0.040613820618469104
2155.0;47.89435722557542;-0.347808166;0.0;1.174107362691797e-15;0.0010267103273811243;0.0;0.012854789989382734;0.3320494627469049;0.03923999999986742;0.0;0.0;1.6906075829762333e-13;0.0;-0.03717875029861141
2156.0;47.89434792114092;-0.34481992999999994;0.0;1.1741073659691166e-15;0.000248899488141826;0.0;0.0125330400006147;0.33393039096833643;0.03923999999986742;0.0;0.0;1.6906075878201512e-13;0.0;-0.04094750124281587
2157.0;47.89432559175874;-0.33765962399999994;0.0;1.1741074969711702e-15;0.00013778408049180586;0.0;0.01173977999052661;0.34209383880249916;0.03923999999986742;0.0;0.0;1.690607781445555e-13;0.0;-0.05536318525926987
2158.0;47.89429729674079;-0.327588456;0.0;1.1741076733149798e-15;0.00011111540733067663;0.0;0.010530000001186472;0.35275607759311534;0.03923999999986742;0.0;0.0;1.6906080420873226e-13;0.0;-0.07485532421939609
2159.0;47.894305910690036;-0.3179800059999999;0.0;1.1741076128396154e-15;7.555933278022818e-5;0.0;0.008769150001914274;0.3492894825095808;0.03923999999986742;0.0;0.0;1.6906079527024441e-13;0.0;-0.07920232998139308
2160.0;47.89430497100922;-0.308816094;0.0;1.1741076164413397e-15;8.000353108974709e-5;0.0;0.007372169999418117;0.3495628736587198;0.03923999999986742;0.0;0.0;1.6906079580261269e-13;0.0;-0.08724696668899459
2161.0;192.1471445589775;-0.284322504;0.004199999999994281;9.220259737605894e-15;0.002426769639152208;0.0;0.007755930007120411;0.1775618206393935;0.03923999999995397;0.00306911275214346;0.04990446775286391;1.4717497341519428e-12;6.588746221970208e-14;-1.9283321385391107e-12
2162.0;166.10499874619825;-0.278588854;0.00419999999999294;5.527823727909041e-15;0.0018934140900436903;0.0;0.008139689996459755;0.17419364701056897;0.03923999999994627;1.839514700076551e-14;0.049904467752396355;8.36181332201065e-13;3.7635565678421e-14;-2.4406768017723086e-12
2163.0;192.14575189837865;-0.276763638;0.004199999999994281;9.22002618617826e-15;0.0014400615747711442;0.0;0.00802386000197244;0.17129570443551387;0.039239999999953964;0.002535669514919955;0.049904467752863904;1.4717073138640988e-12;6.588558666139851e-14;-1.928347273370548e-12
2164.0;192.1471611243725;-0.27628459399999994;0.004199999999994281;9.220251958543343e-15;0.0009555961880070807;0.0;0.008215740005820463;0.1681079693056813;0.03923999999995397;0.005492156457721896;0.04990446775286392;1.4717483212248861e-12;6.588739974895427e-14;-1.9283326426293866e-12
2165.0;192.14715132437016;-0.277988546;0.004199999999994281;9.220252902144578e-15;0.0004089060535314392;0.0;0.008070660000672445;0.1707598597463622;0.03923999999995397;0.005237181292160311;0.04990446775286392;1.4717484926129867e-12;6.588740732666539e-14;-1.928332581482955e-12
2166.0;192.14714713450283;-0.28533875399999997;0.004199999999994281;9.220253764689989e-15;0.0003511264993590993;0.0;0.007836659988816419;0.17226350856259479;0.03923999999995397;0.011376196742186265;0.04990446775286392;1.4717486492789268e-12;6.588741425344999e-14;-1.92833252558912e-12
2167.0;226.42382629228263;-0.300546938;0.004199999999995442;7.608459968020548e-14;0.005186887491867107;3.0276555459221176e-18;0.007535970004053061;0.17118088057356437;0.03923999999996128;0.019833333333318878;0.04990446775298669;0.003153131586443256;5.304573823120287e-12;-1.5200608689891842e-12
2168.0;192.14734686679594;-0.31811708999999994;0.004199999999994281;9.220297760521791e-15;0.035699295073465566;0.0;0.007324199989284361;0.16908670803705075;0.03923999999995397;0.012494246326504806;0.04990446775286391;1.471756640338298e-12;6.588776756767371e-14;-1.9283296746366928e-12
2169.0;151.0518325780254;-0.335213962;0.004199999999991851;4.4898662972006076e-15;0.10743567613950107;0.0;0.0069147000052471016;0.16249799045745664;0.039239999999940524;1.1813944601726008e-14;0.015048032609902092;6.693250180867701e-13;3.016815071314016e-14;-2.8977338643693226e-12
2170.0;79.9325807402497;-0.34634671199999995;0.0041999999999718825;2.3781855004581327e-15;0.18359891264186035;0.0;0.006626879999470015;0.14817231567700018;0.039239999999879926;0.0;1.5601517888226822e-13;3.44369276510818e-13;0.0;-0.03538655309339979
2171.0;79.93289631362168;-0.35048714;0.004199999999971883;2.3781906879210115e-15;0.24327255915345122;0.0;0.006349590004877984;0.14974704693320212;0.03923999999987993;0.0;1.5601590246926704e-13;3.4437005191147516e-13;0.0;-0.0922163085533373
2172.0;79.93308573810927;-0.354214176;0.004199999999971883;2.378194183669685e-15;0.28201642814037103;0.0;0.006615179995206014;0.1550453590100008;0.03923999999987993;0.0;1.5601639008502455e-13;3.443705744416232e-13;0.0;-0.13279440278227544
2173.0;37.79154229251835;-0.357628684;0.0;1.860082838466046e-15;0.2983415658745765;0.0;0.0064034099987820385;0.16719484420940545;0.03923999999969795;0.0;0.0;2.6746603772844483e-13;0.0;-0.15154658412639097
2174.0;10.001341240518558;-0.35653853199999996;0.0;0.0;0.2962614775393646;0.0;0.006712289990138996;0.1772173480505024;0.027969918414586546;0.0;0.0;0.0;0.0;-0.151546584128033
2175.0;47.50116697779715;-0.3502210439999999;0.0;1.9581318816393924e-15;0.27332716952363356;0.0;0.0070012800074187274;0.18175563451672724;0.03923999999977596;0.0;0.0;2.8193721894901945e-13;0.0;-0.15154658412514024
2176.0;79.93273884097633;-0.34154334199999997;0.0041999999999718825;2.3781908409112566e-15;0.2300186630101422;0.0;0.006798869992398034;0.18184312036567402;0.03923999999987993;0.0;1.5601592380958112e-13;3.4437007477986547e-13;0.0;-0.12043704887577227
2177.0;79.93239298474171;-0.331159198;0.0041999999999718825;2.3781848068472466e-15;0.1624913492706737;0.0;0.006383519987873989;0.17594334796109226;0.039239999999879926;0.0;1.560150821323957e-13;3.443691728327755e-13;0.0;-0.05698165247241715
2178.0;151.0517089787284;-0.32325097399999997;0.004199999999991852;4.489859452079595e-15;0.08493249765503907;0.0;0.006184619988815018;0.16314319220723136;0.039239999999940524;1.181391022794404e-14;0.02567335881043083;6.693239336561923e-13;3.01681021123953e-14;-2.89773832705629e-12
2179.0;231.17082757910305;-0.31824648199999994;0.004199999999995568;0.011243204948209086;0.024627713279312635;3.071353462238354e-18;0.006598800000257034;0.15351437117913613;0.03923999999996211;0.019833333333320637;0.0499044677529954;0.007489999989402616;0.001120889127652189;-1.4773168594040078e-12
2180.0;419.44285212497425;-0.320024822;0.004199999999997955;0.019479999999998093;0.004942432201767397;5.91247343240527e-18;0.006672510005094706;0.15560307591271622;0.039239999999979576;0.019833333333331152;0.04990446775309254;0.007489999999739999;0.0011208891281701365;-7.090250786716385e-13
2181.0;374.5961382603748;-0.31630147999999997;0.004199999999997638;0.019479999999997496;0.002502328972316569;5.038669899529119e-18;0.005542289986010334;0.15999919950106123;0.03923999999997706;0.019833333333330618;0.04990446775308424;0.0074899999996609085;0.0011208891281665322;-8.077921676408562e-13
2182.0;270.3012438863716;-0.30936865599999996;0.0041999999999964;0.019479999999990824;0.0026001107897819973;3.47661150772621e-18;0.004867200011645376;0.16109276209437656;0.03923999999996782;0.019833333333327;0.04990446775304086;0.0074899999988524086;0.0011208891281293985;-1.2014698723289006e-12
2183.0;231.17068665505658;-0.300787194;0.0041999999999955675;0.009711410648432926;0.002600110789765983;3.0713525452404054e-18;0.004233060015492765;0.1619840159785283;0.03923999999996211;0.019833333333320637;0.04990446775299541;0.007489999989402397;0.001120889127652177;-1.4773177193414896e-12
2184.0;229.44297504206114;-0.29171240200000004;0.004199999999995523;2.1108364591799174e-13;0.00254233024036309;3.055277950966296e-18;0.0033555599893886397;0.16323614585903615;0.03923999999996181;0.019833333333320047;0.04990446775299235;0.007489999983342683;0.001120889127297034;-1.4926244015841178e-12
2185.0;151.05128908235181;-0.209723738;0.004199999999994997;2.809356541933765e-15;0.0018667459145454458;0.0;0.0040774499991649065;0.15142566544397476;0.03923999999996283;7.417724226097293e-15;0.00903117312287958;4.1880294453567626e-13;1.887589631011942e-14;-1.3731865565575488e-12
2186.0;151.05130915649977;-0.20676813399999996;0.004199999999994997;2.8093555013317696e-15;0.0010400439177528458;0.0;0.004395689990324941;0.14190619947324376;0.03923999999996283;7.417718960631444e-15;0.016099209905468585;4.1880277968002774e-13;1.8875888922281795e-14;-1.3731869112084447e-12
2187.0;151.05132570509224;-0.20417036799999994;0.004199999999994997;2.8093547284289777e-15;0.0005778020106106733;0.0;0.004302090011280932;0.1345191826628935;0.03923999999996283;7.417715049730394e-15;0.021440976046387537;4.18802657234136e-13;1.8875883434995025e-14;-1.3731871746242141e-12
2188.0;151.0513423463018;-0.20167204199999997;0.004199999999994997;2.809353990084857e-15;0.0002133424185751051;0.0;0.004616819986476967;0.12730166674239712;0.03923999999996283;7.417711313698071e-15;0.026206645487317763;4.18802540263146e-13;1.887587819306101e-14;-1.3731874262623793e-12
2189.0;151.05132816334384;-0.202151266;0.004199999999994997;2.8093544852385844e-15;0.000177785348794938;0.0;0.004985369992301009;0.13272573828705794;0.03923999999996283;7.417713819183718e-15;0.02093124704941964;4.188026187070616e-13;1.8875881708446136e-14;-1.3731872575068843e-12
2190.0;151.05135631970012;-0.20374510199999998;0.004199999999994997;2.809355215812236e-15;0.004671309731254269;0.0;0.005054399988089017;0.13124942848557802;0.03923999999996283;7.417717515896689e-15;0.019438180386845257;4.188027344470001e-13;1.8875886895214312e-14;-1.3731870085172482e-12
2191.0;151.0514613978279;-0.20863803399999997;0.004199999999994997;2.8093586275999063e-15;0.023209875184035028;0.0;0.004855499989024994;0.12945598511135498;0.03923999999996283;7.417734779617323e-15;0.0077841100657756335;4.188032749540576e-13;1.8875911117479566e-14;-1.3731858457361228e-12
2192.0;47.87087795313546;-0.22040138599999995;0.0;1.227720973037755e-15;0.0709096795665598;0.0;0.004636709997389311;0.12566678965360792;0.039239999999861254;0.0;0.0;1.7678001515492664e-13;0.0;-0.01996697838498199
2193.0;47.87120457264439;-0.23552734400000003;0.0;1.2277232310784608e-15;0.13223228537581144;0.0;0.004361760007321281;0.1264978977053131;0.03923999999986126;0.0;0.0;1.7678034889826386e-13;0.0;-0.06671921860119591
2194.0;47.8714772514335;-0.24826752999999996;0.0;1.227725134746995e-15;0.1834522401644159;0.0;0.00399788999218924;0.12779923781237623;0.039239999999861254;0.0;0.0;1.767806302646281e-13;0.0;-0.10613575270974737
2195.0;47.87159384448082;-0.256714856;0.0;1.2277261349191495e-15;0.20812884410377755;0.0;0.00435474001210528;0.13354591073273064;0.03923999999986126;0.0;0.0;1.7678077809224672e-13;0.0;-0.12846586301113444
2196.0;47.87162412031401;-0.26110276599999993;0.0;1.2277266021385425e-15;0.21817815976856197;0.0;0.004389840006541283;0.14061579597356283;0.03923999999986126;0.0;0.0;1.767808471482828e-13;0.0;-0.14122888125399927
2197.0;10.001015115365613;-0.261589582;0.0;0.0;0.22485844369242913;0.0;0.004376970009150831;0.1536565340549925;0.030309422989742724;0.0;0.0;0.0;0.0;-0.15154658412767522
2198.0;10.000981494776033;-0.260099542;0.0;0.0;0.2247206601092329;0.0;0.004040010000154794;0.16639654297487178;0.016559853855692936;0.0;0.0;0.0;0.0;-0.15154658412767524
2199.0;10.000887355981593;-0.25762464999999996;0.0;0.0;0.21278681924848467;0.0;0.004630860013570859;0.17782427518017438;0.014005348088245386;0.0;0.0;0.0;0.0;-0.15154658412767522
2200.0;10.000714970675054;-0.25406298199999994;0.0;0.0;0.18748796683677751;0.0;0.004620330002390858;0.1915102160137199;0.02207324643598593;0.0;0.0;0.0;0.0;-0.15154658412767522
2201.0;47.87109532341281;-0.24898248399999995;0.0;1.2277249088524717e-15;0.14569063554118244;0.0;0.004889430008725339;0.19489479405372506;0.039239999999861254;0.0;0.0;1.767805968769044e-13;0.0;-0.13561601103813392
2202.0;47.87081456357831;-0.24597134599999998;0.0;1.2277233157705423e-15;0.09743525113449016;0.0;0.004676490000873316;0.20415727228416883;0.039239999999861254;0.0;0.0;1.7678036141591053e-13;0.0;-0.09941733951186994
2203.0;47.87054669679015;-0.23899876599999997;0.0;1.2277214289322356e-15;0.04686421349139237;0.0;0.00399671999910524;0.2024130391365005;0.039239999999861254;0.0;0.0;1.7678008253713688e-13;0.0;-0.05339578635245435
2204.0;47.87037651987741;-0.23779424599999993;0.0;1.2277200862983208e-15;0.012276077470442546;0.0;0.004574699996817304;0.19739905381474177;0.039239999999861254;0.0;0.0;1.7677988409294071e-13;0.0;-0.015578595242835922
2205.0;47.87033795679644;-0.23631864599999997;0.0;1.2277197973033565e-15;0.003915722371408616;0.0;0.004025970009765242;0.19693428856072187;0.039239999999861254;0.0;0.0;1.76779841378859e-13;0.0;-0.007680716257955533
2206.0;47.870337583431514;-0.23483590199999999;0.0;1.2277197458579882e-15;0.002977904469351135;0.0;0.003958110007061234;0.19561107824346924;0.039239999999861254;0.0;0.0;1.7677983377513046e-13;0.0;-0.0068352029049018334
2207.0;47.870324378039356;-0.23201489799999997;0.0;1.2277197701641937e-15;0.0029823491652755147;0.0;0.004204979997909263;0.19855823004347853;0.039239999999861254;0.0;0.0;1.7677983736762756e-13;0.0;-0.012853196055273214
2208.0;47.87032437103738;-0.226837012;0.0;1.2277197485680094e-15;0.002977904469351135;0.0;0.004435469993801289;0.19784741365668498;0.039239999999861254;0.0;0.0;1.7677983417569267e-13;0.0;-0.017546580679619228
2209.0;191.53576159466337;-0.22916672199999993;0.00419999999999678;5.258184624336674e-15;0.0027912302264732377;0.0;0.0008236799954734989;0.13199305169009123;0.039239999999973296;1.3143972738769078e-12;0.04990446775297516;8.375362440095886e-13;3.7500129866488794e-14;-1.050947699427242e-12
2210.0;175.8828418142575;-0.22393330199999995;0.00419999999999635;3.772200542870246e-15;0.0024578825106717416;0.0;0.0008213400093052685;0.13121662166788736;0.03923999999997078;1.6909679689832143e-14;0.0499044677528756;5.786883127449744e-13;2.6008852626625147e-14;-1.187248524823389e-12
2211.0;151.9864052596826;-0.221354624;0.0041999999999954366;2.633798789447813e-15;0.0020623095495374564;0.0;0.0011676599996848645;0.13127129969738505;0.03923999999996585;7.0396387242290545e-15;0.04990446774679557;3.9294647811201527e-13;1.770907487753547e-14;-1.4882215666364394e-12
2212.0;151.10961341415685;-0.22266907199999997;0.00419999999999539;2.601532925308155e-15;0.001817855254614892;0.0;0.0019667700119049337;0.1317524673586436;0.03923999999996561;6.8742358034428424e-15;0.0411551790022692;3.8783059707740885e-13;1.7479832001061564e-14;-1.5041344894700814e-12
2213.0;181.7839784385676;-0.227734412;0.004199999999996524;4.222297030828346e-15;0.003706824151289834;0.0;0.002197260007797515;0.13111273341182894;0.039239999999971784;2.5687130990974757e-14;0.049904467752925015;6.550537418091448e-13;2.94080859015204e-14;-1.1316655808660253e-12
2214.0;192.14736442554766;-0.24041589400000002;0.004199999999996795;5.340758960075309e-15;0.017147395035352796;0.0;0.002524859998697699;0.12329922496650247;0.039239999999973386;0.003911131973110557;0.04990446775297753;8.525026624932038e-13;3.8161888090068755e-14;-1.0462629350140352e-12
2215.0;151.05169514369214;-0.252393182;0.004199999999995388;2.6005890410755433e-15;0.056571293043999236;0.0;0.0029823299928730474;0.1089188721566154;0.0392399999999656;6.869453668390956e-15;0.04057892568930571;3.8768106033314225e-13;1.7473130732837952e-14;-1.5046114775640935e-12
2216.0;92.79726918084971;-0.274160982;0.004199999999988756;1.5053088813620758e-15;0.1245252916207682;0.0;0.0031940999892830055;0.10129673881774452;0.03923999999994131;2.8664185589862246e-15;1.1027747210096164e-13;2.1862824070103755e-13;0.0;-4.687835089321324e-12
2217.0;69.31074780540105;-0.290563264;0.004199999999974794;1.2871113686323371e-15;0.20186635562427918;0.0;0.003400020001917216;0.09920256628121138;0.03923999999991805;0.0;0.0;1.8598418600087607e-13;0.0;-0.05655030812070751
2218.0;69.31109651713379;-0.30487375800000005;0.004199999999974795;1.2871144155753475e-15;0.2692158840148469;0.0;0.0035614800020212344;0.10458289540226798;0.03923999999991805;0.0;0.0;1.859846395224734e-13;0.0;-0.11512854223475658
2219.0;45.89800676342295;-0.315443302;0.0;1.124349019572149e-15;0.31051541683229045;0.0;0.0038937600019656135;0.11304160459569632;0.039239999999864494;0.0;0.0;1.6184968416338886e-13;0.0;-0.15154658412601846
2220.0;10.001625418014624;-0.31774613399999996;0.0;0.0;0.32204035064298686;0.0;0.0041722200079587985;0.12119958462624175;0.021931297825157132;0.0;0.0;0.0;0.0;-0.15154658412864527
2221.0;10.00159293192342;-0.3159696679999999;0.0;0.0;0.31909800324308174;0.0;0.0042014700002628025;0.12761333150978563;0.01665706569639678;0.0;0.0;0.0;0.0;-0.15154658412864527
2222.0;10.001478954202508;-0.31476079;0.0;0.0;0.3048173967720723;0.0;0.0042236999973508035;0.14180231121639217;0.015523951827281224;0.0;0.0;0.0;0.0;-0.1515465841286453
2223.0;10.00131565791427;-0.31098467;0.0;0.0;0.27992300571810513;0.0;0.004880070008946877;0.1528144903974547;0.024978595206753464;0.0;0.0;0.0;0.0;-0.15154658412864527
2224.0;69.30472624522898;-0.30477803800000003;0.004199999999974785;1.2870519618228816e-15;0.2412058049079982;0.0;0.005984550015021506;0.16350953600650364;0.039239999999918035;0.0;0.0;1.859753436205825e-13;0.0;-0.14863762926846705
2225.0;69.31047315769602;-0.296462988;0.004199999999974795;1.2871121363869344e-15;0.18545676966238406;0.0;0.005943600000097502;0.17049740320146545;0.03923999999991805;0.0;0.0;1.8598430027717017e-13;0.0;-0.10804728618467864
2226.0;69.3101619156798;-0.28876614199999995;0.004199999999974794;1.287109891882375e-15;0.13084556015212032;0.0;0.00572948999916148;0.17702050714563236;0.03923999999991805;0.0;0.0;1.8598396619440455e-13;0.0;-0.06743910344482698
2227.0;69.30983697641982;-0.27805539799999995;0.004199999999974794;1.287107452040684e-15;0.07259419543650647;0.0;0.005516550009665455;0.18156972921659634;0.03923999999991805;0.0;0.0;1.8598360303678323e-13;0.0;-0.024232872083239335
2228.0;151.0514129872977;-0.265428308;0.004199999999995388;2.6005884109667737e-15;0.028681218736649392;0.0;0.00584882999126137;0.15972034054895462;0.0392399999999656;6.8694504770405074e-15;0.027858989142550916;3.876809605091927e-13;1.747312625936442e-14;-1.504611796210609e-12
2229.0;151.05130579832252;-0.25786089599999995;0.004199999999995388;2.6005843234010178e-15;0.007355868250857325;0.0;0.005520059988921333;0.1564779263880043;0.0392399999999656;6.86942977453135e-15;0.04518662062655886;3.8768031294325047e-13;1.7473097239590554e-14;-1.5046138633018726e-12
2230.0;151.05125389027748;-0.25509057199999996;0.004199999999995388;2.6005844200721983e-15;0.0028178974067690713;0.0;0.004992389987517273;0.16706908474187626;0.0392399999999656;6.86943026414634e-15;0.03689554095659583;3.87680328258241e-13;1.7473097925908124e-14;-1.5046138144150848e-12
2231.0;151.05125459892238;-0.247737152;0.004199999999995388;2.6005843678293105e-15;0.0027378943729748396;0.0;0.004383990004417205;0.16662619170127105;0.0392399999999656;6.869429999549518e-15;0.03067321749596189;3.876803199817303e-13;1.7473097555011324e-14;-1.5046138408344064e-12
2232.0;151.05127818161168;-0.23230927999999998;0.004199999999995388;2.6005835398363606e-15;0.002613444379936825;0.0;0.004438980009773211;0.15722154959250104;0.0392399999999656;6.8694258059772646e-15;0.02471521313823547;3.8768018880835934e-13;1.74730916766523e-14;-1.5046142595538529e-12
2233.0;226.42399663238422;-0.228721222;0.004199999999996834;5.411084508938226e-14;0.002355655499644657;2.4224244385650364e-18;0.0015092999993734767;0.11021474446073816;0.039239999999972505;0.01983333333332301;0.049904467753029244;0.0011261415465109745;3.771250957844403e-12;-1.2280573450772252e-12
2234.0;226.42519028625193;-0.226864338;0.004199999999996834;5.4084957157650525e-14;0.001835633540715284;2.4224050725039186e-18;0.0016192799917294893;0.10940004081949713;0.039239999999972505;0.019833333333323006;0.049904467753029244;0.00021114521949578;3.751547959884534e-12;-1.2280774687489843e-12
2235.0;226.42402306408894;-0.22479161399999995;0.004199999999996834;5.411164538051314e-14;0.0014489504690578254;2.422425036950743e-18;0.0016450200047814923;0.10258167451438914;0.039239999999972505;0.01983333333332301;0.049904467753029244;0.005603590840459863;3.771863057821915e-12;-1.2280567232987937e-12
2236.0;226.41242347790134;-0.22305901199999997;0.004199999999996833;5.3865669209322505e-14;0.0014667287551404715;2.4222402935498737e-18;0.0015385500100334798;0.09975481437929137;0.039239999999972505;0.019833333333323003;0.049904467753029216;0.006082826575452252;3.59189054325741e-12;-1.2282487344336861e-12
2237.0;231.17085877708402;-0.22542123999999997;0.004199999999996923;0.006335728206405911;0.001742295921534707;2.4637158941613782e-18;0.0015596099956815376;0.09349416697997581;0.039239999999973095;0.019833333333324276;0.04990446775303545;0.007489999992462597;0.0011208891278053084;-1.1873091138026188e-12
2238.0;270.2422436986376;-0.23465748799999997;0.004199999999997515;0.019479999999993468;0.00722252936361619;2.8595311944358886e-18;0.0015420599892859172;0.08521589528385862;0.039239999999977154;0.01983333333332882;0.04990446775306772;0.0074899999991835005;0.0011208891281445608;-9.358867370571285e-13
2239.0;231.69396648910853;-0.24982775;0.004199999999996933;0.019479999999576076;0.03372143325360396;2.4687017667009897e-18;0.001173510001817501;0.07657674759138108;0.039239999999973164;0.019833333333324404;0.049904467753036134;0.007489999993260381;0.0011208891278487853;-1.182664059056795e-12
2240.0;192.14787373301374;-0.267449726;0.004199999999996008;6.555151640994313e-15;0.0876926155078085;0.0;0.0010483200075889444;0.07404514981721502;0.03923999999996731;0.011108285539552391;0.04990446775294197;1.0463458393191413e-12;4.684035573836762e-14;-1.6445549213358794e-12
2241.0;151.0523194566552;-0.282735998;0.00419999999999428;3.1919582070629094e-15;0.15372208762055992;0.0;0.0009769499889200732;0.0709722375477162;0.03923999999995775;8.421379667818228e-15;0.013706020186070656;4.758394111336994e-13;2.144674458996113e-14;-2.8941130916643477e-12
2242.0;103.3649791259677;-0.29292880200000004;0.004199999999988945;2.000994191519627e-15;0.2054131732104849;0.0;0.0008669700149181991;0.07405061661850623;0.03923999999993613;3.933789254583092e-15;1.6547203332229086e-13;2.914765850574079e-13;0.0;-0.02928952149672549
2243.0;103.36514477627873;-0.301770502;0.004199999999988945;2.0009969862049635e-15;0.23717896663102842;0.0;0.0006563699932341753;0.07589873802223455;0.03923999999993613;3.933797104820738e-15;1.6547265274038274e-13;2.9147700778676746e-13;0.0;-0.05385020778632192
2244.0;103.36520517518255;-0.306889062;0.004199999999988945;2.0009983707999928e-15;0.2508639928052387;0.0;0.0005358600080541618;0.08101661360327841;0.03923999999993613;3.933800994135121e-15;1.654729596250948e-13;2.9147721722316e-13;0.0;-0.067411699123944
2245.0;103.36519051953826;-0.307751198;0.004199999999988945;2.000998884152123e-15;0.2525307303889821;0.0;0.0004036500002541469;0.09006037971570105;0.03923999999993613;3.933802436137111e-15;1.6547307340579987e-13;2.914772948738094e-13;0.0;-0.07712377208204244
2246.0;103.3651539532833;-0.306911116;0.004199999999988945;2.000999050947863e-15;0.2501528519072501;0.0;0.0003627000036861424;0.09913148384126375;0.03923999999993613;3.93380290466465e-15;1.654731103748408e-13;2.914773201036453e-13;0.0;-0.084612040835127
2247.0;103.36502905314752;-0.302585502;0.004199999999988946;2.000997760946647e-15;0.23108981930200082;0.0;0.0004481099944301519;0.10760112864065595;0.03923999999993613;3.933799281062248e-15;1.6547282445576394e-13;2.914771249756162e-13;0.0;-0.07842589862354181
2248.0;103.36485837733292;-0.296388016;0.004199999999988946;2.0009949912651216e-15;0.1991062387668519;0.0;0.00047502000056615497;0.10698873471019694;0.03923999999993613;3.93379150105781e-15;1.6547221057873324e-13;2.9147670602838487e-13;0.0;-0.05205467330820312
2249.0;103.3645953660343;-0.288536052;0.004199999999988945;2.0009908081656594e-15;0.14951301979628648;0.0;0.00045630000108615285;0.10737148191834636;0.03923999999993613;3.933779750794842e-15;1.654712834347046e-13;2.914760732850022e-13;0.0;-0.010677541057181276
2250.0;151.05193411558133;-0.28041461999999995;0.004199999999994281;3.1919501853382116e-15;0.09980868591574127;0.0;0.0004668299939120155;0.10710902537352793;0.03923999999995775;8.42133914680638e-15;0.029687566864097303;4.758381403031405e-13;2.144668763816883e-14;-2.894124361939396e-12
2251.0;226.42426641114236;-0.27052366399999994;0.004199999999996833;5.4113360547508e-14;0.05000656922245923;2.4224263193380188e-18;0.00044577000826535694;0.10453915297874056;0.039239999999972505;0.01983333333332301;0.049904467753029244;0.0020124026508830774;3.773175508340596e-12;-1.2280553907806202e-12
2252.0;345.77027957183645;-0.2620917239999999;0.004199999999998215;0.019479999999997773;0.016249579396639225;4.02705048303366e-18;0.00035451001539027634;0.10271837058978084;0.03923999999998232;0.01983333333333104;0.04990446775309339;0.007489999999701018;0.0011208891281683463;-6.698465092280863e-13
2253.0;370.3123647952162;-0.25928615199999994;0.004199999999998371;0.019479999999998165;0.004409076155076779;4.563166120078791e-18;0.000381420003170396;0.1109966422859066;0.03923999999998353;0.019833333333331357;0.049904467753097925;0.0074899999997522565;0.0011208891281706847;-6.14028490798967e-13
2254.0;266.90801686282646;-0.25513137199999997;0.004199999999997473;0.019479999999992868;0.0030534628074870523;2.8218351228603325e-18;0.00039779999812576043;0.11428826667340074;0.03923999999997686;0.019833333333328623;0.04990446775306585;0.007489999999117014;0.0011208891281414828;-9.526937871273941e-13
2255.0;231.17081310739852;-0.247332476;0.004199999999996923;0.008018963321128976;0.0029512362940603888;2.4637164252351614e-18;0.0003404700066014004;0.1137414853767294;0.039239999999973095;0.019833333333324276;0.04990446775303544;0.007489999992462693;0.0011208891278053136;-1.1873086160353115e-12
2256.0;226.83248821740287;-0.238583934;0.004199999999996842;5.923214318403213e-14;0.002946792095749366;2.425927099729872e-18;0.00030420000072534586;0.11434841250584957;0.039239999999972554;0.01983333333332313;0.049904467753029806;0.007489999917413948;2.5908202500762425e-9;-1.2244340415187643e-12
2257.0;47.88527829408092;-0.26946963599999996;0.0;1.1880205715989901e-15;0.0009244838139611388;0.0;0.01360826999598669;0.3039831681018696;0.03923999999986581;0.0;0.0;1.7106391020921308e-13;0.0;-0.08811536375990206
2258.0;47.88529118714144;-0.266761648;0.0;1.1880204547529633e-15;0.00046668660274334434;0.0;0.013444469991358675;0.2980724600913868;0.03923999999986581;0.0;0.0;1.7106389293902606e-13;0.0;-0.08429371215060573
2259.0;47.885286848764;-0.264359888;0.0;1.1880204656890493e-15;0.0002311212020553095;0.0;0.01272492000446259;0.2992261705203982;0.03923999999986581;0.0;0.0;1.7106389455541452e-13;0.0;-0.08689354558318226
2260.0;47.88529215280138;-0.26399436;0.0;1.1880204311132885e-15;0.00022667650613093115;0.0;0.0119363399850665;0.2971921428147394;0.03923999999986581;0.0;0.0;1.7106388944501515e-13;0.0;-0.08443293934346728
2261.0;47.88529180490676;-0.270908282;0.0;1.1880204365331037e-15;0.00023112120205530945;0.0;0.010808460007218374;0.2974327261445625;0.03923999999986581;0.0;0.0;1.7106389024608787e-13;0.0;-0.07663606429737682
2262.0;47.885292956501445;-0.287118998;0.0;1.1880204582734791e-15;0.0005511348300768136;0.0;0.008703630003734135;0.29788108798973084;0.03923999999986581;0.0;0.0;1.710638934593485e-13;0.0;-0.05908870801033776
2263.0;47.88534415851738;-0.301334438;0.0;1.1880204635449633e-15;0.005226888759746499;0.0;0.008605349997286125;0.28819758692887143;0.03923999999986581;0.0;0.0;1.7106389423850095e-13;0.0;-0.039771619278189126
2264.0;47.88554018657568;-0.312632086;0.0;1.188021385567533e-15;0.036343766527627934;0.0;0.00970280998974625;0.2773603784438384;0.03923999999986581;0.0;0.0;1.7106403051601573e-13;0.0;-0.04985591901158599
2265.0;47.885986888201174;-0.324212692;0.0;1.1880234624722192e-15;0.10690676478856898;0.0;0.009857249994634268;0.25195690984538727;0.03923999999986581;0.0;0.0;1.7106433748837621e-13;0.0;-0.08360058279749542
2266.0;47.88642054429779;-0.33427526999999996;0.0;1.1880259812794169e-15;0.18348779623897726;0.0;0.010155599993230301;0.24163367483770362;0.03923999999986582;0.0;0.0;1.7106470977522806e-13;0.0;-0.14009845099429327
2267.0;10.000843749684169;-0.34202090599999996;0.0;0.0;0.23196096775905078;0.0;0.00967590000192517;0.23501215244294735;0.017020314361484917;0.0;0.0;0.0;0.0;-0.1515465841277509
2268.0;2.4389278011782056e-5;-0.346143858;0.0;0.0;0.2526590550981592;0.0;0.006286339589761713;0.23874444503749037;0.0;0.0;0.0;0.0;0.0;-0.15154658412831482
2269.0;2.4389096826890733e-5;-0.3427279999999999;0.0;0.0;0.2524544977893654;0.0;0.008340950368940751;0.23347853356273013;0.0;0.0;0.0;0.0;0.0;-0.15154658412831482
2270.0;2.4389246347449357e-5;-0.342926252;0.0;0.0;0.24113861109746174;0.0;0.00950988526352608;0.24382373738035365;0.0;0.0;0.0;0.0;0.0;-0.15154658412831482
2271.0;10.000758861053656;-0.33880537399999994;0.0;0.0;0.21713811584949008;0.0;0.013049009997713553;0.23678372360375569;0.02348372898936186;0.0;0.0;0.0;0.0;-0.1515465841277509
2272.0;47.886403546988255;-0.33065427;0.0;1.1880253212410373e-15;0.1717495200084423;0.0;0.013052519995362626;0.22591370730011182;0.03923999999986581;0.0;0.0;1.7106461221966627e-13;0.0;-0.11916540313907346
2273.0;47.886086510175055;-0.32018718999999995;0.0;1.1880227736463236e-15;0.10633785216970114;0.0;0.012906270015486611;0.21257223905406206;0.03923999999986581;0.0;0.0;1.710642356779783e-13;0.0;-0.050739287021548916
2274.0;141.34271079206388;-0.307870062;0.004199999999994618;2.4203050280335853e-15;0.0436151865514634;0.0;0.013858650002805886;0.19419491327296182;0.03923999999996133;5.807554351872885e-15;6.81269649942661e-13;3.5834181143763807e-13;1.6161490021285134e-14;-1.4540897123741544e-12
2275.0;151.0512093407298;-0.30624583999999994;0.004199999999995168;2.7182905468778654e-15;0.009382620730707555;0.0;0.014083290014922152;0.19813174041185833;0.03923999999996404;7.178629620105825e-15;0.041346524896342295;4.0522736442115845e-13;1.8263998825829895e-14;-1.328793453774073e-12
2276.0;151.0511230739969;-0.30577828999999995;0.004199999999995168;2.7182909078615244e-15;0.0023556554996224622;0.0;0.014410890005822187;0.21681526415992355;0.03923999999996404;7.178631447439887e-15;0.028903218011510013;4.0522742160937577e-13;1.8264001388655153e-14;-1.3287933307203069e-12
2277.0;99.21101374528898;-0.30007625599999993;0.004199999999989789;1.649098321273912e-15;0.001573400462019968;0.0;0.014449499997864393;0.23334446853738755;0.039239999999943015;3.1990043130013563e-15;1.293605848249812e-13;2.3991998278238706e-13;0.0;-2.482647876356665e-12
2278.0;47.88545592422838;-0.290664208;0.0;1.1880195901396008e-15;0.0013245004757768734;0.0;0.014011919996246736;0.24162820803636562;0.03923999999986581;0.0;0.0;1.7106376514673e-13;0.0;-0.005397956148470326
2279.0;47.88542087064941;-0.28169169199999994;0.0;1.1880196635645776e-15;0.0008800378499470734;0.0;0.014269319998274766;0.25001036798854936;0.03923999999986581;0.0;0.0;1.710637759991587e-13;0.0;-0.022561514957607297
2280.0;47.885399445250286;-0.27291233800000003;0.0;1.1880197575964441e-15;0.0004622419068189654;0.0;0.013908959999106726;0.2568177976861437;0.03923999999986581;0.0;0.0;1.710637898973181e-13;0.0;-0.037367033207907824
2281.0;40.78074055018026;-0.254484834;0.0;1.6947306562128055e-15;7.555933253718331e-5;0.0;0.006998940002893919;0.3015117161600309;0.039239999999755165;0.0;0.0;2.4378477158766866e-13;0.0;-0.09323977663401749
2282.0;40.78081161337784;-0.194003292;0.0;1.6947299664317445e-15;8.889242508059857e-5;0.0;0.006168240012201824;0.2728822378110935;0.03923999999975516;0.0;0.0;2.437846698371121e-13;0.0;-0.12428727902060993
2283.0;40.780818360805746;-0.193858236;0.0;1.6947299079046015e-15;7.555933253718216e-5;0.0;0.006941609993013911;0.27034517123237367;0.03923999999975516;0.0;0.0;2.4378466120372464e-13;0.0;-0.12265645585385102
2284.0;40.78077294178504;-0.24338265399999998;0.0;1.6947303631174305e-15;7.555933253718286e-5;0.0;0.006103890007105818;0.2890013559656862;0.039239999999755165;0.0;0.0;2.437847283527992e-13;0.0;-0.0909421826635632
2285.0;40.780785632246975;-0.24187815999999995;0.0;1.6947302501152137e-15;7.555933253718269e-5;0.0;0.006178770005025827;0.28414593692949275;0.03923999999975516;0.0;0.0;2.437847116836623e-13;0.0;-0.08766832857772384
2286.0;40.78078380603233;-0.243211626;0.0;1.6947302690784454e-15;9.333712100497743e-5;0.0;0.005968170001697802;0.28490596254122863;0.03923999999975516;0.0;0.0;2.4378471448092863e-13;0.0;-0.08690172486054645
2287.0;40.78077429892447;-0.24731936599999998;0.0;1.6947303924496771e-15;0.000480020690277298;0.0;0.0068199299963939;0.28937316756793463;0.039239999999755165;0.0;0.0;2.437847326795742e-13;0.0;-0.08849761925426002
2288.0;40.78080067232179;-0.253558334;0.0;1.694730729745017e-15;0.006373603886706563;0.0;0.007589789997953986;0.29147827671195037;0.039239999999755165;0.0;0.0;2.4378478243453973e-13;0.0;-0.09102624331328693
2289.0;40.78100885393467;-0.26395673199999997;0.0;1.6947323377807956e-15;0.04222846132719899;0.0;0.008642789996238106;0.28554569648805284;0.03923999999975516;0.0;0.0;2.4378501963809296e-13;0.0;-0.1116056998199914
2290.0;40.781276900308036;-0.27745390799999997;0.0;1.6947346541291265e-15;0.09539516456663413;0.0;0.009383400005494189;0.28140109283704046;0.039239999999755165;0.0;0.0;2.437853613259313e-13;0.0;-0.1478720916725433
2291.0;10.00025904531839;-0.28641233999999993;0.0;0.0;0.14312608181912717;0.0;0.009438389992436121;0.27508576640560944;0.010428440411495826;0.0;0.0;0.0;0.0;-0.15154658412586666
2292.0;2.439103830192035e-5;-0.29149548399999997;0.0;0.0;0.16703816070601127;0.0;0.006673400220516758;0.269329904738835;0.0;0.0;0.0;0.0;0.0;-0.15154658412707758
2293.0;2.439048802230395e-5;-0.296446816;0.0;0.0;0.17302047790010894;0.0;0.006958875477755003;0.26801344427079715;0.0;0.0;0.0;0.0;0.0;-0.15154658412707758
2294.0;2.4390404051864766e-5;-0.294922736;0.0;0.0;0.15289966571437405;0.0;0.008563060471016525;0.2850059914609577;0.0;0.0;0.0;0.0;0.0;-0.15154658412707758
2295.0;0.00029612611502087625;-0.29004454999999996;0.0;0.0;0.1194818178371043;0.0;0.010225313533924245;0.3118763799822442;0.0;0.0;0.0;0.0;0.0;-0.15154658412707758
2296.0;9.99966025529872;-0.28216962199999995;0.0;0.0;0.07012298032874245;0.0;0.012040470011936413;0.32165514629972786;0.030039038529344798;0.0;0.0;0.0;0.0;-0.15154658412586672
2297.0;40.78069611165998;-0.28524477800000003;0.0;1.694732888132648e-15;0.021134231048555722;0.0;0.012654719997226557;0.35680226079087835;0.039239999999755165;0.0;0.0;2.437851008213206e-13;0.0;-0.14445941869265344
2298.0;40.780608402569236;-0.2992749659999999;0.0;1.694735339119694e-15;0.0035734847659221257;0.0;0.013099319994054611;0.39108545941001116;0.039239999999755165;0.0;0.0;2.437854623698688e-13;0.0;-0.1475669857730856
2299.0;9.99910657905447;-0.30048941199999996;0.0;0.0;0.00015111717106131462;0.0;0.013349700000808559;0.4215247855426391;0.017195870806119992;0.0;0.0;0.0;0.0;-0.15154658412586672
2300.0;9.999106166687618;-0.29815903999999993;0.0;0.0;9.778231281334567e-5;0.0;0.013044330006996525;0.4215739957691938;0.015175015435895577;0.0;0.0;0.0;0.0;-0.15154658412586672
2301.0;9.999110916279044;-0.292941208;0.0;0.0;8.889242334972675e-5;0.0;0.013141440002004536;0.41972587436546555;0.011716251898358466;0.0;0.0;0.0;0.0;-0.15154658412586675
2302.0;9.999139115619275;-0.28654119599999994;0.0;0.0;8.000352911583243e-5;0.0;0.012805650004448499;0.41808552947385724;0.007300465473048106;0.0;0.0;0.0;0.0;-0.15154658412586672
2303.0;9.999143411371127;-0.281532102;0.0;0.0;8.000352911581999e-5;0.0;0.013050180009128528;0.40710068930754734;0.013026796107213268;0.0;0.0;0.0;0.0;-0.15154658412586675
2304.0;9.99916075308083;-0.274955036;0.0;0.0;8.444822504019523e-5;0.0;0.013161329994568538;0.4003862132617245;0.013045588415294393;0.0;0.0;0.0;0.0;-0.15154658412586675
2305.0;8.087106953887791e-7;-0.33553721000000003;0.0;0.0;5.653806821095542e-5;0.0;0.013097488415170175;0.4802313173282561;0.0;0.0;0.0;0.0;0.0;-0.1578482743276027
2306.0;7.78919945601925e-7;-0.332558768;0.0;0.0;5.219790350726475e-5;0.0;0.01289574381068849;0.4777576190086941;0.0;0.0;0.0;0.0;0.0;-0.15814692672854125
2307.0;7.797858158959834e-7;-0.33029189900000006;0.0;0.0;5.220075848138211e-5;0.0;0.01296711687134182;0.4753129393473564;0.0;0.0;0.0;0.0;0.0;-0.1580404927208187
2308.0;8.000260974392921e-7;-0.327163242;0.0;0.0;5.6508860735191667e-5;0.0;0.012460071012154406;0.47344249116122117;0.0;0.0;0.0;0.0;0.0;-0.15879596236386515
2309.0;7.9687803001642e-7;-0.328521352;0.0;0.0;5.648065547582883e-5;0.0;0.012000919288577536;0.4759345903346917;0.0;0.0;0.0;0.0;0.0;-0.15947076588133266
2310.0;8.077166546987208e-7;-0.33412707999999997;0.0;0.0;5.653473672323119e-5;0.0;0.013011449219357915;0.4790357674951137;0.0;0.0;0.0;0.0;0.0;-0.15797681112763187
2311.0;8.960772912696187e-7;-0.34873081499999997;0.0;0.0;7.877798199067346e-5;0.0;0.012497045490240964;0.4949078075252343;0.0;0.0;0.0;0.0;0.0;-0.15875295558845431
2312.0;2.259700795845976e-8;-0.367481556;0.0;0.0;0.002331072675060501;0.0;0.012367351272990296;0.5118675306364889;0.0;0.0;0.0;0.0;0.0;-0.15908445763218768
2313.0;1.1440017118618039e-7;-0.37586594000000006;0.0;0.0;0.010142579219687043;0.0;0.010045413700439683;0.4871806082324277;0.0;0.0;0.0;0.0;0.0;-0.13150284618437286
2314.0;0.00011167746900717642;-0.382072619;0.0;0.0;0.04020712443230724;0.0;0.009993530657753552;0.4928316586529657;0.0;0.0;0.0;0.0;0.0;-0.16096712680289132
2315.0;0.00031519054197974317;-0.38918745499999996;0.0;0.0;0.07832776956042249;0.0;0.010089960647470439;0.46230583463495395;0.0;0.0;0.0;0.0;0.0;-0.16155350634508234
2316.0;-0.0008757876085008924;-0.39421829100000005;0.0;0.0;0.09890410926639577;0.0;0.010020518599486185;0.4489227616549102;0.0;0.0;0.0;0.0;0.0;-0.16363079655897989
2317.0;-0.0008253964405121589;-0.394704826;0.0;0.0;0.10676226248780964;0.0;0.010120624389777826;0.44146559403318836;0.0;0.0;0.0;0.0;0.0;-0.16362607514530997
2318.0;-0.0003593329038587819;-0.39154748500000003;0.0;0.0;0.09341590850024388;0.0;0.010337268803897395;0.45143557841429527;0.0;0.0;0.0;0.0;0.0;-0.16361841367552024
2319.0;0.00029936245177375833;-0.38795681700000006;0.0;0.0;0.07263717778848697;0.0;0.010109185649604864;0.4665267664928163;0.0;0.0;0.0;0.0;0.0;-0.161332480042174
2320.0;1.3935920232125537e-7;-0.381759454;0.0;0.0;0.04028707183013076;0.0;0.010335122068608154;0.4691485702996418;0.0;0.0;0.0;0.0;0.0;-0.13801148374237054
2321.0;1.084827109457547e-7;-0.37890959700000004;0.0;0.0;0.009507604315439518;0.0;0.010168941725073587;0.46614121118883883;0.0;0.0;0.0;0.0;0.0;-0.10690837469856272
2322.0;1.1494536041600685e-7;-0.380755199;0.0;0.0;0.003331108449628086;0.0;0.010080110911515382;0.4750258210742678;0.0;0.0;0.0;0.0;0.0;-0.10768204615578506
2323.0;1.4890631339100931e-6;-0.381482352;0.0;0.0;0.000258284609896382;0.0;0.009726174179081287;0.47898370538841467;0.0;0.0;0.0;0.0;0.0;-0.10748603257077395
2324.0;9.018164907390111e-7;-0.376251657;0.0;0.0;7.412407822601847e-5;0.0;0.007286260749066441;0.47346625124413727;0.0;0.0;0.0;0.0;0.0;-0.10457509819324617
2325.0;8.681763145640395e-7;-0.367346485;0.0;0.0;6.515657022288066e-5;0.0;0.006952961920966292;0.46452492613582913;0.0;0.0;0.0;0.0;0.0;-0.10419667835724794
2326.0;8.69256507429989e-7;-0.356209372;0.0;0.0;6.515872490117938e-5;0.0;0.006805407023639787;0.4626684865457788;0.0;0.0;0.0;0.0;0.0;-0.11332979882119809
2327.0;8.655747886014316e-7;-0.34734999099999997;0.0;0.0;6.516790076120982e-5;0.0;0.007687070292168019;0.45319886416066296;0.0;0.0;0.0;0.0;0.0;-0.11360123124714679
2328.0;8.62575855055858e-7;-0.33914118000000004;0.0;0.0;6.517977522971965e-5;0.0;0.00820293637648318;0.4487390534706976;0.0;0.0;0.0;0.0;0.0;-0.1178661109835785
2329.0;48.27347043999389;-0.298875265;0.0;1.161634575616165e-15;8.411536757109528e-5;0.0;0.008617499998889428;0.27341991977753677;0.03531599999985562;0.0;0.0;1.6757726736992692e-13;0.0;-0.01868148991890975
2330.0;48.27343216258968;-0.29439234200000003;0.0;1.161634594001597e-15;8.411536757109531e-5;0.0;0.01026337499508964;0.2804363547614812;0.03531599999985562;0.0;0.0;1.6757727009747744e-13;0.0;-0.03182332925176259
2331.0;48.27337233303319;-0.29490845500000007;0.0;1.1616345948383702e-15;8.906280901317909e-5;0.0;0.011338874991689783;0.2904339240926837;0.03531599999985562;0.0;0.0;1.6757727022163208e-13;0.0;-0.04238029457494762
2332.0;48.273313182578626;-0.29618025100000006;0.0;1.161634593081722e-15;8.411536757109531e-5;0.0;0.012074625002139875;0.3002161267537611;0.03531599999985562;0.0;0.0;1.6757726996104434e-13;0.0;-0.05161665582718614
2333.0;48.2732825384334;-0.298898341;0.0;1.1616345914135526e-15;7.916681820348421e-5;0.0;0.012716999999739959;0.3052545837079161;0.03531599999985562;0.0;0.0;1.6757726971353639e-13;0.0;-0.054571947701937296
2334.0;48.27319935617816;-0.306779573;0.0;1.161634585943831e-15;7.916681820348421e-5;0.0;0.013108500015340011;0.31891339369865757;0.03531599999985562;0.0;0.0;1.675772689020722e-13;0.0;-0.06073424707553052
2335.0;48.27309142939738;-0.324641272;0.0;1.1616345762976903e-15;0.00011875022747949994;0.0;0.013135499996940013;0.3365905027324354;0.03531599999985562;0.0;0.0;1.675772674710239e-13;0.0;-0.06060747681492408
2336.0;48.273025915150406;-0.34602744800000007;0.0;1.1616345276129312e-15;0.002196878937488935;0.0;0.013196250008490023;0.3481523173086255;0.03531599999985562;0.0;0.0;1.6757726024834128e-13;0.0;-0.05291713085427387
2337.0;48.273013769851374;-0.357019324;0.0;1.161634335292e-15;0.011825542274444881;0.0;0.013190624988790022;0.35436962755732493;0.03531599999985562;0.0;0.0;1.675772317164004e-13;0.0;-0.05776663239153941
2338.0;48.2730855875619;-0.36297011500000004;0.0;1.1616338905495134e-15;0.034496938136903806;0.0;0.01322662500544003;0.35257301093395665;0.03531599999985563;0.0;0.0;1.6757716573618376e-13;0.0;-0.07273720684784839
2339.0;48.27317545829418;-0.36709622100000006;0.0;1.1616332938841548e-15;0.0648673062726036;0.0;0.013215375001340028;0.35119012813359196;0.03531599999985563;0.0;0.0;1.6757707721736336e-13;0.0;-0.09760100731797629
2340.0;48.27322136599755;-0.371760605;0.0;1.161632799462162e-15;0.08995823698837878;0.0;0.012984749987889994;0.35471534773831526;0.03531599999985563;0.0;0.0;1.6757700386691575e-13;0.0;-0.12133112871369472
2341.0;48.27323872485824;-0.37153695600000003;0.0;1.1616324897214684e-15;0.10580149502770642;0.0;0.012892500003689982;0.35896601504512654;0.03531599999985562;0.0;0.0;1.6757695791504231e-13;0.0;-0.1415611335912126
2342.0;48.27320646307277;-0.367855567;0.0;1.1616325515852533e-15;0.10266945825345912;0.0;0.012484124999589927;0.3629503067480551;0.03531599999985562;0.0;0.0;1.675769670929214e-13;0.0;-0.14568309471589988
2343.0;48.27315410151406;-0.363489159;0.0;1.1616328682573457e-15;0.08639078271209534;0.0;0.011769750003989837;0.36427651514711495;0.03531599999985563;0.0;0.0;1.6757701407308373e-13;0.0;-0.13437502885401784
2344.0;48.27314556828825;-0.356641062;0.0;1.161633389208188e-15;0.06002328690867793;0.0;0.011751750004489832;0.3540069026680791;0.03531599999985563;0.0;0.0;1.6757709135923085e-13;0.0;-0.10456183283797385
2345.0;48.2731002597657;-0.351873617;0.0;1.1616339609109332e-15;0.0310581295252953;0.0;0.0122489999950899;0.34869073606034184;0.03531599999985563;0.0;0.0;1.675771761747378e-13;0.0;-0.07553545797961303
2346.0;48.27310070838382;-0.34989609400000005;0.0;1.1616343811588216e-15;0.009737517573625749;0.0;0.012295125004839905;0.33912956761334023;0.03531599999985562;0.0;0.0;1.6757723852099493e-13;0.0;-0.046672942870708084
2347.0;48.273046643542166;-0.350573719;0.0;1.1616345468980686e-15;0.0011429708732510575;0.0;0.012360374989789914;0.3441793606935982;0.03531599999985562;0.0;0.0;1.6757726310937807e-13;0.0;-0.04250962828196054
2348.0;48.27303274171256;-0.347550245;0.0;1.1616345645338935e-15;0.00027708386458356237;0.0;0.012051000000589875;0.34612899996543256;0.03531599999985562;0.0;0.0;1.675772657257762e-13;0.0;-0.04630614772997864
2349.0;48.27298154324283;-0.340299016;0.0;1.1616345667197577e-15;0.00015338619531343183;0.0;0.011288249990889777;0.35459066177140075;0.03531599999985562;0.0;0.0;1.6757726605005685e-13;0.0;-0.061128352126476534
2350.0;48.272914625432115;-0.33012220400000003;0.0;1.1616345650770842e-15;0.00012369766892158368;0.0;0.010125000001139623;0.36564239635382956;0.03531599999985562;0.0;0.0;1.675772658063746e-13;0.0;-0.08115847232462677
2351.0;48.27293660241577;-0.320430279;0.0;1.161634568237627e-15;8.411536757109527e-5;0.0;0.008431875001839404;0.3620491651834965;0.03531599999985562;0.0;0.0;1.6757726627525677e-13;0.0;-0.08552622931652627
2352.0;48.27293510881961;-0.311186371;0.0;1.1616345690555433e-15;8.906280901317905e-5;0.0;0.007088624999439229;0.3623325434192315;0.03531599999985562;0.0;0.0;1.6757726639661968e-13;0.0;-0.09371507900932599
2353.0;158.8394203431999;-0.286417436;0.0033599999999917953;4.2456573915065935e-15;0.0027015672674389436;0.0;0.007457625006845031;0.18404822403773569;0.03531599999993804;1.2172671049107379e-14;0.05366494513528665;6.338314889766232e-13;3.15524563434494e-14;-3.031887085946184e-12
2354.0;158.8391495336698;-0.28063321100000005;0.0033599999999917953;4.2456442434370316e-15;0.002107816682261473;0.0;0.007826624996595082;0.18055700969671631;0.03531599999993804;1.2172592720760349e-14;0.05159711360341191;6.338294000027101e-13;3.155234214254507e-14;-3.031897581227031e-12
2355.0;158.839095768315;-0.278794667;0.003359999999991795;4.2456430620715546e-15;0.001603128352482966;0.0;0.007715250001895065;0.1775532041354538;0.03531599999993804;1.2172585682914634e-14;0.053381059376055064;6.338292123066404e-13;3.155233188150528e-14;-3.0318985242439484e-12
2356.0;170.5831102608769;-0.278320621;0.0033599999999926315;4.858227757031177e-15;0.00106380405488272;0.0;0.007899750005595499;0.1742490197830151;0.03531599999994259;1.6485808096212062e-14;0.056940721462716073;7.320676732096702e-13;3.700586703722187e-14;-2.660532447818462e-12
2357.0;170.3593664885803;-0.28003638900000005;0.003359999999992617;4.845109766134684e-15;0.0004552089295277311;0.0;0.007760250000645472;0.17699778482829603;0.035315999999942504;1.6377123994538068e-14;0.056940721462696214;7.299447210637576e-13;3.6886233770759713e-14;-2.6666066540661547e-12
2358.0;202.5774413453682;-0.28743806099999997;0.0033599999999942556;8.001223387377334e-15;0.0003908866511792479;3.0693563244489315e-18;0.007535249989246323;0.1785563625293481;0.03531599999995214;0.0049924855240846685;0.056940721463475855;1.266469773257726e-12;6.989567743718252e-14;-2.0095006940650444e-12
2359.0;234.75539902870327;-0.3028016170000001;0.003359999999995322;2.2908715632041856e-14;0.005774229758773625;3.3831788385378898e-18;0.007246125003896924;0.17743418571252287;0.03531599999995902;0.015866666666649775;0.05694072146359415;4.7658592611824794e-12;6.59240163194051e-13;-1.6217963047614807e-12
2360.0;202.5775645864979;-0.320560685;0.0033599999999942556;8.001200965978078e-15;0.039741739589204204;3.0693550893112684e-18;0.007042499989696259;0.1752635122266019;0.03531599999995214;0.002531357133938101;0.056940721463475855;1.2664657687324512e-12;6.989540835768155e-14;-2.0095027884091174e-12
2361.0;123.48225750126652;-0.337763733;0.0033599999999876563;3.076462436172495e-15;0.11960125977101652;0.0;0.006648750005043222;0.168434106192978;0.03531599999991865;6.7968468551155845e-15;3.446865321817067e-13;4.5129842471050436e-13;2.184807064018146e-14;-5.430322542920117e-12
2362.0;84.06392228838676;-0.348920108;0.003359999999972955;2.355379601973655e-15;0.20438891468465642;0.0;0.0063719999994896045;0.15358510885793092;0.03531599999987533;0.0;1.6322669162740528e-13;3.4185453563979076e-13;0.0;-0.053850863290596476
2363.0;84.0640924426495;-0.35306251;0.003359999999972955;2.3553764094826018e-15;0.270819764793067;0.0;0.00610537500468957;0.15521736566852826;0.03531599999987533;0.0;1.6322619471262066e-13;3.418540562328945e-13;0.0;-0.11753257586010896
2364.0;50.223802043492626;-0.35679118400000004;0.003359999995653353;1.9602609759333264e-15;0.3139508335937074;0.0;0.006360749995382037;0.1607092271768079;0.03531599999977025;0.0;0.0;2.828636439155712e-13;0.0;-0.16366070894424475
2365.0;10.002509589037231;-0.360211306;0.0;0.0;0.33212456422870257;0.0;0.006157124998756471;0.17330253786532693;0.012319252087749389;0.0;0.0;0.0;0.0;-0.16366070894732856
2366.0;3.279418612442056;-0.35911423800000003;0.0;0.0;0.3298089350572007;0.0;0.006454124990310209;0.18369116772575467;0.0;0.0;0.0;0.0;0.0;-0.1636607089475369
2367.0;10.002343403580621;-0.352746546;0.0;0.0;0.3042776382958579;0.0;0.006732000007056545;0.18839523959019097;0.017053229715381438;0.0;0.0;0.0;0.0;-0.16366070894732854
2368.0;84.06385550549398;-0.34400540300000004;0.003359999999972955;2.355377150895076e-15;0.25606505078581127;0.0;0.006537374992689626;0.18848592133302994;0.03531599999987533;0.0;1.632263101141419e-13;3.418541675685615e-13;0.0;-0.14551281443061875
2369.0;84.06368495632616;-0.33356920700000003;0.003359999999972955;2.355380721610678e-15;0.1808912157767688;0.0;0.006137999988339576;0.18237062791364414;0.03531599999987533;0.0;1.6322686590055051e-13;3.4185470377236697e-13;0.0;-0.07423127292037397
2370.0;158.83946498138968;-0.325671791;0.0033599999999917953;4.245629666118824e-15;0.09454991191060533;0.0;0.005946749989244834;0.16910287741738692;0.03531599999993804;1.2172505878408871e-14;0.017482439663920428;6.338270839499346e-13;3.155221552768245e-14;-3.031909217554729e-12
2371.0;252.03282315268478;-0.32070791299999996;0.0033599999999957544;0.007418182865222605;0.027416456426101587;3.576959380399956e-18;0.0063450000002470835;0.15912231175627597;0.035315999999961954;0.01586666666665567;0.056940721463623965;0.005991999990194373;0.00225083369207969;-1.4716062873961027e-12
2372.0;447.4891096103328;-0.32256472300000005;0.0033599999999980278;0.018992999999997977;0.005502093335340535;7.791080983212445e-18;0.006415875004898726;0.1612873176982634;0.03531599999997902;0.015866666666664444;0.056940721463712644;0.005991999999726063;0.0022508336922544537;-7.295423176970294e-13
2373.0;405.7875494667329;-0.31878732;0.0033599999999977524;0.01899299999999743;0.002785682635466316;6.5482131902801176e-18;0.0053291249865483675;0.16584403341660856;0.03531599999997679;0.01586666666666399;0.056940721463705504;0.005991999999653906;0.002250833692251452;-8.162743106499647e-13
2374.0;291.41042279311006;-0.311736504;0.003359999999996509;0.018992999999989973;0.0028945368724574852;4.1010915278831646e-18;0.004680000011197372;0.16697754428312855;0.035315999999967304;0.015866666666660548;0.05694072146366288;0.0059919999987706725;0.002250833692218922;-1.2175543740365393e-12
2375.0;252.03270460046417;-0.30303602100000004;0.0033599999999957544;0.007778742935818564;0.0028945368724423983;3.576960376777822e-18;0.004070250014896785;0.16790135602348102;0.035315999999961954;0.01586666666665567;0.056940721463623965;0.005991999990194519;0.0022508336920796907;-1.4716056237005004e-12
2376.0;247.8322250641281;-0.29385869300000006;0.003359999999995657;9.496445887271848e-14;0.0028302134861402637;3.528281998539063e-18;0.003226499989796613;0.1691992267027866;0.03531599999996128;0.015866666666654657;0.05694072146361781;0.005991999962728546;0.0022508336919955974;-1.5052131961079012e-12
2377.0;158.83929354367865;-0.21138481700000006;0.003359999999995008;2.656561425199403e-15;0.002078128709898659;0.0;0.003920624999196793;0.15695730477611516;0.03531599999996129;7.651466917887145e-15;0.009872402773058902;3.9659893551033814e-13;1.9742074710923863e-14;-1.4186995671505307e-12
2378.0;158.8393513881034;-0.20841223100000003;0.003359999999995008;2.6565615406755636e-15;0.0011578143057406063;0.0;0.004226624990696832;0.1470900889557779;0.03531599999996129;7.651467612894151e-15;0.017376839013489354;3.96598953857566e-13;1.9742075713851276e-14;-1.4186995203613696e-12
2379.0;158.8393968049279;-0.205800612;0.003359999999995008;2.6565616105372873e-15;0.0006432299851524041;0.0;0.004136625010846821;0.13943322150540893;0.03531599999996129;7.651468033367666e-15;0.023023088382882397;3.9659896495739926e-13;1.9742076320607642e-14;-1.4186994920545252e-12
2380.0;158.83944143742005;-0.20328745300000003;0.003359999999995008;2.6565616691944093e-15;0.0002375004555453175;0.0;0.004439249986996861;0.1319520468793086;0.03531599999996129;7.651468386401728e-15;0.028090665963032176;3.9659897427698473e-13;1.9742076830057195e-14;-1.4186994682876617e-12
2381.0;158.8394069802537;-0.203769869;0.003359999999995008;2.656561659195692e-15;0.00019791704626930193;0.0;0.004793624992596907;0.13757426189858332;0.03531599999996129;7.65146832622353e-15;0.0226388847728369;3.9659897268838437e-13;1.9742076743212924e-14;-1.4186994723387787e-12
2382.0;158.83942961897395;-0.20537374300000003;0.003359999999995008;2.6565611680671493e-15;0.00520027004729904;0.0;0.0048599999885469165;0.1360440219172997;0.03531599999996129;7.651465370303305e-15;0.020701374562649137;3.965988946564564e-13;1.9742072477694537e-14;-1.4186996713362036e-12
2383.0;158.8394958018645;-0.21030908099999995;0.0033599999999950085;2.6565591308309585e-15;0.02583806805046663;0.0;0.004668749989446891;0.13418506334867591;0.03531599999996129;7.651453108949347e-15;0.007039386929782613;3.965985709746856e-13;1.9742054783994273e-14;-1.4187004967929718e-12
2384.0;48.31562794197228;-0.22215494899999996;0.0;1.2151117226645921e-15;0.07893920633134185;0.0;0.004458374997488361;0.13025744708510803;0.03531599999984918;0.0;0.0;1.7529294927067695e-13;0.0;-0.02667735927382795
2385.0;48.3158070964275;-0.23737349600000002;0.0;1.2151103242610638e-15;0.1472057372526637;0.0;0.004194000007038327;0.131118915842012;0.03531599999984918;0.0;0.0;1.7529274180667074e-13;0.0;-0.08035122399611921
2386.0;48.315952195316044;-0.250188645;0.0;1.2151091524825566e-15;0.20422563360608065;0.0;0.0038441249924882816;0.1324677944168746;0.03531599999984918;0.0;0.0;1.752925679642477e-13;0.0;-0.12557869258718718
2387.0;48.31599401790009;-0.258696304;0.0;1.2151086065604674e-15;0.23169651687382162;0.0;0.004187250011638326;0.13842439556744005;0.03531599999984918;0.0;0.0;1.7529248697248654e-13;0.0;-0.15085052364368498
2388.0;34.21750409848976;-0.263104619;0.0;1.1365306884972644e-15;0.24288377660464416;0.0;0.004221000006283304;0.1457525465067863;0.03531599999976145;0.0;0.0;1.6365621500786093e-13;0.0;-0.1636607089414172
2389.0;10.002378024548259;-0.26358656300000005;0.0;0.0;0.2503205089979232;0.0;0.004208625008791528;0.1592696678980443;0.013507897609424635;0.0;0.0;0.0;0.0;-0.16366070894684376
2390.0;7.814375235851716;-0.262101703;0.0;0.0;0.2501671233557343;0.0;0.0038846250001250385;0.17247507437245072;0.0;0.0;0.0;0.0;0.0;-0.1636607089470088
2391.0;4.157396264345511;-0.259614225;0.0;0.0;0.23688194237721782;0.0;0.004452750012959499;0.18432026614504732;0.0;0.0;0.0;0.0;0.0;-0.16366070894724583
2392.0;10.002027767269881;-0.256036163;0.0;0.0;0.2087183497265701;0.0;0.004442625002291559;0.19850615980101277;0.008126418652527634;0.0;0.0;0.0;0.0;-0.16366070894684373
2393.0;48.31541981574211;-0.250922506;0.0;1.2151100072927636e-15;0.16218805683269147;0.0;0.004701375008388393;0.20201437781288925;0.03531599999984918;0.0;0.0;1.752926947819699e-13;0.0;-0.15315868265162713
2394.0;48.315213224130424;-0.24790508900000002;0.0;1.2151110886717743e-15;0.10846842688143564;0.0;0.0044966250008383665;0.21161521802934374;0.03531599999984919;0.0;0.0;1.7529285521292593e-13;0.0;-0.11182474212812808
2395.0;48.315073010905124;-0.240899119;0.0;1.21511224653268e-15;0.052170928439759456;0.0;0.0038429999991382814;0.2098072673562759;0.03531599999984918;0.0;0.0;1.752930269905769e-13;0.0;-0.06004846019676593
2396.0;48.314996547932004;-0.23972343899999998;0.0;1.215113016909148e-15;0.013666171082745366;0.0;0.004398749996938353;0.2046101191715025;0.03531599999984918;0.0;0.0;1.752931412818895e-13;0.0;-0.018064002994230593
2397.0;48.31495965686079;-0.23825903899999995;0.0;1.2151131341498323e-15;0.00435912301540239;0.0;0.0038711250093882844;0.20412837585929272;0.03531599999984918;0.0;0.0;1.7529315867548153e-13;0.0;-0.009207956696180675
2398.0;48.314959257601075;-0.23674594300000001;0.0;1.2151131260850738e-15;0.0033151103880114424;0.0;0.0038058750067882763;0.2027568281468294;0.03531599999984918;0.0;0.0;1.7529315747901647e-13;0.0;-0.008240364773562037
2399.0;48.31495854532318;-0.233865257;0.0;1.2151132146245246e-15;0.0033200583834162908;0.0;0.004043249997988308;0.205811640565446;0.03531599999984918;0.0;0.0;1.752931706145412e-13;0.0;-0.014417015682202265
2400.0;48.31496655493744;-0.22861905800000004;0.0;1.2151132326279713e-15;0.0033151103880114424;0.0;0.004264874994038337;0.2050748577754566;0.03531599999984918;0.0;0.0;1.752931732855074e-13;0.0;-0.019143542922077154
2401.0;184.606459226194;-0.230939073;0.0033599999999963607;3.4023295949727475e-15;0.0031072979050604005;0.0;0.0007919999956471437;0.1368148099710061;0.0353159999999695;1.6781534833437018e-14;0.056940721463481246;5.207693903644058e-13;2.7033228023107224e-14;-1.1230559656013824e-12
2402.0;158.83860913354494;-0.225669043;0.0033599999999954075;2.459119511091757e-15;0.002736203235347376;0.0;0.0007897500089466622;0.13601001665360046;0.035315999999964175;7.08669183334541e-15;0.047567842350547736;3.671228511054681e-13;1.8274689967339173e-14;-1.3710510396720314e-12
2403.0;158.83942176528012;-0.22307351600000003;0.0033599999999954075;2.459142233329846e-15;0.002295837183943595;0.0;0.0011227499996967056;0.13606669209310707;0.035315999999964175;7.086828757666153e-15;0.045021411786102424;3.671264612829324e-13;1.8274887311336658e-14;-1.37104086078446e-12
2404.0;158.83941799500215;-0.224401348;0.0033599999999954075;2.4591422571107334e-15;0.002023701868379097;0.0;0.0018911250114468058;0.13656543699896698;0.035315999999964175;7.086828900972771e-15;0.04535462311646206;3.6712646506133836e-13;1.827488751787655e-14;-1.3710408501314077e-12
2405.0;158.8394131871506;-0.22951015800000002;0.0033599999999954075;2.4591418410036958e-15;0.004126570001450005;0.0;0.0021127500074968344;0.13590233331853793;0.035315999999964175;7.086826393484604e-15;0.048801385970207715;3.671263989489279e-13;1.8274883903956764e-14;-1.3710410365320092e-12
2406.0;193.92964143986532;-0.24231157100000006;0.0033599999999966205;3.946898506874296e-15;0.019089097045914154;0.0;0.0024277499987474986;0.12780339432542265;0.035315999999971044;3.253524357404445e-14;0.05694072146355366;6.130661546971574e-13;3.266479740850042e-14;-1.0550640422067757e-12
2407.0;158.8397245304951;-0.25442096300000006;0.0033599999999954075;2.459136728942288e-15;0.06297719861841056;0.0;0.0028676249931469332;0.11289772155091973;0.035315999999964175;7.086795587947348e-15;0.037074172506453965;3.671255867289107e-13;1.8274839505344347e-14;-1.3710433265547551e-12
2408.0;55.054754917752405;-0.276368663;0.0033599999998932973;1.163278669872302e-15;0.13862603453857186;0.0;0.003071249989690473;0.10499714867235925;0.035315999999881297;0.0;0.0;1.679786804853722e-13;0.0;-0.009136671559613136
2409.0;55.055004341277524;-0.292839776;0.0033599999998932912;1.163276942738974e-15;0.22472488939986915;0.0;0.0032692500018404987;0.10282647518644919;0.0353159999998813;0.0;0.0;1.6797842375311868e-13;0.0;-0.07682973810277051
2410.0;55.05517416461083;-0.3071902470000001;0.0033599999998932856;1.1632754263684034e-15;0.2997008073625315;0.0;0.003424500001940519;0.10840334985411865;0.035315999999881297;0.0;0.0;1.6797819835002068e-13;0.0;-0.14321665379695808
2411.0;10.002888564588083;-0.31779854300000004;0.0;0.0;0.34567693308057135;0.0;0.003744000001845851;0.11717105903265498;0.01486505672043228;0.0;0.0;0.0;0.0;-0.1636607089473915
2412.0;0.0017128932133774813;-0.320104231;0.0;0.0;0.35850688740842773;0.0;0.0035213154582608933;0.12170676326424291;0.0;0.0;0.0;0.0;0.0;-0.1636607089478238
2413.0;0.001399017102193421;-0.318313562;0.0;0.0;0.35523134036542997;0.0;0.0011886628697073995;0.12551754935184994;0.0;0.0;0.0;0.0;0.0;-0.16366070894782384
2414.0;0.0018339295916881323;-0.317099735;0.0;0.0;0.33933368122209756;0.0;0.0013726264157314211;0.1400616759773661;0.0;0.0;0.0;0.0;0.0;-0.1636607089478238
2415.0;3.8325348854945207;-0.31330415500000003;0.0;0.0;0.31162036043811436;0.0;0.0046923750085070305;0.15839686405178727;0.0;0.0;0.0;0.0;0.0;-0.16366070894768084
2416.0;10.002363971656175;-0.30705826700000005;0.0;0.0;0.268518979612323;0.0;0.005754375014396114;0.1694826038994471;0.027019746306680647;0.0;0.0;0.0;0.0;-0.16366070894739146
2417.0;55.05450615531871;-0.298698942;0.0033599999998932925;1.1632772883185398e-15;0.2064571479578576;0.0;0.005715000000090817;0.17672574064218535;0.0353159999998813;0.0;0.0;1.6797847512230134e-13;0.0;-0.1290033789804366
2418.0;55.05430148207005;-0.29097410300000004;0.0033599999998932973;1.1632785217456053e-15;0.14566198484493018;0.0;0.005509124999190791;0.18348713614835008;0.035315999999881297;0.0;0.0;1.6797865846688412e-13;0.0;-0.08245921731868092
2419.0;55.05409807430667;-0.280226007;0.0033599999998933016;1.163279836953212e-15;0.08081446999963468;0.0;0.005304375009290764;0.1882025430973174;0.035315999999881297;0.0;0.0;1.6797885396786827e-13;0.0;-0.03284037380003163
2420.0;158.8393203117778;-0.267542322;0.003359999999995407;2.4591394518372934e-15;0.03192896452961364;0.0;0.005623874991597291;0.1655549876369039;0.035315999999964175;7.086811996231559e-15;0.025869662461562793;3.671260193507817e-13;1.8274863153875835e-14;-1.371042106791949e-12
2421.0;158.83927778059936;-0.25991066399999996;0.0033599999999954075;2.4591416337692544e-15;0.008188817170665063;0.0;0.0053077499893472505;0.16219412680674983;0.035315999999964175;7.0868251446769466e-15;0.04566360597976449;3.671263660229002e-13;1.8274882104108686e-14;-1.3710411293651452e-12
2422.0;158.8391972836747;-0.257090598;0.0033599999999954075;2.459142071286204e-15;0.0031369847695496165;0.0;0.0048003749879971845;0.17317218435602197;0.035315999999964175;7.086827781182671e-15;0.037432299838276874;3.6712643553698755e-13;1.827488590397932e-14;-1.3710409333739014e-12
2423.0;158.8391998519419;-0.249658568;0.0033599999999954075;2.4591420804934857e-15;0.0030479225141506537;0.0;0.004215375004247108;0.17271311225781674;0.035315999999964175;7.086827836665164e-15;0.03113321419194783;3.6712643699980477e-13;1.827488598394442e-14;-1.3710409292493721e-12
2424.0;158.839259045701;-0.23411402;0.0033599999999954075;2.4591421155130534e-15;0.002909380304703218;0.0;0.004268250009397115;0.16296491486044323;0.035315999999964175;7.086828047695579e-15;0.02541774808531336;3.6712644256378346e-13;1.8274886288091622e-14;-1.3710409135618918e-12
2425.0;242.38847338849766;-0.230453323;0.003359999999996927;2.928376859151899e-14;0.002622400448981485;2.7199548703315617e-18;0.0014512499993974215;0.11424093258184316;0.03531599999997187;0.01586666666665693;0.05694072146365111;9.913435117779475e-12;0.002250833691801628;-1.83561108075764e-12
2426.0;240.9295856500571;-0.228580717;0.003359999999996901;2.5436319480682033e-14;0.0020434932960552957;2.7055160289081405e-18;0.001556999992047419;0.11339646749499278;0.035315999999971696;0.01586666666665656;0.05694072146364928;7.262916757538454e-12;0.002250833691519594;-1.8653581763705565e-12
2427.0;246.38471806584928;-0.22650655099999997;0.003359999999996997;4.993866719466894e-14;0.001613023789425799;2.7601885170026692e-18;0.0015817500045974837;0.1063290235772916;0.03531599999997235;0.015866666666657814;0.05694072146365582;0.002690859602382595;0.002250833692037772;-1.7592300643579446e-12
2428.0;246.38317480320737;-0.22476405800000002;0.003359999999996997;4.996580913810943e-14;0.001632815217082426;2.7602199308555817e-18;0.00147937500964747;0.10339889712558946;0.03531599999997235;0.015866666666657814;0.05694072146365583;0.004339364250549966;0.0022508336920378617;-1.7591738722503332e-12
2429.0;252.03313559262924;-0.22713666000000005;0.0033599999999970914;0.006361919858848598;0.0019395865004826728;2.819371316316607e-18;0.0014996249958475335;0.09690954580546117;0.035315999999973;0.015866666666658827;0.056940721463661824;0.005991999993025991;0.002250833692133695;-1.6616319755495581e-12
2430.0;301.03817259954064;-0.236475192;0.0033599999999977333;0.018992999999994268;0.00804037952440683;3.4526011753858002e-18;0.0014827499896979646;0.0883288655765366;0.035315999999977574;0.015866666666662737;0.05694072146369392;0.005991999999280548;0.0022508336922378797;-1.134115140528891e-12
2431.0;252.03333086833123;-0.25180087500000004;0.0033599999999970914;0.01330862781998251;0.037539912656021364;2.819369945399416e-18;0.0011283750017474854;0.07937412640865174;0.035315999999973;0.015866666666658827;0.05694072146366183;0.005991999993025834;0.002250833692133694;-1.6616340599043912e-12
2432.0;158.84258347047682;-0.26955475900000003;0.003359999999994277;3.018374229569503e-15;0.09762257440193395;0.0;0.0010080000072959082;0.07675004836846026;0.035315999999955994;8.684743515415568e-15;0.05590553087755061;4.5061381761808877e-13;2.2431095294694324e-14;-0.0004546845762360763
2433.0;158.84287198434586;-0.284923407;0.003359999999994277;3.018386198312156e-15;0.17112895822597893;0.0;0.0009393749893458992;0.0735648814007766;0.035315999999956;8.684815389294897e-15;0.015526209245051157;4.506157192437615e-13;2.2431199247202455e-14;-0.014951255457939273
2434.0;158.84319309630055;-0.29516329300000005;0.003359999999994277;3.0183969998318788e-15;0.22867333433683096;0.0;0.0008336250143458854;0.07675571487420908;0.035315999999956;8.684880254377576e-15;0.014408764559170477;4.506174354187462e-13;2.2431293062111348e-14;-0.06422220871484591
2435.0;158.84339046644266;-0.30405434300000006;0.003359999999994277;3.0184036393177296e-15;0.26403615837482525;0.0;0.0006311249934958591;0.07867134888233944;0.035315999999956;8.684920125941169e-15;0.014792499268928427;4.50618490318821e-13;2.2431350728377673e-14;-0.09279012740511086
2436.0;158.84346857459093;-0.309198383;0.003359999999994277;3.0184062017891736e-15;0.27927082184276086;0.0;0.0005152500077458441;0.08397618247857909;0.035315999999956;8.684935514193746e-15;0.014880647347883526;4.50618897451535e-13;2.2431372984360294e-14;-0.108157735036976
2437.0;158.84346460400252;-0.31005270700000004;0.003359999999994277;3.0184059335083082e-15;0.28112629408332873;0.0;0.00038812500024582746;0.09335032093700715;0.035315999999956;8.68493390309956e-15;0.014692225740781849;4.5061885482629766e-13;2.2431370654240976e-14;-0.11821782921672591
2438.0;158.84343508408602;-0.30919839400000004;0.003359999999994277;3.018404801812644e-15;0.2784791542112033;0.0;0.00034875000354582243;0.10275279607698666;0.035315999999956;8.684927106996572e-15;0.014463020401931119;4.506186750193079e-13;2.2431360825060552e-14;-0.12555935492545373
2439.0;158.8433012916586;-0.3048483430000001;0.003359999999994277;3.0184001567338195e-15;0.2572575005057425;0.0;0.00043087499464583307;0.11153184034419178;0.035315999999956;8.684899212240037e-15;0.014053190202960798;4.5061793699615085e-13;2.243132048090945e-14;-0.11713994568703577
2440.0;158.84310056272747;-0.298611244;0.003359999999994277;3.018393385410808e-15;0.22165222801668719;0.0;0.00045675000054583645;0.11089707542171791;0.035315999999956;8.684858549068638e-15;0.01365515011891277;4.5061686114958823e-13;2.243126166960867e-14;-0.08676562599616096
2441.0;158.84278718140058;-0.290725918;0.003359999999994277;3.018382794105679e-15;0.1664432724991573;0.0;0.0004387500010458341;0.11129380453646591;0.035315999999956;8.684794946523683e-15;0.013384547140788067;4.506151783742438e-13;2.2431169680523264e-14;-0.03955139634971944
2442.0;158.84247409217983;-0.28259533000000003;0.003359999999994277;3.018372221932484e-15;0.11111061986632002;0.0;0.00044887499414583535;0.11102176035043056;0.035315999999955994;8.684731459349421e-15;0.035503933557476865;4.506134986394602e-13;2.2431077857714087e-14;-0.01420804763496431
2443.0;215.1024988963791;-0.272685376;0.0033599999999963572;7.627176715883514e-15;0.05566911188857185;2.4712731992936246e-18;0.00042862500794693784;0.10835800950263023;0.035315999999968116;0.015866666666635776;0.056940721463600824;1.2625246426832377e-12;7.635025121786787e-14;-2.645512058380061e-12
2444.0;362.3758819792384;-0.264207166;0.0033599999999982524;0.018992999999997456;0.018089616377195646;4.702586318316523e-18;0.00034087501479819336;0.10647071321427491;0.0353159999999815;0.015866666666664246;0.056940721463712304;0.00599199999966206;0.002250833692252057;-8.232081219239865e-13
2445.0;411.2667223843636;-0.261365068;0.00335999999999854;0.018992999999998237;0.00490834219621455;6.276108807917266e-18;0.0003667500030484165;0.11505139344321072;0.03531599999998378;0.015866666666664815;0.05694072146372056;0.005991999999762867;0.0022508336922561446;-6.794752794347733e-13
2446.0;308.09588741767124;-0.257129298;0.003359999999997806;0.018992999999994993;0.003399224648304847;3.566307440011517e-18;0.00038249999819787284;0.1184632621689114;0.03531599999997811;0.015866666666663;0.05694072146369683;0.0059919999993634995;0.0022508336922408005;-1.085649142037104e-12
2447.0;252.03301093773737;-0.24922313400000004;0.0033599999999970914;0.007297695594787247;0.003285422415867201;2.819371246809678e-18;0.00032737500634738104;0.11789650673563525;0.035315999999973;0.015866666666658827;0.05694072146366183;0.005991999993025984;0.002250833692133695;-1.661632081227258e-12
2448.0;246.38490636874099;-0.240393931;0.0033599999999969965;4.98778181799174e-14;0.003280474974423297;2.7601179690299203e-18;0.0002925000006973154;0.11852560515235926;0.03531599999997235;0.015866666666657814;0.05694072146365582;0.003437808377406876;0.002250833692037571;-1.7593562767862834e-12
2449.0;48.30551639313869;-0.271392074;0.0;1.175660917264817e-15;0.0010291686408239657;0.0;0.013084874996139879;0.3150877932263453;0.03531599999985404;0.0;0.0;1.696015256957749e-13;0.0;-0.09300028605702147
2450.0;48.305552364638885;-0.26867763200000006;0.0;1.1756609300238154e-15;0.0005195323156406106;0.0;0.012927374991689859;0.30896116471905816;0.03531599999985404;0.0;0.0;1.6960152758864848e-13;0.0;-0.08892378639423157
2451.0;48.305544433208624;-0.266265792;0.0;1.1756609350184788e-15;0.00025729243692304386;0.0;0.012235500004289768;0.3101570206454547;0.03531599999985404;0.0;0.0;1.696015283296472e-13;0.0;-0.09157666299047798
2452.0;48.3055572346863;-0.26589374000000005;0.0;1.1756609358534596e-15;0.0002523444415181965;0.0;0.011477249985639667;0.3080486891048001;0.03531599999985404;0.0;0.0;1.696015284535175e-13;0.0;-0.08907822911903994
2453.0;48.305555504312046;-0.272863613;0.0;1.1756609345834314e-15;0.00025729243692304386;0.0;0.010392750006939528;0.30829806103862906;0.03531599999985404;0.0;0.0;1.6960152826510127e-13;0.0;-0.08127804976749026
2454.0;48.30555303293214;-0.289169907;0.0;1.1756609244614246e-15;0.0006135431204071839;0.0;0.008368875003589262;0.30876280171898685;0.03531599999985404;0.0;0.0;1.6960152676343242e-13;0.0;-0.06376878150068041
2455.0;48.30562717183053;-0.303562867;0.0;1.1756608203953736e-15;0.005818760609259083;0.0;0.00827437499738925;0.2987255585419279;0.03531599999985404;0.0;0.0;1.6960151132446817e-13;0.0;-0.044456483170377446
2456.0;48.3057886761832;-0.314959999;0.0;1.1756601363594162e-15;0.04045918839740095;0.0;0.00932962499013939;0.287492462553078;0.03531599999985404;0.0;0.0;1.696014098426936e-13;0.0;-0.05754232200829534
2457.0;48.30615963144737;-0.32658567800000005;0.0;1.175658583067227e-15;0.11901245662715651;0.0;0.009478124994839408;0.26116099521900965;0.035315999999854034;0.0;0.0;1.696011794003596e-13;0.0;-0.098333595555685
2458.0;48.306468536907005;-0.336671055;0.0;1.1756569650694856e-15;0.20426521590744287;0.0;0.009764999993489445;0.2504606483615216;0.03531599999985404;0.0;0.0;1.696009393584912e-13;0.0;-0.1631295578286019
2459.0;0.0022958167988760478;-0.34444212900000004;0.0;0.0;0.25822725695162896;0.0;0.009135017462374322;0.2407304985419727;0.0;0.0;0.0;0.0;0.0;-0.16366070894753157
2460.0;-3.213361547635087e-5;-0.3485873970000001;0.0;0.0;0.278716094289167;0.0;0.004253166714164038;0.22925040257625862;0.0;0.0;0.0;0.0;0.0;-0.16366070894753168
2461.0;-3.213490221251489e-5;-0.34515;0.0;0.0;0.2741728474242234;0.0;0.0062284564185044345;0.22838096280540762;0.0;0.0;0.0;0.0;0.0;-0.16366070894753168
2462.0;-3.2134264286140025e-5;-0.345345718;0.0;0.0;0.26552077269254853;0.0;0.007290409270248634;0.2361668026446704;0.0;0.0;0.0;0.0;0.0;-0.16366070894753168
2463.0;10.001828693693753;-0.341188391;0.0;0.0;0.24172596229760546;0.0;0.012547124997794529;0.24543352649449068;0.005248379931555133;0.0;0.0;0.0;0.0;-0.16366070894692458
2464.0;48.3065188486804;-0.332994055;0.0;1.175657162965278e-15;0.19119774451284116;0.0;0.012550499995539808;0.23416642420451217;0.03531599999985404;0.0;0.0;1.6960096871779363e-13;0.0;-0.1402325959512231
2465.0;48.30640641466152;-0.322498835;0.0;1.1756586116038474e-15;0.11837912263270302;0.0;0.012409875014889792;0.22033758685704902;0.03531599999985404;0.0;0.0;1.6960118363399923e-13;0.0;-0.06391543242133459
2466.0;113.94619236026134;-0.310168883;0.0033599999999915204;1.733396702262535e-15;0.048553994763604884;0.0;0.013325625002696719;0.20128893011092472;0.03531599999994626;3.683255908565351e-15;1.6423544521369156e-13;2.5347572203716325e-13;1.2210791041979765e-14;-2.1905238568232946e-12
2467.0;158.8390199707163;-0.30858706;0.003359999999995182;2.570441960632248e-15;0.010445070945430547;0.0;0.01354162501434817;0.20536957109924073;0.03531599999996255;7.405233181840476e-15;0.040694910395617456;3.837422611207614e-13;1.910204610168898e-14;-1.3726066938986898e-12
2468.0;158.83888086209967;-0.308094485;0.0033599999999951824;2.5704426631151813e-15;0.0026224004489567732;0.0;0.013856625005598209;0.2247356113449206;0.03531599999996255;7.405237412104328e-15;0.028356925139816868;3.837423727333271e-13;1.9102052202837468e-14;-1.372606409312887e-12
2469.0;126.62611916955441;-0.302296404;0.003359999999992991;1.908949817899716e-15;0.001751565998819851;0.0;0.013893749997947298;0.24186863408301562;0.03531599999995213;4.292853580594871e-15;2.288698881125595e-13;2.803520489271848e-13;1.3595954677604529e-14;-1.8703517502800784e-12
2470.0;48.30586101979602;-0.292759672;0.0;1.1756606874244746e-15;0.0014744815797070676;0.0;0.01347299999638993;0.2504549818557728;0.03531599999985404;0.0;0.0;1.696014915972704e-13;0.0;-0.007864658588141398
2471.0;48.30585351669563;-0.283683178;0.0;1.1756609244490048e-15;0.000979689794701019;0.0;0.013720499998339963;0.25914334541976736;0.03531599999985404;0.0;0.0;1.6960152676157126e-13;0.0;-0.02537855330082613
2472.0;48.305811529886164;-0.2748527170000001;0.0;1.1756609415422196e-15;0.0005145843202357634;0.0;0.013373999999139918;0.26619945321136634;0.03531599999985404;0.0;0.0;1.6960152929750022e-13;0.0;-0.040449861142307524
2473.0;19.856389542696974;-0.25631128100000006;0.0;0.0;8.411536664947496e-5;0.0;0.0067297500027582585;0.31252605816910933;0.035315999999159194;0.0;0.0;0.0;0.0;-0.09780964154227058
2474.0;19.856572497428296;-0.195455078;0.0;0.0;9.895824493849127e-5;0.0;0.005931000011708153;0.2828507336749406;0.035315999999159194;0.0;0.0;0.0;0.0;-0.1282213920987974
2475.0;19.85658840785813;-0.195300474;0.0;0.0;8.411536664947522e-5;0.0;0.00667462499325825;0.28022098705262344;0.035315999999159194;0.0;0.0;0.0;0.0;-0.1264763289502429
2476.0;19.856468677314044;-0.24516241100000002;0.0;0.0;8.411536664947503e-5;0.0;0.005869125006808146;0.29955868957855;0.035315999999159194;0.0;0.0;0.0;0.0;-0.09513695675006788
2477.0;19.856499292686426;-0.24364594;0.0;0.0;8.411536664947505e-5;0.0;0.005941125004808156;0.29452590016834573;0.035315999999159194;0.0;0.0;0.0;0.0;-0.0916951352823306
2478.0;19.85649450098313;-0.24499010899999998;0.0;0.0;0.00010390624034333881;0.0;0.005738625001608128;0.29531368981568934;0.035315999999159194;0.0;0.0;0.0;0.0;-0.09095566332159745
2479.0;19.85646741939983;-0.24913151900000002;0.0;0.0;0.0005343763009374314;0.0;0.006557624996508237;0.2999440836053967;0.035315999999159194;0.0;0.0;0.0;0.0;-0.09269200249009557
2480.0;19.856471654761364;-0.255435531;0.0;0.0;0.007095325142020797;0.0;0.007297874998008333;0.30212609321740996;0.035315999999159194;0.0;0.0;0.0;0.0;-0.09587291971474111
2481.0;19.85661649436108;-0.265901038;0.0;0.0;0.04701024235468247;0.0;0.008310374996358465;0.29597679349611833;0.03531599999915917;0.0;0.0;0.0;0.0;-0.12020565483553469
2482.0;19.85681130376813;-0.279479722;0.0;0.0;0.10619732911954508;0.0;0.009022500005258555;0.29168078583770163;0.03531599999915916;0.0;0.0;0.0;0.0;-0.1622578191387362
2483.0;9.82024781871608;-0.28848580999999995;0.0;0.0;0.15933310336721357;0.0;0.009075374992715123;0.2851347580391181;0.0;0.0;0.0;0.0;0.0;-0.1636607089343842
2484.0;-3.209975479572181e-5;-0.29359650600000003;0.0;0.0;0.18731511446696048;0.0;0.004623669770919343;0.2652899861766869;0.0;0.0;0.0;0.0;0.0;-0.16366070894279056
2485.0;-3.213084570911104e-5;-0.298573444;0.0;0.0;0.1921720763758709;0.0;0.0048976894188712565;0.265135944610583;0.0;0.0;0.0;0.0;0.0;-0.16366070894279056
2486.0;-3.2123295744688834e-5;-0.297045724;0.0;0.0;0.1711065744756082;0.0;0.006426390132749321;0.2831450253246479;0.0;0.0;0.0;0.0;0.0;-0.16366070894279056
2487.0;0.0006954932505141568;-0.292141575;0.0;0.0;0.1330212557920395;0.0;0.007111739847942849;0.31562136260061263;0.0;0.0;0.0;0.0;0.0;-0.16366070894279033
2488.0;14.575063221328026;-0.284217423;0.0;0.0;0.07806342443843782;0.0;0.011577375011493907;0.33340533576396364;0.03531599999823401;0.0;0.0;0.0;0.0;-0.16366070891815024
2489.0;19.856106280323196;-0.287320677;0.0;0.0;0.023527386325083825;0.0;0.012167999997308965;0.3698363882206036;0.03531599999915919;0.0;0.0;0.0;0.0;-0.15297373905753942
2490.0;19.855837369184695;-0.301464419;0.0;0.0;0.003978131800025261;0.0;0.012595499994259025;0.4053719656181764;0.03531599999915919;0.0;0.0;0.0;0.0;-0.15521782497786993
2491.0;9.995268017332657;-0.302688658;0.0;0.0;0.00016822907141854539;0.0;0.0128362500007667;0.43692325235029555;0.013797325813042051;0.0;0.0;0.0;0.0;-0.16366070893416468
2492.0;10.000029473864338;-0.30032736;0.0;0.0;0.00010885478845923665;0.0;0.012542625006717016;0.43697426024585756;0.01466675580638945;0.0;0.0;0.0;0.0;-0.16366070893409057
2493.0;10.000027485880063;-0.29506467200000003;0.0;0.0;9.895824368677197e-5;0.0;0.012636000001917029;0.4350586262377273;0.011235076024497324;0.0;0.0;0.0;0.0;-0.1636607089340906
2494.0;10.000038628352787;-0.288601114;0.0;0.0;8.906280683983893e-5;0.0;0.012313125004266989;0.43335835889972196;0.0068037048406403835;0.0;0.0;0.0;0.0;-0.1636607089340906
2495.0;10.00010396499018;-0.283549243;0.0;0.0;8.906280683983839e-5;0.0;0.012548250008767019;0.4219722381860023;0.012897290662262435;0.0;0.0;0.0;0.0;-0.1636607089340906
2496.0;10.000146714719028;-0.276930674;0.0;0.0;9.40108022446872e-5;0.0;0.012655124994767031;0.4150124796797664;0.013123239280361416;0.0;0.0;0.0;0.0;-0.16366070893409057
2497.0;1.1100966225326054e-6;-0.33794948000000014;0.0;0.0;7.008214550410141e-5;0.0;0.012179844286785986;0.48563827957715217;0.0;0.0;0.0;0.0;0.0;-0.1599387872904545
2498.0;1.0725815623002378e-6;-0.33495058400000005;0.0;0.0;6.424733522449051e-5;0.0;0.011987310428536143;0.4831853449027907;0.0;0.0;0.0;0.0;0.0;-0.16028637714947602
2499.0;1.07253938946206e-6;-0.33266811200000007;0.0;0.0;6.424664258494366e-5;0.0;0.012055377184135595;0.4807109037696701;0.0;0.0;0.0;0.0;0.0;-0.16016247407671724
2500.0;1.1104652125326541e-6;-0.3295202960000001;0.0;0.0;7.008822734403368e-5;0.0;0.011572643691818651;0.47892269583657343;0.0;0.0;0.0;0.0;0.0;-0.16104519306233872
2501.0;1.1107340229529878e-6;-0.330888976;0.0;0.0;7.009268502269259e-5;0.0;0.01113722617058806;0.48152312515043455;0.0;0.0;0.0;0.0;0.0;-0.16184152933143586
2502.0;1.1101312754551627e-6;-0.33653004000000003;0.0;0.0;7.008295293078056e-5;0.0;0.012097732161456288;0.48445029053479266;0.0;0.0;0.0;0.0;0.0;-0.1600881269340181
2503.0;1.2311581938964023e-6;-0.35124672;0.0;0.0;9.879050595591961e-5;0.0;0.011608485282431458;0.5005322972608052;0.0;0.0;0.0;0.0;0.0;-0.16099292363209639
2504.0;6.934421387823647e-7;-0.37017792800000004;0.0;0.0;0.00307770088675624;0.0;0.011587288743417704;0.5169575953892187;0.0;0.0;0.0;0.0;0.0;-0.16144469385178703
2505.0;6.880097063764216e-7;-0.3786837200000001;0.0;0.0;0.013111278780102969;0.0;0.009341577861644398;0.4923114054192378;0.0;0.0;0.0;0.0;0.0;-0.1360805816554806
2506.0;6.900400112365471e-7;-0.384928472;0.0;0.0;0.049400921014717714;0.0;0.009333969347670256;0.49548112581666776;0.0;0.0;0.0;0.0;0.0;-0.16928758379915063
2507.0;6.871049453588944e-7;-0.39204804000000004;0.0;0.0;0.08714562526346581;0.0;0.009484228575341832;0.4638261627911406;0.0;0.0;0.0;0.0;0.0;-0.16840801619657064
2508.0;6.869217843559406e-7;-0.39709060800000007;0.0;0.0;0.10520469057291963;0.0;0.009587940441110117;0.45058049011867046;0.0;0.0;0.0;0.0;0.0;-0.16828255269564113
2509.0;6.869115844114562e-7;-0.39756268800000005;0.0;0.0;0.11242408008326671;0.0;0.009657083481292439;0.44368036894629426;0.0;0.0;0.0;0.0;0.0;-0.16819888407404454
2510.0;6.869377441290893e-7;-0.39436768000000005;0.0;0.0;0.09902301224717089;0.0;0.0098148165131345;0.4535377702850222;0.0;0.0;0.0;0.0;0.0;-0.1680079586096436
2511.0;6.871655827002819e-7;-0.39075889600000013;0.0;0.0;0.08171607827569986;0.0;0.00949719388646429;0.46793791160646636;0.0;0.0;0.0;0.0;0.0;-0.16839232733658452
2512.0;7.081431925199189e-7;-0.38453295200000004;0.0;0.0;0.05062943583263317;0.0;0.009790541878152438;0.4868974662468733;0.0;0.0;0.0;0.0;0.0;-0.16278453446850638
2513.0;6.883786651568109e-7;-0.3816905360000001;0.0;0.0;0.014833219728756801;0.0;0.009458369354237568;0.4820208555398195;0.0;0.0;0.0;0.0;0.0;-0.12462194822869838
2514.0;8.497420749303885e-7;-0.383595512;0.0;0.0;0.004374293348207502;0.0;0.009372796081563462;0.4894531675016666;0.0;0.0;0.0;0.0;0.0;-0.11960478030142924
2515.0;7.077474837614044e-7;-0.384339976;0.0;0.0;0.00025802418678433565;0.0;0.008966496547901607;0.49410323083227853;0.0;0.0;0.0;0.0;0.0;-0.1189878148046853
2516.0;1.201748258236054e-6;-0.37906381600000005;0.0;0.0;9.2916624593728e-5;0.0;0.006670750555357985;0.4880259955767184;0.0;0.0;0.0;0.0;0.0;-0.11572591505603848
2517.0;1.1579025018924102e-6;-0.37005468;0.0;0.0;8.145270560812581e-5;0.0;0.006360338913187475;0.4786595444343534;0.0;0.0;0.0;0.0;0.0;-0.11504672097729748
2518.0;1.1596605962174252e-6;-0.35879273600000006;0.0;0.0;8.148330977012751e-5;0.0;0.006225168487901953;0.4765868396341703;0.0;0.0;0.0;0.0;0.0;-0.12410082048847443
2519.0;1.1602141885444691e-6;-0.34984220800000004;0.0;0.0;8.149390388407219e-5;0.0;0.00704552102249676;0.4699179812343883;0.0;0.0;0.0;0.0;0.0;-0.12720285326778136
2520.0;1.1611519179189183e-6;-0.34156584000000006;0.0;0.0;8.15107417086621e-5;0.0;0.00752760727143243;0.46605884971826866;0.0;0.0;0.0;0.0;0.0;-0.13210219291420455
2521.0;48.77316487953109;-0.30114932000000005;0.0;1.1509825169148912e-15;0.00010564676006615991;0.0;0.008272799998932509;0.2811493800761983;0.0313919999998433;0.0;0.0;1.6635952977491527e-13;0.0;-0.01959450764995604
2522.0;48.77310326771881;-0.2966380960000001;0.0;1.1509822260524848e-15;0.00010564676006615948;0.0;0.009852839995284744;0.28836416657634073;0.0313919999998433;0.0;0.0;1.6635948645781889e-13;0.0;-0.03290016729166936
2523.0;48.77301738015;-0.2971810400000001;0.0;1.1509818228502271e-15;0.0001118606205506047;0.0;0.0108853199920209;0.2986443627742749;0.031391999999843295;0.0;0.0;1.6635942641034838e-13;0.0;-0.04367554431859403
2524.0;48.772933662649024;-0.2984740880000001;0.0;1.1509814301953552e-15;0.00010564676006615826;0.0;0.011591640002053002;0.3087031039814974;0.031391999999843295;0.0;0.0;1.66359367933668e-13;0.0;-0.053140785102993575
2525.0;48.77289065249664;-0.30121800800000004;0.0;1.150981228594138e-15;9.943150805545868e-5;0.0;0.012208319999749096;0.31388399588708316;0.031391999999843295;0.0;0.0;1.6635933790993275e-13;0.0;-0.05618793341465724
2526.0;48.772774100866606;-0.3091364240000001;0.0;1.1509806823749576e-15;9.943150805545784e-5;0.0;0.012584160014725156;0.32792893439997645;0.0313919999998433;0.0;0.0;1.663592565634662e-13;0.0;-0.06268951369558355
2527.0;48.7726233737908;-0.32713293600000004;0.0;1.1509799762408983e-15;0.00014914726227291048;0.0;0.012610079997061156;0.34610576749403155;0.0313919999998433;0.0;0.0;1.6635915140143583e-13;0.0;-0.06294445655516587
2528.0;48.77251847848469;-0.34869842400000006;0.0;1.1509794828328631e-15;0.002759224010807657;0.0;0.012668400008149167;0.35799442945873666;0.031391999999843295;0.0;0.0;1.6635907791995764e-13;0.0;-0.05593535828576263
2529.0;48.77243470953285;-0.3598115120000001;0.0;1.1509790796208866e-15;0.014852580006617754;0.0;0.012662999989237164;0.36438750032052886;0.031391999999843295;0.0;0.0;1.6635901787106542e-13;0.0;-0.06330292081051077
2530.0;48.772377557051755;-0.36581712000000005;0.0;1.1509787865541379e-15;0.0433272759734341;0.0;0.012697560005221174;0.36254009413920313;0.031391999999843295;0.0;0.0;1.6635897422570758e-13;0.0;-0.08395921883494768
2531.0;48.77229236005076;-0.3699414480000001;0.0;1.1509783536149795e-15;0.08147168509190046;0.0;0.012686760001285172;0.3611181178532144;0.031391999999843295;0.0;0.0;1.6635890974964131e-13;0.0;-0.11654653969767922
2532.0;48.77218212812434;-0.3746082400000001;0.0;1.1509778091851122e-15;0.11298525523070276;0.0;0.012465359988373136;0.3647429938582504;0.0313919999998433;0.0;0.0;1.6635882866968201e-13;0.0;-0.14679653983579447
2533.0;48.77209495233081;-0.3743551280000001;0.0;1.15097738270858e-15;0.13288398394288994;0.0;0.01237680000354112;0.36911382565131273;0.031391999999843295;0.0;0.0;1.663587651560404e-13;0.0;-0.17123037784421483
2534.0;48.77207082854898;-0.370634896;0.0;1.1509772729694958e-15;0.1289502254992267;0.0;0.011984759999605063;0.37321075151989086;0.031391999999843295;0.0;0.0;1.663587488129936e-13;0.0;-0.17472151639073744
2535.0;48.7721117316927;-0.36624099200000004;0.0;1.150977482981712e-15;0.10850462349064754;0.0;0.01129896000382896;0.37457445124429617;0.031391999999843295;0.0;0.0;1.6635878008936464e-13;0.0;-0.1593476746066768
2536.0;48.77228366346576;-0.3593524560000001;0.0;1.1509783180682255e-15;0.07538772010439154;0.0;0.011281680004308958;0.36401452135896434;0.031391999999843295;0.0;0.0;1.663589044557888e-13;0.0;-0.12254273979985401
2537.0;48.77242152068525;-0.35457629600000007;0.0;1.1509789962220321e-15;0.039008219912763216;0.0;0.01175903999528503;0.35854806907061876;0.031391999999843295;0.0;0.0;1.6635900545079342e-13;0.0;-0.08595067211269874
2538.0;48.77257154759134;-0.3526362720000001;0.0;1.1509797233770509e-15;0.012230074145587862;0.0;0.011803320004645037;0.3487166106170215;0.031391999999843295;0.0;0.0;1.6635911374334051e-13;0.0;-0.05132596162421908
2539.0;48.772556093670744;-0.35333927200000004;0.0;1.1509796607074667e-15;0.0014355423156791295;0.0;0.011865959990197045;0.3539091591159854;0.031391999999843295;0.0;0.0;1.6635910441020996e-13;0.0;-0.04508334576033237
2540.0;48.772542074229165;-0.35028056;0.0;1.1509795957846938e-15;0.00034801027914272423;0.0;0.011568960000565003;0.3559139138284235;0.031391999999843295;0.0;0.0;1.6635909474147673e-13;0.0;-0.048762171526368046
2541.0;48.77246989167387;-0.3429384080000001;0.0;1.1509792571843887e-15;0.00019264915600591715;0.0;0.010836719991252894;0.3646147830741541;0.031391999999843295;0.0;0.0;1.6635904431499562e-13;0.0;-0.06391710965038754
2542.0;48.77237540476558;-0.3326559520000001;0.0;1.150978814069581e-15;0.00015536112275735454;0.0;0.009720000001092724;0.37597894530909587;0.031391999999843295;0.0;0.0;1.6635897832348278e-13;0.0;-0.08440908872711951
2543.0;48.77240606687852;-0.32288055200000004;0.0;1.1509789576581187e-15;0.00010564676006615448;0.0;0.008094600001764481;0.3722841350815469;0.031391999999843295;0.0;0.0;1.6635899970760088e-13;0.0;-0.08881477079763278
2544.0;48.77240350453499;-0.31355664800000005;0.0;1.150978945488027e-15;0.0001118606205506003;0.0;0.006805079999460289;0.37257552429477175;0.031391999999843295;0.0;0.0;1.6635899789514476e-13;0.0;-0.09714674243768855
2545.0;167.40597216836898;-0.288512368;0.0025199999999918348;4.045578363179337e-15;0.0033930997033340734;0.0;0.007159320006570874;0.18925118599419483;0.0313919999999356;1.2492420787452137e-14;0.054846641126529205;6.049886576084709e-13;3.292541094181682e-14;-3.1634949058182235e-12
2546.0;167.40600379548422;-0.28267756800000005;0.0025199999999918348;4.045579461874513e-15;0.0026473640858353967;0.0;0.007513559996730928;0.18566127656663964;0.0313919999999356;1.2492428366800654e-14;0.052993041993990034;6.049888327640691e-13;3.2925422386649e-14;-3.163493854333526e-12
2547.0;167.4060310033804;-0.280825696;0.0025199999999918343;4.045580409569343e-15;0.0020134883935036462;0.0;0.00740664000181891;0.18257255474964268;0.0313919999999356;1.2492434904475131e-14;0.05497051722130222;6.049889838469536e-13;3.292543225855847e-14;-3.163492947361417e-12
2548.0;167.40606065946437;-0.28035664800000004;0.0025199999999918343;4.0455814422123504e-15;0.0013361108074388874;0.0;0.007583760005370937;0.17917496256578327;0.0313919999999356;1.2492442028170723e-14;0.058399134134070156;6.049891484723357e-13;3.2925443015350865e-14;-3.1634919590929636e-12
2549.0;167.40603954286024;-0.2820842320000001;0.0025199999999918343;4.0455807141838544e-15;0.0005717308254343671;0.0;0.007449840000618917;0.18200143398412288;0.0313919999999356;1.249243700586043e-14;0.05819869427062815;6.049890324089696e-13;3.292543543165561e-14;-3.163492655836913e-12
2550.0;207.1108583000459;-0.289537368;0.0025199999999940465;6.412516095479782e-15;0.0004909436815407262;3.2058903902781425e-18;0.007233839989676073;0.18360407198800077;0.03139199999994863;6.729746064065275e-14;0.06399239080826566;9.974980383131834e-13;6.240990184060235e-14;-2.197472727732039e-12
2551.0;218.88742865752897;-0.30505629600000006;0.002519999999994503;7.761771818307505e-15;0.007252285559359328;3.3145199870228666e-18;0.006956280003740301;0.18245017172848488;0.031391999999951535;0.011899999999890365;0.06399239080834311;1.235697752136026e-12;8.503474549951184e-14;-2.019264246351497e-12
2552.0;167.4059293463055;-0.32300428000000003;0.0025199999999918343;4.045576579762083e-15;0.0499146130595598;0.0;0.006760799990106813;0.18021813426239655;0.0313919999999356;1.2492408484558203e-14;0.05224818607366751;6.049883732936731e-13;3.292539236438716e-14;-3.1634966126063626e-12
2553.0;88.5748513105211;-0.34031350400000004;0.002519999999973947;2.3345476816846184e-15;0.1502161371045425;0.0;0.006382800004837239;0.1731956639383038;0.03139199999987079;4.726802118051991e-15;1.7030450166356822e-13;3.396272196750727e-13;0.0;-0.023353328703705514
2554.0;88.5747033775464;-0.35149350400000007;0.0025199999999739467;2.334545732475056e-15;0.2567072728976441;0.0;0.006117119999509198;0.15792689201092835;0.03139199999987079;4.7267963112053164e-15;1.7030416546393896e-13;3.3962692559075486e-13;0.0;-0.10313071033594001
2555.0;88.57447510408107;-0.3556378800000001;0.0025199999999739467;2.3345429115026528e-15;0.34014272923786876;0.0;0.00586116000450116;0.15960529200021217;0.03139199999987079;4.7267879073176726e-15;1.703036789040238e-13;3.396264999804803e-13;0.0;-0.18384401286814137
2556.0;9.99992828230255;-0.3593681920000001;0.0;0.0;0.3943142534888272;0.0;0.006106319995481122;0.165252406004846;0.018994843261546133;0.0;0.0;0.0;0.0;-0.22527954414963455
2557.0;0.0007811676019847987;-0.36279392800000004;0.0;0.0;0.4157252603368393;0.0;0.0019543626483027746;0.17039974890450374;0.0;0.0;0.0;0.0;0.0;-0.2252795441499253
2558.0;0.0007807837161628288;-0.36168994400000004;0.0;0.0;0.4104847368711552;0.0;0.0013579815019396733;0.17513272551870382;0.0;0.0;0.0;0.0;0.0;-0.22527954414992526
2559.0;0.0011658659195107682;-0.355272048;0.0;0.0;0.38140822495492105;0.0;0.0060063580359029705;0.19315729181105523;0.0;0.0;0.0;0.0;0.0;-0.22527954414992526
2560.0;88.57423127388955;-0.34646746400000006;0.0025199999999739467;2.3345401179209644e-15;0.32161118411454315;0.0;0.006275879992981221;0.19381433503085824;0.03139199999987079;4.726779585039393e-15;1.703031970700441e-13;3.396260785028518e-13;0.0;-0.20910481693300942
2561.0;88.57453242335416;-0.3359792160000001;0.0025199999999739467;2.334543823481698e-15;0.22719476134427202;0.0;0.005892479988805166;0.18752616496905977;0.03139199999987079;4.726790624170584e-15;1.7030383620153746e-13;3.396266375740653e-13;0.0;-0.11850552235656407
2562.0;91.01771045847174;-0.328092608;0.0025199999999755618;2.3661503459752766e-15;0.11875228202420403;0.0;0.005708879989669458;0.17388334102964972;0.03139199999987476;4.821552560606713e-15;1.7585790299790976e-13;3.443976223133532e-13;0.0;-8.634947168963317e-11
2563.0;272.62370018910343;-0.323169344;0.002519999999995971;1.854933358548813e-13;0.03443437122078658;3.909268814400269e-18;0.006091200000237106;0.16362062918813758;0.03139199999996149;0.011899999999989815;0.06399239080847621;0.004493999985943439;0.0033762505382631414;-1.4833271300742472e-12
2564.0;456.47538633124043;-0.32510462400000006;0.0025199999999980585;0.018505999999997604;0.006910489140395128;8.196631510677538e-18;0.006159240004702648;0.16584683889131369;0.03139199999997743;0.011899999999997532;0.06399239080855737;0.004493999999678505;0.0033762505383803567;-7.903055595300076e-13
2565.0;424.35094206253973;-0.32127316000000006;0.002519999999997842;0.018505999999997087;0.003498746463891555;7.128921052347524e-18;0.00511595998708632;0.17053237094925175;0.03139199999997567;0.011899999999997158;0.06399239080855157;0.00449399999961178;0.003376250538377851;-8.59639946511435e-13
2566.0;308.01311381321045;-0.31410435200000003;0.002519999999996605;0.018505999999986852;0.0036354646140212554;4.417948297933748e-18;0.004492800010749304;0.17169792566703204;0.03139199999996609;0.011899999999993647;0.06399239080850837;0.004493999998468019;0.003376250538344968;-1.2660132428598965e-12
2567.0;274.98260440832905;-0.30528484800000005;0.0025199999999960198;0.006622177256163971;0.003635464614009181;3.939928277651423e-18;0.00390744001430081;0.17264785315702283;0.03139199999996184;0.011899999999990208;0.06399239080847902;0.004493999990899019;0.003376250538276277;-1.4664278148696654e-12
2568.0;268.291936871293;-0.2960049840000001;0.0025199999999958797;6.515555749125414e-14;0.0035546760785510603;3.854311092070901e-18;0.003097439990204596;0.1739824140668593;0.03139199999996084;0.011899999999989006;0.06399239080847074;0.0015759093309148603;0.0033762505382295867;-1.515298799894378e-12
2569.0;167.40620494424803;-0.21304589600000007;0.0025199999999951112;2.5313801834782618e-15;0.0026100767484191286;0.0;0.0037637999992286846;0.16139441841743515;0.03139199999995979;7.86804882681932e-15;0.011413920689470424;3.785580098783565e-13;2.0601227059257283e-14;-1.4629033633424343e-12
2570.0;167.4062919276143;-0.21005632800000004;0.002519999999995111;2.5313820727727658e-15;0.0014541852889225525;0.0;0.004057559991068728;0.15124826076651074;0.03139199999995979;7.868062059233234e-15;0.019432073826581117;3.785583110842341e-13;2.0601246738233022e-14;-1.4629024703602244e-12
2571.0;167.40635879199883;-0.207430856;0.0025199999999951112;2.5313835241057306e-15;0.0008078804840956567;0.0;0.0039711600104127154;0.1433749370571465;0.03139199999995979;7.868072224228792e-15;0.02541219000902882;3.785585424669174e-13;2.0601261855391694e-14;-1.462901784383685e-12
2572.0;167.40642381387207;-0.20490286400000005;0.0025199999999951112;2.53138493496849e-15;0.000298294525189103;0.0;0.004261679987516759;0.13568227293054838;0.03139199999995979;7.868082105788974e-15;0.030795498120354432;3.7855876739754016e-13;2.0601276551014602e-14;-1.4629011175373518e-12
2573.0;167.4063760432749;-0.20538847200000004;0.0025199999999951112;2.5313839001368167e-15;0.0002485787709716495;0.0;0.00460187999289281;0.14146342548377253;0.03139199999995979;7.868074857916932e-15;0.02520979171079576;3.785586024166772e-13;2.0601265772153287e-14;-1.4629016066520397e-12
2574.0;167.406373189502;-0.20700238400000007;0.0025199999999951112;2.531383812998408e-15;0.006531406775350385;0.0;0.00466559998900482;0.13988992629448244;0.03139199999995979;7.868074247605466e-15;0.02205057807562463;3.785585885243856e-13;2.0601264864513204e-14;-1.462901647838293e-12
2575.0;167.40627834814146;-0.211980128;0.0025199999999951112;2.5313842212520766e-15;0.03245195560833388;0.0;0.004481999989868792;0.13797841578865985;0.03139199999995979;7.868077106980628e-15;0.0032123707860414238;3.785586536113506e-13;2.060126911690656e-14;-1.462901454876288e-12
2576.0;48.79628443963621;-0.22390851200000003;0.0;1.2038123880023901e-15;0.09914563328101705;0.0;0.004280039997587332;0.13393976754905448;0.0313919999998362;0.0;0.0;1.739957785765624e-13;0.0;-0.044886884628341846
2577.0;48.796058593905016;-0.23921964800000006;0.0;1.2038112011478296e-15;0.18488665798398723;0.0;0.004026240006755295;0.1348255896470042;0.031391999999836204;0.0;0.0;1.7399560182179154e-13;0.0;-0.1159486070630881
2578.0;48.795864586282065;-0.25210976;0.0;1.2038101835104209e-15;0.2565021960202425;0.0;0.003690359992787244;0.13621260042306343;0.0313919999998362;0.0;0.0;1.7399545026803445e-13;0.0;-0.17572497040995508
2579.0;48.79572243667314;-0.260677752;0.0;1.2038094503086381e-15;0.29100492596833955;0.0;0.004019760011171293;0.14233759205573346;0.0313919999998362;0.0;0.0;1.7399534107448088e-13;0.0;-0.20811372377882187
2580.0;24.776348071091473;-0.26510647200000004;0.0;1.088236885105407e-15;0.3050558393512254;0.0;0.004052160006022395;0.14987290658344649;0.031391999999569584;0.0;0.0;0.0;0.0;-0.2252795441469066
2581.0;10.000142667595506;-0.26558354400000006;0.0;0.0;0.3143961858909416;0.0;0.0040402800084316645;0.16377215102283832;0.008674342948429172;0.0;0.0;0.0;0.0;-0.22527954414900445
2582.0;0.0007811710504963129;-0.2641038640000001;0.0;0.0;0.31346327145645986;0.0;0.0013933778400229495;0.17453267466822636;0.0;0.0;0.0;0.0;0.0;-0.22527954414967957
2583.0;0.0007818437986860518;-0.26160380000000005;0.0;0.0;0.2968860897668361;0.0;0.0019033165167813633;0.18810015900592217;0.0;0.0;0.0;0.0;0.0;-0.2252795441496796
2584.0;9.99994055469948;-0.25800934400000003;0.0;0.0;0.2621449330787399;0.0;0.0042649200021916975;0.20411784121198126;0.012783221443885948;0.0;0.0;0.0;0.0;-0.22527954414900445
2585.0;48.79540439302301;-0.25286252800000003;0.0;1.2038079751019655e-15;0.20370406991164872;0.0;0.004513320008051367;0.20772523499671455;0.0313919999998362;0.0;0.0;1.739951213763183e-13;0.0;-0.1945057814375866
2586.0;48.79549550433759;-0.24983883200000007;0.0;1.2038084858667834e-15;0.1362335824484217;0.0;0.0043167600008033385;0.21759748672315476;0.0313919999998362;0.0;0.0;1.7399519744302026e-13;0.0;-0.1397342346005858
2587.0;48.79569085880493;-0.24279947200000007;0.0;1.2038095089338523e-15;0.06552535779633895;0.0;0.0036892799991712437;0.21573842608355334;0.0313919999998362;0.0;0.0;1.7399534980537224e-13;0.0;-0.07357904916231961
2588.0;48.79586076481616;-0.24165263200000003;0.0;1.2038103897686185e-15;0.017164362925593698;0.0;0.004222799997059323;0.2103943568163906;0.0313919999998362;0.0;0.0;1.739954809854899e-13;0.0;-0.021554706209547362
2589.0;48.79590334724258;-0.240199432;0.0;1.203810619074555e-15;0.005474947519770799;0.0;0.0037162800090112477;0.2098989948336432;0.0313919999998362;0.0;0.0;1.739955151353313e-13;0.0;-0.010316621615534642
2590.0;48.79498861428498;-0.23865598400000004;0.0;1.2038093364011371e-15;0.004163694241374288;0.0;0.003653640006515238;0.20848867407348148;0.0313919999998362;0.0;0.0;1.7399532411055748e-13;0.0;-0.009014250839231448
2591.0;48.795885208421346;-0.23571561600000002;0.0;1.2038105237138933e-15;0.004169908797621863;0.0;0.003881519998067273;0.21162984468914825;0.0313919999998362;0.0;0.0;1.739955009335449e-13;0.0;-0.015391417904170635
2592.0;48.79589002814444;-0.23040110400000008;0.0;1.2038105454433383e-15;0.004163694241374289;0.0;0.004094279994275305;0.21087223337529487;0.0313919999998362;0.0;0.0;1.7399550416963056e-13;0.0;-0.020154915820651317
2593.0;167.40643743790613;-0.232711424;0.002519999999995518;2.3432684999054323e-15;0.0039026870538446394;0.0;0.0007603199958205228;0.14068250418582157;0.0313919999999628;7.289136171717946e-15;0.0535018135991416;3.5042753191531185e-13;1.9070239836523883e-14;-1.3542134618828386e-12
2594.0;167.40638130637217;-0.22740478400000003;0.002519999999995518;2.3432669532632774e-15;0.0034366015971448397;0.0;0.0007581600085885226;0.13985495971700657;0.0313919999999628;7.289125319888638e-15;0.049490182406053324;3.5042728533644186e-13;1.907022372675494e-14;-1.354214192939377e-12
2595.0;167.40638222242814;-0.22479240800000005;0.002519999999995518;2.343266973698738e-15;0.002883513048742152;0.0;0.0010778399997085704;0.13991323734614122;0.0313919999999628;7.28912546327038e-15;0.047052939620337915;3.504272885944478e-13;1.9070223939608544e-14;-1.3542141832801823e-12
2596.0;167.406378838;-0.22613362400000003;0.002519999999995518;2.343266907092675e-15;0.0025417180212306766;0.0;0.0018154800109886813;0.1404260815500777;0.0313919999999628;7.289124995938376e-15;0.047485494444209665;3.504272779755684e-13;1.9070223245846348e-14;-1.3542142147631934e-12
2597.0;167.40637780718984;-0.23128590400000004;0.002519999999995518;2.343266876570094e-15;0.005182866855240159;0.0;0.002028240007196713;0.1397442322216507;0.0313919999999628;7.289124781780992e-15;0.05046568151130861;3.5042727310936824e-13;1.9070222927921418e-14;-1.3542142291902572e-12
2598.0;167.40639927415592;-0.24420724800000004;0.002519999999995518;2.3432672370555463e-15;0.023975419862148205;0.0;0.002330639998796758;0.13141633980238196;0.0313919999999628;7.289127311082009e-15;0.052619533138485206;3.5042733058105e-13;1.9070226682726863e-14;-1.3542140587982889e-12
2599.0;167.4063868460465;-0.25644874400000006;0.002519999999995518;2.343266782260397e-15;0.07909775800223025;0.0;0.0027529199934208225;0.1160892902458718;0.0313919999999628;7.289124120068814e-15;0.024642701647535327;3.5042725807370624e-13;1.9070221945595973e-14;-1.3542142737680544e-12
2600.0;48.80002945905099;-0.2785763440000001;0.0;1.1143686420915072e-15;0.1741107698228507;0.0;0.0029483999901001234;0.10796537166352735;0.03139199999984841;0.0;0.0;1.6106806956276042e-13;0.0;-0.03786606984711032
2601.0;48.79977242679905;-0.295116288;0.0;1.1143673826197634e-15;0.28224873936561284;0.0;0.003138480001764151;0.10573333419746406;0.0313919999998484;0.0;0.0;1.6106788199275814e-13;0.0;-0.12742208666360794
2602.0;48.799478436028245;-0.3095067360000001;0.0;1.114365959740292e-15;0.3764165833647968;0.0;0.0032875200018601734;0.11146786464738048;0.0313919999998484;0.0;0.0;1.6106767008686958e-13;0.0;-0.21308262353265367
2603.0;0.0007815710496584457;-0.3201537840000001;0.0;0.0;0.4326484557567585;0.0;0.0021697112498786234;0.11062104381802547;0.0;0.0;0.0;0.0;0.0;-0.2252795441498321
2604.0;0.0007807464741730511;-0.322462328;0.0;0.0;0.4408942744958227;0.0;0.0013497602945317132;0.10550377928986612;0.0;0.0;0.0;0.0;0.0;-0.2252795441498321
2605.0;0.0007807468941755092;-0.320657456;0.0;0.0;0.4331282488420472;0.0;0.0013497766299016935;0.11146491678314874;0.0;0.0;0.0;0.0;0.0;-0.2252795441498321
2606.0;0.00078074764964058;-0.3194386800000001;0.0;0.0;0.41825598507371997;0.0;0.00134978929229232;0.12511839198709082;0.0;0.0;0.0;0.0;0.0;-0.2252795441498321
2607.0;0.0007799298625932006;-0.3156236400000001;0.0;0.0;0.3901468487016432;0.0;0.0015016518818895342;0.1492605850033774;0.0;0.0;0.0;0.0;0.0;-0.2252795441498321
2608.0;9.999997782990317;-0.3093384960000001;0.0;0.0;0.3372530016313295;0.0;0.0055242000138127105;0.17427380221156705;0.01758752177022609;0.0;0.0;0.0;0.0;-0.2252795441492083
2609.0;48.7991997255715;-0.30093489600000006;0.0;1.114364802826701e-15;0.25930492122942894;0.0;0.005486400000084502;0.18172169922906872;0.0313919999998484;0.0;0.0;1.6106749779062806e-13;0.0;-0.17699175414568646
2610.0;48.79933660446053;-0.293182064;0.0;1.1143654897014217e-15;0.18294774426529917;0.0;0.005288759999220474;0.18867423639810518;0.0313919999998484;0.0;0.0;1.6106760008515928e-13;0.0;-0.11514204300357386
2611.0;48.79950375641257;-0.28239661600000004;0.0;1.1143663181505478e-15;0.10150091670224647;0.0;0.005092200008916445;0.19352294581762325;0.0313919999998484;0.0;0.0;1.6106772346403318e-13;0.0;-0.049132675959244705
2612.0;167.40603687758855;-0.26965633600000005;0.002519999999995518;2.3432599084820495e-15;0.04010196650581961;0.0;0.005398919991933218;0.1702351539730939;0.0313919999999628;7.289075891253923e-15;0.02005717380635923;3.5042616219784397e-13;1.9070150348632318e-14;-1.3542175228428208e-12
2613.0;167.40614092022741;-0.261960432;0.002519999999995518;2.3432621063944897e-15;0.010284945870895153;0.0;0.0050954399897731725;0.16677928309254855;0.0313919999999628;7.289091312532333e-15;0.04593739659203419;3.5042651260762977e-13;1.9070173241976988e-14;-1.3542164839369553e-12
2614.0;167.4060634440868;-0.25909062400000005;0.002519999999995518;2.34326057614701e-15;0.003939972999803821;0.0;0.004608359988477099;0.17806768547716662;0.0313919999999628;7.289080575807953e-15;0.0386118577072904;3.504262686425988e-13;1.907015730299499e-14;-1.3542172072516003e-12
2615.0;167.4060676379362;-0.25157998400000003;0.002519999999995518;2.3432606606785174e-15;0.0038281130746368954;0.0;0.004046760004077016;0.17759563561362446;0.0313919999999628;7.289081168907762e-15;0.03224670095296346;3.5042628211928385e-13;1.907015818347059e-14;-1.354217167295468e-12
2616.0;167.4061511242284;-0.23591876000000003;0.002519999999995518;2.343262335776056e-15;0.003654107586994245;0.0;0.004097520009021024;0.16757186098388274;0.0313919999999628;7.289092921950347e-15;0.026731937618320774;3.5042654917749144e-13;1.9070175631207408e-14;-1.3542163755135327e-12
2617.0;256.97446390440405;-0.23218542400000003;0.0025199999999970584;1.7232025167795966e-14;0.0032936681949983855;2.8985662570435118e-18;0.0013931999994213377;0.11747047325902989;0.03139199999997095;0.011899999999990099;0.06399239080849731;3.844924728124114e-12;0.003376250538040607;-1.8126092005595734e-12
2618.0;253.72712294181406;-0.23029709600000003;0.002519999999997002;1.4595353357251558e-14;0.002566575550478206;2.865309184875984e-18;0.0014947199923653165;0.11660213551737136;0.031391999999970555;0.011899999999989292;0.06399239080849331;2.986710675714984e-12;0.0033762505375479713;-1.87180762325286e-12
2619.0;268.28868698343285;-0.228221488;0.0025199999999972406;4.6300953133317e-14;0.002025916810338478;3.0200856456607425e-18;0.0015184800044134776;0.10933489808345902;0.03139199999997223;0.011899999999992156;0.06399239080850921;0.0013984144011440173;0.0033762505382770387;-1.6347509755454725e-12
2620.0;269.375759373153;-0.226469104;0.0025199999999972575;5.5504585060244656e-14;0.002050774339565978;3.0325514016171985e-18;0.0014202000092614735;0.10632193825188864;0.031391999999972345;0.011899999999992314;0.06399239080851024;0.004493999961570877;0.0033762505382842482;-1.6192659492773038e-12
2621.0;274.98321220678395;-0.22885208000000007;0.0025199999999973403;0.006851242276742429;0.0024360712608121203;3.096955486401524e-18;0.0014396399960135322;0.09964913583780231;0.031391999999972935;0.011899999999993019;0.0639923908085151;0.004493999993527047;0.0033762505383102713;-1.5457139221602927e-12
2622.0;325.41808889147643;-0.23829289600000003;0.002519999999997935;0.018505999999993875;0.010098511966559934;3.818919937057901e-18;0.0014234399901099457;0.09082588357089606;0.03139199999997729;0.011899999999996181;0.06399239080854342;0.004493999999243694;0.0033762505383672704;-1.1056430249734699e-12
2623.0;274.98324881462946;-0.25377400000000006;0.0025199999999973403;0.005446638777079194;0.04714917449222991;3.096955788955319e-18;0.0010832400016774792;0.08161799788413533;0.031391999999972935;0.011899999999993019;0.0639923908085151;0.0044939999935270725;0.0033762505383102713;-1.545713599943769e-12
2624.0;167.4065846584862;-0.27165979200000007;0.002519999999994365;2.8761124317082346e-15;0.12261146788039413;0.0;0.0009676800070037373;0.07891973831741375;0.03139199999995428;8.92654907960412e-15;0.03529285236968744;4.301095684397548e-13;2.3406979952272236e-14;-3.6463537165190155e-11
2625.0;163.22092393504997;-0.28711081600000005;0.002519999999994135;2.7683332384819042e-15;0.21493361441728134;0.0;0.0009017999897716144;0.07564452808718389;0.031391999999953034;8.207602657564348e-15;2.278873434270167e-12;4.1296916564990006e-13;2.2295979979370525e-14;-0.03838989569223075
2626.0;163.22071198919423;-0.2973977840000001;0.002519999999994135;2.768328086601171e-15;0.2872078856750955;0.0;0.0008002800137715991;0.07892556501277391;0.031391999999953034;8.20756982004984e-15;2.2787602877973274e-12;4.1296834835668077e-13;2.2295927424453538e-14;-0.10355641925761715
2627.0;163.22058264277078;-0.30633818400000007;0.002519999999994135;2.768324944207152e-15;0.33162269229391916;0.0;0.0006058799937555699;0.08089535314773118;0.031391999999953034;8.207549790846314e-15;2.2786912793191096e-12;4.129678498481162e-13;2.229589536855847e-14;-0.14080603109946863
2628.0;163.2204885432362;-0.31150770400000005;0.002519999999994135;2.7683227139443466e-15;0.35075704171986494;0.0;0.0004946400074355533;0.08635015204535254;0.031391999999953034;8.207535575480107e-15;2.2786423041239467e-12;4.1296749603991056e-13;2.2295872617427473e-14;-0.16011408505624694
2629.0;163.22040236660965;-0.3123542160000001;0.002519999999994135;2.768320736163681e-15;0.3530874676118377;0.0;0.000372600000235535;0.09598929325525403;0.031391999999953034;8.207522969418824e-15;2.2785988749702027e-12;4.1296718228534113e-13;2.2295852441894565e-14;-0.17111456106774842
2630.0;163.22033030210153;-0.311485672;0.002519999999994135;2.7683191045141273e-15;0.349762727331279;0.0;0.0003348000034035294;0.10565757221217148;0.031391999999953034;8.207512569557287e-15;2.278563047548101e-12;4.129669234409853e-13;2.229583579728873e-14;-0.17828831256659183
2631.0;163.22032355407737;-0.30711118400000004;0.002519999999994135;2.768319067367942e-15;0.32310887060176574;0.0;0.00041363999485954125;0.11468479618105623;0.031391999999953034;8.207512332794608e-15;2.278562231914429e-12;4.1296691754809894e-13;2.229583541835277e-14;-0.165114546706869
2632.0;163.2204430441564;-0.3008344720000001;0.0025199999999941346;2.7683219879433115e-15;0.2783895549013897;0.0;0.00043848000052354496;0.11403208673474796;0.031391999999953034;8.207530948062932e-15;2.2786263620240148e-12;4.1296738086731457e-13;2.2295865211417723e-14;-0.12604418172344897
2633.0;163.22061625682758;-0.292915784;0.0025199999999941346;2.768326239555785e-15;0.20904851244664224;0.0;0.0004212000010035424;0.11444003120624198;0.031391999999953034;8.207558047221966e-15;2.278719725311192e-12;4.1296805534195915e-13;2.2295908582549035e-14;-0.0650125821533774
2634.0;163.22081161119482;-0.28477604;0.002519999999994135;2.7683310916634674e-15;0.13955210956452102;0.0;0.0004309199943795438;0.11416029645129286;0.031391999999953034;8.207588973965415e-15;2.2788262841676518e-12;4.1296882507906576e-13;2.2295958079430997e-14;-0.003385937563669249
2635.0;180.1831603291088;-0.274847088;0.002519999999994978;3.2656788283790534e-15;0.06991898714072911;0.0;0.00041148000762796774;0.11142124254421391;0.03139199999995775;1.2193185151828913e-14;0.06399239080785989;4.927775469987291e-13;2.7624685269012823e-14;-9.140313147371118e-12
2636.0;349.8880058620991;-0.266322608;0.0025199999999981518;0.018505999999995876;0.022720097590024035;4.2908475225962915e-18;0.00032724001420594037;0.10948059322385807;0.03139199999997895;0.01189999999999687;0.06399239080855154;0.004493999999471509;0.003376250538373884;-9.751105202643072e-13
2637.0;444.4711467747976;-0.263443984;0.0025199999999987355;0.018505999999998177;0.00616475282715163;7.396599609520067e-18;0.0003520800029263925;0.11830384549077919;0.03139199999998358;0.011899999999998155;0.06399239080856937;0.004493999999756707;0.0033762505383836674;-6.766526919734928e-13
2638.0;343.28029257382923;-0.25912722400000004;0.002519999999998097;0.018505999999995477;0.00426933961062625;4.1539529980011415e-18;0.0003671999982699058;0.12181216623753739;0.03139199999997853;0.01189999999999671;0.06399239080854957;0.004493999999424799;0.0033762505383724503;-1.0069184010773605e-12
2639.0;274.98302934952716;-0.25111379200000006;0.00251999999999734;0.006968938274213023;0.004126406904205539;3.0969535047146936e-18;0.0003142800060933637;0.12122938887863015;0.031391999999972935;0.011899999999993019;0.0639923908085151;0.004493999993526883;0.0033762505383102704;-1.5457160326376964e-12
2640.0;268.2871030209326;-0.242203928;0.002519999999997241;4.6378268496860983e-14;0.0041201930437191015;3.020210497912989e-18;0.0002808000006692918;0.12187627162957516;0.03139199999997223;0.011899999999992158;0.06399239080850923;0.0030360162565120337;0.003376250538277116;-1.6345936969385762e-12
2641.0;48.78499266730152;-0.273314512;0.0;1.1647306137692375e-15;0.0012926096092699072;0.0;0.012561479996293003;0.3239951858929729;0.03139199999984148;0.0;0.0;1.6834683333093254e-13;0.0;-0.09593094288838784
2642.0;48.78504654999536;-0.2705936160000001;0.0;1.1647308698606242e-15;0.0006525193606905841;0.0;0.01241027999202098;0.3176953603053475;0.03139199999984148;0.0;0.0;1.683468714698266e-13;0.0;-0.09156107513541334
2643.0;48.78503715248372;-0.26817169600000007;0.0;1.1647308255473915e-15;0.0003231527499111269;0.0;0.01174608000411688;0.31892502255029437;0.03139199999984148;0.0;0.0;1.6834686487037287e-13;0.0;-0.09421902303264443
2644.0;48.78505517010473;-0.26779312000000005;0.0;1.1647309110189686e-15;0.00031693819366355455;0.0;0.011018159986212769;0.3167570894087279;0.03139199999984148;0.0;0.0;1.6834687759939003e-13;0.0;-0.09169565200181588
2645.0;48.785053163124424;-0.27481894400000006;0.0;1.1647309016633055e-15;0.000323152749911127;0.0;0.009977040006660616;0.3170135109769204;0.03139199999984148;0.0;0.0;1.6834687620608184e-13;0.0;-0.08389132899294593
2646.0;48.78504843553139;-0.29122081600000005;0.0;1.1647308793050689e-15;0.0007705945378682088;0.0;0.008034120003444323;0.3174913896709274;0.03139199999984148;0.0;0.0;1.6834687287631798e-13;0.0;-0.066471827743857
2647.0;48.78511800391604;-0.30579129600000005;0.0;1.1647312040778919e-15;0.007308215173818658;0.0;0.007943399997492308;0.3071703980650475;0.03139199999984147;0.0;0.0;1.683469212437139e-13;0.0;-0.04802781735231016
2648.0;48.785102985422014;-0.317287912;0.0;1.1647310936982021e-15;0.050815710495759295;0.0;0.008956439990532462;0.29561974741687486;0.03139199999984148;0.0;0.0;1.6834690480520528e-13;0.0;-0.06950165881318456
2649.0;48.78507677117724;-0.32895866400000007;0.0;1.1647308812292837e-15;0.1494766153474936;0.0;0.009098999995044483;0.26854390113803145;0.03139199999984148;0.0;0.0;1.6834687316288436e-13;0.0;-0.1295598701575438
2650.0;48.784886592079864;-0.33906684000000004;0.0;1.16472987236161e-15;0.25655191038294645;0.0;0.009374399993748525;0.2575410602037245;0.03139199999984147;0.0;0.0;1.683467229155298e-13;0.0;-0.21580004077646664
2651.0;0.0007811064034583787;-0.34686335200000007;0.0;0.0;0.3235222251118624;0.0;0.005483662787315636;0.24314290704185545;0.0;0.0;0.0;0.0;0.0;-0.22527954414974571
2652.0;0.0007804701245896357;-0.35103093600000007;0.0;0.0;0.34371769594777024;0.0;0.001354801599158678;0.23124393190946968;0.0;0.0;0.0;0.0;0.0;-0.22527954414974571
2653.0;0.0007807206839672766;-0.34757200000000005;0.0;0.0;0.33962895452302283;0.0;0.002540772569180562;0.23068769996939154;0.0;0.0;0.0;0.0;0.0;-0.22527954414974571
2654.0;0.0007807203288453443;-0.34776518400000006;0.0;0.0;0.33138333556076005;0.0;0.0035603044783644668;0.2381069710331909;0.0;0.0;0.0;0.0;0.0;-0.22527954414974571
2655.0;6.016076113832073;-0.343571408;0.0;0.0;0.30360165405985023;0.0;0.012045239997833194;0.25237182382239076;0.0;0.0;0.0;0.0;0.0;-0.2252795441493926
2656.0;48.785075520806494;-0.33533384000000005;0.0;1.1647307930307217e-15;0.2401394990222286;0.0;0.012048479995716925;0.24078620553076088;0.03139199999984148;0.0;0.0;1.6834686002777322e-13;0.0;-0.18904076468647008
2657.0;48.78542710301535;-0.32481048;0.0;1.1647325434090922e-15;0.1486811639757775;0.0;0.011913480014292906;0.2265664330629122;0.03139199999984148;0.0;0.0;1.683471207059626e-13;0.0;-0.09375195430221615
2658.0;49.504340905116706;-0.312467704;0.0;1.16842901507851e-15;0.06098258118958941;0.0;0.012792600002581223;0.20697927920869863;0.03139199999984435;0.0;0.0;1.6889767738077655e-13;0.0;-1.8135339431999253e-10
2659.0;167.4057659358826;-0.31092828000000006;0.0025199999999952886;2.449310319482346e-15;0.013118743165522036;0.0;0.012999960013774198;0.2111752781145105;0.031391999999961104;7.615550959839075e-15;0.03977341370812414;3.6628507370883855e-13;1.99332561653024e-14;-1.4154063101051819e-12
2660.0;167.40562580308531;-0.31041068000000005;0.0025199999999952886;2.4493074200121485e-15;0.003293668194972081;0.0;0.013302360005374238;0.23108878775943273;0.031391999999961104;7.615530636704511e-15;0.028866072727430674;3.662846114522398e-13;1.9933225964479408e-14;-1.415407680400694e-12
2661.0;124.88041718608882;-0.30451655200000005;0.002519999999992271;1.7544511915374778e-15;0.002199922297913048;0.0;0.013337999998028968;0.24870615347867026;0.03139199999994659;4.020599827836734e-15;1.9080112438724415e-13;2.5754357213585055e-13;1.3227997995192876e-14;-2.10876881553155e-12
2662.0;48.78555119669721;-0.2948551360000001;0.0;1.1647332725933137e-15;0.0018519113223939186;0.0;0.012934079996533059;0.25753523350836244;0.03139199999984148;0.0;0.0;1.6834722930102515e-13;0.0;-0.00886591572987575
2663.0;48.78547218489294;-0.28567466399999997;0.0;1.164732890475301e-15;0.0012304654383204388;0.0;0.013171679998405097;0.2664692132706317;0.03139199999984148;0.0;0.0;1.6834717239342885e-13;0.0;-0.026596065670975506
2664.0;48.78541225692272;-0.27679309600000007;0.0;1.1647326052940816e-15;0.0006463048044430144;0.0;0.012839039999173045;0.2737247941111684;0.03139199999984148;0.0;0.0;1.6834712992233144e-13;0.0;-0.04181601832799723
2665.0;9.996620053706543;-0.25813772800000007;0.0;0.0;0.00010564675766953707;0.0;0.0064605600025958235;0.32136103171695096;0.0094169262382515;0.0;0.0;0.0;0.0;-0.07918587704816608
2666.0;9.996763304441604;-0.19690686400000001;0.0;0.0;0.00012428903488604607;0.0;0.005693760011187709;0.29084679891385384;0.009260046598298644;0.0;0.0;0.0;0.0;-0.10899732960980457
2667.0;9.996776033846082;-0.19674271200000001;0.0;0.0;0.00010564675766958212;0.0;0.006407639993475814;0.28814271051669704;0.009239415599151346;0.0;0.0;0.0;0.0;-0.10713198580791376
2668.0;9.99668267378279;-0.24694216800000007;0.0;0.0;0.00010564675766955516;0.0;0.0056343600064837004;0.30802708134705187;0.00934633010213408;0.0;0.0;0.0;0.0;-0.07615062855315449
2669.0;9.996706979790575;-0.24541372;0.0;0.0;0.00010564675766956217;0.0;0.005703480004563711;0.30285201720437965;0.00930842336431459;0.0;0.0;0.0;0.0;-0.07253520160800511
2670.0;9.996703129998972;-0.24676859200000004;0.0;0.0;0.00013050359113360235;0.0;0.0055090800014916804;0.30366207731690303;0.00932436461958942;0.0;0.0;0.0;0.0;-0.07183679334941338
2671.0;9.996679802841511;-0.25094367200000006;0.0;0.0;0.0006711630270411569;0.0;0.0062953199965957995;0.308423370292719;0.009358619937082731;0.0;0.0;0.0;0.0;-0.07378422083959564
2672.0;9.996654512344616;-0.25731272800000005;0.0;0.0;0.008911547723117032;0.0;0.007005959998035906;0.3106670643521606;0.00957801560060752;0.0;0.0;0.0;0.0;-0.07882986280191588
2673.0;9.99659445922899;-0.26784534400000004;0.0;0.0;0.05904366746847409;0.0;0.00797795999645205;0.3043439266453299;0.010755124956561233;0.0;0.0;0.0;0.0;-0.11425879531836539
2674.0;9.996482113847224;-0.281505536;0.0;0.0;0.13338114148266775;0.0;0.00866160000499615;0.2999264727489597;0.012514725381729179;0.0;0.0;0.0;0.0;-0.17296701274691947
2675.0;9.996376060200683;-0.29055928;0.0;0.0;0.20011832104936486;0.0;0.008712359992996157;0.2931953916381863;0.009585000709079038;0.0;0.0;0.0;0.0;-0.22104603090856195
2676.0;0.0007817431402986495;-0.29569752800000004;0.0;0.0;0.23558162576890607;0.0;0.0021159531920539663;0.28328536340551225;0.0;0.0;0.0;0.0;0.0;-0.225279544137362
2677.0;0.0007809651714465394;-0.3007000720000001;0.0;0.0;0.2422945735968415;0.0;0.0013572226887623117;0.28233376992298365;0.0;0.0;0.0;0.0;0.0;-0.225279544137362
2678.0;0.0007807325660264985;-0.29916871200000006;0.0;0.0;0.2150968820705139;0.0;0.002747791336119813;0.306609464821396;0.0;0.0;0.0;0.0;0.0;-0.225279544137362
2679.0;9.994724796142176;-0.2942386;0.0;0.0;0.16708220550280092;0.0;0.011482560002884565;0.33824992600447557;0.0;0.0;0.0;0.0;0.0;-0.2224891191054099
2680.0;9.996343870257922;-0.28626522400000004;0.0;0.0;0.09804567352113218;0.0;0.011114280010996517;0.34283055726242284;0.01189791206033604;0.0;0.0;0.0;0.0;-0.1776095496049949
2681.0;9.996290572616775;-0.28939657600000007;0.0;0.0;0.029549798192318316;0.0;0.011681279997364602;0.3802914994716429;0.010459476563049073;0.0;0.0;0.0;0.0;-0.14256723986671685
2682.0;9.996162920393074;-0.303653872;0.0;0.0;0.004996432252433211;0.0;0.012091679994436668;0.416831651937881;0.010064026531817304;0.0;0.0;0.0;0.0;-0.14031014240251055
2683.0;9.996019108886824;-0.30488790400000004;0.0;0.0;0.0002112914308256032;0.0;0.012322800000724695;0.4492748796030925;0.010138086109700744;0.0;0.0;0.0;0.0;-0.16703919447121354
2684.0;9.996018994693074;-0.30249568;0.0;0.0;0.0001367188431441051;0.0;0.012040920006436653;0.44932732946931364;0.010133262001576635;0.0;0.0;0.0;0.0;-0.16912258662649046
2685.0;9.99602826388513;-0.29718813600000005;0.0;0.0;0.00012428903488583383;0.0;0.012130560001828668;0.4473575413343565;0.01012444528271711;0.0;0.0;0.0;0.0;-0.17252872581143347
2686.0;9.996036492210676;-0.290661032;0.0;0.0;0.0001118606181538156;0.0;0.011820600004084622;0.44560920819011096;0.010112095024658678;0.0;0.0;0.0;0.0;-0.17697274880622327
2687.0;9.996091479775489;-0.28556638400000006;0.0;0.0;0.00011186061815383148;0.0;0.012046320008404658;0.43390120687572326;0.010047596090312676;0.0;0.0;0.0;0.0;-0.17052056218734302
2688.0;9.996125078976904;-0.27890631200000005;0.0;0.0;0.00011807517440141484;0.0;0.01214891999496467;0.4267446990722669;0.01000657347297413;0.0;0.0;0.0;0.0;-0.1700918855345923
2689.0;5.5473830861695416e-6;-0.34036175;0.0;0.0;9.173420733308682e-5;0.0;0.011505572490920815;0.5025958549407997;0.0;0.0;0.0;0.0;0.0;-0.17383187054654808
2690.0;5.496848802601819e-6;-0.3373424;0.0;0.0;8.523422865166037e-5;0.0;0.011320398444641154;0.5051432359867183;0.0;0.0;0.0;0.0;0.0;-0.17920692505764768
2691.0;5.496838713190434e-6;-0.33504432500000003;0.0;0.0;8.523427318470479e-5;0.0;0.011385464141015256;0.5038728907699163;0.0;0.0;0.0;0.0;0.0;-0.18029972058103558
2692.0;5.547369351293429e-6;-0.33187735000000007;0.0;0.0;9.173438180525896e-5;0.0;0.010923187357775662;0.49972962419914935;0.0;0.0;0.0;0.0;0.0;-0.17886765484238476
2693.0;5.547353345076367e-6;-0.3332566;0.0;0.0;9.173451085510576e-5;0.0;0.010505542158943965;0.5051111374898585;0.0;0.0;0.0;0.0;0.0;-0.1824522730603555
2694.0;5.547323406735609e-6;-0.338933;0.0;0.0;9.173450036422272e-5;0.0;0.011425881158754536;0.5090564876502804;0.0;0.0;0.0;0.0;0.0;-0.18164156221160865
2695.0;5.660993149156447e-6;-0.353762625;0.0;0.0;0.00012432814199206746;0.0;0.010957135857053187;0.5235203832347535;0.0;0.0;0.0;0.0;0.0;-0.18083968091032626
2696.0;3.1625005319394304e-6;-0.3728743;0.0;0.0;0.0033643747333618056;0.0;0.010980208223808139;0.5091417818408058;0.0;0.0;0.0;0.0;0.0;-0.15061240369297582
2697.0;3.1526582524761097e-6;-0.38150150000000005;0.0;0.0;0.01934254741260418;0.0;0.008821416114017613;0.4962300763745574;0.0;0.0;0.0;0.0;0.0;-0.14289287885670926
2698.0;3.146886405866379e-6;-0.38778432500000004;0.0;0.0;0.052817499811049;0.0;0.008816278345467188;0.4934940975053924;0.0;0.0;0.0;0.0;0.0;-0.16734388941456155
2699.0;3.1452767530905208e-6;-0.394908625;0.0;0.0;0.09411511853817935;0.0;0.008957640397537511;0.4838344928812767;0.0;0.0;0.0;0.0;0.0;-0.1919989654995062
2700.0;3.145113882464264e-6;-0.39996292499999997;0.0;0.0;0.1174408995203463;0.0;0.0090570361243824;0.46530016444272365;0.0;0.0;0.0;0.0;0.0;-0.19183551376574476
2701.0;3.145080773829144e-6;-0.40042055;0.0;0.0;0.12237535767016648;0.0;0.00912330051672284;0.4606480822540302;0.0;0.0;0.0;0.0;0.0;-0.19172652911856095
2702.0;3.1451486496524127e-6;-0.397187875;0.0;0.0;0.11185937360874534;0.0;0.009274467160939123;0.4675315741911296;0.0;0.0;0.0;0.0;0.0;-0.19147787864118515
2703.0;3.1454123508953796e-6;-0.3935609750000001;0.0;0.0;0.09055390165558883;0.0;0.008970066278581785;0.4860151938839786;0.0;0.0;0.0;0.0;0.0;-0.19197852550496158
2704.0;3.1465232466735666e-6;-0.38730645;0.0;0.0;0.050487284707285994;0.0;0.00908870574106967;0.48054986106434605;0.0;0.0;0.0;0.0;0.0;-0.15281974026307027
2705.0;3.1502495876207904e-6;-0.384471475;0.0;0.0;0.01979556527862577;0.0;0.008933621729290889;0.4801219990874813;0.0;0.0;0.0;0.0;0.0;-0.12438004998169218
2706.0;3.1742126868095264e-6;-0.386435825;0.0;0.0;0.004805425934882206;0.0;0.008854480431350648;0.4889877327992037;0.0;0.0;0.0;0.0;0.0;-0.11621215326813804
2707.0;6.509895924978422e-6;-0.38719760000000003;0.0;0.0;0.00038160485118495717;0.0;0.008402782687158612;0.49338980052929626;0.0;0.0;0.0;0.0;0.0;-0.11497712306815652
2708.0;5.657473613767345e-6;-0.38187597500000003;0.0;0.0;0.00011779227457807458;0.0;0.006225815721469681;0.4861159682681169;0.0;0.0;0.0;0.0;0.0;-0.11058406386954482
2709.0;5.6226034943555585e-6;-0.372762875;0.0;0.0;0.00010474975777934854;0.0;0.005928408637296046;0.4766197539420757;0.0;0.0;0.0;0.0;0.0;-0.10989049959858538
2710.0;5.622579071953184e-6;-0.36137610000000003;0.0;0.0;0.00010475004566288227;0.0;0.005799024565233403;0.4744822586121079;0.0;0.0;0.0;0.0;0.0;-0.11901039548053521
2711.0;5.622486538532263e-6;-0.352334425;0.0;0.0;0.00010475021961846606;0.0;0.006585283839232262;0.46830735045424454;0.0;0.0;0.0;0.0;0.0;-0.12266342177136492
2712.0;5.622424084400321e-6;-0.34399050000000003;0.0;0.0;0.00010475041986740018;0.0;0.007047386629742205;0.46512711113043986;0.0;0.0;0.0;0.0;0.0;-0.12828921043719274
2713.0;49.38210223557174;-0.30342337500000005;0.0;1.1417134570105954e-15;0.00012001049285186656;0.0;0.007928099998975533;0.2902845542340978;0.027467999999830347;0.0;0.0;1.6534078480529621e-13;0.0;-0.022310242548367998
2714.0;49.38215484579135;-0.29888385;0.0;1.14171370984617e-15;0.00012001049285186702;0.0;0.009442304995479794;0.29773376533504536;0.027467999999830343;0.0;0.0;1.6534082260579585e-13;0.0;-0.03581313619095315
2715.0;49.3822283134908;-0.29945362500000006;0.0;1.1417140592294338e-15;0.00012706918976474396;0.0;0.010431764992351966;0.3083479881725552;0.027467999999830343;0.0;0.0;1.6534087484080396e-13;0.0;-0.04685410071177737
2716.0;49.38230023802166;-0.30076792500000005;0.0;1.1417144005698504e-15;0.0001200104928518683;0.0;0.011108655001966079;0.3187335604498388;0.027467999999830347;0.0;0.0;1.6534092587340166e-13;0.0;-0.056595214139168876
2717.0;49.382337271543776;-0.303537675;0.0;1.1417145760892056e-15;0.00011295021522083916;0.0;0.011699639999758182;0.32408279115751626;0.027467999999830347;0.0;0.0;1.6534095211462092e-13;0.0;-0.05975862860904641
2718.0;49.38243726479408;-0.311493275;0.0;1.1417150499873349e-15;0.00011295021522084003;0.0;0.012059820014110247;0.33858408123454126;0.027467999999830343;0.0;0.0;1.6534102296543212e-13;0.0;-0.06666452399181128
2719.0;49.382565505459844;-0.3296246;0.0;1.1417156577487731e-15;0.00016942532303738743;0.0;0.012084659997182248;0.3573515204181722;0.027467999999830347;0.0;0.0;1.653411138295939e-13;0.0;-0.0673819875964067
2720.0;49.382597169685035;-0.35136940000000005;0.0;1.141715831209946e-15;0.003134368088226522;0.0;0.01214055000780826;0.3696264716840406;0.027467999999830347;0.0;0.0;1.6534113976315367e-13;0.0;-0.060932663236281145
2721.0;49.382398453168754;-0.36260370000000003;0.0;1.1417150013174443e-15;0.01687193668147298;0.0;0.012135374989684257;0.3762272677619101;0.027467999999830343;0.0;0.0;1.6534101568895692e-13;0.0;-0.07002997595509783
2722.0;49.381810306138085;-0.368664125;0.0;1.1417124775541807e-15;0.04921805211473277;0.0;0.012168495005002266;0.37431983520883055;0.027467999999830343;0.0;0.0;1.653406383703654e-13;0.0;-0.09443760704346824
2723.0;49.3810298086628;-0.37278667500000007;0.0;1.1417091314003436e-15;0.09254857483277217;0.0;0.012158145001230265;0.3728516557229009;0.02746799999983034;0.0;0.0;1.6534013809928575e-13;0.0;-0.13216203870790136
2724.0;49.38041912292048;-0.37745587500000005;0.0;1.1417065286036933e-15;0.12834672974939504;0.0;0.011945969988856223;0.3765943120822733;0.027467999999830336;0.0;0.0;1.6533974896480693e-13;0.0;-0.16681734504957185
2725.0;49.38004843713162;-0.37717330000000004;0.0;1.1417049561180765e-15;0.15095088947948018;0.0;0.011861100003392208;0.38110716200688455;0.027467999999830336;0.0;0.0;1.6533951386836706e-13;0.0;-0.19412945077955007
2726.0;49.38015708835326;-0.373414225;0.0;1.1417054347567423e-15;0.14648229726506018;0.0;0.011485394999620145;0.38533720618897765;0.027467999999830336;0.0;0.0;1.653395854278394e-13;0.0;-0.19727479490798558
2727.0;49.38057966787678;-0.368992825;0.0;1.1417072481848649e-15;0.12325691134899307;0.0;0.010828170003668031;0.38674521557708613;0.02746799999983034;0.0;0.0;1.6533985654670247e-13;0.0;-0.17922428337432508
2728.0;49.3811733674354;-0.36206385;0.0;1.1417097556702046e-15;0.08563743400769674;0.0;0.010811610004128029;0.3758421698770522;0.027467999999830343;0.0;0.0;1.6534023143152183e-13;0.0;-0.13761850300059636
2729.0;49.38186920370493;-0.35727897500000005;0.0;1.1417127169917922e-15;0.044311777221965214;0.0;0.011269079995480108;0.3701981002890831;0.027467999999830343;0.0;0.0;1.6534067416779548e-13;0.0;-0.09589588776496083
2730.0;49.3823397726435;-0.35537645;0.0;1.1417146987389515e-15;0.013892874941739939;0.0;0.011311515004450115;0.3600471956920317;0.027467999999830347;0.0;0.0;1.653409704515349e-13;0.0;-0.057274552044365545
2731.0;49.38259457721032;-0.356104825;0.0;1.141715805997169e-15;0.0016307186389956346;0.0;0.011371544990604127;0.36540846174195935;0.027467999999830347;0.0;0.0;1.6534113599366577e-13;0.0;-0.049706752079937626
2732.0;49.38263091059055;-0.353010875;0.0;1.141715968405959e-15;0.00039532575430357276;0.0;0.011086920000540079;0.36747835543296137;0.027467999999830347;0.0;0.0;1.6534116027482886e-13;0.0;-0.05335071959452136
2733.0;49.382696246869386;-0.34557780000000005;0.0;1.1417162773343402e-15;0.00021884173394105854;0.0;0.010385189991615959;0.37646193544214235;0.027467999999830347;0.0;0.0;1.653412064615699e-13;0.0;-0.06888918426486819
2734.0;49.382778082900266;-0.33518970000000003;0.0;1.1417166653352861e-15;0.00017648401995026556;0.0;0.009315000001045771;0.38819534480523643;0.027467999999830347;0.0;0.0;1.6534126447019528e-13;0.0;-0.08989816265945383
2735.0;49.38275286520025;-0.325330825;0.0;1.141716545598242e-15;0.00012001049285187223;0.0;0.007757325001689505;0.3843804819035541;0.027467999999830347;0.0;0.0;1.653412465687402e-13;0.0;-0.0943280220018282
2736.0;49.382754893457616;-0.315926925;0.0;1.1417165554936879e-15;0.00012706918976474854;0.0;0.006521534999481293;0.3846813390060905;0.027467999999830347;0.0;0.0;1.6534124804817858e-13;0.0;-0.10280404361284248
2737.0;176.83246971918265;-0.2906073;0.0016799999999923634;3.879513952596456e-15;0.003854425515517538;0.0;0.006861015006296728;0.1954003816395113;0.027467999999933233;1.2711745416802307e-14;0.05538014826343066;5.812352345216608e-13;3.428313064732554e-14;-2.7726973028279077e-12
2738.0;176.83245926325205;-0.28472192500000004;0.0016799999999923634;3.879513563441047e-15;0.0030072996886284223;0.0;0.007200494996866786;0.19169382800017457;0.027467999999933233;1.2711742415691686e-14;0.053708883302714235;5.812351722507805e-13;3.428312586806983e-14;-2.7726975967348987e-12
2739.0;176.83245011040478;-0.282856725;0.0016799999999923636;3.8795132239840765e-15;0.0022872422615572287;0.0;0.0070980300017427665;0.18850474668134995;0.027467999999933233;1.2711739797850032e-14;0.055855211120344486;5.812351179324146e-13;3.428312169915709e-14;-2.7726978531075355e-12
2740.0;176.8324396412707;-0.282392675;0.0016799999999923636;3.879512838746365e-15;0.0015177684235823641;0.0;0.007267770005146797;0.18499675910444824;0.027467999999933233;1.2711736826951698e-14;0.05949880168588692;5.812350562883304e-13;3.42831169680071e-14;-2.772698144056322e-12
2741.0;176.83247518085267;-0.28413207500000004;0.0016799999999923634;3.879513953019386e-15;0.0006494633445183138;0.0;0.007139430000592774;0.1879150689207665;0.027467999999933233;1.2711745420064985e-14;0.05931643046897878;5.812352345894896e-13;3.428313065252773e-14;-2.772697302508409e-12
2742.0;176.83246969814996;-0.291636675;0.0016799999999923634;3.879514616642956e-15;0.0005576923810601567;0.0;0.006932429990104738;0.18956978022911913;0.027467999999933233;1.2711750537837089e-14;0.06546741891117948;5.812353407796279e-13;3.428313880255736e-14;-2.7726968013114042e-12
2743.0;226.67398876750974;-0.30731097500000004;0.0016799999999948776;6.508495654934224e-15;0.008238306253793662;3.485975973878289e-18;0.006666435003584112;0.18837838716124924;0.02746799999994866;0.0033159120678574287;0.07114980045109966;1.0222470780427572e-12;7.815774464117427e-14;-1.9544597896721585e-12
2744.0;176.83146552415843;-0.325447875;0.0016799999999923634;3.879484042936042e-15;0.05670100350546543;0.0;0.00647909999051866;0.18607382578999082;0.027467999999933237;1.271151476007182e-14;0.04708872546632476;5.812304485094373e-13;3.4282763324546106e-14;-2.7727198922712027e-12
2745.0;72.74268690870406;-0.342863275;0.0016799999999515755;2.104260859729545e-15;0.17063952206486532;0.0;0.00611685000463136;0.17882317964908126;0.027467999999822;0.0;0.0;3.0574429107337614e-13;0.0;-0.0416687882015607
2746.0;72.74042884163487;-0.3540669;0.001679999999951571;2.1042411204392175e-15;0.29160919194288;0.0;0.005862239999525314;0.16305829106409053;0.027467999999821992;0.0;0.0;3.057413203463851e-13;0.0;-0.13540125627629016
2747.0;72.73875747537552;-0.35821325000000004;0.0016799999999515675;2.10422660141157e-15;0.38638853234927933;0.0;0.005616945004309272;0.16479122603475893;0.02746799999982199;0.0;0.0;3.057391352605472e-13;0.0;-0.22751084506076705
2748.0;0.006187337600864432;-0.3619452;0.0;0.0;0.4476228522879462;0.0;0.005851888101581185;0.1704243187803612;0.0;0.0;0.0;0.0;0.0;-0.26212730939576284
2749.0;0.002316432481692393;-0.36537655;0.0;0.0;0.46756172709251864;0.0;0.00043956505281490024;0.15949234770422271;0.0;0.0;0.0;0.0;0.0;-0.26212730939576295
2750.0;0.002315197329698355;-0.36426565;0.0;0.0;0.4644509949178353;0.0;0.00043828513146787674;0.16149619050670258;0.0;0.0;0.0;0.0;0.0;-0.2621273093957629
2751.0;0.0023180204843204766;-0.35779755;0.0;0.0;0.4328479796228562;0.0;0.00042886364584545245;0.18663924309140087;0.0;0.0;0.0;0.0;0.0;-0.2621273093957629
2752.0;72.73937990912876;-0.348929525;0.0016799999999515688;2.1042322755120633e-15;0.3653374384793288;0.0;0.00601438499326934;0.20011179762639894;0.02746799999982199;0.0;0.0;3.0573998920169334e-13;0.0;-0.2514637486518882
2753.0;72.74123573332183;-0.338389225;0.0016799999999515727;2.1042483380226102e-15;0.25808415952310376;0.0;0.005646959989267278;0.193619310810875;0.027467999999821996;0.0;0.0;3.057424065791826e-13;0.0;-0.14790356156508042
2754.0;72.74332439474576;-0.33051342499999997;0.001679999999951577;2.104266391984391e-15;0.13489784146569986;0.0;0.005471009990095248;0.17953320091202216;0.027467999999822;0.0;0.0;3.057451236679375e-13;0.0;-0.018345411242999064
2755.0;265.6086936588505;-0.325630775;0.0016799999999960332;1.3831345031104981e-14;0.03911606809348618;3.904024722709859e-18;0.005837400000226708;0.1689370305369643;0.027467999999956524;0.007933333333316687;0.07114980045122964;2.5103852638683234e-12;0.003227769749575186;-1.595028681274404e-12
2756.0;435.4654877958847;-0.327644525;0.001679999999998343;0.01801899999999646;0.007850039196062678;7.507069634219923e-18;0.005902605004506394;0.17123557478822116;0.02746799999997399;0.007933333333330189;0.07114980045133887;0.0029959999995351327;0.0050643758075655096;-8.934616351863934e-13
2757.0;417.0934052552788;-0.323759;0.0016799999999981964;0.018018999999995906;0.003974436008892495;6.908094217733475e-18;0.004902794987624106;0.17607335029539053;0.027467999999972806;0.007933333333329887;0.07114980045133452;0.002995999999466173;0.005064375807563339;-9.376353742594292e-13
2758.0;301.7826398477687;-0.31647220000000004;0.0016799999999967871;0.018018999999709732;0.00412974235776708;4.3855392975367905e-18;0.0043056000103009594;0.17727677650104023;0.027467999999961957;0.007933333333324641;0.07114980045127783;0.0029959999929526798;0.0050643758074993845;-1.3642358669480744e-12
2759.0;300.2290802347995;-0.307533675;0.0016799999999967585;0.0043583104430688045;0.004129742357766479;4.361978584764184e-18;0.0037446300137048416;0.17825756926648717;0.027467999999961742;0.007933333333324454;0.07114980045127631;0.00299599999152774;0.005064375807495496;-1.372985305638094e-12
2760.0;288.49597181007965;-0.29815127500000005;0.0016799999999965367;4.092740982841264e-14;0.00403796981358557;4.196509693328929e-18;0.0029683799906125544;0.1796354930545634;0.027467999999960125;0.00793333333332279;0.07114980045126376;1.749598619316646e-11;0.005064375807450555;-1.4406204900789927e-12
2761.0;176.83228746823744;-0.21470697500000002;0.0016799999999956997;2.427461197102001e-15;0.0029649427650687327;0.0;0.003606974999260581;0.16663848518350213;0.027467999999958335;8.045605691635557e-15;0.012385203957070245;3.637023088176103e-13;2.145062917195977e-14;-1.5059978189025631e-12
2762.0;176.8322386854922;-0.211700425;0.0016799999999956997;2.4274601528691756e-15;0.0016518963107442662;0.0;0.003888494991440629;0.15616265610612926;0.027467999999958335;8.045597400347874e-15;0.020885881328536315;3.637021417091871e-13;2.145061634853093e-14;-1.5059983856651087e-12
2763.0;176.8321957660707;-0.2090611;0.0016799999999956997;2.427459248798682e-15;0.0009177199091291663;0.0;0.0038056950099786156;0.148033510444509;0.027467999999958335;8.045590221967081e-15;0.027192611714798344;3.6370199703090355e-13;2.14506052463357e-14;-1.5059988763545418e-12
2764.0;176.83215136871604;-0.206518275;0.0016799999999956995;2.427458319882225e-15;0.0003388506467788758;0.0;0.004084109988036664;0.14009089440083483;0.027467999999958335;8.045582846314214e-15;0.03289280786467341;3.637018483764662e-13;2.145059383901745e-14;-1.505999380529914e-12
2765.0;176.8321934762998;-0.20700707499999998;0.0016799999999956997;2.427459179816696e-15;0.00028237553896232976;0.0;0.00441013499318872;0.14605988957136387;0.027467999999958335;8.045589674245884e-15;0.027143043124176074;3.63701985991713e-13;2.145060439921551e-14;-1.5059989137948043e-12
2766.0;176.83205534386843;-0.208631025;0.0016799999999956997;2.427456600780839e-15;0.007419416795303924;0.0;0.004471199989462731;0.14443526386304104;0.027467999999958335;8.045569196568295e-15;0.02319433846078952;3.6370157326901577e-13;2.1450572728066056e-14;-1.5060003135850954e-12
2767.0;104.35988171193378;-0.21365117499999997;0.0016799999999882623;1.5291085551469186e-15;0.036864123268020375;0.0;0.004295249990287894;0.14246164409208628;0.027467999999926104;3.334515501936516e-15;1.2748406239268574e-13;2.2347255582469883e-13;0.0;-3.1951806411307183e-12
2768.0;49.33913956527287;-0.225662075;0.0;1.1938060269494341e-15;0.11262547289527831;0.0;0.004101704997686228;0.1382917711099217;0.027467999999822367;0.0;0.0;1.7288352554447304e-13;0.0;-0.05671998849440756
2769.0;49.33741440355438;-0.24106580000000005;0.0;1.1937983090548043e-15;0.21002384672305463;0.0;0.003858480006472186;0.1392063755553036;0.02746799999982236;0.0;0.0;1.7288237168671364e-13;0.0;-0.13937475028143673
2770.0;49.33597812895856;-0.254030875;0.0;1.19379188608411e-15;0.2913762328147372;0.0;0.0035365949930861304;0.14063845342343595;0.027467999999822353;0.0;0.0;1.7288141142594957e-13;0.0;-0.20886284171058014
2771.0;49.33532702238063;-0.2626592;0.0;1.1937890001169646e-15;0.33056995368762476;0.0;0.0038522700107041833;0.14696245977655467;0.02746799999982235;0.0;0.0;1.7288097996195047e-13;0.0;-0.24606329452087367
2772.0;36.59064984653111;-0.267108325;0.0;1.13622760016602e-15;0.34653122915702356;0.0;0.0038833200057771656;0.15474261357998187;0.027467999999737425;0.0;0.0;1.6428872332177572e-13;0.0;-0.2621273093874087
2773.0;9.513030318367294;-0.267580525;0.0;0.0;0.35714148914724636;0.0;0.003871935008067606;0.16909347565590463;0.0;0.0;0.0;0.0;0.0;-0.26212730939526985
2774.0;0.0023413072662094316;-0.266106025;0.0;0.0;0.3565376382961675;0.0;0.0004336565671019654;0.1712511222192042;0.0;0.0;0.0;0.0;0.0;-0.26212730939594997
2775.0;0.0023540781611303993;-0.263593375;0.0;0.0;0.33762876352722976;0.0;0.002408237628326902;0.18567335823044565;0.0;0.0;0.0;0.0;0.0;-0.26212730939594997
2776.0;10.003106019508836;-0.25998252499999996;0.0;0.0;0.2977861563646789;0.0;0.00408721500209129;0.21075008784073784;0.009495673733422189;0.0;0.0;0.0;0.0;-0.26212730939522555
2777.0;49.33755369666419;-0.25480255;0.0;1.1937991821453293e-15;0.23139967384607874;0.0;0.004325265007714266;0.21447469394330798;0.02746799999982236;0.0;0.0;1.7288250221741696e-13;0.0;-0.2227465748637261
2778.0;49.338986081023165;-0.25177257500000005;0.0;1.1938056250003167e-15;0.1547558993746263;0.0;0.004136895000768235;0.22466771727816268;0.027467999999822367;0.0;0.0;1.7288346545137835e-13;0.0;-0.15914633378804308
2779.0;49.34040084808203;-0.24469982500000004;0.0;1.1938119508600627e-15;0.07443418498854461;0.0;0.003535559999204131;0.2227482515873096;0.027467999999822374;0.0;0.0;1.7288441119437304e-13;0.0;-0.08338585244907738
2780.0;49.34133775330654;-0.24358182499999997;0.0;1.1938161200643648e-15;0.019498029590102675;0.0;0.0040468499971802185;0.21723054151946558;0.027467999999822378;0.0;0.0;1.7288503450836202e-13;0.0;-0.024567704783281432
2781.0;49.341566798759956;-0.24213982499999998;0.0;1.1938171314196134e-15;0.006219321346660537;0.0;0.0035614350086341355;0.21671908411448254;0.027467999999822378;0.0;0.0;1.728851857103347e-13;0.0;-0.011735831374444937
2782.0;49.34134121802939;-0.24056602500000002;0.0;1.1938154331496583e-15;0.004729790081614476;0.0;0.0035014050062421253;0.2152629388685649;0.027467999999822374;0.0;0.0;1.7288493181161422e-13;0.0;-0.010313303061174391
2783.0;49.3416075383548;-0.23756597500000004;0.0;1.1938173267897383e-15;0.004736849568886432;0.0;0.0037197899981461636;0.21850617316520457;0.027467999999822378;0.0;0.0;1.7288521491903855e-13;0.0;-0.01677272669801709
2784.0;49.341603330241426;-0.23218315000000006;0.0;1.193817309048143e-15;0.004729790081614479;0.0;0.0039236849945121985;0.2177239453599537;0.027467999999822378;0.0;0.0;1.7288521226658052e-13;0.0;-0.02157010645154647
2785.0;176.83211409077623;-0.234483775;0.001679999999996114;2.2470636668861672e-15;0.004433296358666956;0.0;0.0007286399959943858;0.1452535943883328;0.027467999999961454;7.457572980841082e-15;0.054957092600994135;3.3667547469811457e-13;1.985642188540714e-14;-1.3940345538024577e-12
2786.0;176.83211762444196;-0.22914052499999998;0.001679999999996114;2.247063716782768e-15;0.0039038419265021826;0.0;0.0007265700082303856;0.14439916114301046;0.027467999999961454;7.457573378288442e-15;0.05099974114142303;3.366754826831992e-13;1.985642249814118e-14;-1.394034526723046e-12
2787.0;176.8321292140265;-0.22651130000000003;0.001679999999996114;2.2470639161391017e-15;0.003275555462889146;0.0;0.0010329299997204383;0.14445933234307;0.027467999999961454;7.457574966244997e-15;0.048632198888809645;3.3667551458652146e-13;1.985642494625975e-14;-1.3940344185293728e-12
2788.0;176.83213976626845;-0.2278659;0.001679999999996114;2.2470641035735635e-15;0.002887289985804352;0.0;0.0017398350105305603;0.14498884000583243;0.027467999999961454;7.457576459239764e-15;0.049138605790902345;3.3667554458189993e-13;1.9856427247977046e-14;-1.394034316805803e-12
2789.0;176.83208155373237;-0.23306165;0.001679999999996114;2.247063097227064e-15;0.0058875293969941735;0.0;0.0019437300068965953;0.14428483586289736;0.027467999999961454;7.457568443270746e-15;0.05183457275864499;3.3667538353464266e-13;1.9856414889924544e-14;-1.394034862964934e-12
2790.0;176.8316426384456;-0.24610292500000003;0.001679999999996114;2.247055468483082e-15;0.027235117780571375;0.0;0.0022335299988466453;0.13568635153409728;0.027467999999961454;7.457507677469809e-15;0.0518394222595635;3.366741626949509e-13;1.985632120816265e-14;-1.3940390032269283e-12
2791.0;176.83041991377712;-0.258476525;0.0016799999999961139;2.247034318075767e-15;0.08985188863242266;0.0;0.0026382149936947158;0.11986129174904703;0.02746799999996145;7.457339209546984e-15;0.017023875523612734;3.366707779652523e-13;1.9856061480287473e-14;-1.3940504822277693e-12
2792.0;49.33234910640932;-0.28078402500000005;0.0;1.1050585865275504e-15;0.19778286888215818;0.0;0.002825549990511083;0.11147340882476647;0.027467999999835565;0.0;0.0;1.6003164984588573e-13;0.0;-0.05863442032743975
2793.0;49.33014929378068;-0.2973928;0.0;1.105049465864101e-15;0.3206232760150319;0.0;0.0030077100016891135;0.10916884745353239;0.027467999999835555;0.0;0.0;1.6003028626377155e-13;0.0;-0.16272944379200976
2794.0;48.71334649511703;-0.31182322500000004;0.0;1.1023009415542662e-15;0.4275941794321691;0.0;0.0031505400017809654;0.11508970566401083;0.02746799999983289;0.0;0.0;1.596194021280604e-13;0.0;-0.2621273091806342
2795.0;0.0023248372520470032;-0.32250902500000006;0.0;0.0;0.4849253821443862;0.0;0.0004286138330054998;0.09927314055155323;0.0;0.0;0.0;0.0;0.0;-0.2621273093961154
2796.0;0.0023242492206352492;-0.324820425;0.0;0.0;0.4936621699698757;0.0;0.0004286698067457643;0.09284766721992294;0.0;0.0;0.0;0.0;0.0;-0.2621273093961154
2797.0;0.002324108418193597;-0.32300134999999996;0.0;0.0;0.48591905019053955;0.0;0.0004286633486079311;0.0987717085247208;0.0;0.0;0.0;0.0;0.0;-0.2621273093961154
2798.0;0.002323550027604064;-0.32177762500000007;0.0;0.0;0.47168867714431395;0.0;0.0004286296276907377;0.11177836997081161;0.0;0.0;0.0;0.0;0.0;-0.2621273093961154
2799.0;0.002307572655706275;-0.31794312500000005;0.0;0.0;0.437619547541773;0.0;0.0004240915874678866;0.14202014271890456;0.0;0.0;0.0;0.0;0.0;-0.2621273093961154
2800.0;10.001375071542114;-0.311618725;0.0;0.0;0.3831059173975031;0.0;0.005294025013228792;0.17993634905379416;0.005428930152709417;0.0;0.0;0.0;0.0;-0.2621273093954459
2801.0;49.331153789654564;-0.30317085;0.0;1.1050538676269583e-15;0.2945600165239526;0.0;0.0052578000000795;0.1876262449558845;0.02746799999983556;0.0;0.0;1.6003094434796153e-13;0.0;-0.21159876560734836
2802.0;49.332745166877054;-0.295390025;0.0;1.1050604818640852e-15;0.20782131830860043;0.0;0.005068394999251469;0.19480468565656414;0.027467999999835565;0.0;0.0;1.600319332077198e-13;0.0;-0.13963998002552502
2803.0;49.334424516288955;-0.28456722500000003;0.0;1.105067454533291e-15;0.1153009806341448;0.0;0.004880025008543438;0.19981094052390216;0.027467999999835572;0.0;0.0;1.6003297565521083e-13;0.0;-0.06277103578662566
2804.0;176.83159279559783;-0.27177035;0.0016799999999961139;2.247055114262523e-15;0.04555422959423003;0.0;0.005173964992269153;0.17576647607283122;0.02746799999996145;7.457504855984204e-15;0.016169198166609812;3.366741060084186e-13;1.9856316858307383e-14;-1.3940391954702167e-12
2805.0;176.83217068048856;-0.2640102;0.001679999999996114;2.2470649727237976e-15;0.011683287040282564;0.0;0.0048831299901991015;0.17219831619363152;0.027467999999961454;7.457583382391716e-15;0.046135091016019085;3.366756836734573e-13;1.985643792125005e-14;-1.3940338451059553e-12
2806.0;176.83237913997667;-0.2610906500000001;0.001679999999996114;2.2470686903999705e-15;0.004475651701580521;0.0;0.004416344988957021;0.18385350409888676;0.027467999999961454;7.457612995347785e-15;0.03923391731025112;3.366762786192355e-13;1.985648357481501e-14;-1.3940318274795754e-12
2807.0;176.8323780439598;-0.2535014;0.001679999999996114;2.2470686655377e-15;0.004348583301762599;0.0;0.0038781450039069285;0.18336611627616609;0.027467999999961454;7.457612797309115e-15;0.03279730994696914;3.3667627464049673e-13;1.9856483269504583e-14;-1.3940318409725455e-12
2808.0;176.83231029244786;-0.2377235;0.001679999999996114;2.2470673754106953e-15;0.00415092002922515;0.0;0.0039267900086449375;0.17301664671891814;0.027467999999961454;7.4576025208542e-15;0.02751789781185348;3.3667606817926606e-13;1.985646742656601e-14;-1.3940325411381275e-12
2809.0;263.3131864395732;-0.23391752500000002;0.001679999999997509;9.22472859926271e-15;0.0037414752999850075;2.9898469732851694e-18;0.0013351499994451476;0.1212873524971847;0.0274679999999689;0.00793333333332066;0.0711498004512746;1.6446131037165588e-12;9.448336448767686e-13;-1.7384055696797681e-12
2810.0;262.9125531375409;-0.23201347500000002;0.001679999999997502;9.126360530089266e-15;0.0029155271445525347;2.9858307003586364e-18;0.0014324399926831598;0.12039080051405913;0.027467999999968847;0.007933333333320521;0.07114980045127405;1.6223886002105747e-12;8.050670103247107e-13;-1.74411788837611e-12
2811.0;291.93779291670376;-0.22993642499999997;0.0016799999999979548;4.115025598080807e-14;0.0023013604458516244;3.3089958135690464e-18;0.001455210004229471;0.11288743423082478;0.02746799999997208;0.007933333333326192;0.07114980045130478;1.1407172462652499e-10;0.005064375807501251;-1.41116978856885e-12
2812.0;292.64328044604804;-0.22817415;0.0016799999999979646;4.509257770462053e-14;0.0023295976045805637;3.3179020926754243e-18;0.001361025008875461;0.10977657657431612;0.027467999999972154;0.00793333333332627;0.07114980045130535;0.0029959998705414437;0.005064375807503447;-1.40459302658716e-12
2813.0;300.22891136341826;-0.23056750000000004;0.0016799999999980646;0.00651876249055453;0.002767279492571108;3.413871421058653e-18;0.0013796549961795342;0.10288695983840049;0.027467999999972886;0.007933333333326993;0.0711498004513109;0.002995999993972679;0.00506437580752092;-1.339545105247832e-12
2814.0;338.39837883937946;-0.2401106;0.0016799999999984898;0.0180189999999911;0.011471505583600258;3.9913134845619644e-18;0.0013641299905218362;0.09377702030909967;0.027467999999976074;0.007933333333329155;0.07114980045133101;0.002995999998968993;0.005064375807553715;-1.0893746466189821e-12
2815.0;294.7260601350119;-0.25574712499999996;0.0016799999999979923;6.20235106145587e-14;0.05355957592966504;3.3435269647266438e-18;0.001038105001607425;0.08426994975715608;0.02746799999997236;0.007933333333326483;0.07114980045130694;0.0029959999803334443;0.005064375807509105;-1.3862126215241692e-12
2816.0;176.82927651745806;-0.27376482500000004;0.00167999999999494;2.7579686659543493e-15;0.13928172220426463;0.0;0.0009273600067115696;0.08148401768317576;0.02746799999995262;9.118111327104326e-15;0.02297624790084258;4.132168543102725e-13;2.4371179487778847e-14;-7.434718705883975e-12
2817.0;153.57677311831273;-0.289298225;0.0016799999999935168;2.320485528814477e-15;0.24415598714490208;0.0;0.0008642249901968635;0.07810238852414865;0.027467999999944898;6.283121187809744e-15;4.513096728551912e-13;3.439560317372704e-13;1.9311554253768557e-14;-0.06367406417469357
2818.0;153.57533700612348;-0.29963227500000006;0.0016799999999935168;2.320464193549309e-15;0.32625666782238455;0.0;0.0007669350131968466;0.08149003370093127;0.027467999999944894;6.283007768009072e-15;4.512835174899106e-13;3.439526900978915e-13;1.931132187041648e-14;-0.1387215554370496
2819.0;153.57445408885948;-0.308622025;0.0016799999999935168;2.320451075793665e-15;0.3767101112415035;0.0;0.0005806349940148146;0.08352382467189744;0.027467999999944898;6.28293803406901e-15;4.5126743741422615e-13;3.4395063552900503e-13;1.9311178992691883e-14;-0.18202690735987803
2820.0;153.57410668354757;-0.31381702499999997;0.0016799999999935165;2.3204459693926686e-15;0.3984459666828836;0.0;0.0004740300071247962;0.08915586222433158;0.027467999999944898;6.2829108886633896e-15;4.512611781197009e-13;3.439498357391343e-13;1.9311123374246874e-14;-0.20409068248368223
2821.0;153.57412848119674;-0.31465572500000005;0.0016799999999935168;2.320446405842725e-15;0.40109323726298934;0.0;0.000357075000224776;0.09910820075894809;0.027467999999944898;6.282913208809688e-15;4.512617131033669e-13;3.439499040981673e-13;1.931112812801831e-14;-0.2157343360649003
2822.0;153.57426469106272;-0.31377295000000005;0.0016799999999935168;2.320448545371027e-15;0.3973164653169118;0.0;0.0003208500032607699;0.10909062379135585;0.027467999999944898;6.282924582438905e-15;4.5126433566926424e-13;3.4395023920164795e-13;1.9311151431554092e-14;-0.22278697970174963
2823.0;153.5748668000964;-0.309374025;0.0016799999999935168;2.320457603729838e-15;0.3670387504110484;0.0;0.0003964049950727829;0.11841116252087029;0.027467999999944898;6.2829727364593815e-15;4.512754394025096e-13;3.4395165796710044e-13;1.9311250094478082e-14;-0.2063078232263929
2824.0;153.57576499114703;-0.30305770000000004;0.001679999999993517;2.3204709608877275e-15;0.3162393968577582;0.0;0.000420210000500787;0.11773724508020354;0.027467999999944894;6.2830437434493895e-15;4.5129181344086466e-13;3.4395375003296293e-13;1.9311395580009113e-14;-0.16118056962745678
2825.0;153.5771682444615;-0.29510565;0.001679999999993517;2.3204918503677745e-15;0.2374707467510929;0.0;0.00040365000096078427;0.11815844458285876;0.027467999999944898;6.2831547940242456e-15;4.513174230746954e-13;3.439570218522494e-13;1.9311623108279515e-14;-0.09077771936207482
2826.0;153.57856760984959;-0.28695675;0.001679999999993517;2.320512650206414e-15;0.1585256134144241;0.0;0.00041296499461278583;0.11786962061809601;0.027467999999944898;6.283265369955758e-15;4.5134292524162807e-13;3.439602796346427e-13;1.931184966142676e-14;-0.01971121071394885
2827.0;176.8305722540996;-0.2770088;0.00167999999999494;2.7579964321053515e-15;0.07942517214815216;0.0;0.00039433500730947784;0.11504156870411746;0.02746799999995262;9.118330449381166e-15;0.053045276535746824;4.132212976227573e-13;2.437152046332096e-14;-7.434335007497793e-12
2828.0;338.58804911154624;-0.26843805;0.0016799999999984922;0.018018999999991153;0.025809121901012918;3.9954449044753515e-18;0.00031360501361365724;0.1130378633332187;0.02746799999997609;0.007933333333329164;0.07114980045133111;0.0029959999989742636;0.0050643758075538114;-1.0881364747591263e-12
2829.0;472.77907905771013;-0.26552289999999995;0.0016799999999993754;0.018018999999998033;0.007002912578841476;8.46955550703719e-18;0.0003374100028043412;0.12214780286253647;0.027467999999983103;0.007933333333331434;0.07114980045136052;0.0029959999997399107;0.005064375807572993;-6.688080515318976e-13
2830.0;373.6258220695814;-0.26112515000000003;0.0016799999999987934;0.018018999999995372;0.004849798994527201;4.709675410834116e-18;0.00035189999834188846;0.12577011682178194;0.027467999999978423;0.007933333333330156;0.07114980045134266;0.0029959999994177665;0.005064375807563415;-9.323345075171626e-13
2831.0;300.2290308215608;-0.25300445000000005;0.0016799999999980648;0.005832761831434576;0.004687433158333676;3.413873087252003e-18;0.00030118500583934836;0.12516840371893898;0.027467999999972886;0.007933333333326993;0.0711498004513109;0.0029959999939727765;0.00506437580752092;-1.3395440606362814e-12
2832.0;291.8792586198033;-0.24401392500000002;0.0016799999999979537;4.086440835743265e-14;0.004680374461418498;3.308285176859816e-18;0.00026910000064126556;0.12583630514183694;0.027467999999972077;0.007933333333326187;0.07114980045130474;1.0021501727319212e-10;0.00506437580750107;-1.4116988669110629e-12
2833.0;49.35062681177742;-0.27523695;0.0;1.1551591681213157e-15;0.0014683528028127787;0.0;0.01203808499644607;0.33452251641261194;0.02746799999982819;0.0;0.0;1.6728723876948577e-13;0.0;-0.10012969700184927
2834.0;49.35059490856752;-0.2725096;0.0;1.155159009231527e-15;0.0007412358884696314;0.0;0.011893184992352045;0.3280179953570761;0.02746799999982819;0.0;0.0;1.6728721501461633e-13;0.0;-0.09548058070780464
2835.0;49.35061033277767;-0.27007760000000003;0.0;1.1551590801518894e-15;0.00036708859556966705;0.0;0.011256660003943932;0.32928761208728613;0.02746799999982819;0.0;0.0;1.6728722561757252e-13;0.0;-0.09817156975185376
2836.0;49.3505950193417;-0.26969250000000006;0.0;1.1551590066606987e-15;0.0003600291082977141;0.0;0.010559069986785812;0.3270492379338791;0.02746799999982819;0.0;0.0;1.6728721463028754e-13;0.0;-0.0956136432205729
2837.0;49.35059663278202;-0.276774275;0.0;1.1551590142048848e-15;0.0003670885955696669;0.0;0.009561330006381643;0.32731399121414095;0.02746799999982819;0.0;0.0;1.6728721575817416e-13;0.0;-0.08780594491813826
2838.0;49.350590752518194;-0.29327172500000004;0.0;1.155158989490592e-15;0.0008753645659185822;0.0;0.00769936500329932;0.3278073972591061;0.02746799999982819;0.0;0.0;1.6728721206326176e-13;0.0;-0.07044816613592982
2839.0;49.35038489633618;-0.308019725;0.0;1.1551580627074929e-15;0.008301840058255782;0.0;0.007612424997595304;0.31715105347931605;0.027467999999828185;0.0;0.0;1.6728707350453794e-13;0.0;-0.05238249751950886
2840.0;49.349424237738084;-0.319615825;0.0;1.1551538647327394e-15;0.05772461414285111;0.0;0.008583254990925474;0.30522509627603145;0.027467999999828182;0.0;0.0;1.6728644588631465e-13;0.0;-0.07924829732643587
2841.0;49.34723894412478;-0.3313316500000001;0.0;1.1551443108748437e-15;0.16979945493493936;0.0;0.008719874995249495;0.27726949500301723;0.02746799999982817;0.0;0.0;1.6728501753735437e-13;0.0;-0.15177532464572283
2842.0;49.34500141872758;-0.341462625;0.0;1.1551345950204862e-15;0.29143270634184965;0.0;0.00898379999400754;0.2659091470802921;0.027467999999828165;0.0;0.0;1.6728356496988993e-13;0.0;-0.25216693211529106
2843.0;0.0023529314370297413;-0.34928457500000004;0.0;0.0;0.3663568261749479;0.0;0.00133753501754166;0.24370985248000698;0.0;0.0;0.0;0.0;0.0;-0.26212730939602263
2844.0;0.002352929112050006;-0.35347447500000007;0.0;0.0;0.39451445060929846;0.0;0.0012385998739669185;0.21984106343659277;0.0;0.0;0.0;0.0;0.0;-0.26212730939602263
2845.0;0.0023529257999256974;-0.34999399999999997;0.0;0.0;0.3890454493112707;0.0;0.0030486874732374206;0.22001950246883564;0.0;0.0;0.0;0.0;0.0;-0.26212730939602263
2846.0;0.0023529261006616097;-0.35018465000000004;0.0;0.0;0.3803203056449142;0.0;0.004023740084027874;0.22796024347887478;0.0;0.0;0.0;0.0;0.0;-0.26212730939602263
2847.0;0.0023548600389135263;-0.345954425;0.0;0.0;0.34452624378179064;0.0;0.009975622607908107;0.25356946605152286;0.0;0.0;0.0;0.0;0.0;-0.2621273093960227
2848.0;49.345210850255874;-0.33767362500000003;0.0;1.1551354375177735e-15;0.27278886364619465;0.0;0.011546459995893982;0.24860988958706778;0.027467999999828165;0.0;0.0;1.6728369092731844e-13;0.0;-0.22257775383962736
2849.0;49.34695628070194;-0.327122125;0.0;1.155142948607077e-15;0.16889585400023369;0.0;0.011417085013695963;0.23392808480762567;0.02746799999982817;0.0;0.0;1.6728481387165814e-13;0.0;-0.11443707102698408
2850.0;49.34858169158896;-0.314766525;0.0;1.1551499026063687e-15;0.06927377250579618;0.0;0.012259575002472106;0.21370450037807712;0.02746799999982818;0.0;0.0;1.6728585352873292e-13;0.0;-0.0078012877893444185
2851.0;176.83242907231826;-0.3132695;0.0016799999999958803;2.3487724910685934e-15;0.014902367395461576;0.0;0.012458295013200242;0.21803683670268315;0.027467999999959695;7.789339218075066e-15;0.03876189491665058;3.519133918010926e-13;2.0755256311273457e-14;-1.4572424119394718e-12
2852.0;176.832769170703;-0.312726875;0.0016799999999958805;2.348778851082003e-15;0.003741475299960377;0.0;0.012748095005150286;0.23859738095480357;0.027467999999959695;7.789389788277994e-15;0.02852848651105919;3.519144095984463e-13;2.0755334413641045e-14;-1.4572389596819533e-12
2853.0;83.44445187070211;-0.3067367;0.0016799999999807763;1.3364700631936799e-15;0.0024990237182248784;0.0;0.012782249998107916;0.2567871744133108;0.027467999999908;0.0;9.567573155948754e-14;1.9453254799095504e-13;0.0;-4.757818007599113e-12
2854.0;49.35013629019911;-0.2969506;0.0;1.1551568043376805e-15;0.002103697172979611;0.0;0.012395159996676132;0.26590313106252467;0.027467999999828185;0.0;0.0;1.6728688537194944e-13;0.0;-0.010789181600556785
2855.0;49.350217121321826;-0.28766614999999995;0.0;1.1551571992734837e-15;0.0013977595108113998;0.0;0.012622859998470173;0.27512739587194385;0.027467999999828185;0.0;0.0;1.6728694441682535e-13;0.0;-0.028819531130754073
2856.0;49.3502814367614;-0.27873347500000006;0.0;1.1551575046482801e-15;0.0007341764011976758;0.0;0.012304079999206116;0.282618726812933;0.027467999999828185;0.0;0.0;1.6728699007189604e-13;0.0;-0.044261221354869124
2857.0;9.585346786526316;-0.259964175;0.0;0.0;0.00012001049007898717;0.0;0.006191370002470197;0.3318027726571349;0.0;0.0;0.0;0.0;0.0;-0.07824901200844142
2858.0;9.585102229892493;-0.19835865000000003;0.0;0.0;0.00014118737117660982;0.0;0.005456520010704065;0.30029706396717715;0.0;0.0;0.0;0.0;0.0;-0.10763549572471143
2859.0;9.585084256077353;-0.19818495;0.0;0.0;0.0001200104900788942;0.0;0.006140654993730182;0.2975051136709838;0.0;0.0;0.0;0.0;0.0;-0.10568025061446738
2860.0;9.585255371162297;-0.248721925;0.0;0.0;0.00012001049007895539;0.0;0.0053995950061960585;0.3180355723230745;0.0;0.0;0.0;0.0;0.0;-0.07493231167307145
2861.0;9.585220251971169;-0.2471815;0.0;0.0;0.00012001049007894314;0.0;0.00546583500435607;0.3126923587354031;0.0;0.0;0.0;0.0;0.0;-0.07119578572587847
2862.0;9.585225167822667;-0.24854707499999998;0.0;0.0;0.00014824685844860817;0.0;0.005279535001412036;0.3135287395184692;0.0;0.0;0.0;0.0;0.0;-0.07050852155101565
2863.0;9.585246777272214;-0.25275582500000005;0.0;0.0;0.0007624143475177664;0.0;0.006033014996720169;0.3184447375857178;0.0;0.0;0.0;0.0;0.0;-0.07258332892060694
2864.0;9.585094886191504;-0.259189925;0.0;0.0;0.01012316168980228;0.0;0.0067140449981002845;0.32076133429920234;0.0;0.0;0.0;0.0;0.0;-0.07850648527111227
2865.0;9.584039008911127;-0.26978965;0.0;0.0;0.0670712440885416;0.0;0.007645544996582434;0.3142327436614039;0.0;0.0;0.0;0.0;0.0;-0.1192510563521671
2866.0;9.582512915678402;-0.28353135;0.0;0.0;0.15151564055487127;0.0;0.008300700004770529;0.30967175677674463;0.0;0.0;0.0;0.0;0.0;-0.1860380303917244
2867.0;9.581120781559163;-0.29263274999999994;0.0;0.0;0.2273264065932596;0.0;0.008349344993270523;0.3027219677385295;0.0;0.0;0.0;0.0;0.0;-0.24583722868512223
2868.0;0.0023498421298691267;-0.29779855000000005;0.0;0.0;0.2676821668502439;0.0;0.001706363750592184;0.29052918395045646;0.0;0.0;0.0;0.0;0.0;-0.26212730938168277
2869.0;0.0023529299655418424;-0.30282670000000006;0.0;0.0;0.27248565880572956;0.0;0.0018357827702988848;0.2906248973180667;0.0;0.0;0.0;0.0;0.0;-0.26212730938168277
2870.0;0.0023529282487103034;-0.30129170000000005;0.0;0.0;0.24096059219418836;0.0;0.003250705529057532;0.31920004135955315;0.0;0.0;0.0;0.0;0.0;-0.26212730938168277
2871.0;9.582102480045009;-0.296335625;0.0;0.0;0.18979870100578095;0.0;0.01100412000274699;0.3492404250127341;0.0;0.0;0.0;0.0;0.0;-0.2537841254923759
2872.0;9.583525061205723;-0.288313025;0.0;0.0;0.11137596261400583;0.0;0.010651185010520946;0.35396989125755995;0.0;0.0;0.0;0.0;0.0;-0.18776983507875453
2873.0;9.585166520995434;-0.29147247500000006;0.0;0.0;0.03356738854986359;0.0;0.011194559997457056;0.39264802352819167;0.0;0.0;0.0;0.0;0.0;-0.14603240633060532
2874.0;9.585910899363208;-0.305843325;0.0;0.0;0.005675747146839343;0.0;0.011587859994651136;0.43037544753116697;0.0;0.0;0.0;0.0;0.0;-0.14189419701743874
2875.0;9.58624421806863;-0.30708715000000003;0.0;0.0;0.000240018612266205;0.0;0.011809350000677173;0.4638728284542878;0.0;0.0;0.0;0.0;0.0;-0.16893420072098128
2876.0;9.586246175576449;-0.304664;0.0;0.0;0.0001553071360799925;0.0;0.011539215006151127;0.46392698253434134;0.0;0.0;0.0;0.0;0.0;-0.1710566749930006
2877.0;9.586232451449336;-0.29931160000000007;0.0;0.0;0.00014118737117700306;0.0;0.011625120001735142;0.46189319156337527;0.0;0.0;0.0;0.0;0.0;-0.17444705553961967
2878.0;9.586220334014682;-0.29272095;0.0;0.0;0.00012706918699216733;0.0;0.011328075003897093;0.46008805115263535;0.0;0.0;0.0;0.0;0.0;-0.17892139056019968
2879.0;9.586128697918069;-0.287583525;0.0;0.0;0.00012706918699213518;0.0;0.01154439000803713;0.44799963060695136;0.0;0.0;0.0;0.0;0.0;-0.1721867686212608
2880.0;9.586078756588952;-0.28088195;0.0;0.0;0.0001341286742640722;0.0;0.011642714995157144;0.4406105918083019;0.0;0.0;0.0;0.0;0.0;-0.1716046364035687
2881.0;-2.3739858217666866e-6;-0.34277402;0.0;0.0;0.000104451071853414;0.0;0.011562919049312961;0.4906988967341212;0.0;0.0;0.0;0.0;0.0;-0.15959223369933112
2882.0;-2.3788346655227047e-6;-0.339734216;0.0;0.0;9.716908976765913e-5;0.0;0.011386651200245328;0.4936489054196475;0.0;0.0;0.0;0.0;0.0;-0.16539849492948785
2883.0;-2.376575610572348e-6;-0.337420538;0.0;0.0;9.716578144622416e-5;0.0;0.011448998110975939;0.4954919724744129;0.0;0.0;0.0;0.0;0.0;-0.16961758369348753
2884.0;-2.3709900185899405e-6;-0.33423440400000004;0.0;0.0;0.00010445128663798533;0.0;0.011006625241776249;0.48577374143573604;0.0;0.0;0.0;0.0;0.0;-0.16265040014780083
2885.0;-2.3672577272068097e-6;-0.33562422399999997;0.0;0.0;0.00010444992759848453;0.0;0.010607719137886362;0.491382863181678;0.0;0.0;0.0;0.0;0.0;-0.16647079392055578
2886.0;-2.3577439227179284e-6;-0.34133595999999994;0.0;0.0;0.00010442970441121433;0.0;0.011487604376246194;0.5174657140398181;0.0;0.0;0.0;0.0;0.0;-0.18772177508395163
2887.0;-2.2513617438476475e-6;-0.35627853;0.0;0.0;0.00014113133411214804;0.0;0.011038583281953252;0.5118185815828713;0.0;0.0;0.0;0.0;0.0;-0.16671975381782358
2888.0;7.095228745178964e-6;-0.37557067199999994;0.0;0.0;0.004173237265145729;0.0;0.0109230018622188;0.5304193196065617;0.0;0.0;0.0;0.0;0.0;-0.16994542565022386
2889.0;3.896256326411807e-6;-0.38431928;0.0;0.0;0.02285540103888758;0.0;0.00887872054038798;0.5110382804984431;0.0;0.0;0.0;0.0;0.0;-0.15845407652723822
2890.0;-2.300001508080706e-5;-0.39064017799999995;0.0;0.0;0.06461088617979562;0.0;0.008884409297767744;0.4987539970264054;0.0;0.0;0.0;0.0;0.0;-0.18160914053533342
2891.0;-2.9546995946623796e-6;-0.39776921;0.0;0.0;0.11648647402572768;0.0;0.008971440865342397;0.49701924734282504;0.0;0.0;0.0;0.0;0.0;-0.22470783689813786
2892.0;-2.9556585484303075e-6;-0.402835242;0.0;0.0;0.13830092280419606;0.0;0.009066451492326863;0.47991795263885284;0.0;0.0;0.0;0.0;0.0;-0.2244499697143663
2893.0;-2.95606705167103e-6;-0.40327841200000003;0.0;0.0;0.14283769532286397;0.0;0.009129792867010161;0.47558909907901686;0.0;0.0;0.0;0.0;0.0;-0.2242780601359057
2894.0;-2.956864151053837e-6;-0.40000807;0.0;0.0;0.131598150379312;0.0;0.009274291938834516;0.48302124711130584;0.0;0.0;0.0;0.0;0.0;-0.22388550449776293
2895.0;-2.954454908295493e-6;-0.39636305400000005;0.0;0.0;0.11249958184631834;0.0;0.008983322287117566;0.49894245966057865;0.0;0.0;0.0;0.0;0.0;-0.22406219451391024
2896.0;-2.3297978820836423e-5;-0.39007994799999995;0.0;0.0;0.06520717731755372;0.0;0.009143791018783291;0.4906498356442973;0.0;0.0;0.0;0.0;0.0;-0.1749208757779782
2897.0;3.068719634233587e-6;-0.387252414;0.0;0.0;0.02399292029737622;0.0;0.008985121962447254;0.4941245606655814;0.0;0.0;0.0;0.0;0.0;-0.1398511176786448
2898.0;1.1379075503266622e-5;-0.38927613799999994;0.0;0.0;0.005751938702115509;0.0;0.00889177285168691;0.5036491323328691;0.0;0.0;0.0;0.0;0.0;-0.1290175249516272
2899.0;-2.0381203714844058e-6;-0.3900552239999999;0.0;0.0;0.00043168067098579876;0.0;0.008585682611536638;0.5077004237034495;0.0;0.0;0.0;0.0;0.0;-0.12666264019133355
2900.0;-2.405053403676191e-6;-0.384688134;0.0;0.0;0.00013377320350230491;0.0;0.0065079938844326965;0.49738690026147425;0.0;0.0;0.0;0.0;0.0;-0.11934050684875709
2901.0;-2.512466135055239e-6;-0.37547106999999996;0.0;0.0;0.00011907921467823068;0.0;0.006223932001779254;0.4876499244244518;0.0;0.0;0.0;0.0;0.0;-0.11852183696637514
2902.0;-2.5283522029241577e-6;-0.36395946399999995;0.0;0.0;0.00011906808376916141;0.0;0.0061012269092897056;0.48536513884371274;0.0;0.0;0.0;0.0;0.0;-0.12762593993004864
2903.0;-2.4181819510494644e-6;-0.35482664199999997;0.0;0.0;0.00011908087478527951;0.0;0.006853138211797856;0.4804788553655726;0.0;0.0;0.0;0.0;0.0;-0.13262440929522365
2904.0;-2.3762488444510573e-6;-0.34641516;0.0;0.0;0.00011908297213994613;0.0;0.0072954191775552344;0.4780589634471404;0.0;0.0;0.0;0.0;0.0;-0.13905828513523763
2905.0;49.9991503576869;-0.30569743;0.0;1.1331997382140935e-15;0.00013519031825170644;0.0;0.007583399999018474;0.29411652660682064;0.023543999999816333;0.0;0.0;1.6442363989808454e-13;0.0;-0.019774762108396716
2906.0;49.99916891920016;-0.301129604;0.0;1.133199760081343e-15;0.00013519031825170647;0.0;0.00903176999567476;0.30166407284383095;0.023543999999816333;0.0;0.0;1.6442364317997532e-13;0.0;-0.03333979668033615
2907.0;49.999110866091975;-0.30172621;0.0;1.1331994981976726e-15;0.00014314185198263966;0.0;0.00997820999268295;0.3124184113302039;0.02354399999981633;0.0;0.0;1.6442360387586813e-13;0.0;-0.04445204907016894
2908.0;49.99913480878364;-0.303061762;0.0;1.1331995200709553e-15;0.00013519031825170595;0.0;0.010625670001879074;0.32294108089861506;0.02354399999981633;0.0;0.0;1.6442360715866364e-13;0.0;-0.05428047799986232
2909.0;49.999147153079825;-0.305857342;0.0;1.1331995313961959e-15;0.00012723700386155576;0.0;0.011190959999767186;0.32836092543671586;0.02354399999981633;0.0;0.0;1.644236088583647e-13;0.0;-0.0574630075927727
2910.0;49.99918044877385;-0.313850126;0.0;1.1331995611288809e-15;0.0001272370038615558;0.0;0.011535480013495256;0.3430536433459618;0.02354399999981633;0.0;0.0;1.6442361332071976e-13;0.0;-0.06450998374575807
2911.0;49.999237150609744;-0.33211626399999994;0.0;1.1331996434209825e-15;0.0001908555060162836;0.0;0.011559239997303258;0.3620688267082264;0.023543999999816333;0.0;0.0;1.6442362567132764e-13;0.0;-0.06535002231444494
2912.0;49.999301682730135;-0.35404037600000005;0.0;1.133199777022213e-15;0.0035308264239746687;0.0;0.01161270000746727;0.37450581647542547;0.023543999999816333;0.0;0.0;1.6442364572252173e-13;0.0;-0.059259687866303895
2913.0;49.99923844368174;-0.365395888;0.0;1.1331992311888549e-15;0.01900602551503529;0.0;0.011607749990131267;0.381193747978999;0.02354399999981633;0.0;0.0;1.6442356380253467e-13;0.0;-0.07006856296432346
2914.0;49.99899760102739;-0.37151112999999997;0.0;1.1331977160128848e-15;0.05544351973058419;0.0;0.011639430004783279;0.3792611358952154;0.02354399999981633;0.0;0.0;1.6442333640140774e-13;0.0;-0.09850071555107108
2915.0;49.99840463635107;-0.375631902;0.0;1.1331945385844804e-15;0.10425481127973314;0.0;0.011629530001175278;0.37777357534630374;0.023543999999816326;0.0;0.0;1.6442285952558075e-13;0.0;-0.14170730016877292
2916.0;49.99779505085133;-0.38030351;0.0;1.1331922000875858e-15;0.14458098477012168;0.0;0.011426579989339231;0.3815656375578325;0.023543999999816323;0.0;0.0;1.644225085586371e-13;0.0;-0.18094472884246246
2917.0;49.9976532604508;-0.379991472;0.0;1.13319209895067e-15;0.17004428780914493;0.0;0.011345400003243215;0.3861380604634419;0.023543999999816323;0.0;0.0;1.6442249337974362e-13;0.0;-0.21120091708466704
2918.0;49.99767018205161;-0.376193554;0.0;1.1331920195870978e-15;0.16501047460519055;0.0;0.010986029999635145;0.39042394438004663;0.023543999999816323;0.0;0.0;1.6442248146867885e-13;0.0;-0.21389467129208567
2919.0;49.99786406636293;-0.37174465799999995;0.0;1.1331922769002975e-15;0.13884736804246534;0.0;0.010357380003507019;0.39185054054102014;0.023543999999816323;0.0;0.0;1.6442252008684651e-13;0.0;-0.19299036530279287
2920.0;49.99854185313044;-0.364775244;0.0;1.1331951190249013e-15;0.09646949763500437;0.0;0.010341540003947018;0.3808035665151699;0.023543999999816326;0.0;0.0;1.6442294663943488e-13;0.0;-0.14652094246853603
2921.0;49.9990216898391;-0.359981654;0.0;1.1331979355219766e-15;0.049916662467183445;0.0;0.010779119995675105;0.37508499100390774;0.023543999999816326;0.0;0.0;1.6442336934586604e-13;0.0;-0.09946427772209236
2922.0;49.99921991184137;-0.358116628;0.0;1.1331993166224657e-15;0.015650149748955823;0.0;0.010819710004255113;0.3648000869039311;0.02354399999981633;0.0;0.0;1.644235766246355e-13;0.0;-0.056806545322427356
2923.0;49.99930366582163;-0.358870378;0.0;1.133199835661614e-15;0.001836984137978655;0.0;0.010877129991011125;0.3702321256597661;0.023543999999816333;0.0;0.0;1.6442365452320646e-13;0.0;-0.04772545730196048
2924.0;49.99925827158069;-0.35574118999999993;0.0;1.133199652690136e-15;0.00044532951463519346;0.0;0.010604880000515071;0.37232934348952346;0.023543999999816333;0.0;0.0;1.6442362706243864e-13;0.0;-0.05128754128230882
2925.0;49.99928026185517;-0.348217192;0.0;1.1331996791844523e-15;0.0002465224744400774;0.0;0.009933659991978941;0.3814315134474336;0.023543999999816333;0.0;0.0;1.6442363103879924e-13;0.0;-0.06704519438605337
2926.0;49.99930736516504;-0.337723448;0.0;1.133199704667285e-15;0.00019880703974721746;0.0;0.008910000000998735;0.3933198125553026;0.023543999999816333;0.0;0.0;1.644236348633205e-13;0.0;-0.08835788623229612
2927.0;49.999299183270324;-0.32778109799999994;0.0;1.1331996999202608e-15;0.00013519031825170633;0.0;0.007420050001614442;0.3894545906213128;0.023543999999816333;0.0;0.0;1.644236341508595e-13;0.0;-0.09288077075855816
2928.0;49.99929982643473;-0.318297202;0.0;1.133199700277154e-15;0.0001431418519826401;0.0;0.006237989999502208;0.38975941926173585;0.023543999999816333;0.0;0.0;1.644236342043936e-13;0.0;-0.10149544057915731
2929.0;187.1977868789074;-0.292702232;0.0037799999999916347;3.7398457014693175e-15;0.004341962104112988;0.0;0.006562710006022592;0.1979798122469725;0.02354399999993095;1.2452236868591482e-14;0.056510173089478824;5.613691168189999e-13;3.5616855846301334e-14;-2.4743128830231105e-12
2930.0;187.1977859031374;-0.286766282;0.0037799999999916347;3.739845912887473e-15;0.0033876854621216848;0.0;0.006887429997002657;0.19422432933827974;0.02354399999993095;1.245223847496573e-14;0.05496008296367343;5.613691507771422e-13;3.5616858861917504e-14;-2.4743127529545427e-12
2931.0;187.19778498954315;-0.28488775399999994;0.0037799999999916347;3.739846092207093e-15;0.0025765497822313127;0.0;0.006789420001666636;0.19099314977023754;0.02354399999993095;1.2452239837454176e-14;0.057222584196281394;5.613691795795711e-13;3.561686141969567e-14;-2.474312642633878e-12
2932.0;187.1977837944643;-0.284428702;0.0037799999999916347;3.739846282822444e-15;0.0017097471339171466;0.0;0.0069517800049226685;0.18743885414393213;0.02354399999993095;1.245224128576665e-14;0.0610230402110462;5.613692101964207e-13;3.561686413859957e-14;-2.4743125253642758e-12
2933.0;187.1977974873782;-0.286179918;0.0037799999999916347;3.739846567639854e-15;0.0007316123294146099;0.0;0.006829020000566644;0.19039568782391492;0.02354399999993095;1.2452243449837537e-14;0.06091798777577677;5.613692559440581e-13;3.5616868201180823e-14;-2.474312350139298e-12
2934.0;187.19780187947742;-0.29373598199999995;0.0037799999999916347;3.739846611416964e-15;0.0006282334876163892;0.0;0.006631019990534604;0.1920722425542684;0.02354399999993095;1.2452243782459463e-14;0.06709860656845561;5.613692629757137e-13;3.561686882561171e-14;-2.4743123232069175e-12
2935.0;198.405022754368;-0.309565654;0.0037799999999923195;4.063423944048203e-15;0.009280348890341003;3.3848332167238997e-18;0.006376590003426933;0.19086512221031773;0.023543999999935082;1.5129757583535325e-14;0.07610289522996515;6.136595883013827e-13;4.044001704316086e-14;-2.304046357437723e-12
2936.0;187.1973215929095;-0.32789146999999996;0.0037799999999916347;3.739830073352084e-15;0.06387297082116872;0.0;0.0061973999909305175;0.1885301389121195;0.02354399999993095;1.2452118125250662e-14;0.041974122958886126;5.613666066135963e-13;3.5616632930438496e-14;-2.4743224978001807e-12
2937.0;49.99605730318342;-0.345413046;0.002983599857174603;1.8940230241511283e-15;0.19222328600800326;0.0;0.00585090000442004;0.18118377884039163;0.023543999999692724;0.0;0.0;2.7479982585399643e-13;0.0;-0.060382269858307094
2938.0;49.9956575623422;-0.35664029599999997;0.002974867593827991;1.8940218622339125e-15;0.3284941051588148;0.0;0.00560735999953599;0.16521078198151634;0.02354399999969272;0.0;0.0;2.747996514920781e-13;0.0;-0.16918085141839176
2939.0;49.99533256953142;-0.36078862;0.002961832288910492;1.894020948627643e-15;0.4352618459386131;0.0;0.0053727300041119435;0.16696659298480343;0.02354399999969272;0.0;0.0;2.7479951439273356e-13;0.0;-0.27329190264260916
2940.0;0.0006792747139850905;-0.364522208;0.0;0.0;0.5044077928845786;0.0;0.0021245274190065237;0.16722398216695866;0.0;0.0;0.0;0.0;0.0;-0.3092423036341912
2941.0;0.00044516941115238463;-0.36795917199999995;0.0;0.0;0.5282780819135144;0.0;0.00013585835303698011;0.14878867608861832;0.0;0.0;0.0;0.0;0.0;-0.30924230363419125
2942.0;0.0004458621391059929;-0.366841356;0.0;0.0;0.5169228788629155;0.0;0.0001359630674322276;0.15902592658659914;0.0;0.0;0.0;0.0;0.0;-0.30924230363419125
2943.0;0.000667931057659007;-0.360323052;0.0;0.0;0.4888677156947356;0.0;0.0005531801446792086;0.18013662305322017;0.0;0.0;0.0;0.0;0.0;-0.30924230363419125
2944.0;49.99529800063853;-0.351391586;0.002961853772960871;1.8940202427986268e-15;0.41154805215400975;0.0;0.005752889993552018;0.20275342243465314;0.02354399999969272;0.0;0.0;2.747994084732384e-13;0.0;-0.2951464326748058
2945.0;49.9957107243595;-0.340799234;0.002975040391336945;1.894021650288621e-15;0.2907285757124068;0.0;0.00540143998972395;0.19617522995637665;0.023543999999692724;0.0;0.0;2.747996196867768e-13;0.0;-0.17802139576343098
2946.0;49.99617751275054;-0.33293424199999994;0.0029843623758295055;1.894023595880177e-15;0.15196073012943975;0.0;0.005233139990515916;0.18190317291295663;0.023543999999692727;0.0;0.0;2.7479991164989335e-13;0.0;-0.03270425669076102
2947.0;224.20793787413012;-0.32809220599999994;0.0037799999999935585;5.071614133285507e-15;0.04406376115955904;3.616463491865674e-18;0.005583600000215504;0.1711671251951256;0.023543999999942937;3.10557979365116e-14;0.07610289523097451;7.807525414592884e-13;5.87051559781198e-14;-1.9909903938216983e-12
2948.0;402.0538927360665;-0.33018442600000003;0.003779999999997165;0.017531999999992887;0.008842970909084381;6.662682316935266e-18;0.0056459700043099935;0.1734960119428872;0.023543999999969;0.003966666666662231;0.07610289523133827;0.001497999999120874;0.00759656371133854;-1.0341599965848484e-12
2949.0;389.37684074571507;-0.32624484;0.0037799999999970336;0.01753199999999142;0.004477152422916402;6.305215489289371e-18;0.004689629988161702;0.1783976496908085;0.023543999999967955;0.003966666666661859;0.07610289523133354;0.0014979999989623118;0.0075965637113352994;-1.0705366113657028e-12
2950.0;328.00585486606224;-0.318840048;0.003779999999996225;0.014714402432813448;0.00465210308124153;4.9670977953147044e-18;0.004118400009852987;0.1796169620189118;0.0235439999999617;0.003966666666658565;0.07610289523129854;0.001497999992121162;0.007596563711294749;-1.2912051094776583e-12
2951.0;328.0064410533752;-0.309782502;0.0037799999999962256;0.005226032062831977;0.004652103081241531;4.9671142370124374e-18;0.0035818200131088797;0.18061070197953624;0.023543999999961703;0.003966666666658565;0.07610289523129854;0.001497999992121949;0.007596563711294751;-1.2912010343014398e-12
2952.0;300.51694012472865;-0.300297566;0.003779999999995735;1.9200081578255807e-14;0.004548722458773669;4.525568999108376e-18;0.002839319991020384;0.18200681538814056;0.023543999999958046;0.003966666666655009;0.0761028952312706;4.056901669823225e-12;0.007596563711193345;-1.4228851942840574e-12
2953.0;187.19773147079403;-0.21636805400000003;0.0037799999999950274;2.3400718270249474e-15;0.0033399709178332767;0.0;0.003450149999292485;0.1688382373306418;0.023543999999956947;8.07274637373224e-15;0.013437315373364827;3.512976068713669e-13;2.2285166044799245e-14;-1.5481686331095518e-12
2954.0;187.19771961119775;-0.213344522;0.0037799999999950274;2.3400720020707337e-15;0.0018608405201534627;0.0;0.0037194299918125377;0.15822411950514054;0.023543999999956947;8.072747853746571e-15;0.02223984734610676;3.5129763499406015e-13;2.228516854144359e-14;-1.5481685254237675e-12
2955.0;187.19770801120055;-0.21069134399999995;0.0037799999999950274;2.340072085531965e-15;0.0010337999921420063;0.0;0.0036402300095445227;0.14998766306471736;0.023543999999956947;8.072748559413221e-15;0.028730933901618388;3.5129764840281297e-13;2.228516973183404e-14;-1.5481684740797363e-12
2956.0;187.19769551174403;-0.208133686;0.0037799999999950274;2.3400721416108624e-15;0.00038171101280325674;0.0;0.003906539988556576;0.1419401985721585;0.023543999999956947;8.072749033561388e-15;0.034608022500543935;3.512976574124642e-13;2.2285170531675688e-14;-1.5481684395807213e-12
2957.0;187.19770904297437;-0.20862567799999998;0.0037799999999950274;2.340072189867592e-15;0.00031809251064852934;0.0;0.004218389993484638;0.14798798892573414;0.023543999999956947;8.072749441572264e-15;0.028802964297886324;3.512976651653179e-13;2.228517121995135e-14;-1.5481684098938295e-12
2958.0;187.19764540664679;-0.21025966599999998;0.0037799999999950274;2.340070866861218e-15;0.008357880163996198;0.0;0.004276799989920649;0.1463419169477441;0.023543999999956947;8.07273825553937e-15;0.02398363927165319;3.512974526123156e-13;2.22851523501812e-14;-1.548169223789301e-12
2959.0;49.99760115933557;-0.21532222199999995;0.002849938399400092;1.1851055690194665e-15;0.04152697349712906;0.0;0.0041084999907010965;0.14434224392535205;0.0235439999998079;0.0;0.0;1.7195429898243047e-13;0.0;-0.0009783515361724046
2960.0;49.99723042921232;-0.22741563799999995;0.0029480196778228006;1.1851036668140736e-15;0.12687118567956462;0.0;0.00392336999778506;0.14011732551347414;0.0235439999998079;0.0;0.0;1.7195401349735301e-13;0.0;-0.06992058665959183
2961.0;49.99668893860039;-0.24291195200000004;0.0030651695006401886;1.1851013805685234e-15;0.236589234830662;0.0;0.003690720006189014;0.14104400341889917;0.023543999999807896;0.0;0.0;1.719536703751318e-13;0.0;-0.1649487721944358
2962.0;49.996244426746046;-0.25595198999999996;0.003152977626813815;1.185099041705244e-15;0.32823167961674515;0.0;0.0033828299933849532;0.14249498578176353;0.023543999999807892;0.0;0.0;1.7195331935604994e-13;0.0;-0.24478690953980853
2963.0;49.9960178251952;-0.264640648;0.0031859173707852375;1.1850977383601616e-15;0.37238291566047793;0.0;0.0036847800102370117;0.1489024737300161;0.023543999999807892;0.0;0.0;1.7195312374864383e-13;0.0;-0.2869963309825344
2964.0;49.99618086759361;-0.269110178;0.0030730811593128278;1.1850982791242616e-15;0.390363092717425;0.0;0.0037144800055290183;0.15678533135981268;0.023543999999807892;0.0;0.0;1.719532049070819e-13;0.0;-0.30831255286396525
2965.0;3.0170735394620647;-0.269577506;0.0;0.0;0.4023154178008003;0.0;0.003703590007526924;0.17132563550301774;0.0;0.0;0.0;0.0;0.0;-0.3092423036354459
2966.0;0.0005983651753159549;-0.268108186;0.0;0.0;0.4019464203227605;0.0;0.000307271169649039;0.17508902822495068;0.0;0.0;0.0;0.0;0.0;-0.3092423036356406
2967.0;0.0005959701275819595;-0.26558295;0.0;0.0;0.3806052975045662;0.0;0.0023273113728814656;0.19188916865576472;0.0;0.0;0.0;0.0;0.0;-0.3092423036356406
2968.0;10.235103213518732;-0.26195570599999995;0.0;0.0;0.3354523782740057;0.0;0.003909510001992412;0.21353214600524842;0.023543999973504245;0.0;0.0;0.0;0.0;-0.309242303634839
2969.0;49.996514268650856;-0.25674257199999995;0.003031565258232258;1.185100073877131e-15;0.2606688365607319;0.0;0.004137210007377102;0.21730591968318894;0.023543999999807896;0.0;0.0;1.7195347426549782e-13;0.0;-0.2518814048576597
2970.0;49.99689144117634;-0.253706318;0.0029237346867287376;1.1851018516990762e-15;0.17433058383534317;0.0;0.0039570300007330675;0.2276334985196855;0.0235439999998079;0.0;0.0;1.7195374108289246e-13;0.0;-0.17861848318825937
2971.0;49.99739357729214;-0.246600178;0.002821304516494876;1.18510374417558e-15;0.08384917782649583;0.0;0.003381839999236953;0.22568869445174522;0.0235439999998079;0.0;0.0;1.7195402510786689e-13;0.0;-0.0926298057920056
2972.0;49.99763199574512;-0.24551101799999997;0.0020156388372157543;1.1851046551005303e-15;0.021964286310374406;0.0;0.003870899997301049;0.22009814650040943;0.0235439999998079;0.0;0.0;1.7195416182045282e-13;0.0;-0.025930350793702914
2973.0;49.99769901125645;-0.24408021799999996;0.001790457673663268;1.1851049634952125e-15;0.007005987660612141;0.0;0.0034065900082569573;0.21957993747665389;0.023543999999807903;0.0;0.0;1.7195420810469776e-13;0.0;-0.011195215061908887
2974.0;49.99107159747084;-0.242476066;0.0019711759418291515;1.1850709740105578e-15;0.005328049332407528;0.0;0.0033491700059689444;0.21810457002868772;0.023543999999807864;0.0;0.0;1.719491069303019e-13;0.0;-0.009780523602110118
2975.0;49.99770483912958;-0.239416334;0.0017843469972475203;1.1851049784817774e-15;0.005336001756468146;0.0;0.0035580599982249885;0.22139061743419516;0.023543999999807903;0.0;0.0;1.719542103538794e-13;0.0;-0.01614536952003851
2976.0;49.99770558294345;-0.233965196;0.0017847245681452406;1.1851049871336756e-15;0.005328049332407604;0.0;0.0037530899947490265;0.22059806363916915;0.023543999999807903;0.0;0.0;1.7195421165234616e-13;0.0;-0.020991315958187946
2977.0;187.19767233691073;-0.23625612599999996;0.0037799999999954485;2.1661713217542437e-15;0.0049940528641950945;0.0;0.0006969599961682522;0.14717105004561157;0.023543999999960173;7.50032401369769e-15;0.05609510612216021;3.251959567328507e-13;2.0628970910295356e-14;-1.4330871694396187e-12
2978.0;187.1976749251943;-0.230876266;0.003779999999995449;2.166171406879353e-15;0.0043976290726209216;0.0;0.0006949800078722519;0.14630533764491338;0.023543999999960173;7.50032474104552e-15;0.052179620244057506;3.2519597040940323e-13;2.0628972124409087e-14;-1.4330871170742262e-12
2979.0;187.19768034599383;-0.228230192;0.003779999999995449;2.1661715142040685e-15;0.0036898722345287713;0.0;0.0009880199997323099;0.14636630314964016;0.023543999999960173;7.500325658076203e-15;0.04988741654125597;3.251959876525518e-13;2.0628973655145585e-14;-1.4330870510528057e-12
2980.0;187.19768477277205;-0.229598176;0.003779999999995449;2.1661715834201885e-15;0.003252496033835829;0.0;0.001664190010072444;0.1469028007080249;0.023543999999960173;7.500326249490954e-15;0.05048009691056429;3.2519599877306455e-13;2.0628974642353334e-14;-1.4330870084738904e-12
2981.0;187.1976579755773;-0.23483739599999998;0.0037799999999954485;2.1661710684663046e-15;0.006632228181767315;0.0;0.0018592200065964824;0.14618950318593246;0.023543999999960173;7.500321849490285e-15;0.05285735682713751;3.2519591603866647e-13;2.0628967297732665e-14;-1.4330873252513914e-12
2982.0;187.19745945478232;-0.247998602;0.003779999999995449;2.166167383337952e-15;0.030680019325265442;0.0;0.0021364199988965376;0.13747751245827375;0.023543999999960173;7.50029036216799e-15;0.05040266239865345;3.2519532397189043e-13;2.0628914738001228e-14;-1.4330895921910419e-12
2983.0;187.19689770474156;-0.260504306;0.0037799999999954485;2.1661566293540786e-15;0.10121702802475938;0.0;0.002523509993968615;0.12144355009467164;0.023543999999960173;7.500198476353338e-15;0.008008086581285665;3.251935961965248e-13;2.062876135808138e-14;-1.4330962076870014e-12
2984.0;49.995785568420864;-0.282991706;0.0027767673986211806;1.0970221669913234e-15;0.22279992649190125;0.0;0.0027026999909219858;0.11294494086695142;0.023543999999822193;0.0;0.0;1.5917479937522455e-13;0.0;-0.08179109051435318
2985.0;49.99538023342209;-0.299669312;0.002770131247364207;1.0970213588713195e-15;0.3611781077475498;0.0;0.0028769400016140203;0.11060995756875967;0.023543999999822193;0.0;0.0;1.5917467809002233e-13;0.0;-0.2013068565607187
2986.0;10.000067120162102;-0.31413971399999996;0.0;0.0;0.4816794916766459;0.0;0.0030135600016438554;0.1166089755175551;0.02207049892595735;0.0;0.0;0.0;0.0;-0.3092423036351054
2987.0;0.00043158507344413414;-0.324864266;0.0;0.0;0.5434329025119673;0.0;0.00012674332287778336;0.09054864939596534;0.0;0.0;0.0;0.0;0.0;-0.30924230363582017
2988.0;0.0004321454015187752;-0.32717852199999997;0.0;0.0;0.5372996215142859;0.0;0.0001268326127515244;0.09899607602114777;0.0;0.0;0.0;0.0;0.0;-0.30924230363582017
2989.0;0.0004322044816413268;-0.3253452439999999;0.0;0.0;0.529472238567035;0.0;0.00012684198139961;0.10499016921186294;0.0;0.0;0.0;0.0;0.0;-0.30924230363582017
2990.0;0.0004322493479969007;-0.32411657000000005;0.0;0.0;0.5151334629598175;0.0;0.00012684910969949307;0.11810026185422333;0.0;0.0;0.0;0.0;0.0;-0.30924230363582017
2991.0;0.0004335411026357618;-0.32026261;0.0;0.0;0.49893598437882597;0.0;0.0001270596969055609;0.13044351033230017;0.0;0.0;0.0;0.0;0.0;-0.30924230363582017
2992.0;10.000719866299239;-0.313898954;0.0;0.0;0.4315640212784898;0.0;0.005063850012644263;0.18231164291059773;0.004176033073949165;0.0;0.0;0.0;0.0;-0.3092423036351054
2993.0;49.9952381216507;-0.305406804;0.0027607265900209464;1.0970203148352044e-15;0.3318181721192967;0.0;0.005029200000074445;0.19010305116751397;0.023543999999822193;0.0;0.0;1.5917452139784513e-13;0.0;-0.2478522215335431
2994.0;49.99553190851415;-0.297597986;0.002762312042291464;1.0970208327083406e-15;0.23410811413699203;0.0;0.0048480299992824105;0.19737625263325373;0.023543999999822193;0.0;0.0;1.5917459912188098e-13;0.0;-0.16505869435047626
2995.0;49.99589362535759;-0.28673783399999997;0.0027537449646214715;1.0970218364729172e-15;0.1298851116627236;0.0;0.004667850008170376;0.2024485937944118;0.023543999999822197;0.0;0.0;1.591747497699787e-13;0.0;-0.07658989800796681
2996.0;187.19739290225544;-0.273884364;0.0037799999999954485;2.166164499729034e-15;0.05131626951491953;0.0;0.004949009992605095;0.17808672449990165;0.023543999999960173;7.50026572347465e-15;0.012219614789647164;3.2519486068033365e-13;2.0628873610125576e-14;-1.433091366079452e-12
2997.0;187.19767023865282;-0.2660599679999999;0.0037799999999954485;2.1661702456207667e-15;0.013161076631522607;0.0;0.004670819990625039;0.17447146225208063;0.023543999999960173;7.500314818731344e-15;0.04645146389998409;3.251957838371617e-13;2.0628955561758757e-14;-1.433087831430712e-12
2998.0;187.19775640879516;-0.263090676;0.003779999999995449;2.1661715412412474e-15;0.00504176562789913;0.0;0.0042243299894369505;0.18628050732059376;0.023543999999960173;7.50032588909547e-15;0.04023838210174869;3.251959919964908e-13;2.0628974040766847e-14;-1.433087034420685e-12
2999.0;187.19775641244132;-0.25542281599999994;0.003779999999995449;2.1661715600120475e-15;0.0048986246657981986;0.0;0.003709530003736849;0.18578668561551787;0.023543999999960173;7.500326049480459e-15;0.03372239584462087;3.251959950122362e-13;2.062897430848579e-14;-1.4330870228736573e-12
3000.0;187.19773543934235;-0.23952823999999998;0.003779999999995449;2.1661715328811898e-15;0.004675959463091851;0.0;0.0037560600082688586;0.17530059534994277;0.023543999999960173;7.500325817662284e-15;0.02849188920905746;3.2519599065335626e-13;2.0628973921530054e-14;-1.4330870395634737e-12
3001.0;279.73590299014165;-0.235649626;0.00377999999999685;7.758849319543378e-15;0.004214725099908361;3.2218615665220972e-18;0.0012770999994690614;0.1228884359070752;0.023543999999967962;0.003966666666653939;0.07610289523128912;1.345871215398195e-12;1.6303489431409356e-12;-1.6856003353698999e-12
3002.0;279.49066895589056;-0.23372985399999996;0.003779999999996846;7.719900431231442e-15;0.0032843048397689922;3.219241117458371e-18;0.001370159993001077;0.12198004876985705;0.023543999999967934;0.003966666666653864;0.07610289523128878;1.3375265766775448e-12;1.3973900991212293e-12;-1.6885279836799328e-12
3003.0;306.4746126769673;-0.23165136199999994;0.0037799999999972517;1.742056728527545e-14;0.00259245374013592;3.537661269620037e-18;0.001391940004045363;0.11437763246180857;0.02354399999997089;0.0039666666666589925;0.0761028952313171;4.283657124362516e-12;0.007596563711272166;-1.4187441037764563e-12
3004.0;317.8998933089063;-0.22987919599999998;0.0037799999999973983;3.714940222545326e-14;0.0026242625460515955;3.691355720614595e-18;0.0013018500084894494;0.11122570916670182;0.023543999999971983;0.003966666666660107;0.07610289523132555;6.042107423145327e-11;0.007596563711301417;-1.33041079758223e-12
3005.0;328.0067169983803;-0.23228292;0.0037799999999975184;0.007931698765733023;0.0031173057151709115;3.8387904757729576e-18;0.0013196699963455396;0.10424514435722997;0.02354399999997289;0.003966666666660856;0.0761028952313319;0.0014979999943919645;0.007596563711315426;-1.2613610870310403e-12
3006.0;334.70498103295876;-0.24192830399999998;0.0037799999999975934;0.017531999999944644;0.012922507471061098;3.942901934250742e-18;0.0013048199909335909;0.09501494683939446;0.023543999999973454;0.003966666666661264;0.07610289523133562;0.001497999996735564;0.007596563711321792;-1.2196573408372115e-12
3007.0;281.2039054954635;-0.25772025;0.003779999999996875;8.004534297138251e-15;0.060334191972790906;3.2378934336342503e-18;0.000992970001537022;0.08538237587356355;0.02354399999996814;0.003966666666654383;0.07610289523129107;1.3989684840318587e-12;0.00480814135395188;-1.6680221077901265e-12
3008.0;187.19639551177295;-0.275869858;0.003779999999994255;2.658714254029496e-15;0.15689911691626296;0.0;0.0008870400064194061;0.0825596674207412;0.023543999999951028;9.106632046408143e-15;0.008208261450048002;3.9912203300607393e-13;2.5319751455211024e-14;-5.727394319030402e-12
3009.0;153.5008045843319;-0.291485634;0.0037799999999921564;2.145170694617644e-15;0.27503866384327563;0.0;0.0008266499906223469;0.07913339823755526;0.023543999999939433;5.738555515662039e-15;3.4263894471093006e-13;3.17724137459126e-13;1.863750545162327e-14;-0.09151130405493431
3010.0;153.50012118682642;-0.301866766;0.0037799999999921564;2.1451595394191393e-15;0.3675240531151617;0.0;0.0007335900126223283;0.08256576285440703;0.02354399999993943;5.738497929347486e-15;3.426297209083769e-13;3.1772239297279914e-13;1.863737302971688e-14;-0.1769724207633299
3011.0;153.49970115731495;-0.31090586600000003;0.0037799999999921564;2.145152683737286e-15;0.424359225688878;0.0;0.0005553899942742931;0.0846264013813282;0.02354399999993943;5.738462538632581e-15;3.4262405240871715e-13;3.17721320859406e-13;1.8637291647061174e-14;-0.2266617177661704
3012.0;153.49953075848552;-0.316126346;0.0037799999999921564;2.145149751572326e-15;0.4488443948137283;0.0;0.00045342000681427295;0.09033278602522268;0.02354399999993943;5.73844740213937e-15;3.4262162804605276e-13;3.177208623181924e-13;1.863725683987938e-14;-0.25153631825502604
3013.0;153.49953046882632;-0.316957234;0.0037799999999921564;2.145149436656932e-15;0.45182651199093987;0.0;0.00034155000021425074;0.100416502842812;0.02354399999993943;5.738445776477031e-15;3.426213676704051e-13;3.1772081307070216e-13;1.8637253101582003e-14;-0.2636617057439571
3014.0;153.49958428326903;-0.316060228;0.0037799999999921564;2.145149996062686e-15;0.4475720256609633;0.0;0.00030690000311824403;0.11053070129597586;0.02354399999993943;5.738448664251791e-15;3.4262183019365245e-13;3.1772090055228977e-13;1.8637259742178267e-14;-0.2703847611218928
3015.0;153.4998591214188;-0.31163686599999996;0.0037799999999921564;2.145154161544095e-15;0.41346455875295784;0.0;0.00037916999528625836;0.11997427808035613;0.02354399999993943;5.738470167416852e-15;3.426252742943756e-13;3.177215519634845e-13;1.8637309189842982e-14;-0.25021182693706273
3016.0;153.50028489043447;-0.305280928;0.0037799999999921564;2.145161071634e-15;0.3562397227422526;0.0;0.0004019400004782628;0.11929146442741602;0.02354399999993943;5.738505839045605e-15;3.426309878139743e-13;3.177226325855159e-13;1.8637391218410423e-14;-0.1986722443336294
3017.0;153.5009486059414;-0.297295516;0.0037799999999921564;2.145171791190696e-15;0.2675078242071658;0.0;0.0003861000009182598;0.11971822407729245;0.023543999999939433;5.738561176513758e-15;3.4263985144646965e-13;3.177243089448856e-13;1.8637518468925796e-14;-0.11832047804428897
3018.0;153.50161175829402;-0.28913745999999996;0.003779999999992157;2.1451825348062867e-15;0.17857711952221347;0.0;0.0003950099948462615;0.11942558742102609;0.02354399999993943;5.738616638686659e-15;3.4264873534377e-13;3.177259890676169e-13;1.863764600550995e-14;-0.03724767317521719
3019.0;187.19697487607328;-0.279170512;0.003779999999994255;2.6587270776695726e-15;0.08947146239829014;0.0;0.00037719000699130517;0.11656020311494034;0.023543999999951028;9.106738225835118e-15;0.045452513908128975;3.9912409312741023e-13;2.531993435758498e-14;-5.7272842196150035e-12
3020.0;328.032933715289;-0.27055349199999995;0.0037799999999975184;0.006235407841560262;0.029073652813640466;3.838396366240796e-18;0.00029997001302133736;0.11453004734041772;0.023543999999972882;0.003966666666660854;0.07610289523133189;0.001497999994376281;0.007596563711315397;-1.2615290344723397e-12
3021.0;501.3269148524542;-0.26760181599999994;0.0037799999999987392;0.01753199999999784;0.007888693376803509;1.0296722710409308e-17;0.00032274000268228285;0.12376024485827036;0.02354399999998259;0.0039666666666647015;0.07610289523137714;0.0014979999997199215;0.007596563711355449;-6.810873700762167e-13
3022.0;404.5814444636971;-0.263123076;0.0037799999999982054;0.017531999999995117;0.005463237870850643;5.4615931169034305e-18;0.0003365999984138601;0.1274303760603382;0.023543999999978228;0.0039666666666635505;0.0761028952313608;0.0014979999993965463;0.0075965637113469785;-9.117951110211144e-13
3023.0;328.0067504684833;-0.25489510800000004;0.0037799999999975184;0.006832614009678567;0.005280334788431642;3.838790302757617e-18;0.00028809000558533516;0.1268207198962725;0.02354399999997289;0.003966666666660856;0.0761028952313319;0.0014979999943919575;0.007596563711315426;-1.2613611607423455e-12
3024.0;313.62737653330737;-0.24582392199999997;0.0037799999999973454;2.6123811596973704e-14;0.005272383254696994;3.632592845171955e-18;0.0002574000006132044;0.12749743811552666;0.023543999999971584;0.0039666666666597315;0.07610289523132258;1.0283766445434231e-11;0.007596563711292921;-1.3619215126567648e-12
3025.0;49.99890723723135;-0.27715938799999995;0.00033362865646594094;1.146686894256689e-15;0.0016540810555696866;0.0;0.011514689996599074;0.33893846284258916;0.023543999999814144;0.0;0.0;1.663804093010795e-13;0.0;-0.09886055519482598
3026.0;49.99891683992977;-0.274425584;0.0003387231940149903;1.1466869781684167e-15;0.0008349929516187725;0.0;0.011376089992683048;0.3323480772633673;0.02354399999981414;0.0;0.0;1.6638042189472338e-13;0.0;-0.09405062851850701
3027.0;49.99891745955536;-0.271983504;0.0003297615543130031;1.146686972591738e-15;0.0004135207087173063;0.0;0.010767240003770924;0.3336344538802581;0.02354399999981414;0.0;0.0;1.6638042105774584e-13;0.0;-0.09673995560783598
3028.0;49.99891959178661;-0.27159188;0.0003352715921645842;1.146686996396228e-15;0.00040556828465676445;0.0;0.010099979987358792;0.33136653152047696;0.02354399999981414;0.0;0.0;1.663804246303906e-13;0.0;-0.09419369253113283
3029.0;49.9989193111613;-0.278729606;0.0003348154726436115;1.1466869934532089e-15;0.00041352070871730637;0.0;0.009145620006102605;0.3316347797412748;0.02354399999981414;0.0;0.0;1.6638042418867616e-13;0.0;-0.08637738210585794
3030.0;49.99891638988465;-0.29532263400000003;0.00034168892606365603;1.1466869775628997e-15;0.0009860872281098531;0.0;0.00736461000315425;0.3321346991136123;0.02354399999981414;0.0;0.0;1.663804218038369e-13;0.0;-0.06908275423238816
3031.0;49.998889363084565;-0.310248154;0.00048359047158969166;1.146686927387509e-15;0.009351918925962096;0.0;0.007281449997698234;0.32133768365714166;0.023543999999814144;0.0;0.0;1.6638041427341725e-13;0.0;-0.05178347066650775
3032.0;49.99865252130292;-0.321943738;0.0012996833525486626;1.1466859593812905e-15;0.06502605539343145;0.0;0.008210069991318418;0.3092542949341469;0.02354399999981414;0.0;0.0;1.6638026899310133e-13;0.0;-0.08542152443620402
3033.0;49.99822731436634;-0.333704636;0.003136925488573609;1.1466844844261446e-15;0.19127696090003826;0.0;0.008340749995454444;0.2809296588979012;0.02354399999981414;0.0;0.0;1.6638004762884191e-13;0.0;-0.17354729990816536
3034.0;49.997857064024494;-0.34385840999999995;0.0031805184972337583;1.1466852220057394e-15;0.3282952963382559;0.0;0.008593199994266495;0.2694193459193382;0.02354399999981414;0.0;0.0;1.6638015832626154e-13;0.0;-0.2891527767345035
3035.0;0.0006412121914719932;-0.351705798;0.0;0.0;0.4148967051509539;0.0;0.0011990722321634907;0.24484668152253766;0.0;0.0;0.0;0.0;0.0;-0.309242303635719
3036.0;0.00048222134672477657;-0.355918014;0.0;0.0;0.4323258670325003;0.0;0.0004997990007608416;0.23233632571847668;0.0;0.0;0.0;0.0;0.0;-0.30924230363571903
3037.0;0.0004822166493418258;-0.35241599999999995;0.0;0.0;0.42455923945279933;0.0;0.0022332163222274553;0.23486752280841885;0.0;0.0;0.0;0.0;0.0;-0.30924230363571903
3038.0;0.00048221630812923913;-0.35260411599999997;0.0;0.0;0.41463318989671516;0.0;0.003167676215299574;0.24404722852461072;0.0;0.0;0.0;0.0;0.0;-0.30924230363571903
3039.0;0.0006072740031534707;-0.348337442;0.0;0.0;0.3883878187657178;0.0;0.009515848330479918;0.2596721754039158;0.0;0.0;0.0;0.0;0.0;-0.309242303635719
3040.0;49.99798430662756;-0.34001341;0.0031864411071433583;1.1466856345094623e-15;0.30729324087412413;0.0;0.01104443999607098;0.25189172533956294;0.02354399999981414;0.0;0.0;1.663802202356639e-13;0.0;-0.256928590652745
3041.0;49.99841398976901;-0.32943376999999996;0.0031844793405247894;1.1466860170004736e-15;0.19025906575589224;0.0;0.010920690013098958;0.2370161097993477;0.02354399999981414;0.0;0.0;1.663802776406801e-13;0.0;-0.13550208361765517
3042.0;49.998677770461235;-0.317065346;0.0017221824209785112;1.1466866539460293e-15;0.0780360377485788;0.0;0.011726550002363114;0.216525558989117;0.02354399999981414;0.0;0.0;1.6638037323476402e-13;0.0;-0.014509405806598699
3043.0;187.1977433993284;-0.31561071999999996;0.003779999999995211;2.2642109987034286e-15;0.016787330364007223;0.0;0.011916630012626302;0.22091508538073734;0.02354399999995835;7.823705069236612e-15;0.0386778793911178;3.3991132933738805e-13;2.156267246301615e-14;-1.497988467047367e-12
3044.0;187.1978823390662;-0.31504307;0.003779999999995211;2.2642131114177803e-15;0.004214725099882432;0.0;0.012193830004926352;0.24174704413422696;0.02354399999995835;7.823723015797265e-15;0.02957239337154216;3.3991166876857427e-13;2.156270259611696e-14;-1.4979871673197703e-12
3045.0;80.83046938454656;-0.30895684799999995;0.0037799999999762264;1.2893833445575088e-15;0.0028151189426485054;0.0;0.01222649999818901;0.26017695641744465;0.023543999999895114;0.0;9.240084501094574e-14;1.8788854585813773e-13;0.0;-5.728702969616593e-12
3046.0;49.9989670353242;-0.299046064;0.0005181182864683819;1.1466875960789733e-15;0.0023697885370631655;0.0;0.011856239996819142;0.26941325048565434;0.023543999999814144;0.0;0.0;1.663805146320098e-13;0.0;-0.008682421093190387
3047.0;49.99896214093668;-0.28965763599999994;0.00047649894973486487;1.1466875161174066e-15;0.001574558595623485;0.0;0.012074039998535189;0.27875928246247167;0.023543999999814144;0.0;0.0;1.6638050263119593e-13;0.0;-0.026798901907828684
3048.0;49.99895862953213;-0.280673854;0.0004539707368222771;1.1466874529037987e-15;0.0008270405275582316;0.0;0.011769119999239127;0.28634950455279073;0.02354399999981414;0.0;0.0;1.6638049314397714e-13;0.0;-0.042298815762859716
3049.0;0.7833987526412816;-0.26179062200000003;0.0;0.0;0.00013519027677758266;0.0;0.005922180001058711;0.3361828164211122;0.0;0.0;0.0;0.0;0.0;-0.0787825578859325
3050.0;0.7833298938642523;-0.19981043599999998;0.0;0.0;0.00015904576830012756;0.0;0.005219280008934548;0.30426120890525193;0.0;0.0;0.0;0.0;0.0;-0.10815663964832108
3051.0;0.7833239528529854;-0.19962718799999998;0.0;0.0;0.00013519027677689135;0.0;0.005873669992698676;0.3014324027851954;0.0;0.0;0.0;0.0;0.0;-0.10614112344708516
3052.0;0.7833686040064218;-0.250501682;0.0;0.0;0.00013519027677730866;0.0;0.005164830004622551;0.3222338787863218;0.0;0.0;0.0;0.0;0.0;-0.07536280651552903
3053.0;0.7833568730381834;-0.24894927999999994;0.0;0.0;0.00013519027677720314;0.0;0.00522819000286256;0.3168201307986936;0.0;0.0;0.0;0.0;0.0;-0.07156388337716142
3054.0;0.7833584564189295;-0.250325558;0.0;0.0;0.0001669981923611473;0.0;0.005049990000046524;0.31766755243118505;0.0;0.0;0.0;0.0;0.0;-0.07088878528855795
3055.0;0.78336406456257;-0.25456797800000003;0.0;0.0;0.000858850182335338;0.0;0.00577070999555866;0.3226484453352526;0.0;0.0;0.0;0.0;0.0;-0.07304081687623805
3056.0;0.7832904058369954;-0.261067122;0.0;0.0;0.011403614911241006;0.0;0.006422129996878609;0.32499562285117556;0.0;0.0;0.0;0.0;0.0;-0.08008737820481347
3057.0;0.7827970415183366;-0.271733956;0.0;0.0;0.07555491701341288;0.0;0.007313129995425673;0.318380849953255;0.0;0.0;0.0;0.0;0.0;-0.12785871525574688
3058.0;0.7820765601360548;-0.285557164;0.0;0.0;0.17068047278922982;0.0;0.007939800003256147;0.31375965464383576;0.0;0.0;0.0;0.0;0.0;-0.20518319506738986
3059.0;0.7814242080169193;-0.2947062199999999;0.0;0.0;0.25608035194009293;0.0;0.007986329992254671;0.3067181232128212;0.0;0.0;0.0;0.0;0.0;-0.2744535737525829
3060.0;0.0004995470360400206;-0.299899572;0.0;0.0;0.3016859960221252;0.0;0.004835048153258784;0.3026216561434519;0.0;0.0;0.0;0.0;0.0;-0.30924230342098374
3061.0;0.0005069213983470868;-0.304953328;0.0;0.0;0.31238596961771276;0.0;0.0014184225402455457;0.3003915789813479;0.0;0.0;0.0;0.0;0.0;-0.3092423034209823
3062.0;0.00048585631158299346;-0.303414688;0.0;0.0;0.27636653684643414;0.0;0.002864424112328115;0.33342783084359057;0.0;0.0;0.0;0.0;0.0;-0.3092423034209865
3063.0;0.7818420185962656;-0.29843264999999997;0.0;0.0;0.2138058612647587;0.0;0.010525680001319935;0.35385065877848465;0.0;0.0;0.0;0.0;0.0;-0.27812493095687907
3064.0;0.7825113445624211;-0.29036082599999996;0.0;0.0;0.12546362794731622;0.0;0.010188090008757405;0.3586425575011368;0.0;0.0;0.0;0.0;0.0;-0.20229332632415287
3065.0;0.7832507147674134;-0.293548374;0.0;0.0;0.037813243058527186;0.0;0.010707839996263048;0.3978312699322901;0.0;0.0;0.0;0.0;0.0;-0.15115452801998824
3066.0;0.7835680034491089;-0.30803277799999995;0.0;0.0;0.006393658089140541;0.0;0.011084039993579695;0.43605672403837664;0.0;0.0;0.0;0.0;0.0;-0.14385301495722325
3067.0;0.783687153294201;-0.30928639599999996;0.0;0.0;0.0002703779244934306;0.0;0.011295899999343858;0.46999629534464;0.0;0.0;0.0;0.0;0.0;-0.1706322815800189
3068.0;0.7836879948728316;-0.30683231999999994;0.0;0.0;0.00017495150675446794;0.0;0.011037510004579809;0.47005116429889415;0.0;0.0;0.0;0.0;0.0;-0.1727874035119276
3069.0;0.7836836812493008;-0.30143506400000003;0.0;0.0;0.0001590457683033462;0.0;0.011119680000355826;0.4679905257719731;0.0;0.0;0.0;0.0;0.0;-0.17618993023647525
3070.0;0.7836798733762487;-0.2947808679999999;0.0;0.0;0.00014314181051135034;0.0;0.01083555000242377;0.4661615561630137;0.0;0.0;0.0;0.0;0.0;-0.1807148082980081
3071.0;0.7836534003057626;-0.289600666;0.0;0.0;0.0001431418105111098;0.0;0.011042460006383805;0.4539135594604675;0.0;0.0;0.0;0.0;0.0;-0.17385181287536072
3072.0;0.7836371761406914;-0.282857588;0.0;0.0;0.00015109423457175972;0.0;0.011136509994063815;0.44642697984497287;0.0;0.0;0.0;0.0;0.0;-0.17320902732852614
3073.0;1.0600005603502857e-6;-0.34518629;0.0;0.0;0.00011727916806907099;0.0;0.01031829823352909;0.5022859552480599;0.0;0.0;0.0;0.0;0.0;-0.16753578370640398
3074.0;1.0191179726101133e-6;-0.342126032;0.0;0.0;0.00010897255115021286;0.0;0.010149892803432922;0.5031955729167438;0.0;0.0;0.0;0.0;0.0;-0.17132894304704951
3075.0;1.0194353672048642e-6;-0.33979675100000006;0.0;0.0;0.00010897461211879355;0.0;0.010209087968170808;0.5042458469409864;0.0;0.0;0.0;0.0;0.0;-0.17476769532267672
3076.0;1.0599558294947382e-6;-0.336591458;0.0;0.0;0.00011727880377166504;0.0;0.009788298161690167;0.4936298853587499;0.0;0.0;0.0;0.0;0.0;-0.16694454537751444
3077.0;1.0605775259997743e-6;-0.337991848;0.0;0.0;0.000117282592737356;0.0;0.00940765160542127;0.501941962554975;0.0;0.0;0.0;0.0;0.0;-0.17347558985556466
3078.0;1.06117217807338e-6;-0.34373892;0.0;0.0;0.0001172865484085634;0.0;0.01024581589283321;0.5136788614087486;0.0;0.0;0.0;0.0;0.0;-0.18030358500066626
3079.0;1.4426673742310047e-6;-0.358794435;0.0;0.0;0.00015935494270307788;0.0;0.009819632241994438;0.5185418856467722;0.0;0.0;0.0;0.0;0.0;-0.16972700598975024
3080.0;-4.320674935377001e-7;-0.378267044;0.0;0.0;0.004201140591073275;0.0;0.009877201201686671;0.5243747488294854;0.0;0.0;0.0;0.0;0.0;-0.1601864842557882
3081.0;-2.857279638648693e-7;-0.38713706000000003;0.0;0.0;0.02546264920644014;0.0;0.00789970819881994;0.5062998210690792;0.0;0.0;0.0;0.0;0.0;-0.15252556474416
3082.0;-3.617351734044542e-6;-0.39349603099999997;0.0;0.0;0.07244038749190747;0.0;0.00807737208308151;0.5001297857290078;0.0;0.0;0.0;0.0;0.0;-0.18715183368507612
3083.0;-3.231741977923864e-5;-0.40062979499999996;0.0;0.0;0.14108247234327587;0.0;0.00860021036525864;0.4950628861941815;0.0;0.0;0.0;0.0;0.0;-0.24411454046932785
3084.0;-3.2536888249883316e-5;-0.405707559;0.0;0.0;0.1865540048003537;0.0;0.008691376116593262;0.4867933528023927;0.0;0.0;0.0;0.0;0.0;-0.27632977796719704
3085.0;-3.247178627085114e-5;-0.4061362740000001;0.0;0.0;0.19897716191755796;0.0;0.008751769702690072;0.5091070159102505;0.0;0.0;0.0;0.0;0.0;-0.3106982467183389
3086.0;-3.2671587791873076e-5;-0.402828265;0.0;0.0;0.17358704805893596;0.0;0.008889842889653702;0.4875405036700933;0.0;0.0;0.0;0.0;0.0;-0.26718776377733955
3087.0;-1.2523801772358798e-5;-0.399165133;0.0;0.0;0.130822821600843;0.0;0.008585586023402035;0.5055241543628235;0.0;0.0;0.0;0.0;0.0;-0.24576725813646141
3088.0;-3.670812672410649e-6;-0.39285344600000005;0.0;0.0;0.07310893587602108;0.0;0.008327838702679728;0.4910223618610012;0.0;0.0;0.0;0.0;0.0;-0.17960600744575178
3089.0;-2.4268984697892533e-7;-0.390033353;0.0;0.0;0.02675787793919527;0.0;0.008001436833051056;0.48997007210107346;0.0;0.0;0.0;0.0;0.0;-0.13469648286587374
3090.0;-4.292142075665435e-7;-0.39211645100000003;0.0;0.0;0.00600236388063524;0.0;0.007930378415058049;0.49782210037346275;0.0;0.0;0.0;0.0;0.0;-0.11963882953332113
3091.0;-4.173887058542459e-7;-0.39291284800000004;0.0;0.0;0.00035944520550339963;0.0;0.007534561713135474;0.5011835276998385;0.0;0.0;0.0;0.0;0.0;-0.11616512522198379
3092.0;1.3574360512840283e-6;-0.38750029300000005;0.0;0.0;0.00015084153596657605;0.0;0.0054872492557264925;0.49087825658190815;0.0;0.0;0.0;0.0;0.0;-0.1090166168573396
3093.0;1.1956815825504305e-6;-0.378179265;0.0;0.0;0.0001339625993302187;0.0;0.005219400475419131;0.4813177255668975;0.0;0.0;0.0;0.0;0.0;-0.1084923747905346
3094.0;1.1970724545822303e-6;-0.36654282800000004;0.0;0.0;0.00013397062929390517;0.0;0.0051035067653773586;0.4790693858267906;0.0;0.0;0.0;0.0;0.0;-0.11776458647947746
3095.0;1.197718219565938e-6;-0.357318859;0.0;0.0;0.00013397478687664075;0.0;0.00581374647389418;0.47434205359239584;0.0;0.0;0.0;0.0;0.0;-0.12297146716383814
3096.0;1.1984667780394574e-6;-0.34883982;0.0;0.0;0.00013397968927065658;0.0;0.0062384117047280425;0.4719973903451114;0.0;0.0;0.0;0.0;0.0;-0.1295305131114317
3097.0;84.80691778616725;-0.30797148500000004;0.005459999999976961;1.265900297749033e-15;0.00015198488485149473;0.0;0.0072386999990678895;0.291221858820574;0.019619999999892262;0.0;9.394575124348358e-14;1.3152758611943775e-13;0.0;-0.01622460166310002
3098.0;84.80690354110858;-0.30337535800000004;0.005459999999976961;1.2659001595932857e-15;0.00015198488485149462;0.0;0.0086212349958762;0.2986951228021456;0.019619999999892262;0.0;9.394572658213678e-14;1.3152757629891687e-13;0.0;-0.029677841821754487
3099.0;84.80688630403914;-0.30399879500000004;0.005459999999976961;1.2658999742081204e-15;0.00016092423015686257;0.0;0.009524654993020408;0.3093436180788935;0.019619999999892262;0.0;9.394569349018275e-14;1.3152756312118008e-13;0.0;-0.04061720838624894
3100.0;84.80687013479307;-0.30535559900000003;0.005459999999976961;1.2658997957621544e-15;0.00015198488485149435;0.0;0.010142685001798544;0.3197627245018489;0.019619999999892262;0.0;9.394566163691149e-14;1.3152755043672728e-13;0.0;-0.05029051726985137
3101.0;84.80686201140489;-0.308177009;0.005459999999976961;1.2658997047023371e-15;0.00014304353767728608;0.0;0.010682279999782666;0.3251292274288122;0.019619999999892262;0.0;9.394564538240209e-14;1.3152754396390974e-13;0.0;-0.05336725358243065
3102.0;84.80683974482001;-0.31620697700000006;0.005459999999976961;1.2658994565046335e-15;0.0001430435376772859;0.0;0.011011140012886741;0.33967734096061536;0.01961999999989226;0.0;9.394560107819924e-14;1.315275263212588e-13;0.0;-0.060216946944350654
3103.0;84.80681018528125;-0.334607928;0.005459999999976961;1.265899131251148e-15;0.0002145653066611708;0.0;0.011033819997430744;0.3585053786382596;0.01961999999989226;0.0;9.394554301931151e-14;1.3152750320122463e-13;0.0;-0.06074172742026562
3104.0;84.80673721392702;-0.35671135200000004;0.005459999999976961;1.2658986516666065e-15;0.003969457677847928;0.0;0.011084850007132758;0.3708199646967878;0.019619999999892262;0.0;9.394545741185597e-14;1.3152746911088854e-13;0.0;-0.054761435447687336
3105.0;84.80647413370981;-0.36818807600000003;0.005459999999976961;1.26589728179985e-15;0.02136712623154274;0.0;0.011080124990584755;0.37744207419401593;0.019619999999892262;0.0;9.394521288654435e-14;1.3152737173650515e-13;0.0;-0.06730255063835067
3106.0;84.80588153870198;-0.37435813500000004;0.00545999999997696;1.2658943552163646e-15;0.06233121616402606;0.0;0.011110365004570766;0.37552848270049605;0.019619999999892262;0.0;9.394469048512386e-14;1.3152716370557003e-13;0.0;-0.10021655730673533
3107.0;84.80508638111478;-0.3784771290000001;0.005459999999976959;1.2658904175230987e-15;0.1172062886624734;0.0;0.011100915001126765;0.37405556258560163;0.01961999999989226;0.0;9.394398760380984e-14;1.3152688380116997e-13;0.0;-0.14949493248840923
3108.0;84.80442199603613;-0.383151145;0.005459999999976959;1.2658870801310198e-15;0.1625421448473446;0.0;0.010907189989828715;0.37781030366984075;0.01961999999989226;0.0;9.394339188153152e-14;1.315266465676056e-13;0.0;-0.1937225665161036
3109.0;84.80399915755703;-0.38280964400000006;0.005459999999976959;1.2658849359213523e-15;0.191168730130575;0.0;0.010829700003100698;0.38233772521002846;0.019619999999892255;0.0;9.394300914384272e-14;1.3152649414939307e-13;0.0;-0.2271439990920485
3110.0;84.80407490085885;-0.378972883;0.005459999999976959;1.2658852722078842e-15;0.18550957103554272;0.0;0.01048666499965662;0.38658142785157024;0.019619999999892255;0.0;9.394306917029505e-14;1.315265180538788e-13;0.0;-0.22922254340299994
3111.0;84.8045001091981;-0.374496491;0.005459999999976959;1.2658873720054653e-15;0.15609624629348964;0.0;0.009886590003352484;0.38799398358442194;0.019619999999892255;0.0;9.394344398075822e-14;1.3152666731505312e-13;0.0;-0.205095703967801
3112.0;84.80520891860402;-0.36748663800000003;0.00545999999997696;1.265890998186824e-15;0.10845381280865446;0.0;0.009871470003772483;0.3770557328602441;0.01961999999989226;0.0;9.394409125235454e-14;1.3152692507670706e-13;0.0;-0.15350343811374081
3113.0;84.80597802903655;-0.362684333;0.00545999999997696;1.265894873981267e-15;0.05611776260866785;0.0;0.010289159995876578;0.37139343904286404;0.019619999999892262;0.0;9.394478308552543e-14;1.3152720058107494e-13;0.0;-0.10071933083040302
3114.0;84.80655392024252;-0.36085680600000003;0.005459999999976961;1.2658978316338815e-15;0.017594353167876404;0.0;0.010327905004066586;0.36120975802248523;0.019619999999892262;0.0;9.394531103347556e-14;1.315274108204272e-13;0.0;-0.05387317569217373
3115.0;84.8067718363997;-0.361635931;0.005459999999976961;1.265898863177406e-15;0.002065190954002395;0.0;0.010382714991424598;0.366588335152814;0.01961999999989226;0.0;9.394549516723831e-14;1.3152748414572335e-13;0.0;-0.04299788323297456
3116.0;84.80679122434577;-0.35847150499999997;0.005459999999976961;1.2658989400947774e-15;0.0005006523825967111;0.0;0.010122840000496541;0.3686649123577048;0.01961999999989226;0.0;9.394550889724458e-14;1.3152748961325796e-13;0.0;-0.046414711709666864
3117.0;84.80678020733676;-0.3508565840000001;0.005459999999976961;1.2658988006910143e-15;0.00027714773033968754;0.0;0.009482129992348398;0.37767749959659247;0.019619999999892262;0.0;9.394548401320222e-14;1.315274797039961e-13;0.0;-0.0621796390928189
3118.0;84.80676268256649;-0.34025719600000004;0.005459999999976961;1.2658986026497686e-15;0.00022350465196653848;0.0;0.008505000000958173;0.38944879515876185;0.019619999999892262;0.0;9.394544866219805e-14;1.315274656266487e-13;0.0;-0.08352171270293056
3119.0;84.80676943789842;-0.330231371;0.005459999999976961;1.2658986725707894e-15;0.0001519848848514935;0.0;0.007082775001545854;0.38562161438331705;0.019619999999892262;0.0;9.394546114332507e-14;1.3152747059681511e-13;0.0;-0.08822589527118957
3120.0;84.80676872437644;-0.32066747900000003;0.005459999999976961;1.2658986663143777e-15;0.00016092423015686162;0.0;0.005954444999529599;0.38592344292831543;0.019619999999892262;0.0;9.394546002654178e-14;1.3152747015210214e-13;0.0;-0.0969722788348229
3121.0;198.59983467507976;-0.294797164;0.0054599999999912704;3.621338150229144e-15;0.004881359982242025;3.562074666018799e-18;0.0062644050057484605;0.19603131315557798;0.019619999999928757;0.0;0.06257386266607899;2.1980644358904977e-13;3.692290161460957e-14;-2.538404710253626e-12
3122.0;198.59985588497892;-0.28881063900000004;0.0054599999999912704;3.621338838837516e-15;0.0038085344484181673;3.5620749270568166e-18;0.0065743649971385315;0.19231279136404292;0.019619999999928757;0.0;0.06106951024938229;2.1980645693951222e-13;3.6922912872505394e-14;-2.5384042362270225e-12
3123.0;198.59987397212456;-0.286918783;0.0054599999999912704;3.621339427380106e-15;0.002896632144107238;3.562075150162063e-18;0.006480810001590509;0.1891134127679331;0.019619999999928757;0.0;0.06338316477844211;2.1980646834992593e-13;3.6922922494451225e-14;-2.538403831084505e-12
3124.0;198.59989345274406;-0.286464729;0.0054599999999912704;3.6213400646758655e-15;0.0019221474161177908;3.5620753917479546e-18;0.006635790004698544;0.18559409819206804;0.019619999999928757;0.0;0.06726866961069485;2.198064807055486e-13;3.692293291345666e-14;-2.538403392381409e-12
3125.0;198.59990498973758;-0.288227761;0.0054599999999912704;3.621340209650274e-15;0.0008224998426401501;3.5620754467047384e-18;0.006518610000540517;0.18852183098709976;0.019619999999928757;0.0;0.06732035353917137;2.1980648351628246e-13;3.6922935283607e-14;-2.538403292583309e-12
3126.0;198.59990827148638;-0.295835289;0.0054599999999912704;3.6213402901191856e-15;0.0007062783443261644;3.562075477209201e-18;0.0063296099909644745;0.19018188522009605;0.019619999999928757;0.0;0.07357305863889922;2.198064850763968e-13;3.69229365991796e-14;-2.538403237190125e-12
3127.0;227.2626937721226;-0.311820333;0.005459999999992759;4.411553792554057e-15;0.010433237925226251;3.825910362640001e-18;0.006086745003271296;0.18898664524348383;0.01961999999993822;0.0;0.07973060152847629;2.327932324479485e-13;5.180113770838377e-14;-2.1599789072075926e-12
3128.0;198.59887690144393;-0.330335065;0.0054599999999912704;3.6213152764942685e-15;0.07180785005400679;3.562065994999357e-18;0.00591569999134238;0.1866746426360015;0.019619999999928753;0.0;0.04088634363625089;2.1980600012033354e-13;3.692252765875928e-14;-2.5384204563574738e-12
3129.0;50.62124773845032;-0.34796281700000004;0.005459999997802397;1.8809616208942285e-15;0.21610300446483985;0.0;0.005584950004215973;0.17940058476395332;0.01961999999966731;0.0;0.0;1.6594992744513142e-13;0.0;-0.07809984421275179
3130.0;50.61904489784953;-0.35921369200000003;0.00545999999779412;1.8809473594212857e-15;0.36930261961523964;0.0;0.005352479999553917;0.16358479267011464;0.01961999999966729;0.0;0.0;1.6594924163754377e-13;0.0;-0.2040111687187908
3131.0;50.6172944228719;-0.36336399;0.005459999997787395;1.8809358526596107e-15;0.4893340166514653;0.0;0.005128515003921866;0.16532332314310055;0.019619999999667275;0.0;0.0;1.6594868829468526e-13;0.0;-0.3214178723083196
3132.0;0.00208006692724954;-0.367099216;0.0;0.0;0.5630928933221063;0.0;0.000943180892362375;0.1570260042079314;0.0;0.0;0.0;0.0;0.0;-0.35395185321973743
3133.0;0.002077986821285982;-0.37054179400000004;0.0;0.0;0.5833850490161487;0.0;0.000942075057192791;0.14017748512550546;0.0;0.0;0.0;0.0;0.0;-0.35395185321973743
3134.0;0.002081385703055627;-0.369417062;0.0;0.0;0.5724014601205922;0.0;0.0009429268516502643;0.15003548873315123;0.0;0.0;0.0;0.0;0.0;-0.3539518532197374
3135.0;0.0020819729818179404;-0.362848554;0.0;0.0;0.5458029236795382;0.0;0.0009401140394394885;0.17006808218243769;0.0;0.0;0.0;0.0;0.0;-0.3539518532197374
3136.0;50.61762136589939;-0.35385364700000005;0.0054599999977884;1.880937565938421e-15;0.4626742805157591;0.0;0.005491394993841947;0.20075794191108667;0.019619999999667275;0.0;0.0;1.6594877068391638e-13;0.0;-0.34006997764040203
3137.0;50.6196150222742;-0.34320924300000005;0.005459999997796075;1.8809507189007127e-15;0.32684551388126903;0.0;0.0051559199901878745;0.1942444913977683;0.019619999999667292;0.0;0.0;1.6594940318914858e-13;0.0;-0.2080234960409578
3138.0;50.6219056288836;-0.335355059;0.005459999997804886;1.8809659287860332e-15;0.17083866904801806;0.0;0.004995269990943838;0.1801128986262644;0.019619999999667313;0.0;0.0;1.6595013460246042e-13;0.0;-0.04556198737528008
3139.0;229.01545680466344;-0.330553637;0.005459999999992834;4.471289494051563e-15;0.04953776086319552;3.843317963236748e-18;0.005329800000205173;0.169482514102031;0.019619999999938718;0.0;0.07973060152851229;2.3361431858870434e-13;5.311142999039152e-14;-2.1405139908138794e-12
3140.0;518.0888606625914;-0.33272432700000004;0.005459999999997553;0.017044999999996365;0.009941524887746116;1.317136904130989e-17;0.005389335004114549;0.17178848016077203;0.01961999999997388;0.0;0.0797306015290442;3.777829429107561e-13;0.011394845567023566;-8.681687099529849e-13
3141.0;532.6036328663517;-0.32873068;0.005459999999997641;0.01704499999999667;0.005033344867514001;1.4507861977381527e-17;0.004476464988700416;0.17664187644109539;0.01961999999997462;0.0;0.07973060152904664;3.837494487131856e-13;0.011394845567024608;-8.430821012681835e-13
3142.0;420.2959390400497;-0.32120789600000005;0.005459999999996782;0.017044999999990623;0.005230029481965435;7.497385734686574e-18;0.0039312000094056014;0.17784918840948127;0.019619999999967535;0.0;0.07973060152901955;3.323112818005662e-13;0.011394845567010134;-1.0852514041307962e-12
3143.0;358.55365036506277;-0.312031329;0.005459999999996043;0.0077610393238357455;0.005230029481948567;5.762705201534067e-18;0.0034190100125129188;0.17883314807286074;0.01961999999996169;0.0;0.07973060152898843;3.000141588756593e-13;0.011394845566979164;-1.2895291241975847e-12
3144.0;350.32200019595285;-0.3024438570000001;0.005459999999995921;7.072834032134211e-14;0.00511380598176305;5.5881298243803336e-18;0.002710259991428669;0.18021552106179095;0.019619999999960756;0.0;0.07973060152898238;2.9563801091528533e-13;0.011394845566969508;-1.322676103632724e-12
3145.0;198.59989470905217;-0.21802913300000004;0.0054599999999947165;2.265921505442085e-15;0.00375489237105704;2.33300324903135e-18;0.0032933249993243913;0.16717654693757905;0.01961999999995562;0.0;0.01876358903624072;1.846876963436367e-13;2.310236952446373e-14;-1.5882360110102205e-12
3146.0;198.59993477020552;-0.21498861900000002;0.0054599999999947165;2.265922420474539e-15;0.002092010991948107;2.3330036319866373e-18;0.003550364992184449;0.1566668922828635;0.01961999999995562;0.0;0.027640666937497105;1.8468773219395464e-13;2.3102384483081604e-14;-1.5882353811824944e-12
3147.0;198.59996062045883;-0.212321588;0.0054599999999947165;2.2659230507867213e-15;0.0011622279951576005;2.333003895781724e-18;0.003474765009110432;0.14851149828869833;0.01961999999995562;0.0;0.034136006743251054;1.8468775688914749e-13;2.3102394787199408e-14;-1.5882349473315364e-12
3148.0;198.59998333100236;-0.20974909700000002;0.0054599999999947165;2.2659236278581887e-15;0.0004291306137735933;2.33300413729504e-18;0.0037289699890764904;0.1405432362010401;0.01961999999995562;0.0;0.04001221167157362;1.8468777949834592e-13;2.310240422095842e-14;-1.5882345501273678e-12
3149.0;198.5999753032663;-0.21024428100000003;0.0054599999999947165;2.265923331830927e-15;0.0003576088447897082;2.333004013402857e-18;0.004026644993780558;0.14653150475855428;0.01961999999995562;0.0;0.03429187161729621;1.846877679002139e-13;2.310239938160933e-14;-1.588234753885941e-12
3150.0;198.59984650841633;-0.21188830700000003;0.0054599999999947165;2.2659214178970026e-15;0.009396171774544174;2.3330032123923107e-18;0.00408239999037857;0.14490163326947808;0.01961999999995562;0.0;0.02847093752177151;1.8468769291370644e-13;2.3102368093315253e-14;-1.5882360712687771e-12
3151.0;50.62057756217811;-0.216993269;0.005459999998624246;1.1769210118739028e-15;0.04668583044975079;0.0;0.00392174999112181;0.14292164084491318;0.019619999999792033;0.0;0.0;1.2489214839703092e-13;0.0;-0.0014880716955510873
3152.0;50.619147923472504;-0.22916920100000002;0.005459999998620889;1.1769152273119812e-15;0.14263227403275563;0.0;0.00374503499788377;0.13873830369121154;0.019619999999792026;0.0;0.0;1.2489171537736358e-13;0.0;-0.08090506317389003
3153.0;50.61735414450196;-0.24475810400000003;0.0054599999986165845;1.1769078523619198e-15;0.2659804934809593;0.0;0.0035229600059057194;0.13965586131797667;0.019619999999792016;0.0;0.0;1.248911633024954e-13;0.0;-0.18937113466527308
3154.0;50.615854725010756;-0.257873105;0.005459999998612963;1.176901682608533e-15;0.36900759319430326;0.0;0.003229064993683653;0.14109256324596445;0.01961999999979201;0.0;0.0;1.2489070144446847e-13;0.0;-0.28043557633105687
3155.0;50.615121586722246;-0.266622096;0.005459999998611161;1.1768986238922848e-15;0.41864369586444744;0.0;0.0035172900097697165;0.14743698928753296;0.019619999999792002;0.0;0.0;1.2489047247314595e-13;0.0;-0.32796092782448255
3156.0;50.61478780279144;-0.271112031;0.005459999998610329;1.1768972149243817e-15;0.4388575334462987;0.0;0.0035456400052757235;0.15524226455802284;0.019619999999792002;0.0;0.0;1.2489036699960454e-13;0.0;-0.3515211519909951
3157.0;9.607005836585403;-0.27157448700000003;0.0;0.0;0.4522946846659205;0.0;0.0035352450073448177;0.16963946436897448;0.0;0.0;0.0;0.0;0.0;-0.35395185322052614
3158.0;0.0020801141095153366;-0.27011034700000003;0.0;0.0;0.4501923966075477;0.0;0.0009384725827717006;0.17294232355489114;0.0;0.0;0.0;0.0;0.0;-0.35395185322131173
3159.0;0.0019552763124306583;-0.267572525;0.0;0.0;0.4273262219380252;0.0;0.0014599337927842944;0.1927567449080813;0.0;0.0;0.0;0.0;0.0;-0.3539518532213118
3160.0;50.47727179645062;-0.263928887;0.005459999998186939;1.1763481048293676e-15;0.3771253124725712;0.0;0.0037318050019577173;0.21143058227734757;0.01961999999979126;0.0;0.0;1.2484925448650626e-13;0.0;-0.3539518520118465
3161.0;50.61684571880989;-0.258682594;0.005459999998615015;1.17690517354311e-15;0.29305148153995825;0.0;0.003949155007039815;0.21516721482103301;0.019619999999792012;0.0;0.0;1.2489096277054707e-13;0.0;-0.27847158126770316
3162.0;50.61824078279464;-0.25564006100000003;0.005459999998618322;1.1769108234334495e-15;0.19598750869006176;0.0;0.003777165000697778;0.2253931505771025;0.019619999999792023;0.0;0.0;1.2489138571158733e-13;0.0;-0.1944972460382749
3163.0;50.61972180423168;-0.24850053100000002;0.005459999998621874;1.1769169217077332e-15;0.09426568251184185;0.0;0.0032281199992696533;0.22346748709181202;0.01961999999979203;0.0;0.0;1.2489184221628228e-13;0.0;-0.09743072824746885
3164.0;50.62074423308633;-0.24744021099999997;0.005459999998624333;1.17692116163416e-15;0.024692888989542184;0.0;0.003694949997421759;0.21793196079889643;0.019619999999792033;0.0;0.0;1.2489215960775806e-13;0.0;-0.023842344527861107
3165.0;124.16619663586843;-0.246020611;0.0054599999999889485;1.5467631981999891e-15;0.007876334934259797;0.0;0.003251745007889777;0.21741885194083385;0.019619999999926394;0.0;1.5036375557338456e-13;1.4969532233463523e-13;1.3235437276350076e-14;-2.973121349850278e-12
3166.0;157.30656210602166;-0.24438610700000002;0.005459999999992505;1.80144875888729e-15;0.005989947902003064;0.0;0.0031969350057072295;0.21595800492353273;0.019619999999943055;0.0;2.711431305628108e-13;1.638196803337105e-13;1.6345123974780352e-14;-2.1329686066927033e-12
3167.0;50.62139290069543;-0.24126669300000003;0.00545999999862523;1.1769227131634913e-15;0.0059988882478976555;0.0;0.0033963299983036928;0.21921171135270226;0.019619999999792033;0.0;0.0;1.2489227575159334e-13;0.0;-0.012327935297124388
3168.0;50.621016978006544;-0.23574724200000002;0.005459999998624978;1.176922276374616e-15;0.005989947901657865;0.0;0.0035824949949857343;0.2184269577991855;0.019619999999792036;0.0;0.0;1.2489224305464299e-13;0.0;-0.01721336361138586
3169.0;198.59990018446084;-0.23802847700000002;0.005459999999995144;2.0975324009392e-15;0.005614459365582113;2.1717480101936947e-18;0.0006652799963421213;0.14572260611570445;0.01961999999995896;0.0;0.060989156255084526;1.782043880997955e-13;2.1385456639339712e-14;-1.4701872299913466e-12
3170.0;198.59991121984163;-0.232612007;0.005459999999995144;2.0975325795190074e-15;0.004943942406007783;2.171748085828495e-18;0.0006633900075141209;0.14486541397677952;0.01961999999995896;0.0;0.05710250452037089;1.782043958328227e-13;2.1385459558673352e-14;-1.4701871070764435e-12
3171.0;198.59992268366224;-0.22994908400000003;0.005459999999995144;2.0975327394910375e-15;0.004148261600010839;2.1717481535806027e-18;0.0009431099997441841;0.14492577946461968;0.01961999999995896;0.0;0.05489523744865761;1.782044027600209e-13;2.1385462173814552e-14;-1.4701869969691914e-12
3172.0;198.59992902026445;-0.23133045200000002;0.005459999999995144;2.0975328145413455e-15;0.003656550564297851;2.171748185366964e-18;0.0015885450096143302;0.14545699686341046;0.01961999999995896;0.0;0.05559161008383626;1.7820440600988428e-13;2.1385463400704346e-14;-1.470186945312796e-12
3173.0;198.5998749100793;-0.236613142;0.005459999999995144;2.0975320707776114e-15;0.00745614366574913;2.171747870360605e-18;0.001774710006296372;0.14475071954988328;0.01961999999995896;0.0;0.05759460728651628;1.7820437380298674e-13;2.138545124202822e-14;-1.4701874572386438e-12
3174.0;198.59949535153146;-0.24989427900000005;0.005459999999995144;2.097526952265871e-15;0.034491369338854425;2.171745702516406e-18;0.002039309998946432;0.13612447143317247;0.01961999999995896;0.0;0.05220132485958746;1.7820415215761516e-13;2.1385367567335818e-14;-1.4701909802839009e-12
3175.0;163.79340662669455;-0.262532087;0.005459999999993513;1.7225240578019632e-15;0.11379112444387136;0.0;0.00240880499424166;0.12024831385147895;0.019619999999949546;0.0;2.972506876676335e-13;1.6004239002950211e-13;1.5851957215591897e-14;-1.873530363051249e-12
3176.0;50.61573131729336;-0.285199387;0.005459999998718126;1.0894425281232393e-15;0.2504781523058425;0.0;0.0025798499913327754;0.11183334715361624;0.01961999999980751;0.0;0.0;1.183856771907311e-13;0.0;-0.1045664428187717
3177.0;50.613474500628904;-0.30194582400000003;0.005459999998713082;1.0894339640069899e-15;0.4060469251780161;0.0;0.002746170001538812;0.10952134454614895;0.0196199999998075;0.0;0.0;1.1838499915572022e-13;0.0;-0.24125667723677294
3178.0;9.997371531986028;-0.3164562030000001;0.0;0.0;0.541518082965671;0.0;0.002876580001558617;0.11546132071228868;0.01060779011579419;0.0;0.0;0.0;0.0;-0.3539518532207427
3179.0;0.0020803818938991197;-0.3272195070000001;0.0;0.0;0.5960355582615524;0.0;0.00093784097121758;0.08420894644887061;0.0;0.0;0.0;0.0;0.0;-0.3539518532215068
3180.0;0.0020802651458185976;-0.32953661900000003;0.0;0.0;0.5902294016758715;0.0;0.0009383363016055955;0.09233175826296264;0.0;0.0;0.0;0.0;0.0;-0.3539518532215068
3181.0;0.0020803246367232715;-0.327689138;0.0;0.0;0.5826015279932044;0.0;0.0009383848499443355;0.09811210522741948;0.0;0.0;0.0;0.0;0.0;-0.3539518532215068
3182.0;0.0020803786758554653;-0.32645551500000003;0.0;0.0;0.5687164109984769;0.0;0.0009384196241255808;0.11076356631446659;0.0;0.0;0.0;0.0;0.0;-0.3539518532215068
3183.0;0.0020810529316165885;-0.32258209500000007;0.0;0.0;0.5529856252754601;0.0;0.0009376097212774204;0.12262166790543465;0.0;0.0;0.0;0.0;0.0;-0.3539518532215068
3184.0;8.66007035798294;-0.31617918300000003;0.0;0.0;0.48517681470315366;0.0;0.004833675012046738;0.18051734849947412;0.0;0.0;0.0;0.0;0.0;-0.3539518532208674
3185.0;50.61383408885342;-0.307642758;0.005459999998713553;1.0894347614946382e-15;0.3730396322952236;0.0;0.004800600000069275;0.1882320744337201;0.0196199999998075;0.0;0.0;1.1838506229423543e-13;0.0;-0.2833291914765493
3186.0;50.61541948262531;-0.2998059470000001;0.005459999998717074;1.0894407370413122e-15;0.26319114549156003;0.0;0.004627664999313238;0.19543369372001115;0.019619999999807507;0.0;0.0;1.1838553538814096e-13;0.0;-0.18833764764228084
3187.0;50.61711437257053;-0.288908443;0.005459999998720828;1.0894471449501275e-15;0.146020617212821;0.0;0.0044556750077972005;0.2004561133662857;0.019619999999807517;0.0;0.0;1.1838604271098704e-13;0.0;-0.0869054334044792
3188.0;198.59909755299398;-0.27599837800000004;0.005459999999995144;2.0975202647500283e-15;0.05769124152648373;2.171742870141697e-18;0.004724054992941039;0.17633401134728854;0.01961999999995896;0.0;0.012201729060354664;1.7820386256915318e-13;2.1385258243769486e-14;-1.4701955833190166e-12
3189.0;198.5997259181209;-0.268109736;0.005459999999995144;2.0975292182984824e-15;0.014796064832369926;2.1717466622505e-18;0.0044585099910509785;0.17275433017778585;0.01961999999995896;0.0;0.05105802255385441;1.782042502830527e-13;2.1385404611194604e-14;-1.470189420581296e-12
3190.0;198.5998407756997;-0.26509070200000007;0.005459999999995144;2.0975305232113154e-15;0.0056680994411520014;2.1717472149201392e-18;0.004032314989916882;0.1844471517115607;0.01961999999995896;0.0;0.045898986002340804;1.7820430678923376e-13;2.138542594321648e-14;-1.4701885224170063e-12
3191.0;198.59984385292378;-0.257344232;0.005459999999995144;2.097530579722357e-15;0.005507176211639074;2.1717472388545735e-18;0.003540915003566771;0.1839581901542581;0.01961999999995896;0.0;0.039293905815752934;1.7820430923631836e-13;2.138542686702859e-14;-1.4701884835206992e-12
3192.0;198.5998632080719;-0.24133298;0.005459999999995144;2.09753113147765e-15;0.005256849519728268;2.1717474725396283e-18;0.0035853300078927818;0.17357530302400678;0.01961999999995896;0.0;0.03387339756682167;1.7820433312880996e-13;2.1385435886835403e-14;-1.47018810375143e-12
3193.0;301.58044053877177;-0.23738172700000004;0.005459999999996612;7.23856703751516e-15;0.004738316444384537;3.536754364691113e-18;0.0012190499994930196;0.1216789792307107;0.01961999999996753;0.0;0.07973060152897687;2.6006110161811455e-13;0.011394845566247452;-1.3766069227538536e-12
3194.0;298.3439093617331;-0.235446233;0.0054599999999965605;6.84302900460998e-15;0.003692310948344555;3.498033793967869e-18;0.001307879993319004;0.12077953235609457;0.019619999999967157;0.0;0.07973060152897281;2.577001048893431e-13;0.006195434353008944;-1.3992482817485687e-12
3195.0;352.9983391027092;-0.23336629899999997;0.0054599999999972665;7.456619006404742e-14;0.0029145118357767944;4.273359882771872e-18;0.0013286700038615184;0.113251938329678;0.019619999999972472;0.0;0.07973060152901788;2.981144919605755e-13;0.011394845566992435;-1.1017328398144195e-12
3196.0;355.48457074378643;-0.23158424200000002;0.0054599999999972925;1.353205903975824e-13;0.002950272219802103;4.316468353925644e-18;0.001242675008103518;0.1101310359735582;0.019619999999972673;0.0;0.07973060152901917;2.999675644878267e-13;0.011394845566994508;-1.0913552427950678e-12
3197.0;358.5537955923598;-0.23399834000000003;0.005459999999997324;0.009240147494661757;0.0035045656791943135;4.371276525880512e-18;0.0012596849965115454;0.10321917324049532;0.019619999999972916;0.0;0.07973060152902073;3.0227004102781596e-13;0.011394845566996848;-1.078731356125483e-12
3198.0;427.7318203183484;-0.24374600800000001;0.005459999999997901;0.01704499999999405;0.01452785844896561;6.096208903069715e-18;0.001245509991345985;0.09407981847715102;0.01961999999997749;0.0;0.07973060152904471;3.518928542586647e-13;0.0113948455670201;-8.576726611879892e-13
3199.0;298.33797845051885;-0.259693375;0.00545999999999656;6.839774662598835e-15;0.06782945202973778;3.497700313559763e-18;0.0009478350014669223;0.08454205038823956;0.019619999999967153;0.0;0.07973060152897277;2.5767960784691877e-13;0.0008888754022239814;-1.399448886468842e-12
3200.0;120.27738992138666;-0.27797489100000006;0.00545999999998664;1.7281592167263623e-15;0.1763905469915461;0.0;0.0008467200061240258;0.08174712277217003;0.01961999999991327;0.0;1.6219310432020633e-13;1.594211426761683e-13;1.4703108455665697e-14;-0.005955824136249295
3201.0;120.27545248358587;-0.293673043;0.005459999999986639;1.7281441886925646e-15;0.3092064589824733;0.0;0.0007890749910460128;0.07835457461497176;0.019619999999913266;0.0;1.6218881405479608e-13;1.5942034136464713e-13;1.470293738195996e-14;-0.1196344204145576
3202.0;120.27393650411;-0.30410125700000007;0.005459999999986639;1.7281323219005027e-15;0.41318122138415286;0.0;0.0007002450120459925;0.08175315821515651;0.019619999999913266;0.0;1.6218542638143214e-13;1.594197086089343e-13;1.470280229539947e-14;-0.21650071129641485
3203.0;120.27300470139365;-0.31318970700000004;0.005459999999986639;1.728125029210736e-15;0.4770769741180062;0.0;0.000530144994531954;0.08379351612734319;0.019619999999913266;0.0;1.621833445474075e-13;1.5941931974918284e-13;1.470271927880033e-14;-0.27318439531706673
3204.0;120.27259549864812;-0.31843566700000003;0.005459999999986639;1.7281217570034328e-15;0.5046039128286933;0.0;0.0004328100065019321;0.08944373905875014;0.019619999999913262;0.0;1.6218241044657522e-13;1.5941914526848656e-13;1.4702682029592343e-14;-0.30102177031947
3205.0;120.27253094278626;-0.319258743;0.005459999999986639;1.7281211068166007e-15;0.5079564956246961;0.0;0.0003260250002019079;0.09942821286345901;0.019619999999913262;0.0;1.6218222484184058e-13;1.594191105991499e-13;1.4702674628187017e-14;-0.3134310991159469
3206.0;120.27258469686768;-0.31834750599999995;0.005459999999986639;1.728121378072494e-15;0.5031734784499501;0.0;0.0002929500029739006;0.10944286830629041;0.019619999999913262;0.0;1.6218230227551604e-13;1.5941912506310084e-13;1.470267771602801e-14;-0.3195423091398437
3207.0;120.27312897751732;-0.31389970700000003;0.005459999999986639;1.7281254791377679e-15;0.4648288729311512;0.0;0.0003619349954979162;0.11879350227708282;0.019619999999913266;0.0;1.6218347298640794e-13;1.5941934374018649e-13;1.4702724400555666e-14;-0.29506343104903016
3208.0;120.27406548015483;-0.30750415600000003;0.005459999999986639;1.7281327874575575e-15;0.4004950492371547;0.0;0.00038367000045392104;0.11811740881327332;0.019619999999913266;0.0;1.6218555928457872e-13;1.5941973343324487e-13;1.470280759509234e-14;-0.23646489915145183
3209.0;120.2755143508018;-0.299485382;0.005459999999986639;1.7281440744091619e-15;0.3007400702045899;0.0;0.00036855000087391784;0.11853996833395178;0.019619999999913266;0.0;1.621887814293078e-13;1.5942033527091095e-13;1.4702936081003574e-14;-0.14512723194954713
3210.0;120.27696838855249;-0.29131817000000004;0.00545999999998664;1.7281554108199216e-15;0.20076158752070253;0.0;0.00037705499507791984;0.11825021178072408;0.019619999999913266;0.0;1.6219201777986748e-13;1.5942093974172558e-13;1.4703065130507533e-14;-0.053025675967560235
3211.0;198.59856686042485;-0.281332224;0.0054599999999939315;2.5744741128349257e-15;0.10058641822057024;2.6235317261804893e-18;0.0003600450066731361;0.11541302832330537;0.019619999999949504;0.0;0.039932801479660364;1.950391165216199e-13;2.6248319652184097e-14;-2.9218462576700896e-12
3212.0;392.35389422312926;-0.272668934;0.005459999999997636;0.017044999999987858;0.032685445422757635;5.079111075576975e-18;0.0002863350124295621;0.11340285315508068;0.019619999999975365;0.0;0.07973060152903462;3.2727428513236607e-13;0.011394845567012507;-9.573663463255885e-13
3213.0;617.837755852856;-0.269680732;0.005459999999998763;0.01704499999999841;0.008868698353019953;2.463323764505296e-17;0.0003080700025604798;0.12254220791844832;0.019619999999984695;0.0;0.07973060152906986;4.4431009767929694e-13;0.011394845567032139;-5.526488971238945e-13
3214.0;524.9936416090875;-0.265121002;0.005459999999998429;0.017044999999997524;0.006141930785384157;1.2471419572498649e-17;0.00032129999848620186;0.12617621802700227;0.019619999999981843;0.0;0.07973060152906124;4.075507959811138e-13;0.011394845567028784;-6.680594275429886e-13
3215.0;391.9466053655861;-0.256785766;0.0054599999999976325;0.017044999999987716;0.005936305824653379;5.0696026326118314e-18;0.00027499500533155697;0.12557256204279246;0.019619999999975338;0.0;0.07973060152903448;3.269894045855929e-13;0.01139484556701239;-9.586154110111032e-13
3216.0;351.6786327782915;-0.24763391900000004;0.005459999999997253;6.023163467740224e-14;0.005927366479339447;4.250803552995472e-18;0.00024570000058526297;0.12624262006361056;0.019619999999972364;0.0;0.07973060152901718;2.971298376408076e-13;0.011394845566991257;-1.1073292152015434e-12
3217.0;50.62661354135966;-0.279081826;0.005459999998676869;1.1387811470869849e-15;0.0018595659930886394;0.0;0.010991294996751964;0.3356026616849098;0.01961999999979881;0.0;0.0;1.221002026854283e-13;0.0;-0.09454629959504866
3218.0;50.62663686640053;-0.27634156800000004;0.00545999999867695;1.1387812891690886e-15;0.0009387233425379218;0.0;0.010858994993013935;0.3290771380740234;0.019619999999798812;0.0;0.0;1.2210021358441175e-13;0.0;-0.08970660179885126
3219.0;50.626641778608885;-0.27388940800000006;0.0054599999986769555;1.1387812990841488e-15;0.0004648919983700905;0.0;0.010277820003597801;0.3303508542906403;0.019619999999798812;0.0;0.0;1.2210021434497847e-13;0.0;-0.09237766379447404
3220.0;50.62664534623349;-0.27349126;0.005459999998676974;1.1387813302411505e-15;0.00045595165213030246;0.0;0.009640889987931656;0.32810525261399964;0.019619999999798812;0.0;0.0;1.221002167350393e-13;0.0;-0.08988392408559961
3221.0;50.626644946670005;-0.280684937;0.005459999998676971;1.1387813265161115e-15;0.00046489199837009053;0.0;0.008729910005823453;0.3283708607604962;0.019619999999798812;0.0;0.0;1.2210021644927425e-13;0.0;-0.0820538687280274
3222.0;50.62663524179579;-0.297373543;0.005459999998676947;1.1387812838200815e-15;0.0011085879192250562;0.0;0.007029855003009067;0.3288658599723804;0.019619999999798812;0.0;0.0;1.2210021317410431e-13;0.0;-0.06480406191259888
3223.0;50.626515452057575;-0.31247658300000003;0.00545999999867672;1.1387808880733798e-15;0.010513699039204315;0.0;0.006950474997801048;0.31817510774834684;0.019619999999798812;0.0;0.0;1.2210018281665338e-13;0.0;-0.04833488442370306
3224.0;50.6256234695159;-0.324271651;0.005459999998674742;1.1387774341801515e-15;0.073104181240737;0.0;0.00783688499171125;0.306210642625089;0.019619999999798805;0.0;0.0;1.2209991787065148e-13;0.0;-0.08805564811691961
3225.0;50.623603742014495;-0.336077622;0.005459999998670242;1.13876961927633e-15;0.21503911827664227;0.0;0.007961624995659278;0.2781647750499009;0.019619999999798795;0.0;0.0;1.220993183922079e-13;0.0;-0.1902710763021205
3226.0;50.62138109660498;-0.346254195;0.00545999999866517;1.1387608735960818e-15;0.36907911296143486;0.0;0.008202599994525332;0.26676774551234017;0.019619999999798785;0.0;0.0;1.2209864751091345e-13;0.0;-0.3229901622575228
3227.0;0.0020635562528413805;-0.35412702100000004;0.0;0.0;0.46186982237397145;0.0;0.0009601269107775656;0.24526047479057608;0.0;0.0;0.0;0.0;0.0;-0.3539518532213968
3228.0;0.0020556334698665704;-0.35836155300000005;0.0;0.0;0.4903828736785526;0.0;0.0009638494595962789;0.22097788728218162;0.0;0.0;0.0;0.0;0.0;-0.3539518532213968
3229.0;0.0020590360773845144;-0.354838;0.0;0.0;0.4831492174049688;0.0;0.0024341312460355014;0.2232170665999628;0.0;0.0;0.0;0.0;0.0;-0.3539518532213968
3230.0;0.0020590358942612175;-0.355023582;0.0;0.0;0.4736704127911178;0.0;0.0033256067875240183;0.23198997770471713;0.0;0.0;0.0;0.0;0.0;-0.3539518532213968
3231.0;0.0022346363801686486;-0.350720459;0.0;0.0;0.43524292360462224;0.0;0.009623639118347498;0.2598167517403401;0.0;0.0;0.0;0.0;0.0;-0.3539518532213968
3232.0;50.621751960587524;-0.34235319500000005;0.005459999998666103;1.1387624775945587e-15;0.3454679918533162;0.0;0.01054241999624786;0.2494126301611854;0.019619999999798785;0.0;0.0;1.2209877055392617e-13;0.0;-0.288259442711754
3233.0;50.62368645455739;-0.331745415;0.005459999998670622;1.1387702771879658e-15;0.21389477097383455;0.0;0.010424295012501835;0.23468341906006424;0.019619999999798795;0.0;0.0;1.2209936886046162e-13;0.0;-0.15243210259829532
3234.0;50.625554334914064;-0.31936416700000003;0.0054599999986749805;1.138777850922544e-15;0.08773038149653989;0.0;0.011193525002254007;0.2143945343650938;0.019619999999798805;0.0;0.0;1.2209994983872646e-13;0.0;-0.019114285168026636
3235.0;198.59959708997823;-0.31795194;0.005459999999994903;2.192460396255006e-15;0.018872804663511523;2.2628935841406466e-18;0.011374965012052362;0.21874085944197247;0.019619999999957075;0.0;0.04391162042642995;1.8193883341981658e-13;2.2353312905085547e-14;-1.5367676529917075e-12
3236.0;198.59977112832857;-0.317359265;0.005459999999994903;2.1924623813165423e-15;0.004738316444356061;2.2628944192579887e-18;0.011639565004702417;0.23936779197464522;0.019619999999957075;0.0;0.0365593572545292;1.8193891463540765e-13;2.2353345355927046e-14;-1.5367662866071054e-12
3237.0;136.18266016182267;-0.311176996;0.0054599999999908515;1.5759947779027878e-15;0.0031648385275872934;0.0;0.011670749998274494;0.2576163187573958;0.019619999999935512;0.0;1.7293068818342905e-13;1.5157011008536649e-13;1.3737412425399073e-14;-2.5194704182428086e-12
3238.0;50.626728412378455;-0.30114152800000005;0.005459999998677416;1.1387821043536132e-15;0.0026641851434565343;0.0;0.011317319996962038;0.26676171006935373;0.019619999999798812;0.0;0.0;1.2210027611662942e-13;0.0;-0.004764143782406866
3239.0;50.626708912449544;-0.291649122;0.0054599999986773414;1.1387819739566474e-15;0.0017701645325596004;0.0;0.011525219998600088;0.27601575925960187;0.019619999999798812;0.0;0.0;1.2210026611394786e-13;0.0;-0.02282567595354715
3240.0;50.62670772107866;-0.28261423300000005;0.005459999998677308;1.1387819141826498e-15;0.0009297829962981352;0.0;0.01123415999927202;0.28353127908266157;0.019619999999798812;0.0;0.0;1.2210026152875648e-13;0.0;-0.03824591101673779
3241.0;9.029486891202753;-0.26361706900000004;0.0;0.0;0.0001519848810512858;0.0;0.0056529900022160235;0.33287413610347577;0.0;0.0;0.0;0.0;0.0;-0.07504412351561986
3242.0;9.029533640529312;-0.201262222;0.0;0.0;0.00017880391790186715;0.0;0.004982040009733871;0.30126669811093437;0.0;0.0;0.0;0.0;0.0;-0.10514153463886909
3243.0;9.029538308280685;-0.201069426;0.0;0.0;0.00015198488105134283;0.0;0.005606684994236012;0.298465732840367;0.0;0.0;0.0;0.0;0.0;-0.10313067117086071
3244.0;9.02950791465458;-0.25228143900000005;0.0;0.0;0.00015198488105130884;0.0;0.0049300650056178594;0.3190624826291196;0.0;0.0;0.0;0.0;0.0;-0.07184262039353097
3245.0;9.029516171203715;-0.25071706;0.0;0.0;0.0001519848810513178;0.0;0.004990545003937873;0.31370201625094035;0.0;0.0;0.0;0.0;0.0;-0.06810602385266702
3246.0;9.0295144083007;-0.25210404100000006;0.0;0.0;0.00018774426414163508;0.0;0.004820445001249835;0.31454109763771587;0.0;0.0;0.0;0.0;0.0;-0.06742394284693659
3247.0;9.029495561100013;-0.25638013100000007;0.0;0.0;0.0009655443776590129;0.0;0.005508404996965991;0.31947296905223005;0.0;0.0;0.0;0.0;0.0;-0.069546465704863
3248.0;9.029319584672304;-0.26294431900000004;0.0;0.0;0.012820275334635367;0.0;0.0061302149982261295;0.3217970458630629;0.0;0.0;0.0;0.0;0.0;-0.0777843886112667
3249.0;9.028281067640384;-0.273678262;0.0;0.0;0.08494103350350346;0.0;0.006980714996840305;0.31524737495124255;0.0;0.0;0.0;0.0;0.0;-0.13347730301890212
3250.0;9.026734012374375;-0.287582978;0.0;0.0;0.1918839478166112;0.0;0.007578900004316413;0.3106716610207821;0.0;0.0;0.0;0.0;0.0;-0.22254675196668494
3251.0;9.025348466011744;-0.29677969;0.0;0.0;0.28789297382329343;0.0;0.007623314993816401;0.30369943169408076;0.0;0.0;0.0;0.0;0.0;-0.30243857744923747
3252.0;9.02513651521738;-0.30200059400000007;0.0;0.0;0.3392634796415299;0.0;0.008009819992346486;0.3064521045743761;0.0;0.0;0.0;0.0;0.0;-0.35173170891924316
3253.0;0.002059033605670254;-0.30707995600000004;0.0;0.0;0.349262031484928;0.0;0.0013156181828568746;0.3104647211117848;0.0;0.0;0.0;0.0;0.0;-0.35395185320275313
3254.0;8.12806595030062;-0.30553767600000004;0.0;0.0;0.3107888772411223;0.0;0.009535994999975728;0.3394479532101713;0.0;0.0;0.0;0.0;0.0;-0.35395185294567505
3255.0;9.025968084810923;-0.300529675;0.0;0.0;0.24036676283770708;0.0;0.010047240002468956;0.3503680931824594;0.0;0.0;0.0;0.0;0.0;-0.3002593247432366
3256.0;9.027405022303586;-0.29240862700000003;0.0;0.0;0.1410498567671556;0.0;0.009724995009566908;0.35511283047887204;0.0;0.0;0.0;0.0;0.0;-0.21347792034524732
3257.0;9.028777914631126;-0.29562427300000005;0.0;0.0;0.0425107468063837;0.0;0.010221119997639042;0.3939158512089208;0.0;0.0;0.0;0.0;0.0;-0.1510206182532353
3258.0;9.0292337325223;-0.31022223099999996;0.0;0.0;0.007187936277387913;0.0;0.010580219995077132;0.43176509391370244;0.0;0.0;0.0;0.0;0.0;-0.13931201615277455
3259.0;9.029282547528833;-0.311485642;0.0;0.0;0.00030396676338980094;0.0;0.010782450000579173;0.46537063508273996;0.0;0.0;0.0;0.0;0.0;-0.16497800048425124
3260.0;9.02928400058574;-0.30900064;0.0;0.0;0.0001966856113155928;0.0;0.010535805005577116;0.465424964021796;0.0;0.0;0.0;0.0;0.0;-0.16716340511355013
3261.0;9.029287314184378;-0.30355852800000005;0.0;0.0;0.00017880391790159688;0.0;0.010614240001545136;0.46338460610960946;0.0;0.0;0.0;0.0;0.0;-0.17062533226818843
3262.0;9.029290268893309;-0.29684078599999997;0.0;0.0;0.00016092422635644062;0.0;0.010343025003519076;0.4615736370512153;0.0;0.0;0.0;0.0;0.0;-0.17524267248229147
3263.0;9.029308702323128;-0.291617807;0.0;0.0;0.00016092422635646084;0.0;0.010540530007299124;0.44944618400499153;0.0;0.0;0.0;0.0;0.0;-0.16853345968450315
3264.0;9.029319791811455;-0.284833226;0.0;0.0;0.00016986457259626284;0.0;0.01063030499553914;0.44203328661705765;0.0;0.0;0.0;0.0;0.0;-0.1680024875071677
3265.0;1.2381326196508486e-6;-0.34759856;0.0;0.0;0.0001224913850944812;0.0;0.010032647405525822;0.5081377936650688;0.0;0.0;0.0;0.0;0.0;-0.17069445901977
3266.0;1.2295244978397265e-6;-0.34451784799999996;0.0;0.0;0.00011385310930094675;0.0;0.00987194394094305;0.5088394457977569;0.0;0.0;0.0;0.0;0.0;-0.1743074781928474
3267.0;1.2295444196662665e-6;-0.342172964;0.0;0.0;0.0001138534586307601;0.0;0.009928590156251258;0.5080157310177971;0.0;0.0;0.0;0.0;0.0;-0.17588529397722122
3268.0;1.2382311201144552e-6;-0.338948512;0.0;0.0;0.00012249205131169137;0.0;0.00952637010873971;0.5032002310107581;0.0;0.0;0.0;0.0;0.0;-0.17390066774403676
3269.0;1.238318573164908e-6;-0.34035947199999994;0.0;0.0;0.0001224927080999005;0.0;0.00916323929004163;0.5081484207317597;0.0;0.0;0.0;0.0;0.0;-0.17707476731159008
3270.0;1.238335253919515e-6;-0.34614187999999996;0.0;0.0;0.00012249357529306933;0.0;0.009963649327029213;0.5170207351349976;0.0;0.0;0.0;0.0;0.0;-0.1809650846223871
3271.0;1.4032213533883742e-6;-0.36131033999999995;0.0;0.0;0.00016619722529700513;0.0;0.00955606322819099;0.5274539675396496;0.0;0.0;0.0;0.0;0.0;-0.17586600171435682
3272.0;8.75955097624273e-8;-0.38096341599999994;0.0;0.0;0.004645371053749836;0.0;0.00956616659874208;0.5319081701746493;0.0;0.0;0.0;0.0;0.0;-0.1651563002043337
3273.0;3.280497049128908e-5;-0.38995484;0.0;0.0;0.026960655628923004;0.0;0.007721175501899124;0.5142654728568046;0.0;0.0;0.0;0.0;0.0;-0.1589940007168991
3274.0;5.5532253379928634e-5;-0.396351884;0.0;0.0;0.07622662045803796;0.0;0.008061989296043102;0.5106770193439039;0.0;0.0;0.0;0.0;0.0;-0.19861358617348657
3275.0;7.39265218503369e-5;-0.4034903799999999;0.0;0.0;0.14843211868048603;0.0;0.008216717030580346;0.5165973281941773;0.0;0.0;0.0;0.0;0.0;-0.26975048247000877
3276.0;0.00010337010428034523;-0.408579876;0.0;0.0;0.19627225111070204;0.0;0.008308143904970438;0.5182331291994744;0.0;0.0;0.0;0.0;0.0;-0.31422567976972793
3277.0;0.00011195511781074524;-0.408994136;0.0;0.0;0.20934327015049856;0.0;0.008366664573964193;0.5167786224122011;0.0;0.0;0.0;0.0;0.0;-0.32548575218981
3278.0;9.46634770728692e-5;-0.40564846;0.0;0.0;0.18262920114314343;0.0;0.008495982452321263;0.5132753205717788;0.0;0.0;0.0;0.0;0.0;-0.29874481300959976
3279.0;6.812595131744564e-5;-0.40196721199999996;0.0;0.0;0.1376486907215709;0.0;0.008225789837177028;0.5154356675564881;0.0;0.0;0.0;0.0;0.0;-0.2593382703719682
3280.0;5.463826944091539e-5;-0.395626944;0.0;0.0;0.0769300587807795;0.0;0.008299888605001091;0.5012734313504226;0.0;0.0;0.0;0.0;0.0;-0.19087612626016826
3281.0;3.4855190470597354e-5;-0.392814292;0.0;0.0;0.028303868500598715;0.0;0.007826673399645262;0.4975575649497508;0.0;0.0;0.0;0.0;0.0;-0.1408753968783079
3282.0;1.0945134330339814e-7;-0.39495676399999996;0.0;0.0;0.006542114225868994;0.0;0.007715997840265807;0.5044478236848529;0.0;0.0;0.0;0.0;0.0;-0.12374918215926432
3283.0;8.941562372802174e-8;-0.39577047199999993;0.0;0.0;0.00039753048516572806;0.0;0.007366829044745053;0.5076861871844501;0.0;0.0;0.0;0.0;0.0;-0.11968008300006952
3284.0;1.3686463956324348e-6;-0.390312452;0.0;0.0;0.00015737959678225238;0.0;0.005434517357503064;0.4974387653543693;0.0;0.0;0.0;0.0;0.0;-0.11271831881085
3285.0;1.304040788174599e-6;-0.38088745999999996;0.0;0.0;0.00013986545646569475;0.0;0.00517553207757803;0.4876737781161886;0.0;0.0;0.0;0.0;0.0;-0.11210181335877023
3286.0;1.3043599207493584e-6;-0.36912619199999996;0.0;0.0;0.00013986826867886954;0.0;0.005062946299058892;0.4853924269271167;0.0;0.0;0.0;0.0;0.0;-0.12146914723519418
3287.0;1.3043525684025362e-6;-0.35981107599999995;0.0;0.0;0.00013986976058049993;0.0;0.005747508674752918;0.48039926432785374;0.0;0.0;0.0;0.0;0.0;-0.12647566450720932
3288.0;1.3044456726653768e-6;-0.35126448;0.0;0.0;0.00013987148445970593;0.0;0.00615005760372564;0.4779194613047727;0.0;0.0;0.0;0.0;0.0;-0.13294500814882027
3289.0;93.17717034448489;-0.31024554;0.007559999999979166;1.274953260580941e-15;0.00015939610543246199;0.0;0.0068939999991119785;0.29962786063101715;0.0156959999998936;0.0;9.968296391031197e-14;1.380838193814342e-13;0.0;-0.020494031252714567
3290.0;93.1770307486655;-0.305621112;0.007559999999979166;1.274952884641287e-15;0.00015939610543246171;0.0;0.008210699996072308;0.30731683737128546;0.015695999999893597;0.0;9.968288942619283e-14;1.3808378993615668e-13;0.0;-0.034119881834058216
3291.0;93.1768299216236;-0.30627138;0.007559999999979166;1.2749523384681255e-15;0.0001687713589523124;0.0;0.00907109999335253;0.3182726971808239;0.015695999999893597;0.0;9.968278121418044e-14;1.3808374715742563e-13;0.0;-0.04528922338517141
3292.0;93.17663310033979;-0.307649436;0.007559999999979166;1.2749518023278359e-15;0.00015939610543246093;0.0;0.009659700001712675;0.3289925469195772;0.0156959999998936;0.0;9.968267499007309e-14;1.3808370516446446e-13;0.0;-0.05520435172403539
3293.0;93.1765316128322;-0.31049667599999997;0.007559999999979166;1.2749515255735441e-15;0.00015001875242688133;0.0;0.010173599999792804;0.3345139517948436;0.0156959999998936;0.0;9.968262015752741e-14;1.3808368348780877e-13;0.0;-0.05838000743018793
3294.0;93.1762564357288;-0.318563828;0.007559999999979165;1.2749507750000598e-15;0.00015001875242688076;0.0;0.010486800012272883;0.3494819907717424;0.0156959999998936;0.0;9.968247144866246e-14;1.3808362469946225e-13;0.0;-0.06558587705470845
3295.0;93.17590014850771;-0.33709959199999995;0.007559999999979165;1.274949802689917e-15;0.0002250281287857378;0.0;0.010508399997552887;0.3688534921833463;0.015695999999893597;0.0;9.968227880819528e-14;1.3808354854363159e-13;0.0;-0.06650759371348083
3296.0;93.17567105610907;-0.35938232800000003;0.007559999999979165;1.2749491843696071e-15;0.0041630198627543346;0.0;0.010557000006792902;0.3815235338148937;0.015695999999893597;0.0;9.968215630273909e-14;1.3808350011393863e-13;0.0;-0.06087455829695884
3297.0;93.17556526796345;-0.370980264;0.007559999999979165;1.2749489308016666e-15;0.022409048824996457;0.0;0.010552499991032898;0.3883367878390061;0.015695999999893597;0.0;9.968210606435211e-14;1.3808348025328042e-13;0.0;-0.07432773967683472
3298.0;93.17564728167179;-0.37720514;0.007559999999979165;1.274949236799499e-15;0.0653706657228679;0.0;0.01058130000435291;0.3863679612967707;0.015695999999893597;0.0;9.968216669047161e-14;1.3808350422050263e-13;0.0;-0.10912571159498058
3299.0;93.17573625251197;-0.38132235600000003;0.007559999999979165;1.274949588988659e-15;0.12292160474792287;0.0;0.01057230000107291;0.3848525259352442;0.015695999999893597;0.0;9.96822364683513e-14;1.3808353180555434e-13;0.0;-0.1610360729161698
3300.0;93.17571559557774;-0.38599878;0.007559999999979165;1.2749496227814155e-15;0.17046816780746155;0.0;0.010387799990312856;0.3887156461105297;0.015695999999893597;0.0;9.968224316358793e-14;1.380835344523772e-13;0.0;-0.2075829133175347
3301.0;93.17566178387392;-0.385627816;0.007559999999979165;1.2749495329823116e-15;0.20049066780830152;0.0;0.010314000002952838;0.3933737498523131;0.015695999999893597;0.0;9.96822253720261e-14;1.380835274188863e-13;0.0;-0.2425582509388413
3302.0;93.17557521175968;-0.381752212;0.007559999999979165;1.2749492855535769e-15;0.19455555182243192;0.0;0.009987299999672756;0.3977399452635674;0.015695999999893597;0.0;9.968217634993592e-14;1.3808350803913023e-13;0.0;-0.24453581243052336
3303.0;93.17551577259394;-0.37724832399999997;0.007559999999979165;1.2749490648246158e-15;0.1637079486816446;0.0;0.009415800003192611;0.3991932738494453;0.015695999999893597;0.0;9.968213261776844e-14;1.3808349075059014e-13;0.0;-0.2190729977920188
3304.0;93.1756698068909;-0.370198032;0.007559999999979165;1.2749493904204795e-15;0.11374233297209692;0.0;0.00940140000359261;0.38793929491804124;0.015695999999893597;0.0;9.968219712679864e-14;1.3808351625280107e-13;0.0;-0.16489526003154972
3305.0;93.17571868302647;-0.365387012;0.007559999999979165;1.2749494194455626e-15;0.058854226282910004;0.0;0.00979919999607271;0.3821135612672885;0.015695999999893597;0.0;9.968220287742379e-14;1.3808351852615189e-13;0.0;-0.10939320639310496
3306.0;93.17586801843417;-0.363596984;0.007559999999979165;1.2749497488286401e-15;0.01845230448450243;0.0;0.00983610000387272;0.37163593239065706;0.015695999999893597;0.0;9.968226813685614e-14;1.3808354432495876e-13;0.0;-0.06034617348753429
3307.0;93.17574862912001;-0.364401484;0.007559999999979165;1.2749493912043422e-15;0.0021658956108533225;0.0;0.009888299991832734;0.3771697599863123;0.015695999999893597;0.0;9.968219728210331e-14;1.3808351631416753e-13;0.0;-0.04883819252976492
3308.0;93.17570773066574;-0.36120181999999995;0.007559999999979165;1.2749492768627026e-15;0.0005250656342211682;0.0;0.00964080000047267;0.379306276756916;0.015695999999893597;0.0;9.968217462803517e-14;1.3808350735841228e-13;0.0;-0.052284861215507246
3309.0;93.17553736059305;-0.35349597600000005;0.007559999999979165;1.2749488126804872e-15;0.0002906622516247437;0.0;0.00903059999271252;0.38857900870112777;0.015695999999893597;0.0;9.968208266148125e-14;1.3808347100149792e-13;0.0;-0.06841373551231936
3310.0;93.17531487440576;-0.342790944;0.007559999999979165;1.2749482063453095e-15;0.00023440338230558768;0.0;0.008100000000912282;0.40069007797467837;0.0156959999998936;0.0;9.968196253088493e-14;1.38083423510474e-13;0.0;-0.09023632451744155
3311.0;93.17538730172893;-0.33268164399999994;0.007559999999979165;1.274948404072475e-15;0.00015939610543245843;0.0;0.006745500001471942;0.3967524271656394;0.015695999999893597;0.0;9.968200170571052e-14;1.3808343899738888e-13;0.0;-0.0949806256880184
3312.0;93.1753817034032;-0.323037756;0.007559999999979165;1.2749483890967395e-15;0.0001687713589523095;0.0;0.0056708999995516715;0.3970629678701782;0.015695999999893597;0.0;9.968199873862992e-14;1.3808343782442092e-13;0.0;-0.10386965730691301
3313.0;211.14009764324692;-0.296892096;0.007559999999990681;3.51993730392001e-15;0.005119389148970387;3.753133889251048e-18;0.005966100005474308;0.20168967815593147;0.015695999999926685;0.0;0.06106969127421539;2.3779314156115967e-13;3.819616974900314e-14;-2.6011682780591653e-12
3314.0;211.14016684304394;-0.290854996;0.007559999999990681;3.5199381556424007e-15;0.003994249553330384;3.753134269987664e-18;0.006261299997274383;0.19786382272866457;0.015695999999926685;0.0;0.05968629175802738;2.377931628068801e-13;3.819618552145688e-14;-2.60116762824324e-12
3315.0;211.14022639488303;-0.288949812;0.007559999999990681;3.5199388887284923e-15;0.0030378802671906656;3.753134597691528e-18;0.006172200001514358;0.19457209535633274;0.015695999999926685;0.0;0.06211650225580267;2.377931810933102e-13;3.819619909697707e-14;-2.6011670689403126e-12
3316.0;211.14029193037194;-0.28850075599999997;0.007559999999990681;3.5199396957028556e-15;0.002015876858211939;3.7531349584242095e-18;0.006319800004474396;0.19095119718088477;0.015695999999926685;0.0;0.06616076531385032;2.377932012228538e-13;3.819621404078324e-14;-2.60116645326544e-12
3317.0;211.14023529501816;-0.29027560399999996;0.007559999999990681;3.5199389808325594e-15;0.0008626073030409278;3.7531346388645454e-18;0.006208200000514367;0.1939634378053603;0.015695999999926685;0.0;0.06618990024993551;2.3779318339085607e-13;3.819620080258472e-14;-2.6011669986700788e-12
3318.0;211.14826329624333;-0.29793459599999994;0.007559999999990682;3.520162949459988e-15;0.0007407185098542339;3.753234753385043e-18;0.006028199991394322;0.1956714088360328;0.015695999999926685;0.0;0.0727082654720755;2.3779876989114246e-13;3.820034851091069e-14;-2.6009961458456963e-12
3319.0;258.78207624188076;-0.314075012;0.0075599999999928095;4.775901560003426e-15;0.010941992644955465;4.2175562604651705e-18;0.0057969000031155874;0.19444166873828994;0.015695999999940848;0.0;0.07523060152870276;2.6229319844673567e-13;6.929447904276786e-14;-2.048066128073528e-12
3320.0;211.1403487701506;-0.33277865999999995;0.007559999999990681;3.5199410318655614e-15;0.07530940756562145;3.753135555714188e-18;0.005633999991754222;0.1920629311055418;0.015695999999926685;0.0;0.03671949686104047;2.3779323455264904e-13;3.819623878428214e-14;-2.6011654338517753e-12
3321.0;51.42061597142647;-0.350512588;0.0075599999989428455;1.8698567103299125e-15;0.2266408091476792;0.0;0.005319000004011789;0.1845789104789927;0.015695999999641257;0.0;0.0;1.754530942305269e-13;0.0;-0.08906507495788987
3322.0;51.421086461171996;-0.361787088;0.007559999998943123;1.8698587578033468e-15;0.38731087861195224;0.0;0.005097599999571732;0.16830660190829083;0.015695999999641257;0.0;0.0;1.7545320832070536e-13;0.0;-0.2219765304863374
3323.0;51.42119021044434;-0.36593936;0.007559999998943215;1.8698594406692405e-15;0.5131953521517266;0.0;0.0048843000037316784;0.1700953143640531;0.01569599999964126;0.0;0.0;1.7545324637163392e-13;0.0;-0.34528363598399214
3324.0;-0.0010609249862531698;-0.369676224;0.0;0.0;0.5937879378485467;0.0;0.0;0.16091879666205647;0.0;0.0;0.0;0.0;0.0;-0.3850261619914303
3325.0;-0.001062775290119245;-0.37312441599999996;0.0;0.0;0.6199823601262339;0.0;0.0;0.13817256616396031;0.0;0.0;0.0;0.0;0.0;-0.38502616199143036
3326.0;-0.0010603171435754164;-0.371992768;0.0;0.0;0.6084653499625218;0.0;0.0;0.14855792382303265;0.0;0.0;0.0;0.0;0.0;-0.38502616199143036
3327.0;-0.0010581470329903164;-0.36537405599999995;0.0;0.0;0.5729589773627084;0.0;0.0;0.17744558066490967;0.0;0.0;0.0;0.0;0.0;-0.38502616199143036
3328.0;51.42049451297251;-0.356315708;0.007559999998942878;1.8698569450866885e-15;0.4852356105256267;0.0;0.005229899994131765;0.20655273914915;0.015695999999641257;0.0;0.0;1.7545310731174205e-13;0.0;-0.36373036083276095
3329.0;51.420459188580615;-0.345619252;0.00755999999894281;1.8698564467469978e-15;0.34278344216355044;0.0;0.004910399990651687;0.19985128050680967;0.015695999999641257;0.0;0.0;1.7545307954300455e-13;0.0;-0.22495690499948418
3330.0;51.42055112869648;-0.337775876;0.007559999998942799;1.869856363095026e-15;0.1791692544147564;0.0;0.004757399991371647;0.1853117849944101;0.015695999999641257;0.0;0.0;1.7545307488171255e-13;0.0;-0.054500922891720614
3331.0;249.37633324434267;-0.33301506799999997;0.00755999999999247;4.4617220372667925e-15;0.05195336470774714;4.117124920225929e-18;0.005076000000195185;0.1743745586969996;0.0156959999999385;0.0;0.07523060152860118;2.572391296599633e-13;5.970184950552542e-14;-2.1374376855835175e-12
3332.0;519.0078856884063;-0.335264228;0.007559999999996809;0.01655799999999498;0.010426302264051073;1.2219177893024485e-17;0.0051327000039183635;0.1767470855384429;0.015695999999971448;0.0;0.07523060152905191;4.1631633960965336e-13;0.017092268350498267;-9.540541318379668e-13
3333.0;534.6452965806769;-0.33121651999999996;0.007559999999996913;0.01655799999999553;0.00527878525482346;1.3582718691483303e-17;0.00426329998923823;0.18174057315011227;0.015695999999972326;0.0;0.075230601529055;4.2433556070015036e-13;0.017092268350499713;-9.244514835202578e-13
3334.0;418.14103726145646;-0.323575744;0.007559999999995931;0.016557999999975547;0.005485060777351015;7.146556891268734e-18;0.0037440000089573092;0.18298273369282125;0.015695999999964228;0.0;0.07523060152902082;3.583867867104115e-13;0.017092268350478217;-1.2018324159220548e-12
3335.0;392.15626237730214;-0.314280156;0.007559999999995621;0.005475425937762216;0.005485060777343835;6.427990919027643e-18;0.0032562000119169443;0.18399509495609082;0.015695999999961747;0.0;0.07523060152900718;3.422421024023336e-13;0.017092268350464297;-1.2883158544894048e-12
3336.0;347.07164024998923;-0.30459014800000006;0.007559999999994954;1.4151223234631375e-14;0.005363169884656415;5.4668961284902114e-18;0.0025811999918362726;0.1854173695852779;0.01569599999995654;0.0;0.07523060152897121;3.141445267788946e-13;0.017092268350382904;-1.4721012390395714e-12
3337.0;211.1406425712187;-0.219690212;0.0075599999999941755;2.2024761797776534e-15;0.003937991733834384;2.4399534419891655e-18;0.0031364999993562866;0.17200203071792206;0.015695999999954392;0.0;0.017550166770127027;1.951465182042125e-13;2.389908705473874e-14;-1.6275076674754692e-12
3338.0;211.140839666166;-0.21663271599999998;0.0075599999999941755;2.2024777055928706e-15;0.0021940234710552267;2.4399541823430137e-18;0.003381299992556348;0.16118901910912206;0.015695999999954392;0.0;0.026798924644241433;1.9514659120786464e-13;2.3899115308339796e-14;-1.6275065034851092e-12
3339.0;211.14099300866332;-0.21395183199999995;0.0075599999999941755;2.202478894746033e-15;0.0012189015783900766;2.4399547593423066e-18;0.0033093000086763303;0.15279822294783443;0.015695999999954392;0.0;0.03355135851300147;1.9514664810372532e-13;2.3899137327971713e-14;-1.62750559632461e-12
3340.0;211.14114302648915;-0.21136450799999998;0.0075599999999941755;2.2024800591113934e-15;0.0004500562580189335;2.4399553243122596e-18;0.0035513999895963916;0.14459996018026097;0.015695999999954392;0.0;0.03968454720638744;1.9514670381348654e-13;2.3899158888618556e-14;-1.6275047080758378e-12
3341.0;211.14102959736994;-0.21186288399999997;0.0075599999999941755;2.2024791752066835e-15;0.0003750468816600757;2.4399548954263348e-18;0.003834899994076463;0.15076107770089806;0.015695999999954392;0.0;0.033816696257612425;1.9514666152253356e-13;2.3899142521283017e-14;-1.627505382371863e-12
3342.0;211.14107044494492;-0.213516948;0.0075599999999941755;2.202479544242454e-15;0.009854356162921426;2.4399550744890828e-18;0.0038879999908364767;0.14908416062690785;0.015695999999954392;0.0;0.02761430674122991;1.9514667917924657e-13;2.3899149354748073e-14;-1.6275051008492134e-12
3343.0;51.42206524143258;-0.21866431599999997;0.007559999999338839;1.1699768234620998e-15;0.04896236595628613;0.0;0.0037349999915424507;0.14704701651744734;0.015695999999775806;0.0;0.0;1.2946918901056406e-13;0.0;-0.004195736362071125
3344.0;51.42227171885582;-0.23092276399999997;0.007559999999338927;1.169977476160867e-15;0.14958743436913657;0.0;0.0035666999979824085;0.1427429290195576;0.01569599999977581;0.0;0.0;1.2946924288760324e-13;0.0;-0.0880923765678495
3345.0;51.42239171885198;-0.24660425600000002;0.007559999999338989;1.1699779379168492e-15;0.2789504681312064;0.0;0.0033552000056223555;0.1436869715781304;0.01569599999977581;0.0;0.0;1.294692810032587e-13;0.0;-0.20250648611010308
3346.0;51.42247934736841;-0.25979421999999996;0.007559999999339037;1.1699782960908507e-15;0.3870014658533267;0.0;0.0030752999939822855;0.14516514332935412;0.015695999999775806;0.0;0.0;1.2946931056871003e-13;0.0;-0.29856543261226526
3347.0;51.4224161094964;-0.26860354399999997;0.00755999999933903;1.1699782402378073e-15;0.4390579677976596;0.0;0.003349800009302353;0.15169269867655788;0.01569599999977581;0.0;0.0;1.2946930595834134e-13;0.0;-0.3486112734084219
3348.0;51.4222987202297;-0.273113884;0.007559999999339002;1.1699780318390325e-15;0.4602574902979424;0.0;0.003376800005022361;0.1597232700780471;0.01569599999977581;0.0;0.0;1.2946928875606068e-13;0.0;-0.3733535661051512
3349.0;9.99531998824011;-0.273571468;0.0;0.0;0.4743498756981214;0.0;0.0033669000069857335;0.1745360392702191;0.006450388212926299;0.0;0.0;0.0;0.0;-0.3850261619922583
3350.0;-0.000774562148408973;-0.27211250800000003;0.0;0.0;0.47402701118594903;0.0;0.0011045855792966796;0.1820314778483666;0.0;0.0;0.0;0.0;0.0;-0.3850261619931345
3351.0;9.835581245801682;-0.26956209999999997;0.0;0.0;0.44888419399885676;0.0;0.0035622000103842162;0.20198779613854484;0.0;0.0;0.0;0.0;0.0;-0.3850261619922762
3352.0;51.42116727680756;-0.265902068;0.007559999999338652;1.1699754477918262e-15;0.39551502849544273;0.0;0.0035541000018624053;0.21753344098650823;0.015695999999775802;0.0;0.0;1.294690754557524e-13;0.0;-0.3737783813591932
3353.0;51.42099314855255;-0.260622616;0.007559999999338579;1.1699749087636998e-15;0.30734151550841976;0.0;0.003761100006702457;0.2213779299255004;0.015695999999775802;0.0;0.0;1.294690309616297e-13;0.0;-0.29493350721806094
3354.0;51.42069144119671;-0.257573804;0.007559999999338468;1.1699740897217842e-15;0.20554442388413005;0.0;0.0035973000006624166;0.23189903320377123;0.015695999999775802;0.0;0.0;1.2946896335370255e-13;0.0;-0.2065363308176197
3355.0;51.42061463546072;-0.250400884;0.007559999999338424;1.1699737576821512e-15;0.09886234859273761;0.0;0.0030743999993022844;0.2299177862165788;0.0156959999997758;0.0;0.0;1.2946893594543485e-13;0.0;-0.1045236672262439
3356.0;51.420639468784465;-0.24936940399999996;0.007559999999338415;1.1699736951446413e-15;0.025896985350294537;0.0;0.0035189999975423956;0.2242224791838917;0.015695999999775802;0.0;0.0;1.2946893078325914e-13;0.0;-0.02734194202065117
3357.0;70.72565171516038;-0.24796100399999993;0.007559999999954816;1.2406324073507473e-15;0.00826040770233696;0.0;0.003096900007507355;0.22369455964494822;0.01569599999984755;0.0;0.0;1.351952717349422e-13;0.0;-1.0925443922398272e-11
3358.0;106.06213093047894;-0.246296148;0.00755999999998325;1.3938476346146194e-15;0.006282035007351642;0.0;0.00304470000543181;0.22219154586617137;0.01569599999990381;0.0;1.1713181708610092e-13;1.46905709505444e-13;0.0;-4.2538679283302234e-12
3359.0;51.42059145222472;-0.243117052;0.007559999999338396;1.1699735530421913e-15;0.006291411310330254;0.0;0.003234599998382325;0.22553916922265163;0.015695999999775802;0.0;0.0;1.2946891905339861e-13;0.0;-0.01502026090028176
3360.0;51.42060798988162;-0.237529288;0.0075599999993384015;1.1699735931073133e-15;0.0062820350070675384;0.0;0.0034118999952223693;0.22473176407348086;0.015695999999775802;0.0;0.0;1.2946892236059595e-13;0.0;-0.019968954806467463
3361.0;211.14123807560517;-0.23980082799999997;0.00755999999999461;2.038805979800955e-15;0.005888236568917523;2.2692511083918472e-18;0.000633599996515991;0.14992883052410308;0.015695999999957834;0.0;0.06026978377600491;1.8751858405395828e-13;2.212303891835792e-14;-1.5066213664757635e-12
3362.0;211.1410662069448;-0.23434774799999997;0.00755999999999461;2.0388043668959987e-15;0.005185023271899659;2.2692503179973964e-18;0.0006318000071559906;0.14904689587889486;0.015695999999957834;0.0;0.05640790426935127;1.8751849960378082e-13;2.212300905230397e-14;-1.5066225970170431e-12
3363.0;211.14106418415693;-0.231667976;0.00755999999999461;2.0388043481642e-15;0.004350542778946644;2.2692503088189998e-18;0.0008981999997560576;0.14910900379225941;0.015695999999957834;0.0;0.05423414255180354;1.8751849862302896e-13;2.2123008705450337e-14;-1.5066226113082426e-12
3364.0;211.14105358514604;-0.233062728;0.00755999999999461;2.038804269181452e-15;0.003834854497440219;2.269250270113145e-18;0.0015129000091562129;0.1496555545675833;0.015695999999957834;0.0;0.054983634202709936;1.875184944875395e-13;2.2123007242933622e-14;-1.5066226715669026e-12
3365.0;211.1410711564479;-0.23838888799999997;0.00755999999999461;2.0388044156727957e-15;0.00781972669797953;2.269250341901065e-18;0.0016902000059962573;0.14892889084350225;0.015695999999957834;0.0;0.0568738697006129;1.8751850215770097e-13;2.2123009955501188e-14;-1.5066225598033247e-12
3366.0;211.14126433993093;-0.25178995600000004;0.00755999999999461;2.038805949430214e-15;0.03617326781239914;2.2692510935091974e-18;0.001942199998996321;0.14005364954482344;0.015695999999957834;0.0;0.0505396446876586;1.8751858246380695e-13;2.21230383559785e-14;-1.5066213896467468e-12
3367.0;58.341110699383805;-0.26455986800000003;0.007559999999896038;1.1056052918286761e-15;0.11933990728906463;0.0;0.0022940999945055027;0.1237192330605698;0.015695999999822456;0.0;0.0;1.2432893506423454e-13;0.0;-2.690157963605003e-11
3368.0;51.42614068246015;-0.287407068;0.00755999999939001;1.0830439698222724e-15;0.26269218816738643;0.0;0.0024569999917435047;0.1150613717340638;0.015695999999792546;0.0;0.0;1.223844732547938e-13;0.0;-0.11584942385754363
3369.0;51.426357443972286;-0.30422233600000004;0.007559999999390101;1.0830446415148033e-15;0.4258469423050218;0.0;0.0026154000014635445;0.11268263410133841;0.015695999999792546;0.0;0.0;1.2238453148094184e-13;0.0;-0.2599705675829513
3370.0;22.11799991253321;-0.318772692;0.0;0.0;0.5679240637846292;0.0;0.0027396000015209206;0.11879406529089495;0.015695999999289847;0.0;0.0;0.0;0.0;-0.38502616199075346
3371.0;-0.0013056618273692246;-0.32957474800000003;0.0;0.0;0.6357211800200886;0.0;0.0;0.07889310761007351;0.0;0.0;0.0;0.0;0.0;-0.385026161993346
3372.0;-0.0013029976206072906;-0.331894716;0.0;0.0;0.6294689906906856;0.0;0.0;0.08746534491410853;0.0;0.0;0.0;0.0;0.0;-0.385026161993346
3373.0;-0.0013027514972556195;-0.33003303199999995;0.0;0.0;0.6215565855766323;0.0;0.0;0.09351607225113702;0.0;0.0;0.0;0.0;0.0;-0.385026161993346
3374.0;-0.0013025672376427403;-0.32879446;0.0;0.0;0.6070849277268591;0.0;0.0;0.1067491626781346;0.0;0.0;0.0;0.0;0.0;-0.385026161993346
3375.0;-0.0012980772966571072;-0.32490158;0.0;0.0;0.586125271285201;0.0;0.0;0.12381602961966326;0.0;0.0;0.0;0.0;0.0;-0.385026161993346
3376.0;9.99513417486269;-0.31845941199999994;0.0;0.0;0.5088354330676526;0.0;0.0046035000114731115;0.18572790915066406;0.004431007552719531;0.0;0.0;0.0;0.0;-0.3850261619925358
3377.0;51.42483155028639;-0.309878712;0.007559999999389677;1.0830414893534497e-15;0.3912301187895089;0.0;0.004572000000064036;0.1936653175456084;0.015695999999792543;0.0;0.0;1.2238425823348456e-13;0.0;-0.3025920532822603
3378.0;51.42457286343973;-0.30201390800000005;0.0075599999993895845;1.083040799714573e-15;0.27602510350299475;0.0;0.0044072999993439955;0.2010748086757364;0.01569599999979254;0.0;0.0;1.2238419845156488e-13;0.0;-0.20249208404341862
3379.0;51.42434743079077;-0.291079052;0.0075599999993894995;1.0830401671795575e-15;0.15314100291808913;0.0;0.004243500007423955;0.20624219844482497;0.01569599999979254;0.0;0.0;1.2238414361975247e-13;0.0;-0.09554307530958912
3380.0;211.14052888615385;-0.278112392;0.00755999999999461;2.038800767536668e-15;0.06050443256297146;2.269248554150955e-18;0.004499099993276966;0.18142382165421445;0.015695999999957834;0.0;0.008626439934453766;1.8751831114450768e-13;2.212294240334087e-14;-1.506625343107474e-12
3381.0;211.14054920345356;-0.27015950399999994;0.00755999999999461;2.038800690531525e-15;0.01551756355315372;2.2692485164153993e-18;0.0042461999914769006;0.17774081442768602;0.015695999999957834;0.0;0.049594502274559284;1.8751830711262258e-13;2.2122940977449514e-14;-1.5066254018577703e-12
3382.0;211.14031777855428;-0.267090728;0.00755999999999461;2.038798974355336e-15;0.005944492289008086;2.2692476754111827e-18;0.003840299990396799;0.18977114455157879;0.015695999999957834;0.0;0.044481010503059026;1.875182172550362e-13;2.2122909199244793e-14;-1.5066267112020653e-12
3383.0;211.14032685574514;-0.25926564799999996;0.00755999999999461;2.0387990389631955e-15;0.005775721979507802;2.2692477070725095e-18;0.0033723000033966813;0.1892680693156101;0.015695999999957834;0.0;0.037795500700888385;1.8751822063784302e-13;2.2122910395580604e-14;-1.5066266619100624e-12
3384.0;211.14052311272786;-0.24313771999999997;0.00755999999999461;2.038800452704477e-15;0.00551318863738037;2.2692483998694836e-18;0.003414600007516692;0.1785854843248756;0.015695999999957834;0.0;0.032564530149801756;1.875182946601681e-13;2.2122936573633636e-14;-1.5066255833059381e-12
3385.0;317.1984605671082;-0.23911382799999997;0.007559999999996014;6.04418526410792e-15;0.0049693703963656684;3.6829470447262386e-18;0.0011609999995168868;0.12519119402065737;0.01569599999996625;0.0;0.075230601528984;2.808655211682466e-13;0.009204297673772531;-1.3297492009421401e-12
3386.0;317.19871276916723;-0.237162612;0.007559999999996014;6.044194285143387e-15;0.003872358660770948;3.682948362237546e-18;0.0012455999936369082;0.1242657849738099;0.01569599999996625;0.0;0.07523060152898402;2.8086561225696206e-13;0.009175887683834556;-1.3297485759780292e-12
3387.0;369.81781185289117;-0.23508123599999994;0.0075599999999966735;2.0311630413843462e-14;0.0030566318241006755;4.426792280462515e-18;0.001265400003677398;0.11652090997380583;0.015695999999971295;0.0;0.07523060152902772;3.2576872875172917e-13;0.017092268350463624;-1.090433539643976e-12
3388.0;384.2580017798038;-0.23328928799999996;0.0075599999999968175;5.754635491167469e-14;0.00309413598741194;4.685311491563743e-18;0.0011835000077174867;0.11330992402656567;0.015695999999972426;0.0;0.07523060152903506;3.3845199706648835e-13;0.0170922683504754;-1.0395727211802239e-12
3389.0;392.1576796622416;-0.23571376;0.007559999999996892;0.008528197830399195;0.0036754583917590583;4.839778966522337e-18;0.0011996999966775474;0.10619855315602035;0.01569599999997301;0.0;0.07523060152903857;3.4538584466749095e-13;0.017092268350479924;-1.013749425484741e-12
3390.0;448.2921973284618;-0.245563712;0.007559999999997333;0.016557999999991944;0.01523627865429614;6.309587800949226e-18;0.0011861999917578887;0.096795394593749;0.01569599999997656;0.0;0.07523060152905685;3.929310977100412e-13;0.01709226835049638;-8.62237854896129e-13
3391.0;317.19942785719434;-0.2616665;0.007559999999996014;6.044235759865401e-15;0.07113701139942652;3.682954419533617e-18;0.0009027000013968219;0.08698232266553274;0.01569599999996625;0.0;0.07523060152898402;2.8086603103932595e-13;0.004025010024709761;-1.3297457027019616e-12
3392.0;103.74534045753695;-0.28007992400000004;0.007559999999980115;1.5704693298305422e-15;0.18499185791127232;0.0;0.0008064000058297894;0.08410672058805484;0.015695999999887793;0.0;1.301059954304003e-13;1.5865990485978424e-13;0.0;-0.013415303162425531
3393.0;103.74555908732896;-0.295860452;0.007559999999980115;1.5704704525843103e-15;0.3242842561630138;0.0;0.0007514999914697758;0.08061624789295649;0.01569599999988779;0.0;1.3010624518482271e-13;1.5865997935181865e-13;0.0;-0.13338418126324086
3394.0;103.74561050871999;-0.306335748;0.007559999999980115;1.5704708963538095e-15;0.43332912733458173;0.0;0.0006669000114697544;0.08411293024167536;0.015695999999887793;0.0;1.301063439006699e-13;1.586600087948731e-13;0.0;-0.2353643787115093
3395.0;103.74564325720904;-0.315473548;0.007559999999980115;1.5704711738930998e-15;0.5003406209348868;0.0;0.0005048999947897137;0.08621218226426036;0.015695999999887793;0.0;1.3010640563890647e-13;1.5866002720892167e-13;0.0;-0.29517444983023866
3396.0;103.7455675303136;-0.32074498799999995;0.007559999999980115;1.5704709820036312e-15;0.5292098524302986;0.0;0.00041220000618969024;0.09202549660777197;0.015695999999887793;0.0;1.301063629533538e-13;1.5866001447752637e-13;0.0;-0.3244897762962831
3397.0;103.74538289169611;-0.321560252;0.007559999999980115;1.5704703491408914e-15;0.5327259168159022;0.0;0.0003105000001896646;0.10229816823258461;0.01569599999988779;0.0;1.3010622217402082e-13;1.5865997248862356e-13;0.0;-0.33735591445941426
3398.0;103.74518849632263;-0.320634784;0.007559999999980115;1.5704696611232943e-15;0.5277096659528643;0.0;0.00027900000282965676;0.11260189267636359;0.015695999999887793;0.0;1.301060691257683e-13;1.586599268402737e-13;0.0;-0.34353167168094595
3399.0;103.74496774040286;-0.316162548;0.007559999999980115;1.570468790374891e-15;0.4874952670704826;0.0;0.0003446999957096733;0.12222242893541677;0.015695999999887793;0.0;1.3010587542973626e-13;1.5865986906817027e-13;0.0;-0.3174703166115339
3400.0;103.7449083334904;-0.309727384;0.007559999999980115;1.5704684175936342e-15;0.4200243409087615;0.0;0.0003654000004296784;0.12152682030573399;0.015695999999887793;0.0;1.301057925054758e-13;1.5865984433505637e-13;0.0;-0.25575975458317124
3401.0;103.74478928074724;-0.30167524799999995;0.007559999999980115;1.57046774883222e-15;0.31540502189262337;0.0;0.00035100000082967484;0.12196157683700165;0.015695999999887793;0.0;1.301056437413724e-13;1.5865979996426113e-13;0.0;-0.15961224945010974
3402.0;103.74468283677471;-0.2934988799999999;0.007559999999980115;1.5704671212663341e-15;0.21055130054363164;0.0;0.00035909999530967684;0.12166345657742002;0.015695999999887793;0.0;1.301055041412783e-13;1.5865975832670328e-13;0.0;-0.06264461003061482
3403.0;211.14172948403993;-0.283493936;0.00755999999999338;2.5024202734730928e-15;0.10549130157276096;2.748404338534004e-18;0.00034290000635496976;0.11874437896079816;0.01569599999994808;0.0;0.0358221670225858;2.0748515048155723e-13;2.715408024494049e-14;-2.455327044821254e-12
3404.0;392.2114739023172;-0.27478437599999994;0.007559999999996892;0.003790512968065637;0.03427928184668727;4.840174085667084e-18;0.000272700011837314;0.11667618089493596;0.015695999999973013;0.0;0.07523060152903858;3.45402995537173e-13;0.017092268350479934;-1.0136870861047396e-12
3405.0;634.2922497221654;-0.27175964799999996;0.007559999999998187;0.016557999999998133;0.009301161618704727;2.833056009125711e-17;0.00029340000243837055;0.12607933945723135;0.015695999999983754;0.0;0.07523060152908276;5.021031859965535e-13;0.017092268350509265;-5.788760666013358e-13
3406.0;539.9872341259531;-0.267118928;0.007559999999997835;0.01655799999999694;0.006441429013796559;1.2009179775006735e-17;0.0003059999985580765;0.12981824380578272;0.015695999999980736;0.0;0.0752306015290733;4.566373819251683e-13;0.017092268350505424;-6.941376435524393e-13
3407.0;405.19829484679576;-0.258676424;0.0075599999999970075;0.016557999999965652;0.0062257771879628806;5.1201564692521975e-18;0.00026190000507740044;0.12919716353441;0.015695999999973932;0.0;0.0752306015290438;3.5685031959479094e-13;0.017092268350485655;-9.735899217948961e-13
3408.0;371.7178091204465;-0.249443916;0.0075599999999966935;2.22157501274931e-14;0.006216401934435862;4.459413297621782e-18;0.00023400000055715284;0.12988656251046812;0.015695999999971448;0.0;0.07523060152902876;3.274470980345188e-13;0.017092268350465543;-1.0834025013221131e-12
3409.0;51.4165106899627;-0.28100426399999995;0.007559999999358616;1.1320359666284859e-15;0.0019502437847970595;0.0;0.010467899996904747;0.34528969751776933;0.015695999999783078;0.0;0.0;1.2641968869458815e-13;0.0;-0.09965766239414327
3410.0;51.41663312743661;-0.278257552;0.007559999999358651;1.1320362254569296e-15;0.0009844981953946253;0.0;0.010341899993344717;0.3385758172927561;0.015695999999783078;0.0;0.0;1.2641971052137712e-13;0.0;-0.09460242978469767
3411.0;51.41660852845612;-0.275795312;0.007559999999358644;1.1320361724901578e-15;0.0004875614706707665;0.0;0.009788400003424574;0.33988629881561144;0.015695999999783078;0.0;0.0;1.2641970605473106e-13;0.0;-0.09732399266546554
3412.0;51.41665099258515;-0.27539064;0.007559999999358656;1.1320362627131262e-15;0.00047818516740805156;0.0;0.00918179998850442;0.33757587874987105;0.015695999999783078;0.0;0.0;1.2641971366313834e-13;0.0;-0.09480353667509035
3413.0;51.41664586472658;-0.282640268;0.007559999999358654;1.1320362515868048e-15;0.00048756147067076675;0.0;0.008314200005544205;0.337849153568675;0.015695999999783078;0.0;0.0;1.2641971272488288e-13;0.0;-0.0869688119621436
3414.0;51.416636888773255;-0.299424452;0.007559999999358652;1.1320362328084821e-15;0.0011626458579004862;0.0;0.006695100002863794;0.33835844073369603;0.015695999999783078;0.0;0.0;1.2641971114132314e-13;0.0;-0.06974962893752512
3415.0;51.41684917261286;-0.314705012;0.007559999999358715;1.1320366976885807e-15;0.011026377274475982;0.0;0.006619499997903775;0.3273591042470865;0.01569599999978308;0.0;0.0;1.264197503443075e-13;0.0;-0.0532639514428769
3416.0;51.41714578671837;-0.32659956399999995;0.007559999999358814;1.1320374266287475e-15;0.07666895159328199;0.0;0.007463699992103989;0.31504928965076934;0.01569599999978308;0.0;0.0;1.2641981181525245e-13;0.0;-0.09555338150624992
3417.0;51.417834453179566;-0.33845060800000004;0.007559999999359043;1.1320391110450682e-15;0.22552504480590646;0.0;0.007582499995864018;0.28619388938951457;0.015695999999783085;0.0;0.0;1.2641995386064594e-13;0.0;-0.20383829487704286
3418.0;51.41822291241929;-0.34864997999999997;0.007559999999359188;1.1320401789172404e-15;0.3870764731302176;0.0;0.007811999994784076;0.2744678891788239;0.015695999999783085;0.0;0.0;1.2642004391334354e-13;0.0;-0.34370094223597103
3419.0;-0.0007607556824000285;-0.356548244;0.0;0.0;0.4893021904355394;0.0;0.0002961762867484105;0.25200146164603027;0.0;0.0;0.0;0.0;0.0;-0.3850261619932264
3420.0;-0.0012200032761966778;-0.36080509200000005;0.0;0.0;0.522668016390356;0.0;0.0;0.2231699642898247;0.0;0.0;0.0;0.0;0.0;-0.3850261619932265
3421.0;-0.0011890886495229706;-0.35725999999999997;0.0;0.0;0.5153575809067492;0.0;0.0;0.22693626619202703;0.0;0.0;0.0;0.0;0.0;-0.3850261619932265
3422.0;-0.00117772299487445;-0.357443048;0.0;0.0;0.505734871358481;0.0;0.0;0.23674229107089936;0.0;0.0;0.0;0.0;0.0;-0.3850261619932264
3423.0;9.991973530129663;-0.35310347599999997;0.0;0.0;0.4580634668245635;0.0;0.01003769999819048;0.268958905884957;0.0013113288350165531;0.0;0.0;0.0;0.0;-0.3850261619923797
3424.0;51.418523946373746;-0.34469298;0.007559999999359269;1.132040779930043e-15;0.3623140057777604;0.0;0.010040399996424637;0.25661182540417854;0.015695999999783085;0.0;0.0;1.2642009459617309e-13;0.0;-0.3072775273526275
3425.0;51.41865599811424;-0.33405705999999996;0.00755999999935928;1.1320408559230966e-15;0.22432489583390763;0.0;0.009927900011904613;0.24145746154947012;0.015695999999783085;0.0;0.0;1.2642010100459978e-13;0.0;-0.1646652141042839
3426.0;51.41889676256447;-0.3216629879999999;0.007559999999359322;1.1320411660869477e-15;0.09200836748405412;0.0;0.010660500002144795;0.2205829463590128;0.01569599999978309;0.0;0.0;1.264201271604385e-13;0.0;-0.024611793203541055
3427.0;211.13968324954683;-0.32029315999999997;0.0075599999999943655;2.1310704913181306e-15;0.019793096955860127;2.3656924362502407e-18;0.010833300011478376;0.22505472636093493;0.015695999999955895;0.0;0.041577557590175306;1.9190293098433557e-13;2.312416419042152e-14;-1.5747429816830986e-12
3428.0;211.13927717915774;-0.31967545999999997;0.0075599999999943655;2.1310673540376723e-15;0.004969370396337312;2.365690907377064e-18;0.011085300004478434;0.2462770470039496;0.015695999999955895;0.0;0.034320973530375824;1.9190277489331188e-13;2.3124106097821137e-14;-1.5747453750112938e-12
3429.0;105.58663950795862;-0.31339714399999996;0.0075599999999836;1.3455439799783657e-15;0.003319165166055227;0.0;0.011114999998354082;0.2650523101717471;0.015695999999906302;0.0;1.1262371767065108e-13;1.434587696603904e-13;0.0;-4.160931846353899e-12
3430.0;51.41780344580693;-0.303236992;0.007559999999358987;1.132038693217708e-15;0.0027940984815270696;0.0;0.010778399997104825;0.2744616795252034;0.01569599999978308;0.0;0.0;1.2641991862564698e-13;0.0;-0.007790350239230401
3431.0;51.4176355151369;-0.2936406079999999;0.00755999999935894;1.1320383522333264e-15;0.001856482851655643;0.0;0.010976399998664878;0.28398284312287325;0.015695999999783085;0.0;0.0;1.2641988987072924e-13;0.0;-0.026162900209805967
3432.0;51.417493790103734;-0.28455461200000004;0.007559999999358899;1.1320380526644705e-15;0.0009751218921319156;0.0;0.010699199999304807;0.2917152954024968;0.01569599999978308;0.0;0.0;1.2641986460834899e-13;0.0;-0.04181851318409096
3433.0;-0.0120942483565715;-0.265443516;0.0;0.0;0.0;0.0;0.004806672799964644;0.34163144147538793;0.0;0.0;0.0;0.0;0.0;-0.081333599939392
3434.0;-0.011690535535728373;-0.202714008;0.0;0.0;0.0;0.0;0.0041818737597085;0.3091480047846325;0.0;0.0;0.0;0.0;0.0;-0.11094632215546034
3435.0;-0.012121336579528415;-0.20251166399999998;0.0;0.0;0.0;0.0;0.0047683461723998285;0.3062598966592275;0.0;0.0;0.0;0.0;0.0;-0.10884453644926281
3436.0;-0.012105375015649119;-0.254061196;0.0;0.0;0.0;0.0;0.0041204738540574;0.32743318925432785;0.0;0.0;0.0;0.0;0.0;-0.07782705103974848
3437.0;-0.01210955390377762;-0.25248483999999993;0.0;0.0;0.0;0.0;0.004178967154942471;0.32192267046037776;0.0;0.0;0.0;0.0;0.0;-0.07394967330328267
3438.0;-0.01153739180128592;-0.253882524;0.0;0.0;0.0;0.0;0.004028689710090171;0.32279689091810776;0.0;0.0;0.0;0.0;0.0;-0.07327832721099416
3439.0;-0.006424889780471741;-0.258192284;0.0;0.0;0.0004640873286346844;0.0;0.004697543980164593;0.32788102548718884;0.0;0.0;0.0;0.0;0.0;-0.07549572199958174
3440.0;-0.0064223110655704935;-0.264821516;0.0;0.0;0.012896881421306641;0.0;0.005289684608099542;0.33027046821097555;0.0;0.0;0.0;0.0;0.0;-0.08428107963794633
3441.0;-0.006460992101522433;-0.27562256799999996;0.0;0.0;0.08853771119097828;0.0;0.006101424157842167;0.3235380278031065;0.0;0.0;0.0;0.0;0.0;-0.14319555474684287
3442.0;-0.006504107835711426;-0.28960879199999995;0.0;0.0;0.20069956605657507;0.0;0.006673079813882466;0.318835298539182;0.0;0.0;0.0;0.0;0.0;-0.2372349549660729
3443.0;-0.0065509987983581736;-0.29885315999999995;0.0;0.0;0.3013943282887225;0.0;0.006717544250210951;0.311668767757565;0.0;0.0;0.0;0.0;0.0;-0.32155761019393553
3444.0;-0.006564652560934664;-0.304101616;0.0;0.0;0.355271365817793;0.0;0.007086183999169483;0.3144994409403428;0.0;0.0;0.0;0.0;0.0;-0.3733840061638936
3445.0;-0.001362185234528496;-0.309206584;0.0;0.0;0.36837103728531806;0.0;0.0021351179398163;0.32371489654957886;0.0;0.0;0.0;0.0;0.0;-0.38499295053437005
3446.0;-0.006468157676496337;-0.30766066400000003;0.0;0.0;0.3254030963746219;0.0;0.008535087435372825;0.3484199082846879;0.0;0.0;0.0;0.0;0.0;-0.37533797845750455
3447.0;-0.006409712320971447;-0.3026266999999999;0.0;0.0;0.25154299239602707;0.0;0.00901937864390135;0.35964498229903813;0.0;0.0;0.0;0.0;0.0;-0.3182281246190906
3448.0;-0.006367400744864875;-0.294456428;0.0;0.0;0.14737924517585715;0.0;0.008710585704019983;0.3645215011915687;0.0;0.0;0.0;0.0;0.0;-0.22680739136328362
3449.0;-0.0062299289114235695;-0.29770017200000004;0.0;0.0;0.04402688486967843;0.0;0.009176927098925576;0.40441077631010625;0.0;0.0;0.0;0.0;0.0;-0.16058322218655055
3450.0;-0.006111584575132984;-0.31241168399999997;0.0;0.0;0.006975656724956501;0.0;0.009513772513131792;0.443320149280003;0.0;0.0;0.0;0.0;0.0;-0.14808050159373934
3451.0;-0.009591599934123115;-0.313684888;0.0;0.0;0.0;0.0;0.00970195980813673;0.47786695533334916;0.0;0.0;0.0;0.0;0.0;-0.17433014663347435
3452.0;-0.011256088856336104;-0.31116895999999994;0.0;0.0;0.0;0.0;0.00945016628599039;0.4779061056324282;0.0;0.0;0.0;0.0;0.0;-0.17657140125432513
3453.0;-0.011543389179801737;-0.305681992;0.0;0.0;0.0;0.0;0.009519262580988093;0.47580279505484224;0.0;0.0;0.0;0.0;0.0;-0.18002247811976924
3454.0;-0.011830401416020615;-0.29890070399999996;0.0;0.0;0.0;0.0;0.009255323127898753;0.473935290660113;0.0;0.0;0.0;0.0;0.0;-0.18467071962159387
3455.0;-0.011843003576770445;-0.293634948;0.0;0.0;0.0;0.0;0.009445374923135822;0.4614685406874926;0.0;0.0;0.0;0.0;0.0;-0.17765587776050024
3456.0;-0.011708019736816584;-0.286808864;0.0;0.0;0.0;0.0;0.009535037911329976;0.4538511767316426;0.0;0.0;0.0;0.0;0.0;-0.17695238611393194
3457.0;9.77069524986306e-7;-0.3500108300000001;0.0;0.0;0.00012879819815580284;0.0;0.009536883316831099;0.5186211341865707;0.0;0.0;0.0;0.0;0.0;-0.1782760569028999
3458.0;9.675710236665284e-7;-0.346909664;0.0;0.0;0.00011977381952114433;0.0;0.009384240327319734;0.5191386221834471;0.0;0.0;0.0;0.0;0.0;-0.18173303896307919
3459.0;9.676024469412677e-7;-0.34454917700000004;0.0;0.0;0.00011977411896870188;0.0;0.009437964294855562;0.5186394155667245;0.0;0.0;0.0;0.0;0.0;-0.18364804361477716
3460.0;9.771786553299089e-7;-0.34130556600000006;0.0;0.0;0.00012879860657423773;0.0;0.009056296133552792;0.5134681217894895;0.0;0.0;0.0;0.0;0.0;-0.1813477217390084
3461.0;9.772864455488261e-7;-0.342727096;0.0;0.0;0.00012879903972286573;0.0;0.0087115719797882;0.5184984269781975;0.0;0.0;0.0;0.0;0.0;-0.1846117732149548
3462.0;9.774094503855664e-7;-0.34854483999999997;0.0;0.0;0.00012879982196151418;0.0;0.00947134272459012;0.529013328297734;0.0;0.0;0.0;0.0;0.0;-0.190068702066921
3463.0;9.190986426763905e-7;-0.363826245;0.0;0.0;0.00017442768948232768;0.0;0.009084947118763018;0.5381330966836891;0.0;0.0;0.0;0.0;0.0;-0.1835663169895827
3464.0;8.303031751411511e-8;-0.383659788;0.0;0.0;0.0048480136078433225;0.0;0.009090504425983432;0.5428276734835148;0.0;0.0;0.0;0.0;0.0;-0.17310640835848207
3465.0;1.3229690667238615e-7;-0.3927726200000001;0.0;0.0;0.027976331152556603;0.0;0.0073001045724333385;0.5246456050426705;0.0;0.0;0.0;0.0;0.0;-0.16714943032184854
3466.0;4.765762951904614e-10;-0.399207737;0.0;0.0;0.07921743158655555;0.0;0.007559789474495925;0.5205409200054758;0.0;0.0;0.0;0.0;0.0;-0.2081103955461177
3467.0;-6.715931292448895e-6;-0.406350965;0.0;0.0;0.1542824326157164;0.0;0.007762577707555798;0.5322727496409031;0.0;0.0;0.0;0.0;0.0;-0.2879659343188407
3468.0;-6.760640969457471e-6;-0.411452193;0.0;0.0;0.2040090318940469;0.0;0.007844683294858181;0.524033865716312;0.0;0.0;0.0;0.0;0.0;-0.32443452325221833
3469.0;-6.7730640387885705e-6;-0.41185199800000005;0.0;0.0;0.21759543978989715;0.0;0.007899382340007796;0.5236338084872363;0.0;0.0;0.0;0.0;0.0;-0.3372757671273093
3470.0;-6.799319077146151e-6;-0.408468655;0.0;0.0;0.18982803204351748;0.0;0.008024178128071718;0.5173014563740896;0.0;0.0;0.0;0.0;0.0;-0.3066841445051313
3471.0;-6.708753793025785e-6;-0.40476929100000003;0.0;0.0;0.1430737891875907;0.0;0.007772812903884648;0.5231251012692796;0.0;0.0;0.0;0.0;0.0;-0.26920155275003393
3472.0;-8.814566698727779e-9;-0.398400442;0.0;0.0;0.07994849965623331;0.0;0.007787739628472347;0.5109214230325648;0.0;0.0;0.0;0.0;0.0;-0.20025721009888786
3473.0;1.3823822615072882e-7;-0.39559523100000005;0.0;0.0;0.029384254640644134;0.0;0.007394263280171641;0.5075512829463522;0.0;0.0;0.0;0.0;0.0;-0.14873457939270818
3474.0;8.65322730104889e-8;-0.397797077;0.0;0.0;0.006806439913529119;0.0;0.007331515542344352;0.5147531026308619;0.0;0.0;0.0;0.0;0.0;-0.1310939864305538
3475.0;1.0927802747805658e-7;-0.39862809600000004;0.0;0.0;0.0005155425439254484;0.0;0.006978151441836764;0.5180829322439452;0.0;0.0;0.0;0.0;0.0;-0.12694856995264145
3476.0;9.306909723605501e-7;-0.39312461100000007;0.0;0.0;0.0001652162100180832;0.0;0.0051668239047039;0.5076588053252838;0.0;0.0;0.0;0.0;0.0;-0.1198663214770482
3477.0;9.578480890771793e-7;-0.38359565500000004;0.0;0.0;0.00014692835218596705;0.0;0.004920883041777968;0.4976780050766566;0.0;0.0;0.0;0.0;0.0;-0.1191502410466721
3478.0;9.579484522498457e-7;-0.371709556;0.0;0.0;0.00014693023982279528;0.0;0.0048140365537588485;0.49534695499529335;0.0;0.0;0.0;0.0;0.0;-0.12859844537167434
3479.0;9.578683741933088e-7;-0.362303293;0.0;0.0;0.00014693126575087906;0.0;0.005464160224669285;0.49023821312173443;0.0;0.0;0.0;0.0;0.0;-0.1335460911835437
3480.0;9.57848393426023e-7;-0.35368914000000007;0.0;0.0;0.00014693244522612163;0.0;0.005846718548267466;0.4877009324022271;0.0;0.0;0.0;0.0;0.0;-0.1400055229621224
3481.0;68.12666295119733;-0.31251959500000004;0.00923999999921641;1.1615504414261186e-15;0.00016739704377445814;0.0;0.006549299999151164;0.31127929726207176;0.011771999999832401;0.0;0.0;1.3294816522366574e-13;0.0;-0.02605566273917683
3482.0;68.12661112776104;-0.307866866;0.00923999999921641;1.1615502443582893e-15;0.00016739704377445773;0.0;0.0078001649962635144;0.3192672703141611;0.0117719999998324;0.0;0.0;1.329481476512993e-13;0.0;-0.039947903296129524
3483.0;68.12653682754254;-0.30854396500000003;0.00923999999921641;1.1615499637733648e-15;0.00017724289114217853;0.0;0.008617544993679747;0.33064916362419433;0.011771999999832401;0.0;0.0;1.3294812263179996e-13;0.0;-0.051480829349701045
3484.0;68.12646452625057;-0.3099432730000001;0.00923999999921641;1.1615496907089479e-15;0.00016739704377445664;0.0;0.009176715001621902;0.3417858692910422;0.0117719999998324;0.0;0.0;1.3294809828291145e-13;0.0;-0.061768431042420566
3485.0;68.12642737840044;-0.312816343;0.00923999999921641;1.1615495504469798e-15;0.00015754899153664928;0.0;0.00966491999979804;0.3475219814998774;0.0117719999998324;0.0;0.0;1.3294808577586304e-13;0.0;-0.06511028050330862
3486.0;68.12632606069623;-0.32092067900000004;0.009239999999216408;1.1615491684365553e-15;0.0001575489915366485;0.0;0.009962460011654123;0.3630720730177662;0.0117719999998324;0.0;0.0;1.3294805171235862e-13;0.0;-0.07285479079387279
3487.0;68.12619312576994;-0.339591256;0.009239999999216408;1.161548668816638e-15;0.00023632348752371837;0.0;0.009982979997670128;0.3831968615925592;0.0117719999998324;0.0;0.0;1.329480071617033e-13;0.0;-0.0744098510591643
3488.0;68.12601413804279;-0.362053304;0.009239999999216408;1.1615480642933412e-15;0.004371983975627409;0.0;0.010029150006448145;0.3963595950147595;0.0117719999998324;0.0;0.0;1.3294795325687602e-13;0.0;-0.06929285948410771
3489.0;68.12553632677422;-0.3737724520000001;0.009239999999216406;1.1615465867550987e-15;0.023533878195221035;0.0;0.01002487499147614;0.4034377916825453;0.011771999999832397;0.0;0.0;1.329478215059779e-13;0.0;-0.08380765358053899
3490.0;68.12453319900118;-0.380052145;0.009239999999216403;1.1615435674731867e-15;0.0686519671889019;0.0;0.010052235004130154;0.4013924046440788;0.011771999999832394;0.0;0.0;1.3294755227879934e-13;0.0;-0.12062214848597112
3491.0;68.12318178422545;-0.3841675830000001;0.0092399999992164;1.1615394944127274e-15;0.12909169399841547;0.0;0.01004368500101415;0.3998180395186572;0.01177199999983239;0.0;0.0;1.3294718908635889e-13;0.0;-0.17535573547560804
3492.0;68.12203064948186;-0.38884641500000006;0.009239999999216396;1.1615359989413292e-15;0.17902487199224024;0.0;0.009868409990792094;0.4038313823729218;0.011771999999832387;0.0;0.0;1.3294687739669076e-13;0.0;-0.22444212710189465
3493.0;68.12128876873392;-0.3884459880000001;0.009239999999216394;1.1615337351522382e-15;0.21055436097936897;0.0;0.009798300002800074;0.40867062281025257;0.011771999999832385;0.0;0.0;1.3294667553533394e-13;0.0;-0.2611375518270598
3494.0;68.12139964062845;-0.384531541;0.009239999999216394;1.1615340477518646e-15;0.2043213299490227;0.0;0.009487934999683987;0.4132066036648439;0.011771999999832387;0.0;0.0;1.3294670340971792e-13;0.0;-0.26304572831703504
3495.0;68.12211967236446;-0.380000157;0.009239999999216396;1.1615362145311833e-15;0.17192532150603623;0.0;0.008945010003027835;0.414716446908227;0.011771999999832387;0.0;0.0;1.329468966207301e-13;0.0;-0.23615224900648243
3496.0;68.1233780821502;-0.37290942600000004;0.009239999999216401;1.1615400714169207e-15;0.11945166574101955;0.0;0.008931330003407833;0.40302484170905467;0.011771999999832392;0.0;0.0;1.3294724053753582e-13;0.0;-0.17906978602312323
3497.0;68.1247161943384;-0.36808969100000005;0.009239999999216405;1.1615441415590743e-15;0.061808432987829516;0.0;0.00930923999626394;0.39697256648663815;0.011771999999832394;0.0;0.0;1.3294760346964703e-13;0.0;-0.12057876131604352
3498.0;68.12574298157014;-0.36633716200000005;0.009239999999216406;1.161547295719717e-15;0.019378523807511813;0.0;0.00934429500367395;0.3860875007693755;0.011771999999832397;0.0;0.0;1.3294788472379905e-13;0.0;-0.06905588753615824
3499.0;68.12609081234675;-0.36716703700000003;0.009239999999216408;1.1615483182780275e-15;0.0022746134333847924;0.0;0.009393884992235963;0.3918365187729674;0.011771999999832397;0.0;0.0;1.329479759044608e-13;0.0;-0.0569233164508002
3500.0;68.1261151895974;-0.363932135;0.009239999999216408;1.161548380918102e-15;0.0005514214714720008;0.0;0.009158760000443897;0.39405611690226594;0.0117719999998324;0.0;0.0;1.329479814900496e-13;0.0;-0.060419895250995684
3501.0;68.12605801896721;-0.356135368;0.009239999999216408;1.1615481608220471e-15;0.00030525213614306676;0.0;0.008579069993071738;0.40368943163213034;0.011771999999832397;0.0;0.0;1.3294796186423313e-13;0.0;-0.0770249125154282
3502.0;68.12597740469778;-0.34532469200000004;0.009239999999216408;1.1615478556197904e-15;0.00024616933489143806;0.0;0.007695000000861486;0.41627145629640744;0.011771999999832397;0.0;0.0;1.3294793464962909e-13;0.0;-0.09947545829536501
3503.0;68.12600585122273;-0.335131917;0.009239999999216408;1.1615479614064669e-15;0.00016739704377445318;0.0;0.006408225001393125;0.4121806845833897;0.0117719999998324;0.0;0.0;1.3294794408251245e-13;0.0;-0.10421160874250678
3504.0;68.12600354316335;-0.32540803300000004;0.009239999999216408;1.1615479527518423e-15;0.00017724289114217452;0.0;0.005387354999568838;0.4125033010853283;0.0117719999998324;0.0;0.0;1.3294794331075294e-13;0.0;-0.11324711256278813
3505.0;224.94074717910476;-0.29898702800000004;0.009239999999261565;3.432603868836112e-15;0.005376358524069816;3.904082614285808e-18;0.005667795005200166;0.20953265543861319;0.011771999999924771;0.0;0.057484423157745955;2.5247945901003315e-13;3.943323910751911e-14;-2.659741146876147e-12
3506.0;224.9407997064305;-0.29289935300000003;0.009239999999261565;3.4326047988373347e-15;0.004194742186698797;3.904083087946295e-18;0.005948234997410246;0.2055580264227461;0.011771999999924771;0.0;0.056272712068651386;2.5247948738320704e-13;3.943325840908077e-14;-2.659740368940905e-12
3507.0;224.94084462483855;-0.290980841;0.009239999999261565;3.4326055946587447e-15;0.003190367638472407;3.9040834932653946e-18;0.0058635900014382195;0.20213829575724615;0.011771999999924771;0.0;0.05886308826911973;2.524795116625607e-13;3.943327492584196e-14;-2.659739703246214e-12
3508.0;224.94089335959688;-0.29053678299999997;0.009239999999261565;3.4326064595632663e-15;0.0021170644416266663;3.904083933770057e-18;0.006003810004250259;0.198376594034524;0.011771999999924771;0.0;0.06311397141615739;2.524795380497256e-13;3.94332928763915e-14;-2.6597389797648923e-12
3509.0;224.94090022634606;-0.292323447;0.009239999999261565;3.43260648814896e-15;0.0009059061524123127;3.904083948328485e-18;0.005897790000488228;0.2015059697300837;0.011771999999924771;0.0;0.06308804174672888;2.524795389217291e-13;3.9433293469660945e-14;-2.6597389558533755e-12
3510.0;226.28969435547438;-0.300033903;0.009239999999261637;3.455665459061924e-15;0.00077789911228284;3.9157844197567554e-18;0.0057267899918242255;0.20328035753585183;0.011771999999925249;0.0;0.07073060151319423;2.53179665029514e-13;3.9914475196478556e-14;-2.640719182083609e-12
3511.0;280.93394751885984;-0.3163296910000001;0.009239999999263856;4.7281604396413955e-15;0.011491229464132193;4.449387076324911e-18;0.005507055002959599;0.2020027973228796;0.011771999999940505;0.0;0.07073060152873709;2.8341048895397125e-13;7.809075056924824e-14;-2.0550022368900913e-12
3512.0;224.9391515590744;-0.335222255;0.009239999999261565;3.432578951860767e-15;0.07908958735618729;3.904069923754208e-18;0.005352299992166075;0.1995315592439706;0.011771999999924768;0.0;0.030333154508753204;2.524786988222097e-13;3.94327219751123e-14;-2.6597619899709766e-12
3513.0;52.13793980874442;-0.35306235900000005;0.009239999998496848;1.8590533133358714e-15;0.23801711702406023;0.0;0.0050530500038073614;0.19175651230264587;0.011771999999612278;0.0;0.0;1.829428432914526e-13;0.0;-0.10278195592021175
3514.0;52.134248561072944;-0.36436048400000004;0.009239999998495601;1.859036356662949e-15;0.4067520719942749;0.0;0.004842719999589299;0.17485143289496477;0.011771999999612247;0.0;0.0;1.8294178526659967e-13;0.0;-0.2430806852454333
3515.0;52.13125849645006;-0.36851473;0.00923999999849458;1.8590225002228e-15;0.5389553569309645;0.0;0.00464008500354124;0.17670970186588467;0.01177199999961222;0.0;0.0;1.8294092067679561e-13;0.0;-0.372768855939458
3516.0;0.004681451030231768;-0.37225323200000004;0.0;0.0;0.6188458237039217;0.0;0.002841687401453421;0.16675648617914007;0.0;0.0;0.0;0.0;0.0;-0.41615375020001455
3517.0;0.004681470796908817;-0.375707038;0.0;0.0;0.643476902416588;0.0;0.002841689112888567;0.14557920961231738;0.0;0.0;0.0;0.0;0.0;-0.41615375020001455
3518.0;0.004681445925953743;-0.37456847400000004;0.0;0.0;0.631317895279277;0.0;0.0028416724935963543;0.15659967243163783;0.0;0.0;0.0;0.0;0.0;-0.41615375020001455
3519.0;0.004681453138898216;-0.367899558;0.0;0.0;0.5997999611010764;0.0;0.0028416608281911725;0.1814487057929015;0.0;0.0;0.0;0.0;0.0;-0.41615375020001455
3520.0;52.13167388034687;-0.358777769;0.0092399999984947;1.8590241315883636e-15;0.5095921671346978;0.0;0.004968404994421333;0.21458482316866606;0.011771999999612223;0.0;0.0;1.8294102246816838e-13;0.0;-0.3913528992290457
3521.0;52.1350885579919;-0.34802926100000003;0.00923999999849587;1.85903999838719e-15;0.3599895666371034;0.0;0.004664879991115251;0.20762276919803102;0.011771999999612254;0.0;0.0;1.8294201249556963e-13;0.0;-0.24525138627503787
3522.0;52.13905791595157;-0.340196693;0.009239999998497228;1.8590584833580832e-15;0.18816271242378743;0.0;0.004519529991799211;0.19251788563975822;0.011771999999612287;0.0;0.0;1.8294316587731244e-13;0.0;-0.06602742323172518
3523.0;257.76256336322854;-0.335476499;0.009239999999263058;4.089452316828863e-15;0.054561180459698246;4.206439129974748e-18;0.004822200000184872;0.18115535043132036;0.011771999999934857;0.0;0.07073060152846415;2.7006996258469944e-13;5.5553999605522077e-14;-2.2678136861540018e-12
3524.0;573.4281812718073;-0.33780412900000006;0.009239999999267862;0.016070999999995145;0.01094965383968089;1.501662547465742e-17;0.004876065003722455;0.18362013620386558;0.011771999999971895;0.0;0.07073060152906156;4.752186268839972e-13;0.017092268350523836;-9.451840849429631e-13
3525.0;588.5800522068497;-0.33370236000000003;0.009239999999267952;0.016070999999995606;0.005543755568418586;1.674660385499753e-17;0.004050134989776299;0.1888078023687346;0.011771999999972659;0.0;0.07073060152906416;4.835072138232638e-13;0.017092268350524985;-9.195053363112164e-13
3526.0;468.2947666481371;-0.325943592;0.009239999999267067;0.016070999999982134;0.00576038515675254;8.275186091665447e-18;0.0035568000085094316;0.19009826601256063;0.011771999999965232;0.0;0.07073060152903478;4.0953124344749614e-13;0.017092268350508578;-1.1717808253225331e-12
3527.0;429.12728660358766;-0.31652898300000004;0.00923999999926666;0.007041467263860759;0.005760385156742831;7.029793794256552e-18;0.0030933900113209747;0.19114999431960766;0.011771999999961893;0.0;0.07073060152901774;3.8236168510522303e-13;0.017092268350493895;-1.2869915692850112e-12
3528.0;401.3444519569577;-0.3067364390000001;0.009239999999266314;2.5274750954923742e-14;0.005632375911733912;6.346537964511304e-18;0.002452139992244525;0.19262757603098812;0.01177199999995912;0.0;0.07073060152900108;3.628543141237429e-13;0.017092268350472506;-1.3834867268258283e-12
3529.0;224.94097616461394;-0.22135129100000006;0.009239999999265105;2.147829368430028e-15;0.004135660487965115;2.5301846855671724e-18;0.0029796749993881884;0.17869056347691034;0.011771999999953292;0.0;0.014621833566998612;2.0298236762009185e-13;2.4673089547849084e-14;-1.6641411959412543e-12
3530.0;224.94109064619312;-0.21827681300000004;0.009239999999265105;2.14783067776543e-15;0.0023041531806569596;2.5301854043298976e-18;0.0032122349929282535;0.16745707321406827;0.011771999999953292;0.0;0.02438043288529271;2.0298244068632537e-13;2.4673116720376777e-14;-1.6641401008313612e-12
3531.0;224.9411705341654;-0.215582076;0.009239999999265105;2.147831605460503e-15;0.0012800847328250397;2.5301859135904935e-18;0.003143835008242235;0.15873998953882215;0.011771999999953292;0.0;0.031495794881772385;2.029824924554757e-13;2.4673135972782583e-14;-1.6641393249217812e-12
3532.0;224.9412442375867;-0.21297991900000005;0.009239999999265105;2.1478324689142525e-15;0.000472646975783847;2.5301863875850625e-18;0.0033738299901163;0.15022292618000668;0.011771999999953292;0.0;0.03798870289242322;2.0298254063972866e-13;2.46731538919865e-14;-1.664138602744096e-12
3533.0;224.94120429471437;-0.21348148700000003;0.009239999999265105;2.1478319724945356e-15;0.0003938724797967762;2.530186115075035e-18;0.0036431549943723757;0.15662362712995997;0.011771999999953292;0.0;0.03189851232641498;2.0298251293750165e-13;2.4673143589820324e-14;-1.664139017940787e-12
3534.0;224.9409913543236;-0.21514558900000005;0.009239999999265105;2.1478298982453194e-15;0.010348998721140937;2.530184976410722e-18;0.00369359999129439;0.1548815008561907;0.011771999999953292;0.0;0.025300569459947513;2.0298239718595678e-13;2.4673100543060134e-14;-1.6641407528107773e-12
3535.0;52.13773283125341;-0.220335363;0.009239999998786549;1.1632144433375887e-15;0.051420047569613596;0.0;0.0035482499919629374;0.15276513962902158;0.011771999999757766;0.0;0.0;1.3290995071119282e-13;0.0;-0.008433947634659426
3536.0;52.13538286645178;-0.232676327;0.00923999999878605;1.163207648061453e-15;0.15709602346313606;0.0;0.003388364998080892;0.1482936818384264;0.011771999999757756;0.0;0.0;1.3290934684375476e-13;0.0;-0.09712426247197199
3537.0;52.13231570588418;-0.24845040800000007;0.009239999998785393;1.1631987620976788e-15;0.29295247606463914;0.0;0.0031874400053388346;0.14927443477508331;0.011771999999757737;0.0;0.0;1.3290855718294327e-13;0.0;-0.21796931197388303
3538.0;52.129749191068676;-0.261715335;0.009239999998784844;1.163191323233703e-15;0.4064271281633167;0.0;0.0029215349942807592;0.15081008724406483;0.011771999999757725;0.0;0.0;1.329078961177753e-13;0.0;-0.31943451880964197
3539.0;52.12847354174439;-0.27058499199999997;0.009239999998784568;1.163187596264572e-15;0.4610966228661685;0.0;0.0031823100088348307;0.1575914754535531;0.011771999999757716;0.0;0.0;1.329075649145805e-13;0.0;-0.37227016654622586
3540.0;52.12791839677726;-0.27511573699999997;0.009239999998784446;1.1631859438809265e-15;0.4833602621762311;0.0;0.0032079600047688387;0.16593432653957896;0.011771999999757714;0.0;0.0;1.3290741807257342e-13;0.0;-0.3983695883274637
3541.0;29.593580479570424;-0.27556844900000005;0.0;1.0976428027732797e-15;0.49816001936910786;0.0;0.003198555006691588;0.18132311039721563;0.011771999999478616;0.0;0.0;0.0;0.0;-0.4161537501965088
3542.0;0.004988145357728703;-0.27411466900000003;0.0;0.0;0.49553168665263947;0.0;0.002951456502600232;0.19180107092162887;0.0;0.0;0.0;0.0;0.0;-0.41615375020186474
3543.0;10.008747706419681;-0.271551675;0.0;0.0;0.47141607963308296;0.0;0.00338409000985239;0.20984236614412752;0.002428626650522727;0.0;0.0;0.0;0.0;-0.41615375020092876
3544.0;52.12905879374341;-0.267875249;0.00923999999878467;1.1631889649339006e-15;0.4153680318041967;0.0;0.0033763950017668865;0.22599252452254623;0.01177199999975772;0.0;0.0;1.329076865437089e-13;0.0;-0.39785776850447685
3545.0;52.131118009025535;-0.262562638;0.009239999998785109;1.1631949158873626e-15;0.32276862114209287;0.0;0.003573045006364942;0.2299865116395697;0.01177199999975773;0.0;0.0;1.3290821538431444e-13;0.0;-0.31477341850049434
3546.0;52.13345531444382;-0.25950754700000006;0.009239999998785605;1.1632016327344169e-15;0.21586179195731553;0.0;0.0034174350006269;0.24091674231967233;0.011771999999757742;0.0;0.0;1.3290881228554758e-13;0.0;-0.2217107037841894
3547.0;52.135992863239984;-0.252301237;0.009239999998786148;1.1632089901778246e-15;0.10382477578844593;0.0;0.0029206799993347606;0.23885845185036422;0.011771999999757756;0.0;0.0;1.329094661121097e-13;0.0;-0.11433899911691667
3548.0;52.137757468489916;-0.251298597;0.009239999998786524;1.1632141298016033e-15;0.027196892809676958;0.0;0.0033430499976628797;0.2329416750623398;0.011771999999757766;0.0;0.0;1.3290992284859617e-13;0.0;-0.03322852979782224
3549.0;52.13817777949102;-0.24990139699999997;0.009239999998786615;1.1632153535037431e-15;0.008675041507782666;0.0;0.002942055007124767;0.2323932266544572;0.01177199999975777;0.0;0.0;1.329100315936369e-13;0.0;-0.015156603270603608
3550.0;52.13777500231319;-0.24820618900000002;0.009239999998786486;1.1632135960736882e-15;0.0065973637627105295;0.0;0.0028924650051487533;0.2308317661418348;0.011771999999757766;0.0;0.0;1.3290987541849928e-13;0.0;-0.013175826321776852
3551.0;52.13821208582689;-0.24496741100000002;0.009239999998786622;1.16321544205834e-15;0.0066072107125133015;0.0;0.0030728699984608047;0.23430956638297365;0.011771999999757768;0.0;0.0;1.329100394630972e-13;0.0;-0.02007038571939756
3552.0;52.138217952783435;-0.23931133400000004;0.009239999998786623;1.1632154617988459e-15;0.006597363762710536;0.0;0.003241304995458852;0.23347076418710838;0.011771999999757768;0.0;0.0;1.329100412173405e-13;0.0;-0.025046224846074924
3553.0;224.6648247027454;-0.24157317900000003;0.009239999999265535;1.9849612452935513e-15;0.0061837984860741045;2.3504681336281102e-18;0.0006019199966898587;0.15575901689045954;0.011771999999956767;0.0;0.054586972769333754;1.9417915764003906e-13;2.2771985603801385e-14;-1.5430633674782888e-12
3554.0;224.94110209425006;-0.23608348900000004;0.009239999999265546;1.9882170657698063e-15;0.005445287172782367;2.3522732671472266e-18;0.0006002100067978648;0.1548427870177989;0.011771999999956836;0.0;0.05427366482437775;1.9437645993947918e-13;2.2839463713814064e-14;-1.5403313987229165e-12
3555.0;224.9411214183603;-0.23338686800000003;0.009239999999265546;1.9882172413987942e-15;0.004568919664686781;2.3522733644370476e-18;0.0008532899997679359;0.15490731008179512;0.011771999999956836;0.0;0.0521356919152007;1.9437647057430767e-13;2.2839467358601257e-14;-1.5403312518598939e-12
3556.0;224.94112991965153;-0.23479500400000003;0.009239999999265546;1.9882173106974606e-15;0.004027346245015093;2.3522734028242025e-18;0.0014372550086981005;0.15547511422691906;0.011771999999956836;0.0;0.05293351927785376;1.9437647477054322e-13;2.283946879673553e-14;-1.5403311939113425e-12
3557.0;224.94104055213347;-0.24016463400000004;0.009239999999265546;1.9882165052106744e-15;0.008212240379697562;2.352272956624753e-18;0.0016056900056961479;0.1547201931962062;0.011771999999956836;0.0;0.05470533150264344;1.9437642599607104e-13;2.283945208067551e-14;-1.5403318674698328e-12
3558.0;224.94042975948454;-0.2536856330000001;0.009239999999265546;1.9882110600046226e-15;0.03798899655550517;2.352269940255732e-18;0.0018450899990462152;0.14549982607591727;0.011771999999956836;0.0;0.04743504067820138;1.9437609627285744e-13;2.2839339077961678e-14;-1.5403364208533289e-12
3559.0;52.11040152160116;-0.26658764900000004;0.00923999999881684;1.076692306573571e-15;0.1253302120905253;0.0;0.002179394994776035;0.12853022360399502;0.011771999999775698;0.0;0.0;1.253597566224359e-13;0.0;-0.010424110705375442
3560.0;52.107069638955245;-0.28961474900000006;0.00923999999881617;1.076683407579203e-15;0.2758781065399646;0.0;0.0023341499921540765;0.11953568957160783;0.011771999999775682;0.0;0.0;1.2535893055944775e-13;0.0;-0.12908563970233983
3561.0;52.10322541518257;-0.30649884800000005;0.00923999999881539;1.076673115807551e-15;0.4472224657251206;0.0;0.0024846300013881177;0.11706445149272424;0.011771999999775662;0.0;0.0;1.2535797520562246e-13;0.0;-0.2812032150973018
3562.0;41.26064899519052;-0.32108918100000006;0.0;1.0464944226688389e-15;0.5964311937426336;0.0;0.0026026200014592515;0.1234135339913965;0.011771999999697236;0.0;0.0;1.2253763226158176e-13;0.0;-0.4161537501876399
3563.0;0.004716691181395394;-0.33192998900000004;0.0;0.0;0.6622813465359352;0.0;0.0028329554193882965;0.08300399904511668;0.0;0.0;0.0;0.0;0.0;-0.4161537502020932
3564.0;0.004681635238358188;-0.33425281300000004;0.0;0.0;0.6555571529117923;0.0;0.0028354713748200617;0.09205093147124623;0.0;0.0;0.0;0.0;0.0;-0.4161537502020932
3565.0;0.004681635231976619;-0.332376926;0.0;0.0;0.6472388184320598;0.0;0.0028354812491136177;0.09849336925050942;0.0;0.0;0.0;0.0;0.0;-0.4161537502020932
3566.0;0.004681635221214948;-0.331133405;0.0;0.0;0.6318885140369077;0.0;0.0028354887187692955;0.11260014531362067;0.0;0.0;0.0;0.0;0.0;-0.4161537502020932
3567.0;0.004681664822436233;-0.32722106500000003;0.0;0.0;0.6140433130684239;0.0;0.0028358287522291907;0.12653266850610617;0.0;0.0;0.0;0.0;0.0;-0.4161537502020932
3568.0;10.004112235637669;-0.3207396410000001;0.0;0.0;0.5343765903144153;0.0;0.004373325010886476;0.19295019134937966;0.005435035234417562;0.0;0.0;0.0;0.0;-0.4161537502012262
3569.0;52.103496239439295;-0.312114666;0.009239999998815416;1.076673476673209e-15;0.41086803968561003;0.0;0.00434340000005864;0.2011962566587955;0.011771999999775663;0.0;0.0;1.2535800870377479e-13;0.0;-0.32523471696290607
3570.0;52.10617184809088;-0.30422186900000003;0.009239999998815958;1.0766806141417941e-15;0.2898802718236225;0.0;0.004186934999374598;0.20889387592290218;0.011771999999775675;0.0;0.0;1.253586712536027e-13;0.0;-0.2196968373785684
3571.0;52.10904435520691;-0.29324966100000005;0.009239999998816537;1.076688289323645e-15;0.16082796452154577;0.0;0.004031325007050556;0.21426220666695917;0.01177199999977569;0.0;0.0;1.2535938371537953e-13;0.0;-0.10684624387795505
3572.0;136.6844696887329;-0.28022640600000004;0.009239999999259963;1.387980590959602e-15;0.06354147189977141;0.0;0.004274144993610119;0.18847873356032374;0.011771999999926073;0.0;1.4184920638463212e-13;1.5230552352085205e-13;1.2822121390148218e-14;-2.9343661798124794e-12
3573.0;224.94066332138635;-0.27220927199999995;0.009239999999265546;1.988212616023721e-15;0.016296472616957554;2.3522708022124887e-18;0.00403388999190283;0.1846525075916956;0.011771999999956836;0.0;0.04630392535951688;1.9437619049449363e-13;2.2839371369503054e-14;-1.5403351196754779e-12
3574.0;224.94080837591514;-0.26909075400000004;0.009239999999265546;1.9882137569340378e-15;0.0062428779800207945;2.3522714342198414e-18;0.0036482849908767226;0.1971506534547354;0.011771999999956836;0.0;0.041124213175720625;1.943762595799463e-13;2.2839395046459182e-14;-1.5403341656236607e-12
3575.0;224.9408157753206;-0.261187064;0.009239999999265546;1.9882138322674522e-15;0.006065636190876166;2.3522714759509777e-18;0.0032036850032265978;0.19662801545440883;0.011771999999956836;0.0;0.034365021018708655;1.9437626414161474e-13;2.283939660982731e-14;-1.5403341026285838e-12
3576.0;224.94089431963815;-0.24494246;0.009239999999265546;1.988214713907311e-15;0.005789924903703899;2.3522719643351586e-18;0.003243870007140609;0.18553002362595866;0.011771999999956836;0.0;0.02945476199665626;1.9437631752748958e-13;2.2839414906244972e-14;-1.540333365385458e-12
3577.0;378.5944287647831;-0.24084592900000001;0.009239999999267444;9.873639446181818e-15;0.0052188095322236155;4.36723810716239e-18;0.001102949999541172;0.13005942376684196;0.011771999999969385;0.0;0.07073060152902362;3.3692800713118173e-13;0.017092268350464904;-1.1316033983605685e-12
3578.0;377.32914516243886;-0.23887899099999998;0.009239999999267431;9.63198372838777e-15;0.0040667329418255325;4.348278769206274e-18;0.0011833199939551844;0.12909802893134129;0.011771999999969276;0.0;0.07073060152902279;3.357104244242922e-13;0.017092268350462403;-1.1361649190672384e-12
3579.0;426.9219636148095;-0.23679617299999997;0.009239999999267903;2.3073867370107716e-13;0.003210060435781408;5.235633270618161e-18;0.0012021300034935549;0.1210519839397041;0.011771999999973042;0.0;0.07073060152904752;3.8431358547720136e-13;0.017092268350507155;-9.818149321608503e-13
3580.0;429.11062657378636;-0.234994334;0.00923999999926792;0.005303856120651599;0.0032494471325578513;5.2839044236614235e-18;0.001124325007331547;0.11771613443935694;0.01177199999997319;0.0;0.07073060152904835;3.8650321711184237e-13;0.017092268350508023;-9.75880786665286e-13
3581.0;429.12934561751194;-0.23742918000000002;0.00923999999926792;0.01264699198465171;0.003859949200848889;5.283938476700165e-18;0.0011397149968435515;0.11032822824634712;0.01177199999997319;0.0;0.07073060152904835;3.865047469130572e-13;0.017092268350508026;-9.758766635927251e-13
3582.0;535.3044581130811;-0.24738141600000002;0.0092399999992686;0.01607099999999531;0.01600106853267691;9.330188971594047e-18;0.0011268899921700968;0.10055941508210024;0.011771999999978803;0.0;0.0707306015290741;4.812202677899404e-13;0.017092268350526716;-7.581299694410003e-13
3583.0;337.9402455115336;-0.26363962500000004;0.009239999999266939;5.465447105447725e-15;0.07470775643043626;3.8297362561481386e-18;0.0008575650013267251;0.09036474851348936;0.011771999999965465;0.0;0.0707306015289876;2.992568300971207e-13;0.005900901807740277;-1.2999554048579589e-12
3584.0;91.14277696225791;-0.28218495700000007;0.009239999999242429;1.4741750350355515e-15;0.19427758336437265;0.0;0.0007660800055351774;0.0873773247405154;0.01177199999985748;0.0;1.1488323087793065e-13;1.5797623671597934e-13;0.0;-0.021019189652701695
3585.0;91.139505546998;-0.298047861;0.009239999999242425;1.474161661892639e-15;0.3405618080807074;0.0;0.0007139249918931623;0.08375112027022769;0.011771999999857475;0.0;1.1488059857955414e-13;1.5797521611905873e-13;0.0;-0.14774347009483993
3586.0;91.13690183072174;-0.3085702390000001;0.009239999999242424;1.4741509802452154e-15;0.4550802214243873;0.0;0.0006335550108931393;0.08738377586495745;0.01177199999985747;0.0;1.1487849611314682e-13;1.5797440092403476e-13;0.0;-0.25527755140239833
3587.0;91.13530214256285;-0.31775738900000006;0.009239999999242424;1.4741444176043627e-15;0.5254553783707694;0.0;0.0004796549950470958;0.08956466015585826;0.011771999999857466;0.0;1.1487720441304392e-13;1.5797390007868496e-13;0.0;-0.3184837974602895
3588.0;91.13457982029058;-0.323054309;0.009239999999242424;1.4741414201718278e-15;0.5557737101711189;0.0;0.00039159000587707095;0.09560403312939056;0.011771999999857464;0.0;1.1487661444540559e-13;1.5797367132111108e-13;0.0;-0.34945316391856857
3589.0;91.13442717148905;-0.323861761;0.009239999999242424;1.4741407238355472e-15;0.5594662645327084;0.0;0.0002949750001770437;0.10627617155350841;0.011771999999857466;0.0;1.1487647739000166e-13;1.5797361817816884e-13;0.0;-0.36291417346966215
3590.0;91.13447616642098;-0.32292206199999995;0.009239999999242424;1.474140852864338e-15;0.5541982213538124;0.0;0.00026505000268503537;0.11698057032766677;0.011771999999857466;0.0;1.14876502785891e-13;1.5797362802539214e-13;0.0;-0.3692618202819544
3591.0;91.13536233958561;-0.31842538900000006;0.009239999999242424;1.4741444156978689e-15;0.511965247862245;0.0;0.00032746499592105306;0.1269752142159097;0.011771999999857466;0.0;1.1487720403778806e-13;1.5797389993317872e-13;0.0;-0.34158866999526644
3592.0;91.13696333901062;-0.311950612;0.009239999999242424;1.4741509745923012e-15;0.44110759699013763;0.0;0.0003471300004050587;0.12625255589915263;0.01177199999985747;0.0;1.1487849500053558e-13;1.5797440049266007e-13;0.0;-0.2765117096242983
3593.0;91.13943572384352;-0.303865114;0.009239999999242425;1.4741610916734068e-15;0.33123687780725986;0.0;0.0003334500007850553;0.12670421852908337;0.011771999999857473;0.0;1.1488048634223541e-13;1.579751726015003e-13;0.0;-0.17517843822785972
3594.0;91.14191853414471;-0.29567959;0.009239999999242427;1.474171257366999e-15;0.22111999039148816;0.0;0.0003411449955410577;0.12639450545798664;0.011771999999857476;0.0;1.148824872943567e-13;1.5797594841667835e-13;0.0;-0.07295897742371497
3595.0;224.93893386433405;-0.28565564800000004;0.009239999999264299;2.440299405404773e-15;0.11078647118272188;2.852025818456666e-18;0.00032575500603680864;0.12336191554051192;0.011771999999946799;0.0;0.03027579494057247;2.1705800819567476e-13;2.803284948240694e-14;-2.2514215653133558e-12
3596.0;448.9080229491711;-0.27689981799999996;0.009239999999268075;0.016070999999974963;0.03599994135870731;5.756556859035277e-18;0.00025906501124542603;0.12121329278165444;0.011771999999974445;0.0;0.07073060152905501;4.0585308958304525e-13;0.017092268350514233;-9.260072179521062e-13
3597.0;711.0882204331384;-0.27383856399999995;0.009239999999269244;0.016070999999998236;0.009768036399911915;3.661547457374396e-17;0.00027873000231640703;0.13098210594592755;0.011771999999984361;0.0;0.07073060152909201;5.767276486389413e-13;0.01709226835053428;-5.545809473751204e-13
3598.0;615.5787544555799;-0.269116854;0.009239999999268944;0.01607099999999733;0.00676475860259274;1.9126437667605557e-17;0.00029069999863015123;0.1348664026721955;0.011771999999981742;0.0;0.07073060152908428;5.335349143123883e-13;0.017092268350531358;-6.491141832641763e-13
3599.0;478.95479401689647;-0.260567082;0.009239999999268281;0.016070999999990027;0.006538282064417889;6.653507498653394e-18;0.0002488050048235891;0.13422117085026672;0.011771999999976145;0.0;0.07073060152906313;4.3406992703517606e-13;0.01709226835052031;-8.596101603902741e-13
3600.0;423.5549972842511;-0.251253913;0.009239999999267876;8.994478266802673e-14;0.0065284362170404875;5.164518752266046e-18;0.00022230000052925685;0.1349373780425762;0.011771999999972815;0.0;0.07073060152904624;3.810097533862893e-13;0.01709226835050576;-9.908962026018788e-13
3601.0;52.157583679340924;-0.28292670200000003;0.009239999998806718;1.1255664361871139e-15;0.0020481368950855715;0.0;0.009944504997057398;0.3587167567422832;0.011771999999765765;0.0;0.0;1.2966543057499738e-13;0.0;-0.10875213305037681
3602.0;52.157651980180056;-0.28017353600000006;0.009239999998806736;1.1255666592032667e-15;0.001033915397056417;0.0;0.009824804993675367;0.3517417981588489;0.011771999999765767;0.0;0.0;1.2966545077386905e-13;0.0;-0.10339600382945997
3603.0;52.15765487052773;-0.27770121600000003;0.009239999998806736;1.125566661101935e-15;0.0005120347745552144;0.0;0.009298980003251214;0.35310323953699824;0.011771999999765767;0.0;0.0;1.2966545094581922e-13;0.0;-0.1061822328519065
3604.0;52.15767073136432;-0.27729002;0.00923999999880674;1.1255667164421305e-15;0.0005021878247524505;0.0;0.00872270998907705;0.35070297564655284;0.011771999999765768;0.0;0.0;1.2966545595801675e-13;0.0;-0.10360686171242707
3605.0;52.157668642391464;-0.28459559900000003;0.00923999999880674;1.1255667094089496e-15;0.0005120347745552146;0.0;0.007898490005264823;0.350986877128136;0.011771999999765768;0.0;0.0;1.2966545532103598e-13;0.0;-0.09577082822101893
3606.0;52.157649173667174;-0.30147536100000005;0.009239999998806734;1.1255666527601285e-15;0.001221005238438851;0.0;0.006360345002718387;0.3515159686168197;0.011771999999765767;0.0;0.0;1.2966545019026728e-13;0.0;-0.07859092373779392
3607.0;52.15749019360519;-0.31693344100000004;0.009239999998806706;1.1255662594983513e-15;0.011579849807086083;0.0;0.006288524998006366;0.34008890798003155;0.011771999999765767;0.0;0.0;1.2966541457210275e-13;0.0;-0.06199058910230602
3608.0;52.15602048161899;-0.328927477;0.009239999998806413;1.1255621987076956e-15;0.08051737413096542;0.0;0.007090514992496593;0.3273004095109666;0.01177199999976576;0.0;0.0;1.2966504678089999e-13;0.0;-0.10693784793626628
3609.0;52.15269383934919;-0.34082359400000006;0.00923999999880575;1.1255530131535833e-15;0.23684534653443415;0.0;0.007203374996068623;0.2973229277887225;0.01177199999976574;0.0;0.0;1.2966421483068647e-13;0.0;-0.22148292148486354
3610.0;52.14895106147356;-0.351045765;0.009239999998804994;1.125542579691292e-15;0.40650590045445323;0.0;0.007421399995042682;0.28514094612122143;0.011771999999765722;0.0;0.0;1.2966326985120534e-13;0.0;-0.3689349319787983
3611.0;0.0046815500508884155;-0.35896946700000004;0.0;0.0;0.5100657487397353;0.0;0.002836802664525242;0.2622576727130772;0.0;0.0;0.0;0.0;0.0;-0.416153750201966
3612.0;0.004681512220395738;-0.36324863100000004;0.0;0.0;0.5415216609640073;0.0;0.0028368828476536072;0.23508084184137484;0.0;0.0;0.0;0.0;0.0;-0.41615375020196593
3613.0;0.004681374098933455;-0.359682;0.0;0.0;0.5343189505326775;0.0;0.0028365926653804137;0.23871721772609159;0.0;0.0;0.0;0.0;0.0;-0.41615375020196593
3614.0;0.004681941092005551;-0.359862514;0.0;0.0;0.5242435179903147;0.0;0.002838220760122659;0.2489715207057392;0.0;0.0;0.0;0.0;0.0;-0.416153750201966
3615.0;8.797641660336684;-0.355486493;0.0;0.0;0.4810561089925949;0.0;0.009535814998253452;0.2794177385235405;0.0;0.0;0.0;0.0;0.0;-0.41615375020119655
3616.0;52.14965767496402;-0.347032765;0.009239999998805143;1.125544644783638e-15;0.38050047313622226;0.0;0.009538379996601277;0.26659052503576525;0.011771999999765725;0.0;0.0;1.2966345689108825e-13;0.0;-0.3305108782577771
3617.0;52.15302511275602;-0.336368705;0.009239999998805832;1.125554151995267e-15;0.2355849557010761;0.0;0.009431505011307252;0.25084686314393034;0.011771999999765744;0.0;0.0;1.2966431797754977e-13;0.0;-0.18042602717590048
3618.0;52.15629677268107;-0.32396180900000004;0.009239999998806502;1.1255634197688806e-15;0.09662675690666885;0.0;0.010127475002035447;0.22916061405651497;0.011771999999765762;0.0;0.0;1.2966515737409485e-13;0.0;-0.03290030491707323
3619.0;224.9402417901376;-0.32263438;0.009239999999265298;2.078194489363879e-15;0.020786617785779737;2.452769183173349e-18;0.010291635010904401;0.2338062853021131;0.01177199999995484;0.0;0.036824118475655504;1.993140001069274e-13;2.387304324880561e-14;-1.6103077030579847e-12
3620.0;224.94092165458838;-0.321991655;0.009239999999265298;2.0782059408532385e-15;0.005218809532183069;2.4527754944475272e-18;0.010531035004254462;0.2558538647298646;0.011771999999954838;0.0;0.029503268482968182;1.993146622290771e-13;2.3873280899223776e-14;-1.610298123682487e-12
3621.0;67.84788112496551;-0.315617292;0.00923999999921473;1.174295631245789e-15;0.003485771722591779;0.0;0.01055924999843005;0.27535922952620023;0.011771999999829415;0.0;0.0;1.3403051101128682e-13;0.0;-1.4215870160888268e-11
3622.0;52.1580421870566;-0.30533245600000003;0.009239999998806836;1.125568061084321e-15;0.0029343491481138412;0.0;0.010239479997247482;0.28513449499677945;0.011771999999765768;0.0;0.0;1.2966557774387003e-13;0.0;-0.013939228150272362
3623.0;52.158000600102035;-0.29563209399999996;0.009239999998806824;1.1255678953313415e-15;0.0019496696019280207;0.0;0.010427579998729536;0.2950259019826284;0.01177199999976577;0.0;0.0;1.2966556273144664e-13;0.0;-0.03273546821485006
3624.0;52.15796928288915;-0.2864949910000001;0.009239999998806816;1.1255677700360212e-15;0.001024068447253657;0.0;0.010164239999337462;0.3030590411795151;0.011771999999765768;0.0;0.0;1.2966555138330412e-13;0.0;-0.04871755229964297
3625.0;1.0572374370515678e-6;-0.26726996300000005;0.0;0.0;0.00012650227245672438;0.0;0.004607087721769607;0.3456580333160457;0.0;0.0;0.0;0.0;0.0;-0.08312173064873803
3626.0;1.0691122781000663e-6;-0.204165794;0.0;0.0;0.00015363805888809475;0.0;0.0039956719167128;0.31365167804043864;0.0;0.0;0.0;0.0;0.0;-0.11363527729642943
3627.0;1.0598237293962384e-6;-0.20395390200000002;0.0;0.0;0.00012651741711722185;0.0;0.004560866197432799;0.31161723356302906;0.0;0.0;0.0;0.0;0.0;-0.11235078559543123
3628.0;1.0571461802344191e-6;-0.25584095300000004;0.0;0.0;0.00012649936349372172;0.0;0.003953623733578635;0.331079894408602;0.0;0.0;0.0;0.0;0.0;-0.07931913485080823
3629.0;1.0569473590892158e-6;-0.25425262;0.0;0.0;0.00012649663174557472;0.0;0.004009121803337439;0.3258933154002249;0.0;0.0;0.0;0.0;0.0;-0.07577638416427186
3630.0;1.05181110221536e-6;-0.25566100700000005;0.0;0.0;0.00016272436667242804;0.0;0.0038558394228618066;0.3264840829757506;0.0;0.0;0.0;0.0;0.0;-0.07484172671610609
3631.0;1.0527595223086508e-7;-0.26000443700000003;0.0;0.0;0.0007835623663177786;0.0;0.004562910461765123;0.3323677509144707;0.0;0.0;0.0;0.0;0.0;-0.07770979069661547
3632.0;1.2728443789989777e-7;-0.26669871300000003;0.0;0.0;0.013717622634428835;0.0;0.005151735387388643;0.33555733101798885;0.0;0.0;0.0;0.0;0.0;-0.08772798537107176
3633.0;-6.139365183730952e-6;-0.277566874;0.0;0.0;0.09254687120954735;0.0;0.006245260764329694;0.32946542585378646;0.0;0.0;0.0;0.0;0.0;-0.1506898453099721
3634.0;-7.011993564854645e-6;-0.291634606;0.0;0.0;0.2091414383482129;0.0;0.006787996889516376;0.3253116185100369;0.0;0.0;0.0;0.0;0.0;-0.24960551974605383
3635.0;-7.085711520677733e-6;-0.30092663;0.0;0.0;0.3138072242376578;0.0;0.006828350031627995;0.31810621819488083;0.0;0.0;0.0;0.0;0.0;-0.3378142241294569
3636.0;-7.159699040265481e-6;-0.306202638;0.0;0.0;0.36980892381053776;0.0;0.00717790018623721;0.32100350733177113;0.0;0.0;0.0;0.0;0.0;-0.39178675195984775
3637.0;-7.19890838940242e-6;-0.311333212;0.0;0.0;0.3829272768012865;0.0;0.007386432095730439;0.32413606661770933;0.0;0.0;0.0;0.0;0.0;-0.4031156205890783
3638.0;-7.432801586505249e-6;-0.309783652;0.0;0.0;0.33876750311280557;0.0;0.008558183598202037;0.3554604447894624;0.0;0.0;0.0;0.0;0.0;-0.3930015246294048
3639.0;-7.472200377399005e-6;-0.304723725;0.0;0.0;0.2619961628711462;0.0;0.009020420359296314;0.36692696246334955;0.0;0.0;0.0;0.0;0.0;-0.3332188683479457
3640.0;-7.360781718021637e-6;-0.296504229;0.0;0.0;0.15372279999527882;0.0;0.0087288519421535;0.37170591937498854;0.0;0.0;0.0;0.0;0.0;-0.2376524002997378
3641.0;1.318420625331362e-7;-0.2997760710000001;0.0;0.0;0.04627163492049553;0.0;0.008928659729488813;0.4115507992376471;0.0;0.0;0.0;0.0;0.0;-0.16697502414049317
3642.0;1.1413672278522339e-7;-0.314601137;0.0;0.0;0.007512410200257417;0.0;0.009178345923085434;0.44980523944259365;0.0;0.0;0.0;0.0;0.0;-0.15189486481887945
3643.0;9.287387276016275e-7;-0.31588413400000004;0.0;0.0;0.0002835928660788019;0.0;0.009252452279924486;0.48301930037018626;0.0;0.0;0.0;0.0;0.0;-0.17667133553258993
3644.0;1.037541467710835e-6;-0.31333728;0.0;0.0;0.00017189737913297692;0.0;0.009026969523770505;0.4827780602133688;0.0;0.0;0.0;0.0;0.0;-0.1786397377894264
3645.0;1.0678279135607702e-6;-0.30780545600000003;0.0;0.0;0.00015365431893584402;0.0;0.009097345741652496;0.4808455557291808;0.0;0.0;0.0;0.0;0.0;-0.18229118299143376
3646.0;1.0665065614479621e-6;-0.30096062199999996;0.0;0.0;0.00013553896336308794;0.0;0.008851051712202766;0.4787306214293489;0.0;0.0;0.0;0.0;0.0;-0.18675666370885036
3647.0;1.0664518604404511e-6;-0.295652089;0.0;0.0;0.00013553773788051006;0.0;0.009030254227728655;0.46697867178632085;0.0;0.0;0.0;0.0;0.0;-0.1804924483471327
3648.0;1.083747214438997e-6;-0.288784502;0.0;0.0;0.00014458618339578138;0.0;0.009111779806886643;0.4598000350453451;0.0;0.0;0.0;0.0;0.0;-0.1802719785050099
3649.0;8.493945328523699e-7;-0.3524231;0.0;0.0;0.00013471225681102632;0.0;0.008772975785668696;0.5302836622100848;0.0;0.0;0.0;0.0;0.0;-0.18676829930712924
3650.0;9.092256549297104e-7;-0.34930148;0.0;0.0;0.00012526137306986766;0.0;0.008628731080871286;0.5308727402158421;0.0;0.0;0.0;0.0;0.0;-0.19032529816013205
3651.0;9.092289083096355e-7;-0.34692539;0.0;0.0;0.0001252618642993789;0.0;0.008679495801120837;0.5305294870876912;0.0;0.0;0.0;0.0;0.0;-0.19240890024675358
3652.0;8.494045459433149e-7;-0.34366262000000003;0.0;0.0;0.00013471303223562341;0.0;0.008318735843436157;0.525197580807106;0.0;0.0;0.0;0.0;0.0;-0.18998845874480808
3653.0;8.494156008198632e-7;-0.34509471999999997;0.0;0.0;0.00013471384615880026;0.0;0.007992002709341084;0.5304024506830831;0.0;0.0;0.0;0.0;0.0;-0.19343449630873785
3654.0;8.493892490904331e-7;-0.3509478;0.0;0.0;0.00013471521611955204;0.0;0.008711123807422227;0.541132902663721;0.0;0.0;0.0;0.0;0.0;-0.19903099076280772
3655.0;5.693107599525169e-7;-0.36634215;0.0;0.0;0.00018269024053833066;0.0;0.008345426808777699;0.5509030484697864;0.0;0.0;0.0;0.0;0.0;-0.1930890825531105
3656.0;1.5902739151526123e-7;-0.38635615999999995;0.0;0.0;0.004998300656761284;0.0;0.008424204353104144;0.5552723995571797;0.0;0.0;0.0;0.0;0.0;-0.18233874809523518
3657.0;3.6194768707600936e-5;-0.3955904;0.0;0.0;0.029117683753126077;0.0;0.0069829785478923035;0.5357556475493672;0.0;0.0;0.0;0.0;0.0;-0.17626757957770667
3658.0;1.5792698060605712e-7;-0.4020635899999999;0.0;0.0;0.08199930578357771;0.0;0.007126155600682293;0.5296279365868863;0.0;0.0;0.0;0.0;0.0;-0.216689809108281
3659.0;1.5831260906749572e-7;-0.40921155;0.0;0.0;0.15954736088778754;0.0;0.00705964613383143;0.5190087514171026;0.0;0.0;0.0;0.0;0.0;-0.27640421061182885
3660.0;1.596961424454275e-7;-0.41432451000000003;0.0;0.0;0.21094227825043194;0.0;0.0070120095128070985;0.5314329119560169;0.0;0.0;0.0;0.0;0.0;-0.33506269215082013
3661.0;1.5958107128979024e-7;-0.41470986;0.0;0.0;0.22494803614559408;0.0;0.00704615975762525;0.549812387094831;0.0;0.0;0.0;0.0;0.0;-0.36709672543713945
3662.0;1.5903448687178485e-7;-0.41128885;0.0;0.0;0.19628962183504908;0.0;0.007239995888998338;0.5204639143380505;0.0;0.0;0.0;0.0;0.0;-0.31270468437629984
3663.0;1.578468964819748e-7;-0.40757137;0.0;0.0;0.14795702065757274;0.0;0.0070946628228874264;0.5248476350887611;0.0;0.0;0.0;0.0;0.0;-0.27232795066341997
3664.0;1.5621536635347027e-7;-0.40117394;0.0;0.0;0.08275423042616363;0.0;0.007343603621836492;0.5196446969147424;0.0;0.0;0.0;0.0;0.0;-0.20856859170797848
3665.0;3.283606227273809e-5;-0.39837617;0.0;0.0;0.030562992772097904;0.0;0.0070763215168633195;0.5179178078422598;0.0;0.0;0.0;0.0;0.0;-0.15718250728776237
3666.0;1.6792358246048063e-7;-0.40063739;0.0;0.0;0.0071042401747575985;0.0;0.006780519601496885;0.5264145984761968;0.0;0.0;0.0;0.0;0.0;-0.13966197446023498
3667.0;1.4159635997494347e-7;-0.40148571999999993;0.0;0.0;0.0004829976658345349;0.0;0.0063583164085854425;0.530266000675677;0.0;0.0;0.0;0.0;0.0;-0.13562160066589185
3668.0;6.198848536026744e-7;-0.39593677;0.0;0.0;0.00017299228179718323;0.0;0.004624662496118836;0.5198054389972401;0.0;0.0;0.0;0.0;0.0;-0.1286663871530727
3669.0;7.293108297659273e-7;-0.38630385;0.0;0.0;0.00015376701069057253;0.0;0.00439209098011673;0.5095008212724398;0.0;0.0;0.0;0.0;0.0;-0.12774288537360826
3670.0;7.29267768345574e-7;-0.37429292;0.0;0.0;0.0001537706716550196;0.0;0.004291388524232107;0.5071018418337154;0.0;0.0;0.0;0.0;0.0;-0.13725413716920404
3671.0;7.291707855144431e-7;-0.36479551;0.0;0.0;0.0001537724529780097;0.0;0.004905878709841956;0.50166803554363;0.0;0.0;0.0;0.0;0.0;-0.1419322328467191
3672.0;7.290960239962765e-7;-0.3561138;0.0;0.0;0.00015377464361865836;0.0;0.005268986343172585;0.49895374324606934;0.0;0.0;0.0;0.0;0.0;-0.1482627603819348
3673.0;53.0826432009131;-0.31479365;0.009239999998918114;1.1068744559173282e-15;0.00017213580526361918;0.0;0.006204599999189232;0.3474419331709066;0.00784799999975119;0.0;0.0;1.3063049841777404e-13;0.0;-0.05634999459164812
3674.0;53.08248973274392;-0.31011262;0.009239999998918096;1.1068740483561155e-15;0.00017213580526361742;0.0;0.0073896299964536045;0.35635790292458724;0.007847999999751188;0.0;0.0;1.3063045941907744e-13;0.0;-0.07113126353449317
3675.0;53.08227165078006;-0.31081654999999997;0.00923999999891807;1.1068734690596817e-15;0.00018226037394525286;0.0;0.008163989994005852;0.36906207904412663;0.007847999999751188;0.0;0.0;1.3063040398737815e-13;0.0;-0.08391491982707501
3676.0;53.0820581521374;-0.31223711000000004;0.009239999998918046;1.10687290195515e-15;0.00017213580526361237;0.0;0.008693730001530016;0.3814925830322803;0.007847999999751186;0.0;0.0;1.3063034972233956e-13;0.0;-0.0954434285917022
3677.0;53.08194818319708;-0.31513600999999997;0.009239999998918034;1.106872609848691e-15;0.00016200896929529038;0.0;0.009156239999802163;0.38789508371977527;0.007847999999751186;0.0;0.0;1.3063032177123458e-13;0.0;-0.09939887188841239
3678.0;53.081650396944454;-0.32327753000000004;0.009239999998918;1.1068718187847056e-15;0.0001620089692952869;0.0;0.009438120011034251;0.40525169530776745;0.007847999999751184;0.0;0.0;1.3063024607591087e-13;0.0;-0.10889438052179805
3679.0;53.08126599425726;-0.34208291999999996;0.009239999998917956;1.1068707974274327e-15;0.00024301345425177588;0.0;0.009457559997786255;0.4277144659082694;0.00784799999975118;0.0;0.0;1.3063014834423716e-13;0.0;-0.11265031970795604
3680.0;53.08105940874623;-0.36472428;0.009239999998917931;1.1068702397868085e-15;0.004495748347645994;0.0;0.009501300006102272;0.4424063698872649;0.007847999999751179;0.0;0.0;1.3063009498470285e-13;0.0;-0.10899637108127
3681.0;53.081133733888436;-0.37656464;0.009239999998917938;1.1068703964374692e-15;0.02420008732943711;0.0;0.009497249991918267;0.4503068706762698;0.00784799999975118;0.0;0.0;1.3063010997427537e-13;0.0;-0.1247573736979575
3682.0;53.08166702924425;-0.38289914999999997;0.009239999998917996;1.1068717170855907e-15;0.07059540240392771;0.0;0.009523170003906282;0.44802386235230357;0.007847999999751182;0.0;0.0;1.306302363445187e-13;0.0;-0.16256419899866634
3683.0;53.082359216251575;-0.38701281000000004;0.009239999998918069;1.1068734271884342e-15;0.13274608810199123;0.0;0.00951507000095428;0.44626659655433776;0.007847999999751188;0.0;0.0;1.306303999808513e-13;0.0;-0.2188399154846493
3684.0;53.082829363060036;-0.39169405;0.009239999998918119;1.1068745698046596e-15;0.18409280019386617;0.0;0.00934901999127022;0.4507461864661259;0.00784799999975119;0.0;0.0;1.3063050931541332e-13;0.0;-0.269821779881077
3685.0;53.083082042065;-0.39126416;0.009239999998918145;1.106875173919945e-15;0.21651484218018344;0.0;0.0092826000026462;0.4561476219853336;0.00784799999975119;0.0;0.0;1.3063056712194815e-13;0.0;-0.3080103107815191
3686.0;53.08292689262637;-0.38731087;0.009239999998918128;1.1068747750394838e-15;0.2101053632999388;0.0;0.008988569999694107;0.46121056697013585;0.00784799999975119;0.0;0.0;1.3063052895389598e-13;0.0;-0.31032220686611245
3687.0;53.08254313175273;-0.38275199;0.009239999998918086;1.1068738245530455e-15;0.1767922719791002;0.0;0.008474220002861944;0.4628958151054287;0.007847999999751188;0.0;0.0;1.3063043800383667e-13;0.0;-0.28273665684607635
3688.0;53.08219216778813;-0.37562082;0.009239999998918051;1.1068730039620847e-15;0.12283316496396746;0.0;0.008461260003221942;0.4498459465532894;0.007847999999751186;0.0;0.0;1.3063035948317419e-13;0.0;-0.22284359642424606
3689.0;53.08167663728102;-0.37079237000000004;0.009239999998917997;1.1068717571975648e-15;0.0635581379150378;0.0;0.008819279996454056;0.4430905528542705;0.007847999999751184;0.0;0.0;1.3063024018274015e-13;0.0;-0.16199648694749041
3690.0;53.08142050114132;-0.36907734000000003;0.009239999998917971;1.1068711670687707e-15;0.019927101031392933;0.0;0.008852490003474066;0.4309409228956972;0.007847999999751182;0.0;0.0;1.30630183714506e-13;0.0;-0.10796234368291086
3691.0;53.08112319523435;-0.36993259;0.009239999998917938;1.1068704136630864e-15;0.0023390043607956173;0.0;0.008899469992638081;0.43735782869885137;0.00784799999975118;0.0;0.0;1.30630111622562e-13;0.0;-0.09598123847270966
3692.0;53.081061763908885;-0.36666245;0.009239999998917931;1.106870254154023e-15;0.0005670313940777465;0.0;0.00867672000041401;0.4398352869547948;0.007847999999751179;0.0;0.0;1.3063009635945118e-13;0.0;-0.09973379256817443
3693.0;53.08087443280569;-0.35877475999999997;0.00923999999891791;1.1068697570778981e-15;0.0003138933705266266;0.0;0.008127539993429841;0.45058774470584995;0.007847999999751179;0.0;0.0;1.3063004879517009e-13;0.0;-0.11757069714511284
3694.0;53.08063271391503;-0.34785844;0.009239999998917883;1.1068691151166764e-15;0.0002531380229334065;0.0;0.0072900000008095725;0.46463147652808207;0.007847999999751177;0.0;0.0;1.3062998736710929e-13;0.0;-0.14163126374298807
3695.0;53.080710119113775;-0.33758218999999995;0.009239999998917892;1.1068693209269525e-15;0.0001721358052635967;0.0;0.0060709500013131894;0.4600654625186909;0.007847999999751179;0.0;0.0;1.306300070607287e-13;0.0;-0.14604182595585694
3696.0;53.080703983132615;-0.32777831;0.009239999998917892;1.1068693046227753e-15;0.00018226037394523462;0.0;0.005103809999584885;0.4604255587476799;0.007847999999751179;0.0;0.0;1.3063000550061437e-13;0.0;-0.15524875580095157
3697.0;240.11593191549895;-0.30108196;0.009239999999262111;3.356833073930157e-15;0.005528555247819921;4.037903425930956e-18;0.005369490004926037;0.23387495252134366;0.007847999999923102;0.0;0.03933681965640764;2.624871106079568e-13;4.0628233988219443e-14;-2.7177968977799727e-12
3698.0;240.1159950471176;-0.29494371;0.009239999999262111;3.356834010672215e-15;0.004313489107115864;4.037903959921158e-18;0.005635169997546123;0.22943857399872164;0.007847999999923102;0.0;0.03858403755123647;2.624871436562521e-13;4.0628255568043306e-14;-2.717796044251383e-12
3699.0;240.11604949985372;-0.29301186999999995;0.009239999999262111;3.3568348184650247e-15;0.0032806822073314134;4.037904420401356e-18;0.0055549800013620955;0.22562155872081494;0.007847999999923102;0.0;0.04158195359140308;2.6248717215510576e-13;4.062827417726772e-14;-2.7177953082171816e-12
3700.0;240.11610975492025;-0.29257280999999996;0.009239999999262111;3.356835711901118e-15;0.0021769953912721056;4.037904929706523e-18;0.005687820004026138;0.22142284415787752;0.007847999999923102;0.0;0.046312171174658676;2.624872036755468e-13;4.062829475947299e-14;-2.717794494149036e-12
3701.0;240.11603657365893;-0.29437128999999995;0.009239999999262111;3.356834656377459e-15;0.0009315510099497705;4.037904328003656e-18;0.005587380000462104;0.22491577269776733;0.007847999999923102;0.0;0.04596397988074914;2.624871664367028e-13;4.0628270443238724e-14;-2.717795455906144e-12
3702.0;240.11600376102038;-0.30213321;0.009239999999262111;3.35683418427715e-15;0.0007999202806550635;4.037904058884547e-18;0.005425379992254054;0.22689629865902902;0.007847999999923102;0.0;0.052039200780088814;2.6248714978095587e-13;4.0628259567403406e-14;-2.7177958860681868e-12
3703.0;240.13176575309205;-0.31858437000000006;0.009239999999262111;3.3568881563748524e-15;0.011816529101094793;4.0379348254088505e-18;0.005217210002801989;0.22547031885873328;0.007847999999923104;0.0;0.05770761688554376;2.62489053894426e-13;4.062950294695908e-14;-2.7177467101729123e-12
3704.0;240.1169311811819;-0.33766585;0.009239999999262111;3.3568468169529087e-15;0.08132849609423086;4.037911260124383e-18;0.005070599992577941;0.22271198657320973;0.007847999999923104;0.0;0.011576911031761844;2.6248759546033814e-13;4.062855058882009e-14;-2.7177843756839066e-12
3705.0;53.15777645085075;-0.35561212999999997;0.009239999998695238;1.850380155215635e-15;0.24475502805532476;0.0;0.004787100003602921;0.21403367945948074;0.007847999999583943;0.0;0.0;1.881366511696949e-13;0.0;-0.1250012371550184
3706.0;53.15994782303487;-0.36693388;0.00923999999869561;1.8503891993107555e-15;0.41826661896112627;0.0;0.004587839999606857;0.19516466529286042;0.007847999999583964;0.0;0.0;1.8813726070717173e-13;0.0;-0.2681352940245968
3707.0;53.161357853712786;-0.3710901;0.009239999998695847;1.8503949926782076e-15;0.5542123825190517;0.0;0.004395870003350798;0.1972388172499194;0.007847999999583976;0.0;0.0;1.8813765115671263e-13;0.0;-0.4018153469665105
3708.0;-0.0037470514489658328;-0.37483024;0.0;0.0;0.6383605528306362;0.0;0.0;0.19092694819126035;0.0;0.0;0.0;0.0;0.0;-0.4544509750518662
3709.0;-0.003747291472960751;-0.37828965999999997;0.0;0.0;0.6721803049054391;0.0;0.0;0.16056662893477244;0.0;0.0;0.0;0.0;0.0;-0.4544509750518662
3710.0;-0.0037460617228764832;-0.37714418;0.0;0.0;0.6594804356370999;0.0;0.0;0.17212095507473735;0.0;0.0;0.0;0.0;0.0;-0.4544509750518662
3711.0;-0.003750818884731508;-0.37042506;0.0;0.0;0.6185643281362407;0.0;0.0;0.20631747901619318;0.0;0.0;0.0;0.0;0.0;-0.45445097505186627
3712.0;53.16030819635063;-0.36123983;0.00923999999869566;1.8503904361091475e-15;0.5240179644358597;0.0;0.004706909994710896;0.23951405199977374;0.007847999999583966;0.0;0.0;1.881373440624464e-13;0.0;-0.4240519605045678
3713.0;53.15880801557802;-0.35043927;0.009239999998695408;1.850384303137934e-15;0.3701803365385177;0.0;0.004419359991578805;0.231743186697538;0.007847999999583953;0.0;0.0;1.8813693072412002e-13;0.0;-0.27294755562515854
3714.0;53.15721633477819;-0.34261750999999996;0.009239999998695143;1.8503778446207633e-15;0.19348931931476288;0.0;0.004281659992226759;0.21488350476568613;0.007847999999583938;0.0;0.0;1.8813649544407825e-13;0.0;-0.08707124858482274
3715.0;240.11702472917045;-0.33793792999999994;0.009239999999262111;3.3568480889445945e-15;0.05610572643307322;4.037911985220083e-18;0.004568400000173784;0.20220093566046274;0.007847999999923102;0.0;0.058082036036453163;2.6248764033592035e-13;4.062857989204872e-14;-2.7177832167068815e-12
3716.0;565.4490929822688;-0.34034403;0.009239999999268155;0.015583999999991948;0.011259622275212284;1.1855701593150495e-17;0.0046194300035262035;0.20495206604786753;0.007847999999968956;0.0;0.06623060152905641;4.827100405427666e-13;0.01709226835052227;-1.0561497412699063e-12
3717.0;569.2035550299952;-0.3361882;0.00923999999926818;0.015583999999992255;0.005700691053833181;1.2111779077731463e-17;0.003836969990313979;0.21074240538884198;0.007847999999969177;0.0;0.06623060152905726;4.851984186154253e-13;0.01709226835052271;-1.048727110887394e-12
3718.0;469.7924081074468;-0.32831144;0.00923999999926735;0.00564328463235292;0.0059234531040323266;7.625489846056665e-18;0.003369600008061149;0.2121827876662441;0.00784799999996221;0.0;0.06623060152902598;4.147979162638788e-13;0.01709226835050126;-1.286279921126339e-12
3719.0;459.0214803087523;-0.31877781;0.009239999999267237;7.204354674989892e-14;0.0059234531040296;7.325526268399273e-18;0.0029305800107249183;0.21335669971046486;0.007847999999961273;0.0;0.0662306015290209;4.0680783857603386e-13;0.01709226835049635;-1.3185520503815995e-12
3720.0;381.0758103182302;-0.30888273000000005;0.009239999999266191;8.705174544031845e-15;0.00579182010742383;5.688902692893945e-18;0.002323079992651909;0.21500593835477189;0.007847999999952861;0.0;0.06623060152896094;3.496319140900539e-13;0.017092268350306337;-1.6124549277958536e-12
3721.0;240.04009980287412;-0.22301237000000002;0.009239999999265693;2.0997647124926853e-15;0.004252734893251375;2.6125524143085948e-18;0.002822849999420097;0.19944980395391215;0.007847999999952391;0.0;2.8540516523168876e-8;2.077306760158242e-13;2.5405721502692028e-14;-1.701036614972294e-12
3722.0;240.11670363521282;-0.21992091;0.009239999999265697;2.1004235442437132e-15;0.0023693803346021176;2.6129558999906178e-18;0.0030431699933001675;0.18691127149284317;0.007847999999952409;0.0;0.010621192202065024;2.0777165317464465e-13;2.542089378289943e-14;-1.700436002835702e-12
3723.0;240.1168592735275;-0.21721231999999996;0.009239999999265697;2.1004249754348503e-15;0.0013163220301677064;2.612956776348819e-18;0.0029783700078081475;0.17718148724319932;0.007847999999952409;0.0;0.018759492353476015;2.077717421770555e-13;2.5420926751258725e-14;-1.7004346989970178e-12
3724.0;240.1170134564249;-0.21459533;0.009239999999265697;2.1004263917235845e-15;0.0004860269095961579;2.612957643581872e-18;0.003196259990636217;0.1676749605183102;0.007847999999952409;0.0;0.02626068657482578;2.0777183025263635e-13;2.5420959376363914e-14;-1.700433408738261e-12
3725.0;240.11689007227113;-0.21510008999999997;0.009239999999265697;2.100425263665642e-15;0.00040502242463966463;2.612956952840275e-18;0.0034514099946682973;0.1748192580390952;0.007847999999952409;0.0;0.019447609801829857;2.0777176010146485e-13;2.5420933390833938e-14;-1.7004344364143226e-12
3726.0;240.11703251797394;-0.21677422999999998;0.009239999999265697;2.1004264935915787e-15;0.010641963502489396;2.6129577059578927e-18;0.0034991999917523124;0.17287474156880533;0.007847999999952409;0.0;0.012780726774017422;2.0777183658757322e-13;2.542096172296222e-14;-1.7004333159353172e-12
3727.0;53.14582961405492;-0.22200641;0.009239999998909586;1.1577548557264267e-15;0.05287567273672152;0.0;0.0033614999923834116;0.17051251368368248;0.007847999999740124;0.0;0.0;1.352396583465197e-13;0.0;-0.02183484730511149
3728.0;53.147067937069885;-0.23442988999999995;0.00923999999890972;1.1577580630052016e-15;0.1615431785362454;0.0;0.0032100299981793648;0.16552158768082387;0.00784799999974013;0.0;0.0;1.3523995806285185e-13;0.0;-0.11294364046612287
3729.0;53.14853718713533;-0.25029656;0.009239999998909875;1.1577618435723193e-15;0.30124552550914435;0.0;0.0030196800050553054;0.16661627884490834;0.00784799999974014;0.0;0.0;1.3524031135182072e-13;0.0;-0.23769234994844343
3730.0;53.14975062878589;-0.26363644999999997;0.009239999998910004;1.157764963107219e-15;0.41793247645300446;0.0;0.002767769994579227;0.1683303345729786;0.007847999999740146;0.0;0.0;1.3524060286779447e-13;0.0;-0.3425087480209599
3731.0;53.15021873515965;-0.27256643999999997;0.009239999998910052;1.157766142480475e-15;0.47414958334459395;0.0;0.0030148200083673035;0.17589954540650157;0.007847999999740148;0.0;0.0;1.3524071307839246e-13;0.0;-0.3976150068407741
3732.0;53.15030074514716;-0.27711758999999997;0.009239999998910061;1.1577663213666634e-15;0.4970434732130199;0.0;0.0030391200045153124;0.18521162088014292;0.00784799999974015;0.0;0.0;1.352407297950147e-13;0.0;-0.4252947376089646
3733.0;49.99671562855546;-0.27756543;0.00647163685407423;1.1490682226633402e-15;0.5122621895488316;0.0;0.003030210006349944;0.20238818501325265;0.007847999999719552;0.0;0.0;1.3442645274848029e-13;0.0;-0.4544509749833704
3734.0;0.00025613696340413117;-0.27611683000000004;0.0;0.0;0.5119477593663299;0.0;0.0027667969652408176;0.2158558688971413;0.0;0.0;0.0;0.0;0.0;-0.45445097505386073
3735.0;20.612064738928478;-0.27354124999999996;0.0;0.0;0.4847611686055915;0.0;0.0032059800093772435;0.23422064363384726;0.007847999998940956;0.0;0.0;0.0;0.0;-0.45445097505111365
3736.0;53.1484055391632;-0.26984843;0.00923999999890985;1.1577612059698255e-15;0.42712648379510143;0.0;0.0031986900016713615;0.25224703439304214;0.007847999999740137;0.0;0.0;1.3524025176876043e-13;0.0;-0.42983183833611344
3737.0;53.14731823867206;-0.26450266;0.009239999998909733;1.1577583896031836e-15;0.331905721364712;0.0;0.00338499000602742;0.25670501992951783;0.007847999999740132;0.0;0.0;1.3523998858305057e-13;0.0;-0.3445948333989198
3738.0;53.145938103126966;-0.26144129000000005;0.009239999998909584;1.15775479220303e-15;0.22197251864557255;0.0;0.0032375700005913737;0.2689050618561813;0.007847999999740124;0.0;0.0;1.3523965241030973e-13;0.0;-0.24976768475986819
3739.0;53.14475033462102;-0.25420159;0.009239999998909457;1.1577517408895787e-15;0.10676390096922272;0.0;0.0027669599993672246;0.26660765105509693;0.007847999999740118;0.0;0.0;1.3523936726840883e-13;0.0;-0.13902369544106996
3740.0;53.14402549063154;-0.25322778999999995;0.009239999998909381;1.1577498968847784e-15;0.02796679644670821;0.0;0.0031670999977833495;0.26000349721815985;0.007847999999740113;0.0;0.0;1.3523919494797228e-13;0.0;-0.05499200109938255
3741.0;53.14383447981087;-0.25184178999999995;0.00923999999890936;1.1577494069530323e-15;0.008920619046894014;0.0;0.00278721000674723;0.25939133323309777;0.007847999999740111;0.0;0.0;1.35239149164275e-13;0.0;-0.0363386491997091
3742.0;53.14384188722624;-0.25011623;0.009239999998909362;1.1577494320960867e-15;0.006784125331050256;0.0;0.002740230004875216;0.2576484712315206;0.007847999999740111;0.0;0.0;1.3523915151390738e-13;0.0;-0.0341378909531833
3743.0;53.143774596428884;-0.24681777;0.009239999998909353;1.1577492452842318e-15;0.006794251033375234;0.0;0.00291113999853927;0.26153030227390595;0.007847999999740111;0.0;0.0;1.352391340564932e-13;0.0;-0.041498876190727944
3744.0;53.1437901415864;-0.24109338000000002;0.009239999998909355;1.1577492886154147e-15;0.006784125331050255;0.0;0.00307070999569532;0.26059405287009757;0.007847999999740113;0.0;0.0;1.352391381057491e-13;0.0;-0.04643653167655718
3745.0;240.120448202251;-0.24334552999999998;0.00923999999926614;1.9443631067358523e-15;0.006358852635774196;2.4287941978055134e-18;0.0005702399968637445;0.173854202361786;0.00784799999995605;0.0;0.04553849795158078;1.984640502944184e-13;2.3532361140047372e-14;-1.5741438436161692e-12
3746.0;240.11697952025304;-0.23781923;0.00923999999926614;1.9443350459051395e-15;0.005599435164190819;2.4287768661085963e-18;0.0005686200064397441;0.17283153017964525;0.007847999999956048;0.0;0.04184236042993784;1.9846216866578528e-13;2.3531714738142105e-14;-1.574169410388649e-12
3747.0;240.11696868080836;-0.23510576;0.00923999999926614;1.9443349600749273e-15;0.004698258993701073;2.428776813094777e-18;0.0008083799997798195;0.17290354916158893;0.007847999999956048;0.0;0.03971835044062889;1.9846216291039183e-13;2.353171276101242e-14;-1.5741694885925788e-12
3748.0;240.1169518769492;-0.23652728;0.00923999999926614;1.9443348214666136e-15;0.00414135443497394;2.4287767274828582e-18;0.0013616100082399945;0.17353731752196355;0.007847999999956048;0.0;0.04050986503767735;1.9846215361585442e-13;2.353170956810495e-14;-1.5741696148853774e-12
3749.0;240.11701219027287;-0.24194038;0.00923999999926614;1.9443353037410825e-15;0.008444716706349716;2.4287770253610748e-18;0.0015211800053960447;0.17269469411395236;0.007847999999956048;0.0;0.04230231422073659;1.9846218595515256e-13;2.35317206775057e-14;-1.5741691754621172e-12
3750.0;240.11751501025458;-0.25558131;0.00923999999926614;1.9443393591054606e-15;0.039064408618974096;2.4287795301616874e-18;0.0017479799990961162;0.16240315784733642;0.007847999999956048;0.0;0.03538549395061677;1.984624578903912e-13;2.3531814094792748e-14;-1.5741654804441495e-12
3751.0;53.16833156936506;-0.26861543000000004;0.009239999998938922;1.0717743120180132e-15;0.1288781242287502;0.0;0.0020646899950486214;0.14346212469850475;0.00784799999975967;0.0;0.0;1.2738814784402812e-13;0.0;-0.022837610778679348
3752.0;53.17014902241433;-0.29182243;0.0092399999989391;1.0717786785106973e-15;0.28368780594557014;0.0;0.0022112999925646675;0.13342265750723276;0.00784799999975968;0.0;0.0;1.2738857252894606e-13;0.0;-0.14455794432895502
3753.0;53.17207326167587;-0.30877535999999994;0.009239999998939288;1.071783275922305e-15;0.4598826694236178;0.0;0.0023538600013127135;0.13066432522170923;0.00784799999975969;0.0;0.0;1.2738901967223122e-13;0.0;-0.3011954195479134
3754.0;53.1715164122548;-0.32340567;0.00923999999893923;1.0717818692592011e-15;0.6133152748961774;0.0;0.002465640001384748;0.1377510075569393;0.007847999999759686;0.0;0.0;1.2738888286056456e-13;0.0;-0.4471735841291845
3755.0;-0.0037466154921202404;-0.33428523000000004;0.0;0.0;0.6936299865546777;0.0;0.0;0.09511254498551498;0.0;0.0;0.0;0.0;0.0;-0.45445097505411053
3756.0;-0.003746483189828524;-0.33661091;0.0;0.0;0.686468885010529;0.0;0.0;0.10459931817305579;0.0;0.0;0.0;0.0;0.0;-0.45445097505411053
3757.0;-0.003746390867912879;-0.33472082;0.0;0.0;0.677824946430937;0.0;0.0;0.11135316157053096;0.0;0.0;0.0;0.0;0.0;-0.45445097505411053
3758.0;-0.0037463250268400376;-0.33347235;0.0;0.0;0.6617929666866555;0.0;0.0;0.12613666762561712;0.0;0.0;0.0;0.0;0.0;-0.45445097505411053
3759.0;-0.003746666511777549;-0.32954055;0.0;0.0;0.6327395753745204;0.0;0.0;0.1512582760040684;0.0;0.0;0.0;0.0;0.0;-0.45445097505411053
3760.0;11.57709199848609;-0.32301987;0.0;0.0;0.5495039978211834;0.0;0.004143150010313271;0.21536603326299295;0.00784799999336273;0.0;0.0;0.0;0.0;-0.4544509750530133
3761.0;53.17006396274898;-0.31435061999999997;0.00923999999893908;1.0717781812886522e-15;0.4224991035839478;0.0;0.0041148000000532665;0.2245700789456843;0.007847999999759677;0.0;0.0;1.2738852416920156e-13;0.0;-0.3538930222053448
3762.0;53.168591480638995;-0.30642983;0.009239999998938936;1.0717746423029544e-15;0.2980863517295326;0.0;0.00396656999940522;0.2331619632806187;0.00784799999975967;0.0;0.0;1.273881799675355e-13;0.0;-0.2458361701362929
3763.0;53.16707508406684;-0.29542027;0.009239999998938788;1.0717710070328325e-15;0.16538076530258033;0.0;0.0038191500066771748;0.23915395577103493;0.007847999999759664;0.0;0.0;1.2738782640078905e-13;0.0;-0.12997586582235554
3764.0;53.166511107110026;-0.28234042;0.009239999998938736;1.0717697546819026e-15;0.06534023658410133;0.0;0.004049189993933247;0.2103751072613705;0.00784799999975966;0.0;0.0;1.273877045968929e-13;0.0;-0.014462662018693902
3765.0;240.11652783013307;-0.27425903999999995;0.00923999999926614;1.9443311474538035e-15;0.016757801549893567;2.4287744582191514e-18;0.00382157999232877;0.20610437239748655;0.007847999999956048;0.0;0.03060009880727856;1.98461907251948e-13;2.3531624935779736e-14;-1.5741729624692897e-12
3766.0;240.11617841546985;-0.27109078;0.00923999999926614;1.944328257077544e-15;0.006419604582437387;2.4287726729677584e-18;0.003456269991356655;0.22005448086246265;0.007847999999956048;0.0;0.02418706233152805;1.9846171343510357e-13;2.3531558355033185e-14;-1.5741755960605725e-12
3767.0;240.1161864766749;-0.26310848;0.00923999999926614;1.944328326539814e-15;0.006237345341517782;2.4287727158715364e-18;0.0030350700030565224;0.21947112578944863;0.007847999999956048;0.0;0.01739153902043035;1.984617180929576e-13;2.3531559955110683e-14;-1.5741755327692615e-12
3768.0;240.11639588908753;-0.24674719999999997;0.00923999999926614;1.944330101621067e-15;0.005953829077348387;2.4287738122572438e-18;0.003073140006764534;0.20708383319046117;0.007847999999956048;0.0;0.013661973379923885;1.9846183712267094e-13;2.3531600844667845e-14;-1.5741739153870423e-12
3769.0;404.96337084346953;-0.24257803;0.009239999999268042;8.46940375854868e-15;0.005366546278038981;4.5315540415795694e-18;0.0010448999995651023;0.14516897852866906;0.007847999999968974;0.0;0.066230601529027;3.5292410732710974e-13;0.01709226835046752;-1.1190067046414043e-12
3770.0;399.99591068642354;-0.24059536999999998;0.00923999999926799;7.86535871789456e-15;0.004181856110665326;4.459496740995675e-18;0.0011210399942730865;0.14409589437843764;0.00784799999996856;0.0;0.06623060152902382;3.479625253329498e-13;0.01709226835045757;-1.1349219532060419e-12
3771.0;462.27271226114266;-0.23851110999999994;0.009239999999268549;7.343685619546115e-14;0.003300932478481986;5.564669752574549e-18;0.0011388600033095317;0.1351151062217446;0.007847999999973078;0.0;0.06623060152905343;4.121905126781548e-13;0.017092268350511898;-9.63704637211174e-13
3772.0;465.7449799723996;-0.23669938;0.009239999999268575;1.3706187734707985e-13;0.0033414341541391866;5.6420680040393735e-18;0.0010651500069455292;0.13139171693963553;0.007847999999973291;0.0;0.06623060152905459;4.1580147175023754e-13;0.017092268350513026;-9.557137588452215e-13
3773.0;480.94511801011;-0.23914459999999998;0.009239999999268684;0.01558399999995139;0.003969218629143826;6.010535473633049e-18;0.0010797299970096228;0.12314552635657332;0.007847999999974202;0.0;0.06623060152905934;4.3163364247994266e-13;0.017092268350517238;-9.219901134461733e-13
3774.0;594.932508054547;-0.24919912;0.009239999999269312;0.015583999999995624;0.01645403501478426;1.1500608886719434e-17;0.0010675799925821392;0.11224182874344549;0.007847999999979498;0.0;0.06623060152908188;5.348487646514491e-13;0.01709226835053134;-7.300595170853048e-13
3775.0;360.7629239371584;-0.26561274999999995;0.009239999999267523;5.02817579817667e-15;0.07682262204376239;3.960625428702569e-18;0.0008124300012566331;0.10086280453018563;0.00784799999996488;0.0;0.06623060152898938;3.1067471457634594e-13;0.003877260841027145;-1.2791716459673518e-12
3776.0;77.45744327250303;-0.28428999000000005;0.009239999999224546;1.3969339655179516e-15;0.1997772931685656;0.0;0.0007257600052393519;0.09752831906961493;0.007847999999811521;0.0;1.0394467235346656e-13;1.5579650321512442e-13;0.0;-0.031121821920606915
3777.0;77.45911198691043;-0.30023527;0.009239999999224549;1.3969394912716496e-15;0.35020260699541;0.0;0.0006763499923153368;0.09348084304948859;0.007847999999811523;0.0;1.039456639594577e-13;1.5579696640113812e-13;0.0;-0.1615147125699835
3778.0;77.46029678024036;-0.31080473000000003;0.00923999999922455;1.39694338345062e-15;0.467962866514711;0.0;0.000600210010315313;0.09753551964853872;0.007847999999811527;0.0;1.0394636242428308e-13;1.5579729265510454e-13;0.0;-0.2726911117656591
3779.0;77.46102569290352;-0.32004123;0.009239999999224553;1.3969457783043434e-15;0.5403302396186875;0.0;0.00045440999530326707;0.09996976651531592;0.007847999999811528;0.0;1.0394679219172566e-13;1.5579749339860432e-13;0.0;-0.3381147739127208
3780.0;77.46124177909388;-0.32536363;0.009239999999224553;1.3969464613774614e-15;0.5715068383573259;0.0;0.0003709800055632408;0.10671075905648712;0.00784799999981153;0.0;1.0394691477267531e-13;1.5579755065568442e-13;0.0;-0.3706279208990659
3781.0;77.46107753925104;-0.32616327;0.009239999999224553;1.3969458660921423e-15;0.5753039234479561;0.0;0.0002794500001632119;0.11862272505537597;0.00784799999981153;0.0;1.0394680794567739e-13;1.557975007572289e-13;0.0;-0.38544503080657605
3782.0;77.46081462439834;-0.32520934;0.00923999999922455;1.3969449449691517e-15;0.5698867497918393;0.0;0.000251100002539203;0.13057069922596604;0.007847999999811528;0.0;1.0394664264569243e-13;1.5579742354609672e-13;0.0;-0.39290005942876854
3783.0;77.4601613248834;-0.32068823;0.00923999999922455;1.3969427388799726e-15;0.5264582235537641;0.0;0.00031022999613122154;0.14172646327590555;0.007847999999811527;0.0;1.0394624675349505e-13;1.557972386253213e-13;0.0;-0.36520387911988805
3784.0;77.45939946246601;-0.31417384;0.009239999999224549;1.3969402279913228e-15;0.4535946978377235;0.0;0.0003288600003792272;0.14091985067813687;0.007847999999811525;0.0;1.0394579616590101e-13;1.5579702815521148e-13;0.0;-0.2980622551365152
3785.0;77.45818739139762;-0.30605498;0.009239999999224547;1.3969362254220604e-15;0.34061370179721223;0.0;0.0003159000007392229;0.14142398487101285;0.007847999999811523;0.0;1.0394507789580197e-13;1.5579669264747216e-13;0.0;-0.19368414705202108
3786.0;77.45698761821073;-0.29786029999999997;0.009239999999224546;1.3969322672271452e-15;0.2273795688667931;0.0;0.0003231899957712249;0.14107829111914225;0.00784799999981152;0.0;1.0394436759449963e-13;1.5579636085884027e-13;0.0;-0.08829920764331183
3787.0;240.11873656585232;-0.28781735999999997;0.00923999999926488;2.3864797988349464e-15;0.11392267161920866;2.9463521408174743e-18;0.0003086100057186534;0.13769339237163475;0.007847999999945737;0.0;0.018905622377803858;2.2312826518027146e-13;2.888341708399113e-14;-2.1158285945637083e-12
3788.0;472.57957657385873;-0.27901525999999993;0.009239999999268625;0.015583999999813641;0.037019046224104915;5.8036953794944964e-18;0.0002454300106533119;0.13529515499587536;0.007847999999973713;0.0;0.06623060152905683;4.230143888611523e-13;0.01709226835051508;-9.400991980148226e-13
3789.0;744.0923005371395;-0.27591747999999994;0.009239999999269824;0.015583999999998004;0.01004455500090945;3.7946888954104076e-17;0.00026406000219432636;0.14619885260902948;0.007847999999983948;0.0;0.06623060152909598;6.186256956580887e-13;0.01709226835053713;-5.740896851849851e-13
3790.0;644.9999957948278;-0.27111478;0.009239999999269513;0.015583999999996876;0.006956258870229691;1.796646788936283e-17;0.0002753999987020603;0.1505344045569257;0.007847999999981226;0.0;0.06623060152908777;5.68878650838543e-13;0.017092268350533964;-6.689356072385821e-13
3791.0;507.51813912566905;-0.26245774;0.009239999999268859;0.01558399999998554;0.00672337111766884;6.780669331084963e-18;0.0002357100045694992;0.14981421341820936;0.007847999999975656;0.0;0.06623060152906632;4.585420321015509e-13;0.017092268350522494;-8.685439273642418e-13
3792.0;451.74367843716175;-0.25306391;0.009239999999268467;3.050608534506829e-14;0.00671324654897772;5.341807221006989e-18;0.00021060000050117305;0.1506136254370488;0.007847999999972405;0.0;0.06623060152904965;4.011939803493141e-13;0.01709226835050794;-9.888374566802466e-13
3793.0;51.50200865730592;-0.28484914;0.009239999998538874;1.1158250828208403e-15;0.0021061166082246515;0.0;0.00942110999720936;0.4003904034723923;0.007847999999738594;0.0;0.0;1.3143221198651596e-13;0.0;-0.14391593623542523
3794.0;51.50213110445472;-0.28208952000000004;0.009239999998538933;1.1158254116673663e-15;0.001063184006115221;0.0;0.009307709994005327;0.3926051343737679;0.007847999999738595;0.0;0.0;1.3143224331481844e-13;0.0;-0.1377345448810109
3795.0;51.50209930043984;-0.27960712;0.009239999998538917;1.115825327938099e-15;0.000526529718394706;0.0;0.008809560003077163;0.3941247401698608;0.007847999999738594;0.0;0.0;1.3143223533818655e-13;0.0;-0.14070158426686435
3796.0;51.50214516068567;-0.27918940000000003;0.00923999999853894;1.1158254503080706e-15;0.0005164040160697274;0.0;0.00826361998964899;0.3914456274452046;0.007847999999738595;0.0;0.0;1.3143224699603066e-13;0.0;-0.13788435106116026
3797.0;51.50213990340264;-0.28655093;0.009239999998538938;1.1158254362428195e-15;0.0005265297183947065;0.0;0.007482780004984748;0.39176251096575665;0.007847999999738595;0.0;0.0;1.3143224565604977e-13;0.0;-0.13006896557423858
3798.0;51.5021377253112;-0.30352627;0.009239999998538936;1.1158254288675127e-15;0.0012555700830031453;0.0;0.006025590002572286;0.3923530692562356;0.007847999999738595;0.0;0.0;1.3143224495343739e-13;0.0;-0.11295603383939788
3799.0;51.502470226649784;-0.31916187;0.009239999998539094;1.1158262937398993e-15;0.011907658154316988;0.0;0.005957549998108265;0.37959847853006506;0.007847999999738595;0.0;0.0;1.3143232734739894e-13;0.0;-0.0951516399753384
3800.0;51.50346998786377;-0.33125539;0.009239999998539554;1.1158288136568034e-15;0.08279670139171343;0.0;0.006717329992888506;0.3653242859656132;0.007847999999738602;0.0;0.0;1.314325674126869e-13;0.0;-0.14043840690772205
3801.0;51.50575635897195;-0.34319658;0.009239999998540603;1.1158345792422405e-15;0.24355008648368906;0.0;0.00682424999627254;0.3318641930754481;0.007847999999738616;0.0;0.0;1.3143311668255976e-13;0.0;-0.25591035742068285
3802.0;51.50784671396062;-0.35344155;0.00923999999854155;1.1158397937449993e-15;0.41801347867067523;0.0;0.007030799995300606;0.3182669789412663;0.007847999999738628;0.0;0.0;1.314336134513567e-13;0.0;-0.4067502078125301
3803.0;-0.00242075484244529;-0.36139069;0.0;0.0;0.5256374525753709;0.0;0.00048210103801981367;0.2897235407394002;0.0;0.0;0.0;0.0;0.0;-0.4544509750538667
3804.0;-0.002420756912526176;-0.36569217000000004;0.0;0.0;0.5646176986127683;0.0;0.0003835331045949037;0.25514334239120084;0.0;0.0;0.0;0.0;0.0;-0.4544509750538667
3805.0;-0.0024207558648813355;-0.362104;0.0;0.0;0.5569318165551432;0.0;0.0017979010882517258;0.2578266869988515;0.0;0.0;0.0;0.0;0.0;-0.4544509750538668
3806.0;-0.0024207553238531163;-0.36228198;0.0;0.0;0.5459930942215923;0.0;0.0025623860270568206;0.2681789045032569;0.0;0.0;0.0;0.0;0.0;-0.4544509750538667
3807.0;6.72509244486048e-5;-0.35786951;0.0;0.0;0.4946734833973253;0.0;0.009001908061478412;0.30865799670499694;0.0;0.0;0.0;0.0;0.0;-0.4544509750538665
3808.0;51.50791802724697;-0.34937255;0.009239999998541594;1.1158400393732125e-15;0.3912718763336375;0.0;0.009036359996777238;0.29756147677727146;0.00784799999973863;0.0;0.0;1.3143363685152075e-13;0.0;-0.36537774428573655
3809.0;51.506632403642456;-0.33868034999999996;0.009239999998541028;1.115836919206694e-15;0.24225401585802853;0.0;0.00893511001070921;0.2799888069241777;0.007847999999738621;0.0;0.0;1.3143333960354724e-13;0.0;-0.20937027845304618
3810.0;51.505526606126374;-0.32626062999999994;0.009239999998540546;1.1158342658818998e-15;0.0993621168648513;0.0;0.009594450001925414;0.25578317432209874;0.007847999999738616;0.0;0.0;1.3143308682971485e-13;0.0;-0.05534488020184699
3811.0;210.4042536395978;-0.3249756;0.00923999999926481;1.7985235508501318e-15;0.02137505605874474;2.380175966649859e-18;0.009749970010329784;0.26096855289575577;0.007847999999946932;0.0;4.822931057599661e-13;1.879708612919699e-13;1.9717874730746072e-14;-1.9156648825041154e-12
3812.0;118.16056909131636;-0.32430784999999995;0.009239999999255503;1.3271613854915154e-15;0.005366546277854252;0.0;0.00997677000402572;0.28557749311591873;0.007847999999900499;0.0;1.1801038242326355e-13;1.5071475849260013e-13;1.2229204269540575e-14;-4.179046594337139e-12
3813.0;51.503626777846435;-0.31783743999999997;0.00923999999853966;1.1158293951653547e-15;0.003584448742091506;0.0;0.010003499998505546;0.30734887885101136;0.007847999999738604;0.0;0.0;1.3143262281129896e-13;0.0;-0.01995488269116864
3814.0;51.503429487074094;-0.30742792;0.009239999998539564;1.1158288710222383e-15;0.003017416213752712;0.0;0.009700559997389448;0.3182597783623426;0.007847999999738602;0.0;0.0;1.314325728777141e-13;0.0;-0.040404298610589
3815.0;51.503228143545975;-0.29762357999999994;0.009239999998539467;1.1158283362558793e-15;0.0020048618522615566;0.0;0.009878759998793505;0.3293003120411722;0.0078479999997386;0.0;0.0;1.3143252193204791e-13;0.0;-0.0604138023116601
3816.0;51.50306370546521;-0.28843537;0.009239999998539387;1.1158278996512061e-15;0.0010530583037902533;0.0;0.009629279999369428;0.33826669508221346;0.0078479999997386;0.0;0.0;1.314324803379946e-13;0.0;-0.07736628745540255
3817.0;1.032350260934728e-6;-0.26909641;0.0;0.0;0.00013217076456060133;0.0;0.004146352659792191;0.3447247803326886;0.0;0.0;0.0;0.0;0.0;-0.07990694045304263
3818.0;8.5801526646506e-7;-0.20561758000000002;0.0;0.0;0.00016063580819518247;0.0;0.0035785996560459008;0.313468483725121;0.0;0.0;0.0;0.0;0.0;-0.11159019650967278
3819.0;1.0327593141106218e-6;-0.20539613999999998;0.0;0.0;0.00013220003166689522;0.0;0.00410249453717039;0.31325088232662485;0.0;0.0;0.0;0.0;0.0;-0.11208948378281601
3820.0;1.0323375367097925e-6;-0.25762071000000003;0.0;0.0;0.00013216491884988246;0.0;0.0035394859083602032;0.3294679037682775;0.0;0.0;0.0;0.0;0.0;-0.0755188912626006
3821.0;1.0322913557502039e-6;-0.2560204;0.0;0.0;0.00013216060325206967;0.0;0.003591134658952724;0.32482039100728927;0.0;0.0;0.0;0.0;0.0;-0.07252333290777231
3822.0;8.010954489764831e-7;-0.25743949;0.0;0.0;0.00017017546377097125;0.0;0.003449497832892717;0.32495231609197345;0.0;0.0;0.0;0.0;0.0;-0.07113256003043342
3823.0;1.9307326513514763e-7;-0.26181659;0.0;0.0;0.0006051109291517155;0.0;0.004202868981581917;0.3321890687984314;0.0;0.0;0.0;0.0;0.0;-0.07518046119437138
3824.0;5.785934191086048e-5;-0.26857591;0.0;0.0;0.014453075485835748;0.0;0.004858921017941018;0.3371120169733521;0.0;0.0;0.0;0.0;0.0;-0.08785010171338653
3825.0;1.9013956229736463e-7;-0.27951117999999997;0.0;0.0;0.09577050531074541;0.0;0.005784367423677726;0.3390941761668218;0.0;0.0;0.0;0.0;0.0;-0.16113787014509778
3826.0;1.9417618517675443e-7;-0.29366042;0.0;0.0;0.2162256641941099;0.0;0.006046972763373182;0.34457951837332473;0.0;0.0;0.0;0.0;0.0;-0.2731917378029203
3827.0;1.8918191588921798e-7;-0.30300009999999994;0.0;0.0;0.32432867114332636;0.0;0.006217102818242952;0.3425451861523267;0.0;0.0;0.0;0.0;0.0;-0.37009086187963214
3828.0;-1.5469099802598119e-7;-0.30830366000000003;0.0;0.0;0.3820645017737667;0.0;0.006766127036384251;0.3461245956197091;0.0;0.0;0.0;0.0;0.0;-0.42665143259349797
3829.0;1.910388582907959e-7;-0.31345984;0.0;0.0;0.3923712911320461;0.0;0.006571437057406906;0.3509787066092331;0.0;0.0;0.0;0.0;0.0;-0.4364615971296541
3830.0;1.8797284219434734e-7;-0.31190664;0.0;0.0;0.3501216254751145;0.0;0.007862108192375346;0.38273653254890455;0.0;0.0;0.0;0.0;0.0;-0.4288136279170984
3831.0;1.93071701731667e-7;-0.3068207499999999;0.0;0.0;0.2706804924236099;0.0;0.008154096543254401;0.39325536859975674;0.0;0.0;0.0;0.0;0.0;-0.3652692099373942
3832.0;1.8993343843713648e-7;-0.29855202999999997;0.0;0.0;0.15897970624268418;0.0;0.008045989500009187;0.38943146721716576;0.0;0.0;0.0;0.0;0.0;-0.25790513477048116
3833.0;5.389527728710396e-6;-0.30185197;0.0;0.0;0.04801110027651462;0.0;0.008587760613109932;0.4197746852480589;0.0;0.0;0.0;0.0;0.0;-0.1745219077931881
3834.0;2.871322165418302e-7;-0.3167905899999999;0.0;0.0;0.007882073112579003;0.0;0.008557256072826341;0.45346248584628784;0.0;0.0;0.0;0.0;0.0;-0.15311124266360576
3835.0;2.9579234758447547e-7;-0.31808337999999997;0.0;0.0;0.00029714035516708193;0.0;0.008541910741708762;0.48431227770257707;0.0;0.0;0.0;0.0;0.0;-0.17506804756545252
3836.0;7.442029670627253e-7;-0.31550559999999994;0.0;0.0;0.00017986263017581133;0.0;0.008332052055323152;0.4834328101407065;0.0;0.0;0.0;0.0;0.0;-0.17643918962656846
3837.0;8.571940235491163e-7;-0.30992892;0.0;0.0;0.0001606685339746414;0.0;0.00839883511114549;0.48186751342206263;0.0;0.0;0.0;0.0;0.0;-0.18049815452164095
3838.0;9.770883664556259e-7;-0.30302053999999995;0.0;0.0;0.00014165913572855563;0.0;0.008165212699722398;0.47920857085179436;0.0;0.0;0.0;0.0;0.0;-0.18449495307872937
3839.0;9.77081578275779e-7;-0.29766923;0.0;0.0;0.00014165764393741386;0.0;0.008335089090686905;0.4689162025217521;0.0;0.0;0.0;0.0;0.0;-0.1797237696357255
3840.0;9.1770641038076e-7;-0.29076014;0.0;0.0;0.00015113422411137733;0.0;0.00841238649519531;0.46251010934016706;0.0;0.0;0.0;0.0;0.0;-0.18031354400015434
3841.0;4.6280427057602684e-7;-0.3548353700000001;0.0;0.0;0.0001416287427108062;0.0;0.008967416180090245;0.538753734105214;0.0;0.0;0.0;0.0;0.0;-0.1930274088745793
3842.0;5.617814530380686e-7;-0.351693296;0.0;0.0;0.00013184260762829944;0.0;0.008823082307288514;0.5392342432924986;0.0;0.0;0.0;0.0;0.0;-0.19649587256853351
3843.0;5.618029776825878e-7;-0.34930160300000007;0.0;0.0;0.00013184202116762862;0.0;0.008873849589773185;0.5387215746488634;0.0;0.0;0.0;0.0;0.0;-0.19842566362001765
3844.0;4.6284547858463866e-7;-0.3460196740000001;0.0;0.0;0.0001416278126172081;0.0;0.008513450376498451;0.5332933566113184;0.0;0.0;0.0;0.0;0.0;-0.19592876064653802
3845.0;4.6289705408284385e-7;-0.347462344;0.0;0.0;0.00014162662892843028;0.0;0.008187727642310747;0.5388086232403845;0.0;0.0;0.0;0.0;0.0;-0.19967563335706237
3846.0;4.6295667155803336e-7;-0.35335076;0.0;0.0;0.00014162507049297706;0.0;0.008905573677348932;0.549094768527158;0.0;0.0;0.0;0.0;0.0;-0.20479120711684354
3847.0;2.8401953426953178e-8;-0.368858055;0.0;0.0;0.0001912437640876446;0.0;0.008539623906403136;0.5600504480076445;0.0;0.0;0.0;0.0;0.0;-0.19992326000195315
3848.0;9.402948354906082e-7;-0.389052532;0.0;0.0;0.005480213705766743;0.0;0.008569284723090261;0.5644693992687623;0.0;0.0;0.0;0.0;0.0;-0.1894664502156938
3849.0;6.182842250749214e-9;-0.39840818000000006;0.0;0.0;0.029115814927922354;0.0;0.006953126628340721;0.5445106096555574;0.0;0.0;0.0;0.0;0.0;-0.1821713699406971
3850.0;5.8288746255949585e-9;-0.40491944300000005;0.0;0.0;0.08449926562150584;0.0;0.00694944409258503;0.5364517844945746;0.0;0.0;0.0;0.0;0.0;-0.2229810499410613
3851.0;-3.1912994571729724e-5;-0.41207213500000006;0.0;0.0;0.16666178961660605;0.0;0.007076747793689953;0.5378905005772409;0.0;0.0;0.0;0.0;0.0;-0.29955660131895545
3852.0;-1.3586319776345684e-5;-0.41719682700000005;0.0;0.0;0.22038629760024872;0.0;0.007455437564115659;0.5541824287503552;0.0;0.0;0.0;0.0;0.0;-0.36482284723306097
3853.0;6.1849677994487455e-9;-0.41756772200000003;0.0;0.0;0.22991414663544152;0.0;0.007186044938253381;0.550159941959247;0.0;0.0;0.0;0.0;0.0;-0.36969241025543226
3854.0;-1.5119480373010706e-5;-0.414109045;0.0;0.0;0.20506767898139475;0.0;0.007625543024615185;0.5590709084616717;0.0;0.0;0.0;0.0;0.0;-0.3576505485170147
3855.0;-1.7590151978562194e-5;-0.41037344900000006;0.0;0.0;0.1545627627787771;0.0;0.007387532990225673;0.5410937525633328;0.0;0.0;0.0;0.0;0.0;-0.2926660915121754
3856.0;1.3861364354035821e-9;-0.40394743800000005;0.0;0.0;0.0858565670216639;0.0;0.007161900843765117;0.5254615854514683;0.0;0.0;0.0;0.0;0.0;-0.21453261407368404
3857.0;5.929840291137922e-9;-0.401157109;0.0;0.0;0.030905440231485212;0.0;0.007040495866757175;0.5258130104698426;0.0;0.0;0.0;0.0;0.0;-0.16260183631169187
3858.0;2.2556654377128085e-5;-0.403477703;0.0;0.0;0.007642401069220008;0.0;0.006920509582503141;0.5347737267665523;0.0;0.0;0.0;0.0;0.0;-0.14585959475807325
3859.0;6.092634356732076e-9;-0.40434334400000005;0.0;0.0;0.0004329935536793235;0.0;0.006597696131765371;0.5391595321174246;0.0;0.0;0.0;0.0;0.0;-0.1418468770380773
3860.0;1.0373819185779149e-7;-0.39874892900000003;0.0;0.0;0.00018125039561191932;0.0;0.0048234093179463705;0.5286542228112768;0.0;0.0;0.0;0.0;0.0;-0.1349099528411727
3861.0;2.73656025864033e-7;-0.38901204500000003;0.0;0.0;0.00016136647707169137;0.0;0.004592105594153678;0.518009935376037;0.0;0.0;0.0;0.0;0.0;-0.13375136180359046
3862.0;2.7394014001033217e-7;-0.376876284;0.0;0.0;0.00016136137202970628;0.0;0.00449169576324382;0.5155404168467697;0.0;0.0;0.0;0.0;0.0;-0.14331718933363508
3863.0;2.740217111458359e-7;-0.367287727;0.0;0.0;0.00016135929012454496;0.0;0.005105272305756013;0.5097665617685069;0.0;0.0;0.0;0.0;0.0;-0.14774546570443411
3864.0;2.741502593964205e-7;-0.35853846000000006;0.0;0.0;0.00016135645485165155;0.0;0.00546807576100075;0.5068759021439181;0.0;0.0;0.0;0.0;0.0;-0.15396687368934664
3865.0;54.081426978285954;-0.31706770500000003;0.009239999998978418;1.1019274185391178e-15;0.000179079399072126;0.0;0.006204599999187707;0.3676348948445425;0.003923999999733329;0.0;0.0;1.3183516392347727e-13;0.0;-0.07018636968489166
3866.0;54.081348352420655;-0.31235837400000005;0.009239999998978413;1.1019272282124016e-15;0.00017907939907212502;0.0;0.007389629996452103;0.3770690514327147;0.003923999999733328;0.0;0.0;1.3183514514735624e-13;0.0;-0.08551458258591899
3867.0;54.0812360337204;-0.313089135;0.009239999998978404;1.101926956099717e-15;0.0001896123714124301;0.0;0.008163989994004368;0.39051158097763317;0.0039239999997333274;0.0;0.0;1.3183511830283798e-13;0.0;-0.09901081871458076
3868.0;54.08112616027072;-0.31453094700000006;0.009239999998978397;1.1019266899107214e-15;0.00017907939907212226;0.0;0.008693730001528541;0.40366453285319653;0.0039239999997333274;0.0;0.0;1.3183509204269696e-13;0.0;-0.11124074873788536
3869.0;54.08106955926457;-0.317455677;0.009239999998978392;1.1019265527712415e-15;0.00016854406798758924;0.0;0.009156239999800697;0.41043914018256444;0.0039239999997333274;0.0;0.0;1.3183507851358936e-13;0.0;-0.11554238632318214
3870.0;54.08091598972701;-0.32563438100000003;0.009239999998978381;1.1019261806082497e-15;0.0001685440679875873;0.0;0.00943812001103279;0.42880449987813823;0.003923999999733326;0.0;0.0;1.3183504179891937e-13;0.0;-0.1260103445856229
3871.0;54.080716847024824;-0.344574584;0.009239999998978368;1.1019256977643368e-15;0.000252816102314827;0.0;0.009457559997784797;0.45257278320613425;0.003923999999733325;0.0;0.0;1.3183499416528436e-13;0.0;-0.13094140123806766
3872.0;54.0805701294846;-0.367395256;0.009239999998978355;1.1019253329818392e-15;0.004677097314808965;0.0;0.009501300006100813;0.46811856527420537;0.003923999999733324;0.0;0.0;1.3183495817866256e-13;0.0;-0.12813453185315135
3873.0;54.08042325777733;-0.3793568280000001;0.009239999998978343;1.1019249347406962e-15;0.025176267601009345;0.0;0.009497249991916808;0.4764782349038248;0.003923999999733323;0.0;0.0;1.3183491889127993e-13;0.0;-0.14502973242859088
3874.0;54.08026226166402;-0.38574615500000003;0.00923999999897833;1.1019244449851374e-15;0.07344307142897774;0.0;0.009523170003904825;0.47406254052447744;0.003923999999733322;0.0;0.0;1.318348705757896e-13;0.0;-0.18452279707138336
3875.0;54.08003502672532;-0.38985803700000005;0.009239999998978309;1.1019237608393958e-15;0.13810078416453653;0.0;0.009515070000952822;0.47220314427672716;0.0039239999997333205;0.0;0.0;1.3183480308325414e-13;0.0;-0.24320827308340345
3876.0;54.07979479948323;-0.39454168500000003;0.009239999998978288;1.1019230683981318e-15;0.19151871387943478;0.0;0.009349019991268758;0.4769430832677898;0.003923999999733318;0.0;0.0;1.318347347723527e-13;0.0;-0.29652214694628515
3877.0;54.07962040332675;-0.39408233200000004;0.009239999998978274;1.1019225761818192e-15;0.22524859237564007;0.0;0.009282600002644735;0.48265844456857077;0.003923999999733317;0.0;0.0;1.3183468621405902e-13;0.0;-0.33636383362346084
3878.0;54.0796006567927;-0.39009019899999997;0.009239999998978272;1.1019225421017912e-15;0.21858056869144765;0.0;0.008988569999692636;0.48801564261920427;0.003923999999733317;0.0;0.0;1.3183468285198342e-13;0.0;-0.33875021171299086
3879.0;54.07971584384383;-0.385503823;0.009239999998978283;1.1019228927542122e-15;0.18392369781764276;0.0;0.008474220002860465;0.4897988356130695;0.003923999999733318;0.0;0.0;1.3183471744465078e-13;0.0;-0.309944708272681
3880.0;54.080042113787165;-0.37833221400000006;0.00923999999897831;1.1019237993288281e-15;0.12778799470084784;0.0;0.008461260003220462;0.47599052235302036;0.00392399999973332;0.0;0.0;1.3183480688032334e-13;0.0;-0.24715362485922185
3881.0;54.080333448329085;-0.3734950490000001;0.009239999998978335;1.1019246326504136e-15;0.06612193859422012;0.0;0.008819279996452583;0.46884251223948376;0.003923999999733322;0.0;0.0;1.3183488908941003e-13;0.0;-0.18352821261716432
3882.0;54.080611287421256;-0.37181751800000007;0.009239999998978359;1.10192539958144e-15;0.020730918085090366;0.0;0.008852490003472595;0.45598675849825887;0.003923999999733324;0.0;0.0;1.3183496474885477e-13;0.0;-0.12698761414812845
3883.0;54.08062314205266;-0.37269814300000004;0.00923999999897836;1.1019254660171976e-15;0.0024333548431106945;0.0;0.00889946999263661;0.462776608153538;0.003923999999733324;0.0;0.0;1.318349713028911e-13;0.0;-0.1146440399156498
3884.0;54.080608172913614;-0.369392765;0.009239999998978359;1.1019254335700864e-15;0.0005899042396237933;0.0;0.008676720000412533;0.4653980536914819;0.003923999999733324;0.0;0.0;1.3183496810190893e-13;0.0;-0.11850437759330991
3885.0;54.08051411568472;-0.36141415200000004;0.009239999998978352;1.1019252062491386e-15;0.00032655516430175993;0.0;0.008127539993428355;0.47677543303816305;0.003923999999733323;0.0;0.0;1.3183494567621535e-13;0.0;-0.13704745149998157
3886.0;54.08039017323181;-0.35039218800000005;0.009239999998978343;1.1019249060802688e-15;0.00026334907465512937;0.0;0.007290000000808069;0.491635371861816;0.003923999999733323;0.0;0.0;1.318349160638732e-13;0.0;-0.16202813170691405
3887.0;54.0804309345834;-0.340032463;0.009239999998978347;1.1019250050731616e-15;0.00017907939907211358;0.0;0.006070950001311662;0.4868039858950117;0.003923999999733323;0.0;0.0;1.318349258297743e-13;0.0;-0.16625329235229153
3888.0;54.08042775220463;-0.33014858700000005;0.009239999998978347;1.1019249973749394e-15;0.00018961237141242;0.0;0.005103809999583338;0.48718501054010876;0.003923999999733323;0.0;0.0;1.3183492507029326e-13;0.0;-0.17556157381488724
3889.0;256.81295221240237;-0.30317689200000003;0.009239999999262338;3.2908499566660808e-15;0.005751565458070439;4.163486786673528e-18;0.005369490004925928;0.24746752008965442;0.003923999999922014;0.0;0.031535719115373013;2.6791151318577825e-13;4.178056792837981e-14;-2.7718857501308094e-12
3890.0;256.81299623838595;-0.296988067;0.009239999999262338;3.2908505400293008e-15;0.004487486122533924;4.163487154669252e-18;0.005635169997546019;0.24277330388848997;0.003923999999922015;0.0;0.031039501366697687;2.6791153582441914e-13;4.178058271615904e-14;-2.7718851761057214e-12
3891.0;256.81303406899576;-0.295042899;0.009239999999262338;3.2908510411725652e-15;0.0034130179797046208;4.163487470800526e-18;0.00555498000136199;0.23873444767586635;0.003923999999922015;0.0;0.03428783914676618;2.679115552724176e-13;4.178059541974039e-14;-2.7718846829848944e-12
3892.0;256.81307555620776;-0.294608837;0.009239999999262338;3.290851590423824e-15;0.002264810774888379;4.1634878172769134e-18;0.005687820004026035;0.2342917082150872;0.003923999999922015;0.0;0.039311870687019364;2.6791157658736274e-13;4.178060934281861e-14;-2.771884142526382e-12
3893.0;256.8130495034555;-0.296419133;0.009239999999262338;3.2908512677376077e-15;0.0009691278048424939;4.163487613722401e-18;0.005587380000461999;0.2379876421075292;0.003923999999922015;0.0;0.038822613521282606;2.6791156406477885e-13;4.178060116298463e-14;-2.7718844600466912e-12
3894.0;256.8130324858572;-0.304232517;0.009239999999262338;3.290851049142812e-15;0.0008321873706973813;4.163487475829515e-18;0.005425379992253946;0.24008327416569872;0.003923999999922015;0.0;0.04483938651780204;2.6791155558178317e-13;4.178059562178572e-14;-2.771884675142188e-12
3895.0;256.8130026651676;-0.32083904900000004;0.009239999999262338;3.290850538952411e-15;0.012293182859830158;4.163487153989254e-18;0.005217210002801876;0.23857441791122264;0.003923999999922015;0.0;0.05170065623438087;2.679115357826465e-13;4.178058268886208e-14;-2.7718851771655466e-12
3896.0;203.53146774246522;-0.340109445;0.009239999999258976;2.72684171947463e-15;0.08460911538802193;3.774013222132076e-18;0.005070599992575763;0.23565577423890502;0.003923999999899901;0.0;4.908757858129942e-13;2.433521428427828e-13;2.956922893431798e-14;-3.661731296451774e-12
3897.0;54.12139607049818;-0.35816190100000006;0.009239999998786181;1.8419303812384906e-15;0.25462792754151914;0.0;0.004787100003600236;0.226473092994702;0.0039239999995531434;0.0;0.0;1.9114961862298217e-13;0.0;-0.14080520288016163
3898.0;54.120885699212074;-0.369507276;0.009239999998786101;1.8419276914421197e-15;0.4351386085592614;0.0;0.004587839999604167;0.2065074314648557;0.0039239999995531365;0.0;0.0;1.911494284832399e-13;0.0;-0.2898259749360136
3899.0;54.120339359094615;-0.37366547000000006;0.009239999998786021;1.8419249943332986e-15;0.5765681363113326;0.0;0.004395870003348102;0.20870213096374982;0.0039239999995531296;0.0;0.0;1.9114923782640637e-13;0.0;-0.4291153693299308
3900.0;-0.006739311952401592;-0.37740724800000003;0.0;0.0;0.6626222002153529;0.0;0.0;0.1781173089470464;0.0;0.0;0.0;0.0;0.0;-0.463346121468633
3901.0;-0.0068166952491839055;-0.380872282;0.0;0.0;0.6770725626933494;0.0;0.0;0.1671356771913444;0.0;0.0;0.0;0.0;0.0;-0.463346121468633
3902.0;-0.006739934730961969;-0.379719886;0.0;0.0;0.6637985134373988;0.0;0.0;0.17925098017883653;0.0;0.0;0.0;0.0;0.0;-0.463346121468633
3903.0;-0.0069032355388679864;-0.372950562;0.0;0.0;0.6409608225494763;0.0;0.0;0.1953192835413749;0.0;0.0;0.0;0.0;0.0;-0.46334612146863297
3904.0;54.120088491515496;-0.36370189100000005;0.009239999998785995;1.8419240939049694e-15;0.5451557393488127;0.0;0.004706909994708207;0.25343435813031445;0.003923999999553127;0.0;0.0;1.9114917417568542e-13;0.0;-0.4527048035580687
3905.0;54.12074992564315;-0.35284927900000007;0.00923999999878609;1.8419273140600494e-15;0.3851126273415056;0.0;0.0044193599915761115;0.24521185826633488;0.003923999999553136;0.0;0.0;1.911494018063808e-13;0.0;-0.29498723954298817
3906.0;54.121588475242916;-0.34503832700000003;0.009239999998786209;1.8419313442638288e-15;0.2012942686815759;0.0;0.004281659992224065;0.22737230925864496;0.003923999999553145;0.0;0.0;1.9114968669849901e-13;0.0;-0.10098303385026798
3907.0;256.8130348535908;-0.340399361;0.009239999999262338;3.2908504456451353e-15;0.058368912615918145;4.163487095130764e-18;0.004568400000173658;0.21395264250512708;0.003923999999922015;0.0;0.050449989730844615;2.679115321616634e-13;4.178058032359728e-14;-2.7718852689786655e-12
3908.0;548.9340416359541;-0.34288393100000003;0.009239999999268007;0.01509699999997541;0.011713811592004682;9.449109019656864e-18;0.004619430003525864;0.2168636657124982;0.003923999999965536;0.0;0.06173060152904452;4.618657918539014e-13;0.017092268350515014;-1.2000506147182087e-12
3909.0;543.240112512054;-0.33867404;0.00923999999926796;0.015096999999970577;0.0059306448579332215;9.227602269634858e-18;0.0038369699903135638;0.2229905335183077;0.0039239999999651455;0.0;0.06173060152904275;4.577527739787972e-13;0.017092268350513824;-1.2133236665784047e-12
3910.0;514.5237591068064;-0.330679288;0.00923999999926771;0.0035529343640933503;0.00616239265748391;8.241096215863535e-18;0.0033696000080612;0.22451462930680102;0.003923999999963029;0.0;0.061730601529032564;4.3660257230118254e-13;0.01709226835050617;-1.2854901566085257e-12
3911.0;472.95259025999815;-0.32102663700000006;0.009239999999267287;2.044098512735159e-14;0.006162392657473628;7.12954135583167e-18;0.002930580010724707;0.22575676789091972;0.003923999999959507;0.0;0.061730601529013066;4.057093703713339e-13;0.0170922683504862;-1.4064293832974771e-12
3912.0;385.8687283673097;-0.31102902100000007;0.00923999999926606;6.5929696563547546e-15;0.00602544986455551;5.544716555224707e-18;0.002323079992651538;0.22750185855985325;0.003923999999949585;0.0;0.06173060152893135;3.434793817467162e-13;0.00032512205783845886;-1.7532303167220126e-12
3913.0;176.44187496120364;-0.22467344900000003;0.009239999999262116;1.5698049985672175e-15;0.0044242812122804375;0.0;0.0028228499994177765;0.21104161790189474;0.003923999999927835;0.0;2.0381059280663086e-13;1.736788494564069e-13;1.6113502792211994e-14;-2.7428833129205373e-12
3914.0;256.8133803123671;-0.221565007;0.009239999999265962;2.0591343265505093e-15;0.0024649561193958707;2.6918671385886117e-18;0.003043169993300093;0.19777435905162455;0.00392399999995207;0.0;0.0052287300285983615;2.0989986470583388e-13;2.6141824710555015e-14;-1.7341772404249347e-12
3915.0;256.81347057144995;-0.21884256400000002;0.009239999999265962;2.0591350646035468e-15;0.0013694196731417264;2.6918676377162892e-18;0.0029783700078080716;0.18747908992036957;0.00392399999995207;0.0;0.013961690559752696;2.098999139541513e-13;2.6141843418307624e-14;-1.7341765143997223e-12
3916.0;256.8135579796783;-0.216210741;0.009239999999265962;2.059135777983287e-15;0.0005056322058165824;2.691868120159164e-18;0.0031962599906361455;0.1774200538076435;0.00392399999995207;0.0;0.022034581078453838;2.098999615560691e-13;2.6141861500669685e-14;-1.7341758126466773e-12
3917.0;256.8134950475937;-0.21671869300000002;0.009239999999265962;2.0591352692348734e-15;0.0004213601714893405;2.6918677761041857e-18;0.0034514099946682305;0.1849795704262089;0.00392399999995207;0.0;0.014812384308930063;2.0989992760865432e-13;2.6141848605188892e-14;-1.7341763131032522e-12
3918.0;256.81347223151363;-0.21840287100000003;0.009239999999265962;2.0591350111290768e-15;0.011071237772486956;2.691867601552933e-18;0.003499199991752247;0.1829220406929546;0.00392399999995207;0.0;0.007855192166280821;2.0989991038595263e-13;2.6141842062868793e-14;-1.7341765670027223e-12
3919.0;54.08997608408169;-0.22367745699999997;0.009239999998965753;1.1524259889234893e-15;0.05500856539407833;0.0;0.0033614999923817315;0.18042252259442215;0.003923999999721074;0.0;0.0;1.3653930404037798e-13;0.0;-0.028103262135702772
3920.0;54.089598426808195;-0.23618345300000002;0.009239999998965716;1.1524247900119787e-15;0.1680594882400382;0.0;0.003210029998177681;0.17514152919361897;0.0039239999997210725;0.0;0.0;1.36539188383597e-13;0.0;-0.12322819333191015
3921.0;54.08904309793411;-0.25214271200000005;0.009239999998965664;1.1524230688364816e-15;0.31339713202629976;0.0;0.0030196800050536167;0.17629984266293036;0.003923999999721067;0.0;0.0;1.3653902234484756e-13;0.0;-0.253590423879624
3922.0;54.08857228846728;-0.265557565;0.00923999999896562;1.1524216136497356e-15;0.43479098745002875;0.0;0.002767769994577532;0.1781135175167277;0.003923999999721063;0.0;0.0;1.3653888196547337e-13;0.0;-0.3631444270839109
3923.0;54.088286701336564;-0.27454788799999996;0.009239999998965596;1.1524207644150207e-15;0.493275773376274;0.0;0.003014820008365613;0.1861226429652372;0.003923999999721062;0.0;0.0;1.36538800041247e-13;0.0;-0.42090119056676056
3924.0;54.08811812448103;-0.279119443;0.009239999998965581;1.152420288473603e-15;0.517093154277002;0.0;0.0030391200045136227;0.19597592652342147;0.00392399999972106;0.0;0.0;1.3653875412794087e-13;0.0;-0.4500268029806109
3925.0;-0.00573253012425144;-0.27956241100000007;0.0;0.0;0.5307541950892681;0.0;0.0009073269516950408;0.21169034997001776;0.0;0.0;0.0;0.0;0.0;-0.46334612147078574
3926.0;-0.006830156868163573;-0.27811899100000004;0.0;0.0;0.5253742953042234;0.0;0.0;0.2160775919812472;0.0;0.0;0.0;0.0;0.0;-0.46334612147078624
3927.0;-0.006764622297136424;-0.27553082500000003;0.0;0.0;0.5028883225815373;0.0;0.0;0.2359860895772025;0.0;0.0;0.0;0.0;0.0;-0.46334612147078624
3928.0;54.08779914230735;-0.271821611;0.009239999998965562;1.152419637911172e-15;0.4443558615771126;0.0;0.0031986900016696754;0.26690736813945976;0.003923999999721059;0.0;0.0;1.3653869136925666e-13;0.0;-0.45566812453524486
3929.0;54.08812630251612;-0.266442682;0.009239999998965593;1.1524206764038417e-15;0.3452940952501027;0.0;0.0033849900060257385;0.27162444713151856;0.003923999999721061;0.0;0.0;1.3653879155093595e-13;0.0;-0.36687782651682227
3930.0;54.08844756174739;-0.26337503300000004;0.009239999998965624;1.1524217373328514e-15;0.23092641995129998;0.0;0.00323757000058969;0.28453354273167963;0.003923999999721064;0.0;0.0;1.3653889389698502e-13;0.0;-0.2683265484245594
3931.0;54.08891789478236;-0.25610194300000005;0.009239999998965668;1.152423188108994e-15;0.11107053062825842;0.0;0.0027669599993655316;0.28210260881831145;0.003923999999721067;0.0;0.0;1.3653903385085233e-13;0.0;-0.15282915300616412
3932.0;54.08928340491096;-0.255156983;0.0092399999989657;1.152424290836878e-15;0.029094917786881735;0.0;0.0031670999977816655;0.2751146284694187;0.003923999999721071;0.0;0.0;1.36539140229045e-13;0.0;-0.06520192188675651
3933.0;54.08936250383881;-0.253782183;0.00923999999896571;1.1524245334671926e-15;0.009280457927011711;0.0;0.002787210006745538;0.27446688615397047;0.003923999999721072;0.0;0.0;1.365391636352061e-13;0.0;-0.045732501617992694
3934.0;54.089386141278624;-0.252026271;0.009239999998965711;1.152424598063112e-15;0.0070577825793661664;0.0;0.0027402300048735228;0.27262273083618627;0.003923999999721071;0.0;0.0;1.36539169866642e-13;0.0;-0.04337442143174261
3935.0;54.089352153099775;-0.24866812900000002;0.009239999998965708;1.1524245122413564e-15;0.007068316731078585;0.0;0.002911139998537581;0.27673016983771187;0.003923999999721071;0.0;0.0;1.365391615875722e-13;0.0;-0.05102130632989633
3936.0;54.08936069061196;-0.24287542600000006;0.00923999999896571;1.1524245340883102e-15;0.007057782579366166;0.0;0.003070709995693634;0.2757395065980273;0.003923999999721072;0.0;0.0;1.3653916369509914e-13;0.0;-0.055972405333692105
3937.0;256.8134803144509;-0.24511788099999998;0.009239999999266413;1.9061127083354806e-15;0.006615355284238587;2.501859197397534e-18;0.0005702399968636297;0.18395842672254364;0.003923999999955804;0.0;0.040919179718920715;2.0017028497917042e-13;2.41990324965958e-14;-1.6056179504919982e-12
3938.0;256.8134923342438;-0.239554971;0.009239999999266413;1.9061128034317414e-15;0.005825304520156153;2.5018592622541276e-18;0.0005686200064396293;0.18287631790306266;0.003923999999955804;0.0;0.03723010211301115;2.0017029179351016e-13;2.4199034907022724e-14;-1.6056178569039565e-12
3939.0;256.813495220276;-0.23682465200000002;0.009239999999266413;1.906112831038667e-15;0.00488777681147196;2.5018592810814764e-18;0.0008083799997797096;0.18295252255289304;0.003923999999955804;0.0;0.03512145137163923;2.0017029377173844e-13;2.419903560678198e-14;-1.6056178297347957e-12
3940.0;256.81349178724025;-0.23825955600000004;0.009239999999266413;1.9061128090174824e-15;0.004308407902265799;2.501859266062748e-18;0.0013616100082398956;0.18362312486734517;0.003923999999955804;0.0;0.0359119764798143;2.0017029219378803e-13;2.419903504860632e-14;-1.6056178514069277e-12
3941.0;256.8134824200541;-0.24371612600000003;0.009239999999266413;1.906112710258812e-15;0.008785358693949922;2.501859198709015e-18;0.0015211800053959491;0.18273152906838508;0.003923999999955804;0.0;0.03762310264444988;2.0017028511697354e-13;2.4199032545344527e-14;-1.6056179485992022e-12
3942.0;256.813453800572;-0.25747698700000005;0.009239999999266413;1.9061122924835796e-15;0.04064018413153099;2.5018589137866556e-18;0.0017479799990960253;0.17184185948061798;0.003923999999955804;0.0;0.030188173785338196;2.0017025518024735e-13;2.4199021955907572e-14;-1.6056183597486018e-12
3943.0;54.163028154515345;-0.27064321100000005;0.009239999998993378;1.0669480732275684e-15;0.13407679482027599;0.0;0.0020646899950470645;0.1517999933006484;0.003923999999742397;0.0;0.0;1.2851545119952633e-13;0.0;-0.030524446864436363
3944.0;54.16251429369796;-0.29403011100000004;0.009239999998993333;1.0669465469446766e-15;0.29513117123951005;0.0;0.0022112999925631128;0.1411770427791779;0.003923999999742393;0.0;0.0;1.2851529828234295e-13;0.0;-0.15773349660111552
3945.0;54.16185042103484;-0.31105187200000006;0.009239999998993277;1.0669446224845962e-15;0.47843336236239187;0.0;0.0023538600013111605;0.13825839910689566;0.003923999999742388;0.0;0.0;1.28515105471893e-13;0.0;-0.3212580149834196
3946.0;19.76058145559711;-0.325722159;0.0;0.0;0.6380551141969416;0.0;0.0024656400013455737;0.14575695200495103;0.003923999998827568;0.0;0.0;0.0;0.0;-0.46334612146857573
3947.0;-0.006840734465452859;-0.33664047100000005;0.0;0.0;0.7014675134154809;0.0;0.0;0.0985057387498494;0.0;0.0;0.0;0.0;0.0;-0.46334612147105886
3948.0;-0.006819317129173092;-0.338969007;0.0;0.0;0.6938084797618173;0.0;0.0;0.10849304260458606;0.0;0.0;0.0;0.0;0.0;-0.4633461214710588
3949.0;-0.006817210991105233;-0.337064714;0.0;0.0;0.6847614301069898;0.0;0.0;0.11563568102486631;0.0;0.0;0.0;0.0;0.0;-0.46334612147105886
3950.0;-0.006816814283112459;-0.33581129500000007;0.0;0.0;0.6678705267293615;0.0;0.0;0.13127304802584952;0.0;0.0;0.0;0.0;0.0;-0.46334612147105886
3951.0;-0.006865283859972657;-0.33186003500000005;0.0;0.0;0.6494101386085567;0.0;0.0;0.14578293273467702;0.0;0.0;0.0;0.0;0.0;-0.4633461214710589
3952.0;-0.005021865344254509;-0.325300099;0.0;0.0;0.5705316845148243;0.0;0.0;0.21809125500768756;0.0;0.0;0.0;0.0;0.0;-0.4633461214710587
3953.0;54.161165689701185;-0.316586574;0.009239999998993234;1.0669430933173764e-15;0.4395418226481721;0.0;0.00411480000005175;0.2376218569962171;0.0039239999997423836;0.0;0.0;1.285149522655583e-13;0.0;-0.37794878340587384
3954.0;54.16157541087678;-0.308637791;0.009239999998993269;1.0669443134127306e-15;0.31011052386696203;0.0;0.003966569999403701;0.24671309266015293;0.003923999999742387;0.0;0.0;1.2851507450617997e-13;0.0;-0.265394816529483
3955.0;54.162040778335495;-0.29759087900000003;0.009239999998993309;1.0669456815501776e-15;0.17205187512923636;0.0;0.0038191500066756534;0.253053333485488;0.0039239999997423905;0.0;0.0;1.285152115790289e-13;0.0;-0.14456057771880598
3956.0;54.16268290583598;-0.28445443400000003;0.009239999998993357;1.0669473939632098e-15;0.0679759233494417;0.0;0.004049189993931731;0.2226018884079205;0.003923999999742395;0.0;0.0;1.285153831444822e-13;0.0;-0.023389323579500382
3957.0;256.8131541400487;-0.27630880799999996;0.009239999999266413;1.9061101956108928e-15;0.01743377577451857;2.501857483717913e-18;0.003821579992328721;0.21808294290165875;0.003923999999955804;0.0;0.023915711717937365;2.0017010492348362e-13;2.4198968806089397e-14;-1.6056204233719107e-12
3958.0;256.8130710645743;-0.273090806;0.009239999999266413;1.906109641880343e-15;0.006678557835768877;2.5018571060724482e-18;0.0034562699913565985;0.23284381707647758;0.003923999999955804;0.0;0.017059004856394402;2.0017006524448266e-13;2.4198954770598623e-14;-1.6056209683238749e-12
3959.0;256.81307694023087;-0.26502989600000004;0.009239999999266413;1.9061096871094872e-15;0.006488946643061665;2.5018571369188818e-18;0.0030350700030564574;0.23222655801690673;0.003923999999955804;0.0;0.010226166560606858;2.001700684854797e-13;2.4198955917028947e-14;-1.6056209238117352e-12
3960.0;256.8131877110586;-0.24855194;0.009239999999266413;1.906110518872435e-15;0.006193993933230265;2.501857704182448e-18;0.0030731400067644703;0.2191193289312416;0.003923999999955804;0.0;0.007111944478021794;2.0017012808761685e-13;2.419897699984974e-14;-1.6056201052356621e-12
3961.0;412.60827750225445;-0.24431013100000004;0.009239999999268096;5.921380930131447e-15;0.005583021389546841;4.398939556036208e-18;0.0010448999995648664;0.15360604768977415;0.0039239999999673226;0.0;0.06173060152901475;3.3936011623383103e-13;0.017092268350405056;-1.2318765813905392e-12
3962.0;409.3025503060704;-0.24231174900000002;0.00923999999926806;5.735017899116489e-15;0.004350543329774631;4.357515916868171e-18;0.001121039994272864;0.15247059701135662;0.003923999999967033;0.0;0.06173060152901216;3.36278939067601e-13;0.017092268350384916;-1.243552455556354e-12
3963.0;510.4469764010978;-0.24022604699999997;0.009239999999268928;1.499466241485095e-13;0.0034340851039081207;6.10943280633295e-18;0.0011388600033095655;0.14296785484240385;0.003923999999974158;0.0;0.06173060152906075;4.385680651322542e-13;0.017092268350517314;-9.65239145716391e-13
3964.0;513.7002474440692;-0.23840442600000003;0.009239999999268951;1.6082514853320038e-12;0.003476220531386213;6.188666339039767e-18;0.0010651500069455582;0.13902806607050514;0.003923999999974339;0.0;0.06173060152906168;4.4193552857822084e-13;0.01709226835051809;-9.583981998580887e-13
3965.0;538.8846671979171;-0.24086002;0.009239999999269109;0.015096999999975356;0.004129328502583214;6.882880511329482e-18;0.0010797299970096942;0.13030261551764757;0.003923999999975673;0.0;0.06173060152906815;4.678175544460584e-13;0.017092268350523035;-9.082560611512668e-13
3966.0;657.3024704733563;-0.251016824;0.009239999999269676;0.01509699999999578;0.017117755940705196;1.403855565472851e-17;0.0010675799925821705;0.11876520640633108;0.003923999999980544;0.0;0.06173060152908764;5.707131466459093e-13;0.01709226835053396;-7.296544329588705e-13
3967.0;385.8694633782714;-0.267585875;0.009239999999267782;4.687265546757105e-15;0.07992148392101876;4.0842002162519116e-18;0.0008124300012565466;0.1067248452101545;0.003923999999964828;0.0;0.061730601528989966;3.152092191688175e-13;0.00528826965739554;-1.3334608094078526e-12
3968.0;89.35572211533714;-0.2863950230000001;0.009239999999235846;1.4179819678026412e-15;0.2078358860839698;0.0;0.0007257600052401515;0.10319656294307221;0.00392399999982477;0.0;1.1106549896129509e-13;1.6006007073150173e-13;0.0;-0.038523582052660536
3969.0;89.35517217367017;-0.302422679;0.009239999999235846;1.4179796625112372e-15;0.36432903849782045;0.0;0.0006763499923161349;0.09891385185099155;0.003923999999824769;0.0;1.1106504057234086e-13;1.600598722428446e-13;0.0;-0.17467417778828803
3970.0;89.35467635091354;-0.3130392210000001;0.009239999999235846;1.417977635670037e-15;0.4868394974918562;0.0;0.0006002100103161091;0.10320418201211004;0.003923999999824767;0.0;1.110646375528939e-13;1.6005969772893186e-13;0.0;-0.29079556869481066
3971.0;89.3543723432838;-0.3223250710000001;0.009239999999235846;1.4179763926568852e-15;0.5621260171662434;0.0;0.00045440999530406006;0.10577990476015582;0.003923999999824767;0.0;1.1106439039159223e-13;1.6005959070367717e-13;0.0;-0.35923432076843387
3972.0;89.35419130786893;-0.32767295100000005;0.009239999999235844;1.417975688411927e-15;0.594560213871775;0.0;0.0003709800055640321;0.11291267673561665;0.003923999999824766;0.0;1.1106425035952202e-13;1.6005953006712482e-13;0.0;-0.3933732963100156
3973.0;89.35407144909576;-0.32846477900000004;0.009239999999235844;1.4179752726801852e-15;0.598510465333443;0.0;0.0002794500001640013;0.12551695373645638;0.003923999999824766;0.0;1.1106416769550054e-13;1.6005949427196948e-13;0.0;-0.4090444920497679
3974.0;89.35398717149337;-0.32749661799999996;0.009239999999235844;1.4179750045804423e-15;0.5928747743646022;0.0;0.0002511000025399919;0.1381593316662661;0.003923999999824766;0.0;1.1106411438664336e-13;1.6005947118817617e-13;0.0;-0.41698996685287615
3975.0;89.35405732697755;-0.3229510710000001;0.009239999999235844;1.4179753705801712e-15;0.5476944333516047;0.0;0.00031022999613201176;0.149963457051997;0.0039239999998247664;0.0;1.1106418716190096e-13;1.6005950270132767e-13;0.0;-0.38821313142846137
3976.0;89.3543486060359;-0.316397068;0.009239999999235846;1.4179765717859922e-15;0.4718917473195413;0.0;0.000328860000380018;0.1491099649738974;0.0039239999998247664;0.0;1.1106442600967619e-13;1.6005960612695083e-13;0.0;-0.3181213240148822
3977.0;89.35478538986818;-0.308244846;0.009239999999235846;1.4179783848956926e-15;0.35435333717144074;0.0;0.0003159000007400138;0.14964339891865486;0.003923999999824768;0.0;1.1106478652958726e-13;1.6005976223834384e-13;0.0;-0.20924272009141823
3978.0;89.3552304520782;-0.30004101000000005;0.009239999999235846;1.4179802264586592e-15;0.2365515791273902;0.0;0.00032318999577201626;0.1492776138075789;0.003923999999824769;0.0;1.1106515270860855e-13;1.6005992079948394e-13;0.0;-0.099273419764107
3979.0;256.8133798485616;-0.289979072;0.009239999999265138;2.3395464326214548e-15;0.1185180709253513;3.0359134789038993e-18;0.0003086100057185045;0.14569598828600774;0.003923999999945227;0.0;0.01238825456036825;2.2603585218320726e-13;2.9702042062397194e-14;-2.234243727088865e-12
3980.0;514.522853720344;-0.281130702;0.009239999999268956;0.006077979633294865;0.03851231614934989;6.209492473635725e-18;0.0002454300106532877;0.14315836786292527;0.0039239999999743855;0.0;0.061730601529061915;4.4280538788968605e-13;0.01709226835051829;-9.566444900702533e-13
3981.0;768.5613670134209;-0.277996396;0.00923999999927004;0.015096999999997628;0.010449731077150111;3.6900591557322026e-17;0.0002640600021942175;0.15469577697426592;0.0039239999999837365;0.0;0.06173060152909774;6.347798069501284e-13;0.017092268350538068;-6.160920936690921e-13
3982.0;664.6335899009098;-0.27311270600000004;0.009239999999269706;0.015096999999995987;0.007236859620993788;1.4935521567396627e-17;0.000275399998701929;0.15928330666566284;0.003923999999980789;0.0;0.061730601529088484;5.758897630861719e-13;0.017092268350534335;-7.208144694047219e-13
3983.0;525.3597216952306;-0.264348398;0.009239999999269027;0.01509699999994517;0.006994577669707398;6.4942552893579824e-18;0.00023571000456934252;0.15852125877140452;0.003923999999974976;0.0;0.061730601529064844;4.5409107879691365e-13;0.017092268350520617;-9.343533941766254e-13
3984.0;498.33200611700227;-0.254873907;0.009239999999268845;3.7410767128484246e-14;0.006984044697362662;5.830465463065545e-18;0.0002106000005011854;0.15936713178046377;0.003923999999973462;0.0;0.061730601529057086;4.2594691100403705e-13;0.01709226835051401;-9.916761052537434e-13
3985.0;21.066799897433725;-0.286771578;0.0;0.0;0.00219107289077579;0.0;0.009421109997173036;0.42366067484641606;0.003923999998917992;0.0;0.0;0.0;0.0;-0.1526285307343646
3986.0;21.066872858314323;-0.2840055040000001;0.0;0.0;0.001106070596234071;0.0;0.009307709993968998;0.41542293405247044;0.003923999998918;0.0;0.0;0.0;0.0;-0.1459586016841653
3987.0;21.06686152225918;-0.28151302400000006;0.0;0.0;0.0005477688110806338;0.0;0.008809560003040824;0.4170308577476709;0.003923999998917998;0.0;0.0;0.0;0.0;-0.14900244149207115
3988.0;21.06688526188014;-0.28108878000000004;0.0;0.0;0.0005372346593682164;0.0;0.008263619989612642;0.4141960377942568;0.003923999998918;0.0;0.0;0.0;0.0;-0.14603547948804382
3989.0;21.06688236563756;-0.28850626100000004;0.0;0.0;0.0005477688110806355;0.0;0.0074827800049483825;0.41453133825351024;0.003923999998918;0.0;0.0;0.0;0.0;-0.1381829853491356
3990.0;21.06687415481079;-0.30557717900000003;0.0;0.0;0.0013062171200258126;0.0;0.006025590002535892;0.41515621917400924;0.003923999998917999;0.0;0.0;0.0;0.0;-0.12103827423775756
3991.0;21.06694523753637;-0.32139029900000005;0.0;0.0;0.012387987864999951;0.0;0.0059575499980718686;0.40166034497826436;0.003923999998918005;0.0;0.0;0.0;0.0;-0.10274465392757894
3992.0;21.066794815980607;-0.333583303;0.0;0.0;0.08613654497681626;0.0;0.0067173299928521245;0.38655655127515437;0.003923999998917984;0.0;0.0;0.0;0.0;-0.14996474103241955
3993.0;21.066462970802725;-0.3455695660000001;0.0;0.0;0.2533743811777041;0.0;0.006824249996236159;0.35115179279105435;0.003923999998917936;0.0;0.0;0.0;0.0;-0.26993790739890733
3994.0;21.065902983700973;-0.35583733500000003;0.0;0.0;0.4348752571245765;0.0;0.007030799995264225;0.3367643227963492;0.003923999998917866;0.0;0.0;0.0;0.0;-0.42701039235943544
3995.0;-0.0037878138896432073;-0.36381191300000004;0.0;0.0;0.5433090784846262;0.0;5.943891949118245e-5;0.2837138494213868;0.0;0.0;0.0;0.0;0.0;-0.46334612146543785
3996.0;-0.004446727567072649;-0.3681357090000001;0.0;0.0;0.5652749670867847;0.0;0.0;0.26617462258700464;0.0;0.0;0.0;0.0;0.0;-0.4633461214654379
3997.0;-0.003787704930522799;-0.364526;0.0;0.0;0.5584109125795339;0.0;0.00018304156927122562;0.2692024928261972;0.0;0.0;0.0;0.0;0.0;-0.46334612146543785
3998.0;-0.003787705048630052;-0.36470144600000004;0.0;0.0;0.5475311960431496;0.0;0.00017114809759821495;0.280269548806033;0.0;0.0;0.0;0.0;0.0;-0.46334612146543785
3999.0;-0.003787706826490357;-0.36025252700000004;0.0;0.0;0.510404805583613;0.0;0.00010897780260315987;0.31300919071758143;0.0;0.0;0.0;0.0;0.0;-0.4633461214654379
4000.0;21.066189781829618;-0.35171233500000004;0.0;0.0;0.4070549551829906;0.0;0.009036359996740899;0.31485543850799397;0.003923999998917896;0.0;0.0;0.0;0.0;-0.38340943365763147
4001.0;21.066927107670818;-0.340991995;0.0;0.0;0.25202602980784045;0.0;0.00893511001067287;0.296261463466984;0.003923999998917983;0.0;0.0;0.0;0.0;-0.22038923322589374
4002.0;21.06769862172862;-0.32855945100000006;0.0;0.0;0.10337017422767913;0.0;0.009594450001889094;0.27064902482120384;0.003923999998918072;0.0;0.0;0.0;0.0;-0.059197369331197486
4003.0;90.20654549492252;-0.32731682;0.009239999999241829;1.2098433172558102e-15;0.022237280551530403;0.0;0.009749970010321695;0.2761357721732587;0.003923999999852628;0.0;9.503825439992107e-14;1.4219907624816002e-13;0.0;-4.868590431967706e-12
4004.0;49.997440783549585;-0.32662404500000003;0.004972164098444864;1.1052381974631875e-15;0.005583021388920746;0.0;0.009976770004010855;0.3021749582538466;0.00392399999970234;0.0;0.0;1.3210359665810295e-13;0.0;-1.0651596461257494e-11
4005.0;21.067612640121684;-0.320057588;0.0;0.0;0.003729037812091048;0.0;0.010003499998469233;0.32521167415100366;0.003923999998918072;0.0;0.0;0.0;0.0;-0.02301728315104818
4006.0;21.067521397855174;-0.309523384;0.0;0.0;0.003139132392428237;0.0;0.00970055999735313;0.3367567037273116;0.003923999998918063;0.0;0.0;0.0;0.0;-0.04420314915393103
4007.0;21.067428548179556;-0.299615066;0.0;0.0;0.002085733732395875;0.0;0.00987875999875719;0.3484389016733139;0.003923999998918053;0.0;0.0;0.0;0.0;-0.06491795673737158
4008.0;21.06735329598811;-0.29037574900000007;0.0;0.0;0.0010955364445216916;0.0;0.009629279999333109;0.35792640151636734;0.003923999998918046;0.0;0.0;0.0;0.0;-0.08240467837578086
4009.0;6.512590407331831e-7;-0.2709228570000001;0.0;0.0;0.00013957172805810651;0.0;0.00435123515362719;0.3512210932821414;0.0;0.0;0.0;0.0;0.0;-0.08478904380739603
4010.0;3.5714988889179653e-7;-0.20706936600000003;0.0;0.0;0.00016898889340003902;0.0;0.003781779789916268;0.3183368827770523;0.0;0.0;0.0;0.0;0.0;-0.11521828478211608
4011.0;6.521746114538728e-7;-0.20683837800000002;0.0;0.0;0.00013954577110357222;0.0;0.004307803776127664;0.3180996239499438;0.0;0.0;0.0;0.0;0.0;-0.1157085961050158
4012.0;6.510269433210867e-7;-0.259400467;0.0;0.0;0.00013957776191604818;0.0;0.0037432765785879417;0.3351732558724781;0.0;0.0;0.0;0.0;0.0;-0.07965564385948015
4013.0;6.508969569041587e-7;-0.25778818;0.0;0.0;0.00013958189643653953;0.0;0.0037947941516807754;0.3302814512672766;0.0;0.0;0.0;0.0;0.0;-0.07642764796829651
4014.0;2.6283000917550365e-7;-0.25921797300000005;0.0;0.0;0.00017892267735350698;0.0;0.003652191013591966;0.3304230818170177;0.0;0.0;0.0;0.0;0.0;-0.07503622176574454
4015.0;6.987404467123634e-9;-0.26362874300000005;0.0;0.0;0.0008306915839443587;0.0;0.004356506957115001;0.3379634592457485;0.0;0.0;0.0;0.0;0.0;-0.07952191342742311
4016.0;2.2279463733224067e-5;-0.270453107;0.0;0.0;0.015025814827474827;0.0;0.005093636264910929;0.34328879450326527;0.0;0.0;0.0;0.0;0.0;-0.09295568993585056
4017.0;-1.4354875591763745e-5;-0.28145548600000003;0.0;0.0;0.09998749940052841;0.0;0.0059437392488707;0.34570672391384943;0.0;0.0;0.0;0.0;0.0;-0.1701779446380052
4018.0;-1.7507012655482213e-5;-0.295686234;0.0;0.0;0.22593165585184355;0.0;0.0064562259849516995;0.3517363381130146;0.0;0.0;0.0;0.0;0.0;-0.2884331046843447
4019.0;-8.84896571882085e-7;-0.30507356999999996;0.0;0.0;0.33899258566004437;0.0;0.006493738374722849;0.35246320721079644;0.0;0.0;0.0;0.0;0.0;-0.39287243070351424
4020.0;4.25328172565335e-5;-0.31040468200000004;0.0;0.0;0.3994830007367228;0.0;0.006823284621286087;0.3442723526467629;0.0;0.0;0.0;0.0;0.0;-0.4401717974179388
4021.0;3.7809536404480326e-5;-0.31558646800000006;0.0;0.0;0.4136530988342233;0.0;0.007020704685438834;0.33636623509505914;0.0;0.0;0.0;0.0;0.0;-0.44145295398264023
4022.0;9.362312695730775e-6;-0.31402962800000006;0.0;0.0;0.36595434862191095;0.0;0.008132520037105129;0.3756761491010466;0.0;0.0;0.0;0.0;0.0;-0.43573015839302487
4023.0;-1.0239362074610062e-5;-0.308917775;0.0;0.0;0.283026216041895;0.0;0.008571332406249237;0.40274617314612204;0.0;0.0;0.0;0.0;0.0;-0.3854211172831887
4024.0;-1.9076181636263313e-5;-0.30059983100000004;0.0;0.0;0.16606699851548778;0.0;0.008295409650181362;0.3988161750284069;0.0;0.0;0.0;0.0;0.0;-0.27257382998621843
4025.0;4.914920914699859e-6;-0.3039278690000001;0.0;0.0;0.05001223178216993;0.0;0.008718941139227108;0.430456829450465;0.0;0.0;0.0;0.0;0.0;-0.1852566103501161
4026.0;2.7774899064605688e-5;-0.318980043;0.0;0.0;0.008387565566506137;0.0;0.008735366576191742;0.46557297758551197;0.0;0.0;0.0;0.0;0.0;-0.16371661121841896
4027.0;-5.258598852079486e-7;-0.320282626;0.0;0.0;0.00031041783842000937;0.0;0.008742704692207916;0.4980694167235939;0.0;0.0;0.0;0.0;0.0;-0.18683991428507182
4028.0;1.8031989453467097e-7;-0.31767392;0.0;0.0;0.0001887728872371478;0.0;0.008533271358094889;0.4971455250175326;0.0;0.0;0.0;0.0;0.0;-0.18819364836591973
4029.0;3.5873122284783935e-7;-0.31205238400000007;0.0;0.0;0.00016895087142973579;0.0;0.008600184529083755;0.49549718966902156;0.0;0.0;0.0;0.0;0.0;-0.1922139402761777
4030.0;5.523584336894025e-7;-0.305080458;0.0;0.0;0.00014928280432949587;0.0;0.008367668843944997;0.492701229576478;0.0;0.0;0.0;0.0;0.0;-0.19613772333619695
4031.0;5.522960846890367e-7;-0.299686371;0.0;0.0;0.0001492845413258403;0.0;0.00853691671977702;0.4818679351807572;0.0;0.0;0.0;0.0;0.0;-0.1908677655548587
4032.0;4.5389177448570497e-7;-0.292735778;0.0;0.0;0.00015909503288965047;0.0;0.008613882272635077;0.4751256618430672;0.0;0.0;0.0;0.0;0.0;-0.19116286066889646
4033.0;8.598961015228884e-7;-0.35724764;0.0;0.0;0.00014684555294749592;0.0;0.008538768764751105;0.5512227276336796;0.0;0.0;0.0;0.0;0.0;-0.20266065727150193
4034.0;9.523127250985997e-7;-0.354085112;0.0;0.0;0.00013670853561200433;0.0;0.008393706624660111;0.5523866578457451;0.0;0.0;0.0;0.0;0.0;-0.20683191949707053
4035.0;9.523067248693063e-7;-0.35167781600000003;0.0;0.0;0.00013670863065767808;0.0;0.008444624461930282;0.5513030502002991;0.0;0.0;0.0;0.0;0.0;-0.2082065257833786
4036.0;8.59884828113949e-7;-0.34837672799999997;0.0;0.0;0.00014684571776352133;0.0;0.008083634894988033;0.5459846266099223;0.0;0.0;0.0;0.0;0.0;-0.20583833454462036
4037.0;8.598682151932569e-7;-0.34982996799999994;0.0;0.0;0.00014684593667060677;0.0;0.007757117525247147;0.551811003556576;0.0;0.0;0.0;0.0;0.0;-0.2098849543415313
4038.0;8.598375975741557e-7;-0.35575371999999994;0.0;0.0;0.00014684628375279544;0.0;0.008476769633184538;0.5621919492051338;0.0;0.0;0.0;0.0;0.0;-0.2150618004394498
4039.0;4.489019721182939e-7;-0.37137395999999995;0.0;0.0;0.00019827824478905022;0.0;0.008113143602887807;0.5730745144024421;0.0;0.0;0.0;0.0;0.0;-0.21001191836090957
4040.0;7.531405374456536e-8;-0.39174890399999995;0.0;0.0;0.00536197771525255;0.0;0.008255199290214857;0.5774413590806546;0.0;0.0;0.0;0.0;0.0;-0.19930963342421423
4041.0;2.5152475959735136e-8;-0.40122596000000005;0.0;0.0;0.031127938561081477;0.0;0.0066696235274541485;0.5561423950766661;0.0;0.0;0.0;0.0;0.0;-0.19271399664090877
4042.0;7.790323597344229e-8;-0.40777529599999995;0.0;0.0;0.08747950803660716;0.0;0.006605281362025091;0.5480667294859874;0.0;0.0;0.0;0.0;0.0;-0.23437622449317508
4043.0;7.772800227421052e-8;-0.4149327199999999;0.0;0.0;0.15558179571648723;0.0;0.006716481713333139;0.5343404211358935;0.0;0.0;0.0;0.0;0.0;-0.2817059803472635
4044.0;7.740676512468715e-8;-0.42006914399999995;0.0;0.0;0.22097277229482157;0.0;0.00679066809552696;0.5594733501352437;0.0;0.0;0.0;0.0;0.0;-0.3671676482872151
4045.0;7.736818265781921e-8;-0.42042558399999996;0.0;0.0;0.220014836767778;0.0;0.006842538394675229;0.560028643449085;0.0;0.0;0.0;0.0;0.0;-0.36646043639461956
4046.0;6.851426525374372e-8;-0.41692924;0.0;0.0;0.21204032819719412;0.0;0.006972867097207077;0.5632653468286655;0.0;0.0;0.0;0.0;0.0;-0.3653493032091122
4047.0;7.77467848583586e-8;-0.413175528;0.0;0.0;0.1574924171854627;0.0;0.006725696856549293;0.5477576295927967;0.0;0.0;0.0;0.0;0.0;-0.2988002173407248
4048.0;7.636083091663617e-8;-0.406720936;0.0;0.0;0.08888708228523286;0.0;0.006817760285106138;0.5369129263205515;0.0;0.0;0.0;0.0;0.0;-0.22589683431995775
4049.0;2.598417621393926e-8;-0.403938048;0.0;0.0;0.032687572819722975;0.0;0.006847784523696202;0.5372245147839799;0.0;0.0;0.0;0.0;0.0;-0.17282182350834613
4050.0;6.332327711019056e-8;-0.40631801599999995;0.0;0.0;0.007636300313520964;0.0;0.006600700541012485;0.5470387483234558;0.0;0.0;0.0;0.0;0.0;-0.15495773421628262
4051.0;7.979997386001211e-8;-0.40720096799999994;0.0;0.0;0.0003992600043329154;0.0;0.006181089612936219;0.55146811584774;0.0;0.0;0.0;0.0;0.0;-0.15084749911084155
4052.0;5.217753093111397e-7;-0.401561088;0.0;0.0;0.0001878948013754735;0.0;0.004415085546033629;0.5405522366735034;0.0;0.0;0.0;0.0;0.0;-0.1435940734637125
4053.0;6.815895555030083e-7;-0.39172024;0.0;0.0;0.00016725803959440492;0.0;0.004182580397227807;0.529677228980021;0.0;0.0;0.0;0.0;0.0;-0.14230677702577893
4054.0;6.815227453039556e-7;-0.379459648;0.0;0.0;0.0001672587699826119;0.0;0.004081432655139159;0.5271600705867756;0.0;0.0;0.0;0.0;0.0;-0.15194906361995023
4055.0;6.814708699382229e-7;-0.36977994399999997;0.0;0.0;0.00016725922680072868;0.0;0.0046962378493506166;0.5213667086122844;0.0;0.0;0.0;0.0;0.0;-0.15645021128207948
4056.0;6.81420883507109e-7;-0.36096312;0.0;0.0;0.0001672597172957059;0.0;0.005056771845246039;0.518463455771379;0.0;0.0;0.0;0.0;0.0;-0.1627243169199079
4057.0;55.251362735005735;-0.31934176000000003;0.009239999999021425;1.09761541313082e-15;0.00018571121547613354;0.0;0.0062045999991861365;0.3974022089554675;9.74825035598187e-14;0.0;0.0;1.333415112118229e-13;0.0;-0.09402687001702426
4058.0;55.251394745540914;-0.314604128;0.009239999999021427;1.097615465142073e-15;0.00018571121547613387;0.0;0.007389629996450561;0.4076002470643275;9.748250984221597e-14;0.0;0.0;1.3334151652028032e-13;0.0;-0.11014800657367065
4059.0;55.251440079584825;-0.31536172000000007;0.009239999999021429;1.0976155386935074e-15;0.00019663425356040854;0.0;0.008163989994002844;0.4221312151797417;9.748251872644584e-14;0.0;0.0;1.3334152402722872e-13;0.0;-0.12470728367016187
4060.0;55.25148466764283;-0.316824784;0.00923999999902143;1.097615611214639e-15;0.00018571121547613474;0.0;0.00869373000152703;0.43634915858754614;9.748252748621957e-14;0.0;0.0;1.3334153142899594e-13;0.0;-0.13798158169566965
4061.0;55.25150767836202;-0.31977534399999996;0.00923999999902143;1.0976156486835377e-15;0.00017478573129666773;0.0;0.009156239999799195;0.4436723043369047;9.748253201206463e-14;0.0;0.0;1.33341535253207e-13;0.0;-0.1428060607219745
4062.0;55.2515696841159;-0.327991232;0.009239999999021432;1.0976157493982804e-15;0.00017478573129666835;0.0;0.009438120011031297;0.46352470304451077;9.748254417731766e-14;0.0;0.0;1.3334154553255463e-13;0.0;-0.15472529058292084
4063.0;55.25164881393069;-0.34706624799999997;0.009239999999021435;1.0976158771813525e-15;0.0002621785973040384;0.0;0.009457559997783305;0.489217498886481;9.748255961212752e-14;0.0;0.0;1.333415585745304e-13;0.0;-0.16145099507375163
4064.0;55.251645560499675;-0.370066232;0.009239999999021435;1.0976158330459354e-15;0.004850303451167105;0.0;0.009501300006099321;0.5060220194051442;9.748255428104414e-14;0.0;0.0;1.3334155406991158e-13;0.0;-0.15988851022002334
4065.0;55.25141591073349;-0.382149016;0.009239999999021422;1.0976152800621653e-15;0.02610861596712628;0.0;0.009497249991915317;0.5150585695899506;9.748248748654749e-14;0.0;0.0;1.3334149763037026e-13;0.0;-0.17809880337090078
4066.0;55.25080061281183;-0.38859316;0.00923999999902139;1.09761385690451e-15;0.07616287599794208;0.0;0.009523170003903333;0.5124472769842259;9.74823155838484e-14;0.0;0.0;1.3334135237758394e-13;0.0;-0.21912787032882775
4067.0;55.24998100728817;-0.39270326400000005;0.009239999999021349;1.0976119580003801e-15;0.14321504663261975;0.0;0.009515070000951328;0.5104373258437283;9.748208621473248e-14;0.0;0.0;1.3334115856823584e-13;0.0;-0.28005774026592406
4068.0;55.24932511600833;-0.39738932;0.009239999999021314;1.097610423697941e-15;0.1986111933049217;0.0;0.009349019991267261;0.5155610566205876;9.74819008849694e-14;0.0;0.0;1.333410019714429e-13;0.0;-0.33573063690260396
4069.0;55.248920303003075;-0.396900504;0.009239999999021293;1.0976094700727198e-15;0.23359018456099023;0.0;0.009282600002643237;0.5217391894305032;9.748178569528888e-14;0.0;0.0;1.3334090464071914e-13;0.0;-0.37731352270198626
4070.0;55.24902229736687;-0.39286952799999997;0.009239999999021298;1.0976096942806458e-15;0.2266752251083238;0.0;0.008988569999691132;0.5275301585930847;9.748181277769306e-14;0.0;0.0;1.333409275242572e-13;0.0;-0.3799261117220108
4071.0;55.2494641250317;-0.388255656;0.009239999999021321;1.0976107161695983e-15;0.19073491232617426;0.0;0.008474220002858949;0.5294577363195017;9.748193621295141e-14;0.0;0.0;1.3334103182219401e-13;0.0;-0.3500097917037117
4072.0;55.25012355750601;-0.38104360800000003;0.009239999999021356;1.097612280082001e-15;0.13252034541937274;0.0;0.008461260003218944;0.5145313670644478;9.74821251191524e-14;0.0;0.0;1.3334119144111717e-13;0.0;-0.28406215333629115
4073.0;55.25087512268688;-0.376197728;0.009239999999021396;1.0976140422071036e-15;0.06857062091643287;0.0;0.008819279996451075;0.5068045841921183;9.748233796651996e-14;0.0;0.0;1.3334137129024147e-13;0.0;-0.21758355484373812
4074.0;55.251402640784676;-0.374557696;0.009239999999021423;1.0976152975343363e-15;0.021498642590999473;0.0;0.008852490003471087;0.4929079029842296;9.748248959699926e-14;0.0;0.0;1.3334149941361656e-13;0.0;-0.1582833786361192
4075.0;55.25165569445108;-0.375463696;0.009239999999021435;1.097615869198787e-15;0.0025234688523637578;0.0;0.008899469992635104;0.5002475252271738;9.748255864791805e-14;0.0;0.0;1.3334155775983505e-13;0.0;-0.1457874353916417
4076.0;55.25168775536555;-0.37212307999999994;0.009239999999021437;1.0976159374610415e-15;0.0006117500613335144;0.0;0.008676720000411023;0.5030812286161731;9.748256689326127e-14;0.0;0.0;1.3334156472691885e-13;0.0;-0.14982723717364255
4077.0;55.25172954510614;-0.364053544;0.009239999999021439;1.0976160076582141e-15;0.00033864842522713393;0.0;0.00812753999342683;0.515379831789866;9.748257537231334e-14;0.0;0.0;1.3334157189149203e-13;0.0;-0.16937359255642076
4078.0;55.25178057333293;-0.352925936;0.00923999999902144;1.0976160911038828e-15;0.00027310163538831384;0.0;0.0072900000008065255;0.5314429764920573;9.748258545164123e-14;0.0;0.0;1.3334158040827286e-13;0.0;-0.19566193377827082
4079.0;55.25176535731461;-0.34248273599999995;0.00923999999902144;1.0976160671323942e-15;0.0001857112154761375;0.0;0.0060709500013100895;0.5262203942985569;9.748258255614806e-14;0.0;0.0;1.333415779616794e-13;0.0;-0.1995758838934281
4080.0;55.25176654793727;-0.332518864;0.00923999999902144;1.0976160689777228e-15;0.00019663425356041174;0.0;0.005103809999581742;0.5266322704228081;9.74825827790384e-14;0.0;0.0;1.3334157814999224e-13;0.0;-0.20899543468427184
4081.0;275.1805098964885;-0.30527182399999997;0.00923999999926274;3.2330890939745084e-15;0.005964562187476257;4.2843026645435234e-18;0.005369490004925846;0.26750490910267954;1.2126147351275018e-13;0.0;0.01729727670852595;2.749296845563071e-13;4.288658753668199e-14;-2.8231083929268246e-12
4082.0;275.18050997144053;-0.299032424;0.00923999999926274;3.2330891522257647e-15;0.004653670420413319;4.284302704864571e-18;0.005635169997545942;0.2624306032796533;1.2126147400302878e-13;0.0;0.01717772412688202;2.7492968706230245e-13;4.288658914861143e-14;-2.823108331451175e-12
4083.0;275.18050987155084;-0.297073928;0.00923999999926274;3.233089200363496e-15;0.003539411684581268;4.284302738185267e-18;0.0055549800013619125;0.2580647217949024;1.212614744081846e-13;0.0;0.020779840917716966;2.749296891332008e-13;4.2886590480669487e-14;-2.8231082806490505e-12
4084.0;275.18050933761793;-0.29664486399999995;0.00923999999926274;3.2330892482033535e-15;0.0023486831208261185;4.284302771299281e-18;0.00568782000402596;0.2532622547269332;1.2126147481083542e-13;0.0;0.02621144028620508;2.7492969119132957e-13;4.2886591804488046e-14;-2.8231082301614615e-12
4085.0;275.18053810460685;-0.29846697600000005;0.00923999999926274;3.233089549793435e-15;0.001005017347319974;4.2843029800539645e-18;0.0055873800004619225;0.25725744754896085;1.212614773492026e-13;0.0;0.025482415714439037;2.749297041657092e-13;4.2886600150074805e-14;-2.8231079118789054e-12
4086.0;275.180546895864;-0.306331824;0.00923999999926274;3.233089630157283e-15;0.0008630056217484449;4.284303035679702e-18;0.005425379992253865;0.2595227624599043;1.21261478025592e-13;0.0;0.0313858776289268;2.7492970762296225e-13;4.288660237388526e-14;-2.8231078270674568e-12
4087.0;275.18039738640005;-0.323093728;0.00923999999926274;3.233087847629612e-15;0.012748434175703012;4.284301801847604e-18;0.005217210002801789;0.25789173445648633;1.2126146302274383e-13;0.0;0.038100581047287536;2.749296309384598e-13;4.2886553047961496e-14;-2.8231097082550475e-12
4088.0;55.17268724646266;-0.34255304;0.009239999998846605;1.834280758669939e-15;0.08774243013191087;0.0;0.005070599992545495;0.2547367688670181;9.262558264177097e-14;0.0;0.0;1.9482386250621393e-13;0.0;-0.014309197966895155
4089.0;55.17053170439056;-0.360711672;0.009239999998846414;1.8342724172284738e-15;0.26405751956758733;0.0;0.004787100003597392;0.24481056800424045;9.262520693208235e-14;0.0;0.0;1.9482324019156253e-13;0.0;-0.16227163348257811
4090.0;55.16819414772682;-0.372080672;0.009239999998846208;1.8342634255560256e-15;0.45125302143270485;0.0;0.004587839999601318;0.22322829138555;9.262480193030119e-14;0.0;0.0;1.9482256936408653e-13;0.0;-0.31633228481893316
4091.0;55.16643844140188;-0.37624084;0.009239999998846051;1.8342565972721574e-15;0.5979200844387623;0.0;0.004395870003345247;0.22560069520543974;9.262449436825478e-14;0.0;0.0;1.948220599354454e-13;0.0;-0.4610329720668927
4092.0;0.0013876454303514525;-0.379984256;0.0;0.0;0.6865412315477267;0.0;0.0021375466050043757;0.17105584252999834;0.0;0.0;0.0;0.0;0.0;-0.47973904809155704
4093.0;0.00138764091038054;-0.383454904;0.0;0.0;0.6911445062137616;0.0;0.0021369334122920383;0.16992382895213862;0.0;0.0;0.0;0.0;0.0;-0.479739048091557
4094.0;0.0013876418003015824;-0.382295592;0.0;0.0;0.6774406237524444;0.0;0.0021377563207794444;0.18246757652123488;0.0;0.0;0.0;0.0;0.0;-0.479739048091557
4095.0;0.0013876468095363767;-0.37547606399999994;0.0;0.0;0.6643683182525568;0.0;0.0021374775593022096;0.18872063275281498;0.0;0.0;0.0;0.0;0.0;-0.47973904809155704
4096.0;0.6995254060866705;-0.366163952;0.0;0.0;0.5653443975130304;0.0;0.004706909991497373;0.27395488061217316;0.0;0.0;0.0;0.0;0.0;-0.47973904809145934
4097.0;55.168954182939466;-0.355259288;0.009239999998846272;1.83426622203792e-15;0.3993744366999139;0.0;0.00441935999157326;0.26506660685276656;9.262492788962459e-14;0.0;0.0;1.948227779970282e-13;0.0;-0.3229420956037429
4098.0;55.17120536780345;-0.347459144;0.009239999998846473;1.834275027792539e-15;0.20874876453824512;0.0;0.00428165999222121;0.24578259360526705;9.262532451584444e-14;0.0;0.0;1.9482343495333156e-13;0.0;-0.12067712522291608
4099.0;275.179734809838;-0.34286079199999997;0.00923999999926274;3.2330801609497665e-15;0.060530478467279644;4.284296481261633e-18;0.004568400000173557;0.2312763394762974;1.2126139832664536e-13;0.0;0.03734668824411698;2.749293002562595e-13;4.288634034356577e-14;-2.8231178204337196e-12
4100.0;567.4606844571065;-0.34542383200000004;0.009239999999268268;0.014609999999760849;0.012147607151859828;9.013832528291927e-18;0.004619430003525738;0.23442306757297812;1.3962111734674373e-13;0.0;0.057230601529039214;4.676073252009083e-13;0.01709226835051085;-1.2757569330442992e-12
4101.0;563.7255626730267;-0.34115987999999997;0.009239999999268236;0.005225608409903093;0.006150273403793802;8.889518907371756e-18;0.003836969990313431;0.2410460264763665;1.3946691968631544e-13;0.0;0.05723060152903793;4.647547010198094e-13;0.017092268350509886;-1.2848108714483645e-12
4102.0;521.0706781116907;-0.333047136;0.009239999999267848;2.190134259898212e-14;0.006390603479542545;7.685705175246157e-18;0.003369600008060941;0.24269352795541538;1.37617979013324e-13;0.0;0.05723060152902064;4.32395433436526e-13;0.017092268350494245;-1.3967738117646878e-12
4103.0;413.48630229377164;-0.323275464;0.009239999999266463;6.210198189247159e-15;0.006390603479509429;5.7108924570473965e-18;0.002930580010723672;0.24403624221914613;1.3188037371694028e-13;0.0;0.05723060152892958;3.545814463857223e-13;0.003354306061909946;-1.7915877904792998e-12
4104.0;397.9509509122878;-0.31317531200000004;0.009239999999266195;5.6301074324241995e-15;0.00624858930783647;5.50631802960713e-18;0.0023230799926512447;0.24592263248403184;1.3090092436411486e-13;0.0;0.057230601528903365;3.443721330322389e-13;3.834535200941004e-13;-1.8676556190288954e-12
4105.0;55.18111095832781;-0.22633452800000003;0.009239999999006446;1.1477354820760902e-15;0.004588124853111171;0.0;0.0028228499993997853;0.22812960987041922;9.694713874020432e-14;0.0;0.0;1.3815922709136325e-13;0.0;-0.018562676762300796
4106.0;185.11502098313247;-0.22320910400000002;0.009239999999262326;1.5418489817254634e-15;0.002556240413205762;0.0;0.003043169993297574;0.21378810407833607;1.2262168577534342e-13;0.0;2.0001906956793143e-13;1.7488183268708071e-13;1.625349205658706e-14;-2.852744715866946e-12
4107.0;275.1803653400665;-0.22047280799999996;0.009239999999266403;2.022989598239078e-15;0.0014201331551832739;2.7684017049671805e-18;0.002978370007808011;0.2026592293389937;1.3310158607994835e-13;0.0;0.004282722160637802;2.1292494717127686e-13;2.6833746187484108e-14;-1.7664337353725988e-12
4108.0;275.180339692522;-0.21782615200000002;0.009239999999266403;2.022989475901696e-15;0.0005243571958934406;2.7684016143002412e-18;0.00319625999063609;0.19178571535210592;1.3310158445366982e-13;0.0;0.013187906271097494;2.1292493837364236e-13;2.6833742802425166e-14;-1.766433864478225e-12
4109.0;275.1803662325639;-0.21833729600000001;0.009239999999266403;2.022989618321634e-15;0.00043696432988607167;2.7684017198498303e-18;0.0034514099946681815;0.19995732431790825;1.3310158634691443e-13;0.0;0.0053593480904121395;2.1292494861548251e-13;2.6833746743165303e-14;-1.766433714178784e-12
4110.0;173.32227475041785;-0.220031512;0.009239999999261348;1.4951614641201923e-15;0.011481237007073975;0.0;0.0034991999917492263;0.19773319686844146;1.2086895728591813e-13;0.0;1.7680603971032218e-13;1.7080432877757484e-13;1.545351696999104e-14;-3.1081727421911206e-12
4111.0;55.180375565507056;-0.22534850399999995;0.009239999999006408;1.1477337694805725e-15;0.05704568808760583;0.0;0.003361499992379979;0.19503129335603545;9.694694851513544e-14;0.0;0.0;1.3815905591732148e-13;0.0;-0.03944998628498028
4112.0;55.17893749395729;-0.23793701599999997;0.009239999999006328;1.1477302898685097e-15;0.17428320621753896;0.0;0.003210029998175924;0.18932269911650912;9.694656201734919e-14;0.0;0.0;1.3815870812946557e-13;0.0;-0.13824913382625711
4113.0;55.17711328218312;-0.25398886400000004;0.009239999999006227;1.147725857994554e-15;0.3250031138433309;0.0;0.0030196800050518546;0.19057480096489826;9.694606974157944e-14;0.0;0.0;1.3815826516230513e-13;0.0;-0.27399235142648953
4114.0;55.175592789503135;-0.26747867999999997;0.009239999999006142;1.1477221617281166e-15;0.45089252693104126;0.0;0.002767769994575764;0.1925353286605372;9.694565916954919e-14;0.0;0.0;1.381578957188091e-13;0.0;-0.38811181374700826
4115.0;55.17488712436936;-0.27652933599999996;0.009239999999006102;1.147720426883894e-15;0.5115431698249172;0.0;0.0030148200083638505;0.20119295118134012;9.694546646590453e-14;0.0;0.0;1.381577223201943e-13;0.0;-0.4486223139595585
4116.0;50.07957299707581;-0.28112129599999996;0.00923999995912914;1.13632843362466e-15;0.5362425756754352;0.0;0.0030391200045092924;0.21184405287593464;9.565948179849059e-14;0.0;0.0;1.3701680688663638e-13;0.0;-0.4797390480429463
4117.0;0.0013876514558851362;-0.281559392;0.0;0.0;0.549108084673033;0.0;0.0021339222689290187;0.21006774994504168;0.0;0.0;0.0;0.0;0.0;-0.47973904809388573
4118.0;0.0013876504422456605;-0.28012115200000004;0.0;0.0;0.5470735266199416;0.0;0.0021336894316316686;0.21066430088337296;0.0;0.0;0.0;0.0;0.0;-0.4797390480938857
4119.0;0.0013876494712975842;-0.2775204;0.0;0.0;0.5181779114944142;0.0;0.0021340163127150924;0.23695883700029147;0.0;0.0;0.0;0.0;0.0;-0.4797390480938857
4120.0;44.38227439189842;-0.27379479199999995;0.0;1.1238528300058831e-15;0.4608116153881232;0.0;0.003198690001661777;0.2885187972429143;9.420379286656809e-14;0.0;0.0;1.3576213262637365e-13;0.0;-0.47973904807262174
4121.0;55.17703434631297;-0.26838270399999997;0.009239999999006217;1.147725431219744e-15;0.35808131179254865;0.0;0.0033849900060239856;0.2936178170519371;9.694602233672474e-14;0.0;0.0;1.381582225059968e-13;0.0;-0.3960923368772884
4122.0;55.17851606301505;-0.265308776;0.009239999999006298;1.147728997157045e-15;0.23947827814379807;0.0;0.0032375700005879346;0.30757215919699005;9.6946418428502e-14;0.0;0.0;1.3815857892263897e-13;0.0;-0.29436022039288673
4123.0;55.1800154701364;-0.258002296;0.009239999999006382;1.1477326435796407e-15;0.11518378638953188;0.0;0.002766959999363765;0.3049443931156289;9.694682345614079e-14;0.0;0.0;1.3815894338337995e-13;0.0;-0.17426270991914072
4124.0;55.181022549939044;-0.25708617599999994;0.009239999999006437;1.1477351061982577e-15;0.0301723848479589;0.0;0.003167099997779909;0.2973905975817156;9.694709698997911e-14;0.0;0.0;1.381591895223708e-13;0.0;-0.08300590647519919
4125.0;55.18126918728094;-0.255722576;0.009239999999006451;1.1477357068676976e-15;0.009624139521190548;0.0;0.0027872100067437727;0.29669040771779676;9.694716370866843e-14;0.0;0.0;1.3815924955929475e-13;0.0;-0.06273931727098929
4126.0;55.18129084863172;-0.253936312;0.009239999999006453;1.1477357640467846e-15;0.007319152221603347;0.0;0.002740230004871756;0.29469693156191024;9.694717005976975e-14;0.0;0.0;1.3815925527436315e-13;0.0;-0.06017984696124337
4127.0;55.18130481688373;-0.250518488;0.009239999999006453;1.1477357876976171e-15;0.007330076482735219;0.0;0.0029111399985358184;0.29913694896843623;9.694717268675392e-14;0.0;0.0;1.3815925763823855e-13;0.0;-0.06821971918354722
4128.0;55.181301735021265;-0.24465747200000004;0.009239999999006453;1.1477357825753729e-15;0.007319152221603347;0.0;0.0030707099956918753;0.29806607195076873;9.694717211780517e-14;0.0;0.0;1.381592571262913e-13;0.0;-0.07315846209813832
4129.0;275.18028486955;-0.246890232;0.009239999999266857;1.872652906220056e-15;0.006860340592962686;2.5728133999027874e-18;0.0005702399968635219;0.1988534988399996;1.349930995902886e-13;0.0;0.03147338108536658;2.026940013638925e-13;2.483949841065226e-14;-1.6350827394008246e-12
4130.0;275.1802911609047;-0.24129071199999996;0.009239999999266857;1.8726529578027743e-15;0.006041032015500755;2.5728134384492922e-18;0.0005686200064395215;0.19768377191466574;1.3499310031706936e-13;0.0;0.02786463835031608;2.026940053295773e-13;2.4839499837926558e-14;-1.6350826849703757e-12
4131.0;275.1803032142964;-0.238543544;0.009239999999266857;1.8726530414183195e-15;0.005068785005240229;2.5728135009337812e-18;0.0008083799997796074;0.1977661468377211;1.3499310149518327e-13;0.0;0.02576766497339207;2.0269401175798558e-13;2.4839502151537806e-14;-1.635082596738432e-12
4132.0;275.1803127658936;-0.23999183200000002;0.009239999999266857;1.8726531033605108e-15;0.004467960427368114;2.5728135472217725e-18;0.0013616100082398067;0.198491047669582;1.3499310236792788e-13;0.0;0.02653866930626474;2.0269401652009022e-13;2.4839503865452805e-14;-1.6350825313766879e-12
4133.0;275.1802534272921;-0.245491872;0.009239999999266857;1.8726526953770996e-15;0.009110705363842939;2.5728132423443876e-18;0.001521180005395864;0.19752725956086079;1.3499309661958742e-13;0.0;0.02819981241897326;2.0269398515422857e-13;2.4839492576718652e-14;-1.6350829618841818e-12
4134.0;275.1798158840094;-0.25937266400000003;0.009239999999266857;1.8726497175837934e-15;0.042145205045485565;2.572811017097936e-18;0.0017479799990959455;0.1857558558947214;1.349930546634216e-13;0.0;0.02058828239568415;2.0269375622043937e-13;2.4839410182582617e-14;-1.6350861040905218e-12
4135.0;55.16380783397052;-0.272670992;0.009239999999025387;1.0624042139644537e-15;0.1390420375865516;0.0;0.002064689995045382;0.16409120435265517;9.784762646270713e-14;0.0;0.0;1.298948054791744e-13;0.0;-0.04190250407366881
4136.0;55.16174752368784;-0.296237792;0.009239999999025281;1.0623996071664615e-15;0.3060607128881465;0.0;0.0022112999925614327;0.15260811593515844;9.784703479629291e-14;0.0;0.0;1.2989432836749755e-13;0.0;-0.17403225973030712
4137.0;55.15943198507462;-0.31332838399999996;0.009239999999025162;1.0623944100644218e-15;0.4961511023695918;0.0;0.0023538600013094835;0.14945315034624357;9.784636730451138e-14;0.0;0.0;1.298937901189533e-13;0.0;-0.3440363586262358
4138.0;0.0013876809249135156;-0.32803864800000004;0.0;0.0;0.660668137294851;0.0;0.0021333412291838698;0.14498753593797856;0.0;0.0;0.0;0.0;0.0;-0.479739048094174
4139.0;0.001387647640527195;-0.338995712;0.0;0.0;0.7179134272756524;0.0;0.0021333271231026222;0.0986993225244172;0.0;0.0;0.0;0.0;0.0;-0.47973904809417395
4140.0;0.0013876460842582186;-0.341327104;0.0;0.0;0.7099025934585104;0.0;0.002133435163186533;0.10904144020987414;0.0;0.0;0.0;0.0;0.0;-0.47973904809417395
4141.0;0.0013876459763149343;-0.33940860799999995;0.0;0.0;0.7005909055271916;0.0;0.0021334550782622316;0.11643461221984482;0.0;0.0;0.0;0.0;0.0;-0.47973904809417395
4142.0;0.001387645968627976;-0.33815024000000005;0.0;0.0;0.6831306794578469;0.0;0.0021334719490963914;0.13263645341474922;0.0;0.0;0.0;0.0;0.0;-0.47973904809417395
4143.0;0.0013876455754550617;-0.33417952;0.0;0.0;0.6640930426239574;0.0;0.00213357663850737;0.14770326544567344;0.0;0.0;0.0;0.0;0.0;-0.479739048094174
4144.0;0.001387647769833338;-0.32758032800000003;0.0;0.0;0.5876158695844894;0.0;0.0021337153083692568;0.21758110777391723;0.0;0.0;0.0;0.0;0.0;-0.47973904809417395
4145.0;55.16025719608759;-0.318822528;0.0092399999990252;1.062396037670754e-15;0.4558192989878576;0.0;0.0041148000000501145;0.2568620449000842;9.784657634796313e-14;0.0;0.0;1.2989395868543745e-13;0.0;-0.4073812313530561
4146.0;55.16191538651847;-0.310845752;0.009239999999025285;1.0623997437593428e-15;0.3215947932921468;0.0;0.003966569999402063;0.26668939585519563;9.784705233950562e-14;0.0;0.0;1.2989434251399208e-13;0.0;-0.2908011273244025
4147.0;55.16367342234918;-0.299761488;0.009239999999025375;1.062403680179791e-15;0.17842344248028902;0.0;0.0038191500066740124;0.27354300454313923;9.78475579074181e-14;0.0;0.0;1.2989475019680707e-13;0.0;-0.16540783673029275
4148.0;55.16487792340764;-0.286568448;0.00923999999902544;1.0624064576047498e-15;0.07049326396861684;0.0;0.004049189993930096;0.2406259128594769;9.784791461768686e-14;0.0;0.0;1.298950378457373e-13;0.0;-0.03797263154128913
4149.0;275.18026382182956;-0.27835857599999997;0.009239999999266857;1.8726525177895657e-15;0.018079397779206315;2.572813109636684e-18;0.0038215799923286904;0.23574106935979838;1.349930941174409e-13;0.0;0.011581210288137071;2.0269397150122482e-13;2.4839487662945927e-14;-1.6350831492763661e-12
4150.0;275.18045432988464;-0.27509083200000006;0.009239999999266857;1.8726537694004684e-15;0.006925883713658717;2.57281404494015e-18;0.0034562699913565594;0.25169712817099255;1.349931117521807e-13;0.0;0.003877024113301884;2.0269406772543942e-13;2.483952229450694e-14;-1.635081828566196e-12
4151.0;271.5479526272785;-0.266951312;0.009239999999266765;1.849511441623248e-15;0.006729250682425978;2.5554219664107583e-18;0.003035070003056346;0.2510298897852692;1.3466007709487993e-13;0.0;4.617756203638538e-12;2.00906881302319e-13;2.420766326878907e-14;-1.660193483808866e-12
4152.0;243.82860818050514;-0.25035668;0.009239999999265943;1.689297502469823e-15;0.0064233750398603245;2.4293735646502637e-18;0.0030731400067638202;0.23686137133128884;1.318983974196842e-13;0.0;5.323254781071257e-13;1.8808746088434704e-13;2.0253750926823346e-14;-1.8826505677783386e-12
4153.0;413.48606545810435;-0.24604223200000003;0.009239999999268216;4.415091321656509e-15;0.005789776455588482;4.2040468419740526e-18;0.00104489999956455;0.1660434945563239;1.4002537677293428e-13;0.0;0.05723060152898974;3.220696523196239e-13;0.006603459700777956;-1.3615353487026367e-12
4154.0;413.4860797739296;-0.244028128;0.009239999999268216;4.415091888441886e-15;0.004511656248873561;4.204047044586665e-18;0.0011210399942725778;0.16481610669382593;1.4002537784785963e-13;0.0;0.05723060152898974;3.2206966861570237e-13;0.007019205777759635;-1.3615352737197481e-12
4155.0;529.1457956369982;-0.241940984;0.009239999999269256;1.92082963877779e-14;0.0035612589839492956;5.907030191803516e-18;0.0011388600033094202;0.15454392964525593;1.4537253164579387e-13;0.0;0.05723060152905712;4.353292653600952e-13;0.01709226835051291;-1.0247630370012395e-12
4156.0;560.6939333948975;-0.24010947199999996;0.009239999999269458;2.2416991226591899e-13;0.003604954805434191;6.635244021956557e-18;0.0010651500069455617;0.1502851370694543;1.465241870325583e-13;0.0;0.05723060152906601;4.689394376434656e-13;0.01709226835052072;-9.603316366928918e-13
4157.0;575.6657368189205;-0.24257544000000003;0.009239999999269544;0.014609999999944983;0.0042822492112315905;7.047085815467328e-18;0.0010797299970096404;0.14085318876295858;1.47036048290186e-13;0.0;0.057230601529069586;4.847259130134628e-13;0.017092268350523368;-9.324737723371838e-13
4158.0;697.3588462199292;-0.252834528;0.009239999999270105;0.014609999999995038;0.017751674837512547;1.3812860348950649e-17;0.0010675799925821152;0.12838159825085785;1.5049991726426974e-13;0.0;0.0572306015290892;5.959677157180071e-13;0.01709226835053451;-7.552375772840401e-13
4159.0;413.48493445296384;-0.269559;0.009239999999268216;4.415057174672783e-15;0.08288120241998168;4.204034635094651e-18;0.0008124300012564669;0.11536633173758278;1.400253120114798e-13;0.0;0.05723060152898974;3.2206867052225617e-13;0.00393424446336917;-1.361539866228577e-12
4160.0;93.01995140829345;-0.288500056;0.009239999999236125;1.4088943532031688e-15;0.215532636527167;0.0;0.0007257600052392576;0.11155236525502507;1.0366478595872813e-13;0.0;1.123153404452204e-13;1.6217696508391704e-13;0.0;-0.04797579604132899
4161.0;93.01796988056759;-0.304610088;0.009239999999236123;1.4088879855034268e-15;0.37782117280323224;0.0;0.0006763499923152394;0.10692288401649731;1.0366435534302294e-13;0.0;1.1231402886983995e-13;1.621763918473131e-13;0.0;-0.18948963867225388
4162.0;93.01644342328589;-0.31527371200000004;0.009239999999236121;1.408883056261329e-15;0.5048685404482544;0.0;0.0006002100103152118;0.11156060123835602;1.0366402199834219e-13;0.0;1.1231301359105878e-13;1.6217594810343006e-13;0.0;-0.31044641318677996
4163.0;93.01550550695495;-0.324608912;0.009239999999236121;1.4088800274690361e-15;0.5829431327918496;0.0;0.0004544099953031592;0.11434487967352218;1.0366381717135142e-13;0.0;1.1231238975455186e-13;1.6217567544283157e-13;0.0;-0.3818313315691874
4164.0;93.01512244867999;-0.32998227199999997;0.00923999999923612;1.4088787700439636e-15;0.6165784594974596;0.0;0.00037098000556312914;0.12205519057918959;1.0366373213548853e-13;0.0;1.1231213076555133e-13;1.6217556224569799e-13;0.0;-0.4177235134993558
4165.0;93.01511637675642;-0.330766288;0.00923999999923612;1.4088787084338259e-15;0.6206749999386741;0.0;0.0002794500001630962;0.1356800330320214;1.0366372796897822e-13;0.0;1.12312118075882e-13;1.6217555669937443e-13;0.0;-0.43457032558259134
4166.0;93.0152310339803;-0.329783896;0.00923999999923612;1.4088790354209878e-15;0.6148306034003598;0.0;0.0002511000025390862;0.1493460614374063;1.0366375008216389e-13;0.0;1.1231218542461435e-13;1.6217558613575975e-13;0.0;-0.4433460965541852
4167.0;93.01583688903462;-0.32521391200000005;0.009239999999236121;1.4088809495794282e-15;0.5679771066284212;0.0;0.00031022999613110753;0.16210596418020873;1.0366387953071888e-13;0.0;1.1231257967999002e-13;1.621757584538957e-13;0.0;-0.41387792621889197
4168.0;93.01678652510995;-0.31862029599999997;0.009239999999236121;1.4088840109716946e-15;0.4893672328276497;0.0;0.0003288600003791144;0.16118336504198982;1.0366408656185493e-13;0.0;1.1231321023240894e-13;1.6217603404915006e-13;0.0;-0.3409506627567103
4169.0;93.01826665080009;-0.310434712;0.009239999999236123;1.4088887753344164e-15;0.3674760430540147;0.0;0.00031590000073911003;0.16175999101235122;1.0366440875571734e-13;0.0;1.1231419155282932e-13;1.621764629500008e-13;0.0;-0.22779794390578736
4170.0;93.01974697227278;-0.3022217199999999;0.009239999999236125;1.4088935433642686e-15;0.24531175286732085;0.0;0.0003231899957711129;0.16136458836373682;1.0366473119375782e-13;0.0;1.1231517363910807e-13;1.621768921802245e-13;0.0;-0.11344768597771404
4171.0;275.1783565287964;-0.292140784;0.00923999999926557;2.298462715766429e-15;0.12290713015910897;3.122616197773919e-18;0.00030861000571836297;0.15749295943545982;1.2990793709458277e-13;0.0;0.00228278791654072;2.2999474518296604e-13;3.048773727769492e-14;-2.2697592347958943e-12
4172.0;563.7321753653321;-0.283246144;0.009239999999269475;0.0035399320229304193;0.039938536096141154;6.714927457342312e-18;0.0002454300106532824;0.1547498684618718;1.4662980046134028e-13;0.0;0.05723060152906677;4.721594165489876e-13;0.0170922683505213;-9.545455000236627e-13
4173.0;759.5443683858781;-0.28007531199999997;0.009239999999270316;0.014609999999996615;0.010836714161804076;2.3655022233695332e-17;0.0002640600021940123;0.16722145897399324;1.5190278413550832e-13;0.0;0.05723060152909543;6.380346697792053e-13;0.01709226835053718;-6.884563797771405e-13
4174.0;655.8808600284326;-0.275110632;0.00923999999926994;0.014609999999992813;0.007504860992382384;1.0479784021794495e-17;0.00027539999870168744;0.17218043990473636;1.4944194551434008e-13;0.0;0.057230601529083935;5.62302060745191e-13;0.017092268350531972;-8.074119289802376e-13
4175.0;563.7836968672331;-0.266239056;0.009239999999269477;0.0010512423049146564;0.007253606655480402;6.716061674529399e-18;0.00023571000456927915;0.17135668916520239;1.4663127946047783e-13;0.0;0.057230601529066776;4.722046538067666e-13;0.017092268350521307;-9.54464613736193e-13
4176.0;540.2323100884886;-0.25668390399999996;0.00923999999926933;2.8348517159192064e-14;0.007242683617392494;6.1454281035858245e-18;0.0002106000005011481;0.17227105232008827;1.4579137297570654e-13;0.0;0.057230601529060496;4.4721211373273507e-13;0.01709226835051611;-1.0010414671784491e-12
4177.0;3.820930138029882e-6;-0.288694016;0.0;0.0;0.0022034896915099317;0.0;0.009349178099039065;0.43927177593166233;0.0;0.0;0.0;0.0;0.0;-0.16213023444807778
4178.0;9.306832754442216e-7;-0.285921488;0.0;0.0;0.0010894251895911904;0.0;0.009224455525844645;0.43070688926671746;0.0;0.0;0.0;0.0;0.0;-0.1550990745679048
4179.0;-2.193953412118441e-7;-0.283418928;0.0;0.0;0.0005206503848067556;0.0;0.008716408814439835;0.432360300397615;0.0;0.0;0.0;0.0;0.0;-0.15817823390772023
4180.0;-1.9595411742286914e-7;-0.28298816;0.0;0.0;0.0005100411646308836;0.0;0.008171031152361882;0.42942116621263693;0.0;0.0;0.0;0.0;0.0;-0.15511388416073635
4181.0;-2.1406216898948248e-7;-0.290461592;0.0;0.0;0.0005206696841926921;0.0;0.0073907989232908835;0.4297695602626412;0.0;0.0;0.0;0.0;0.0;-0.147219240413098
4182.0;1.957030545925766e-6;-0.307628088;0.0;0.0;0.0012943981103231495;0.0;0.005946872695345405;0.43043672496344954;0.0;0.0;0.0;0.0;0.0;-0.1300497397963103
4183.0;2.6695753801059645e-6;-0.323618728;0.0;0.0;0.012745539271982164;0.0;0.005903776101909166;0.4167184149647508;0.0;0.0;0.0;0.0;0.0;-0.11174841615778296
4184.0;-2.0601149282611444e-6;-0.33591121599999996;0.0;0.0;0.08908930140769213;0.0;0.006665565647869798;0.4028692672782046;0.0;0.0;0.0;0.0;0.0;-0.16271212725338785
4185.0;-8.750485127493064e-7;-0.347942552;0.0;0.0;0.2621722743295804;0.0;0.006773244686651825;0.368981892996965;0.0;0.0;0.0;0.0;0.0;-0.2899840719290021
4186.0;-8.169792110864381e-7;-0.35823311999999996;0.0;0.0;0.45000767459449736;0.0;0.006979956114929986;0.3549358454864283;0.0;0.0;0.0;0.0;0.0;-0.4536895493638024
4187.0;2.732444355854766e-7;-0.366233136;0.0;0.0;0.5596760460517699;0.0;0.0004330416489221483;0.27211187513029444;0.0;0.0;0.0;0.0;0.0;-0.46598785948936916
4188.0;2.731967829270176e-7;-0.370579248;0.0;0.0;0.5693571009107469;0.0;0.0004330434671910975;0.26676819544656233;0.0;0.0;0.0;0.0;0.0;-0.46597912449772483
4189.0;2.732334051126956e-7;-0.36694799999999994;0.0;0.0;0.5623646015950657;0.0;0.0004340886780098355;0.2701176893621291;0.0;0.0;0.0;0.0;0.0;-0.465968412318544
4190.0;2.732319759762874e-7;-0.367120912;0.0;0.0;0.5509393606524653;0.0;0.000447137978795163;0.2815940614112878;0.0;0.0;0.0;0.0;0.0;-0.46585968070538253
4191.0;2.7333374338168866e-7;-0.362635544;0.0;0.0;0.5252118099610926;0.0;0.0004525607027958583;0.30279574573106355;0.0;0.0;0.0;0.0;0.0;-0.4658246050308424
4192.0;-5.833280473637733e-7;-0.35405212;0.0;0.0;0.42121680925831406;0.0;0.008984996179824106;0.33186141268927366;0.0;0.0;0.0;0.0;0.0;-0.40801024875846936
4193.0;-6.282077812895679e-7;-0.34330363999999997;0.0;0.0;0.26077701048727847;0.0;0.008883561711032854;0.31151728629126113;0.0;0.0;0.0;0.0;0.0;-0.23787338337267827
4194.0;-1.4470262679604392e-6;-0.33085827199999995;0.0;0.0;0.10692628621875953;0.0;0.009542056360339174;0.28314360860747484;0.0;0.0;0.0;0.0;0.0;-0.06875283896955747
4195.0;37.6228116590185;-0.32965804;0.0;1.073488313190116e-15;0.02306078991765163;0.0;0.009749970010299716;0.2984944230594494;9.270270389970563e-14;0.0;0.0;0.0;0.0;-1.1024303999304478e-11
4196.0;3.025689928400699e-7;-0.32894024;0.0;0.0;0.005157297118848334;0.0;0.009176625381788376;0.31703099380950484;0.0;0.0;0.0;0.0;0.0;-0.0024247081678809073
4197.0;8.265384133806439e-6;-0.322277736;0.0;0.0;0.0037902907753893512;0.0;0.009943896107717884;0.33728567090815204;0.0;0.0;0.0;0.0;0.0;-0.028741746265782037
4198.0;6.335081706944944e-6;-0.311618848;0.0;0.0;0.0031820654894836246;0.0;0.009639516831001085;0.34921880020846174;0.0;0.0;0.0;0.0;0.0;-0.050421148160946366
4199.0;4.211655668947845e-6;-0.3016065519999999;0.0;0.0;0.0020969652430036165;0.0;0.009813727382733273;0.3612950057023779;0.0;0.0;0.0;0.0;0.0;-0.07159880670751108
4200.0;1.0014923681263239e-6;-0.29231612800000006;0.0;0.0;0.0010798568675492166;0.0;0.00955639700882151;0.3711024050565838;0.0;0.0;0.0;0.0;0.0;-0.08942220583966859
4201.0;1.0775519862137409e-6;-0.272749304;0.0;0.0;0.00014454518203373373;0.0;0.0039338937171941035;0.3569178205807342;0.0;0.0;0.0;0.0;0.0;-0.0882469115502961
4202.0;8.016060346647e-7;-0.208521152;0.0;0.0;0.00017503181545498292;0.0;0.0033531608098219218;0.32198568720858517;0.0;0.0;0.0;0.0;0.0;-0.11699267470585611
4203.0;1.0771652258630728e-6;-0.208280616;0.0;0.0;0.00014455279454045553;0.0;0.0038902014394203888;0.321627702077815;0.0;0.0;0.0;0.0;0.0;-0.11738179636124996
4204.0;1.0777107205683612e-6;-0.261180224;0.0;0.0;0.00014454269049142323;0.0;0.0033119654406670094;0.33993628666422554;0.0;0.0;0.0;0.0;0.0;-0.08221252689754398
4205.0;1.0777880670912315e-6;-0.25955596;0.0;0.0;0.00014454123979244416;0.0;0.0033648264039258025;0.33471180691488506;0.0;0.0;0.0;0.0;0.0;-0.07866517066276532
4206.0;7.163735365701114e-7;-0.260996456;0.0;0.0;0.00018527836852184318;0.0;0.003220074243324629;0.3348908281523702;0.0;0.0;0.0;0.0;0.0;-0.07729966893490618
4207.0;8.203174240037445e-8;-0.26544089600000004;0.0;0.0;0.0005420912787067289;0.0;0.004029214590570236;0.34294098703216075;0.0;0.0;0.0;0.0;0.0;-0.08207139880617721
4208.0;-2.7843528075698636e-8;-0.272330304;0.0;0.0;0.015352099398502057;0.0;0.004728436004017038;0.34871866190448;0.0;0.0;0.0;0.0;0.0;-0.09646889132831023
4209.0;3.831447800586134e-8;-0.283399792;0.0;0.0;0.10328441821775446;0.0;0.00563523851364514;0.3525383992708023;0.0;0.0;0.0;0.0;0.0;-0.17805826297329416
4210.0;7.857459321644713e-8;-0.29771204799999995;0.0;0.0;0.23336762101542652;0.0;0.00584213085165279;0.36123279067209274;0.0;0.0;0.0;0.0;0.0;-0.30273049588951817
4211.0;8.000999654315515e-8;-0.3071470399999999;0.0;0.0;0.34931858237675595;0.0;0.005871107741473142;0.36437765012501777;0.0;0.0;0.0;0.0;0.0;-0.4124203018382156
4212.0;7.909240263386226e-8;-0.312505704;0.0;0.0;0.4114704499171341;0.0;0.006193952792129999;0.33336447932601004;0.0;0.0;0.0;0.0;0.0;-0.4385231796554884
4213.0;7.867704052240206e-8;-0.31771309600000003;0.0;0.0;0.426040190978366;0.0;0.006387923599206703;0.329763964286027;0.0;0.0;0.0;0.0;0.0;-0.44447898448579176
4214.0;7.912382829882507e-8;-0.316152616;0.0;0.0;0.3771034196125944;0.0;0.0075034677765807856;0.3666813090692289;0.0;0.0;0.0;0.0;0.0;-0.43513558204210084
4215.0;7.935981047121182e-8;-0.3110147999999999;0.0;0.0;0.29209211465435586;0.0;0.007949464466573884;0.4172031185156877;0.0;0.0;0.0;0.0;0.0;-0.4062298991098817
4216.0;6.352278641924123e-8;-0.302647632;0.0;0.0;0.17166168137164578;0.0;0.007894790081536866;0.4098498819635694;0.0;0.0;0.0;0.0;0.0;-0.28675872168294164
4217.0;-1.373318233183141e-8;-0.306003768;0.0;0.0;0.05156357681786629;0.0;0.008510500919461842;0.44147566846864106;0.0;0.0;0.0;0.0;0.0;-0.19554597463700105
4218.0;4.200107132591358e-8;-0.32116949599999994;0.0;0.0;0.008461796017678679;0.0;0.008403501726710437;0.47822305821065303;0.0;0.0;0.0;0.0;0.0;-0.17391886065530685
4219.0;1.4020126303874707e-8;-0.322481872;0.0;0.0;0.0003212601715474749;0.0;0.008323149838273454;0.5126210394912248;0.0;0.0;0.0;0.0;0.0;-0.19878350044311366
4220.0;6.337300904798644e-7;-0.31984223999999994;0.0;0.0;0.00019560004249866256;0.0;0.008106406685508698;0.5116770604090103;0.0;0.0;0.0;0.0;0.0;-0.20013676853168047
4221.0;8.007105568180728e-7;-0.31417584800000004;0.0;0.0;0.00017504067836318974;0.0;0.00817203117620497;0.5099082269234956;0.0;0.0;0.0;0.0;0.0;-0.2040793975306939
4222.0;9.825661843676338e-7;-0.30714037599999994;0.0;0.0;0.00015468396345945308;0.0;0.00793810403250059;0.5069717395911015;0.0;0.0;0.0;0.0;0.0;-0.20792410435916184
4223.0;9.825988446959002e-7;-0.301703512;0.0;0.0;0.00015468353764646012;0.0;0.008107438724732054;0.49539425535047915;0.0;0.0;0.0;0.0;0.0;-0.20195281838538665
4224.0;8.907363566194444e-7;-0.294711416;0.0;0.0;0.0001648390564200466;0.0;0.008185158396198747;0.48819394579631226;0.0;0.0;0.0;0.0;0.0;-0.20183247690294015
4225.0;1.9586798884866427e-6;-0.3596599100000001;0.0;0.0;0.00015460380998326813;0.0;0.009214114165103702;0.5587225890979618;0.0;0.0;0.0;0.0;0.0;-0.208431321757497
4226.0;2.0305025944771393e-6;-0.356476928;0.0;0.0;0.00014401782787851693;0.0;0.009069502644050724;0.5592293432574034;0.0;0.0;0.0;0.0;0.0;-0.21196586631287473
4227.0;2.0304887054317813e-6;-0.35405402900000005;0.0;0.0;0.000144017662718605;0.0;0.009120438269200172;0.5582288341368586;0.0;0.0;0.0;0.0;0.0;-0.2134391916534288
4228.0;1.958663272220123e-6;-0.35073378200000005;0.0;0.0;0.0001546034695421141;0.0;0.008759121841746032;0.5530995647298365;0.0;0.0;0.0;0.0;0.0;-0.21127943273180586
4229.0;1.958637491871697e-6;-0.352197592;0.0;0.0;0.0001546030407929323;0.0;0.008432773229599162;0.5585534557020216;0.0;0.0;0.0;0.0;0.0;-0.2149431646695818
4230.0;1.9585731102331994e-6;-0.35815668;0.0;0.0;0.00015460241483467515;0.0;0.009152167708135085;0.5696899714666016;0.0;0.0;0.0;0.0;0.0;-0.22083998628670756
4231.0;1.6459119406060287e-6;-0.373889865;0.0;0.0;0.00020831111865422594;0.0;0.008785697198736259;0.580263071771776;0.0;0.0;0.0;0.0;0.0;-0.21536711539808925
4232.0;1.391754216833643e-5;-0.394445276;0.0;0.0;0.005923790138641829;0.0;0.008761233116663708;0.584991606790848;0.0;0.0;0.0;0.0;0.0;-0.20523163199994574
4233.0;9.610565385002751e-5;-0.4040437400000001;0.0;0.0;0.03247083779861304;0.0;0.007250297686992048;0.5631539991505657;0.0;0.0;0.0;0.0;0.0;-0.19882954066026984
4234.0;2.360212899680102e-7;-0.4106311490000001;0.0;0.0;0.09040690108667124;0.0;0.007123608815823828;0.5546564595424587;0.0;0.0;0.0;0.0;0.0;-0.2415558255120417
4235.0;2.3528136748677131e-7;-0.417793305;0.0;0.0;0.17582791445190418;0.0;0.00723405691873852;0.5591002788304026;0.0;0.0;0.0;0.0;0.0;-0.32436895056876675
4236.0;2.3536200406088682e-7;-0.42294146099999996;0.0;0.0;0.23041958012774977;0.0;0.007309648350141497;0.5659561435220534;0.0;0.0;0.0;0.0;0.0;-0.38074391659456236
4237.0;2.3466403897002657e-7;-0.423283446;0.0;0.0;0.2301986149236055;0.0;0.007361481215305639;0.5663328676427802;0.0;0.0;0.0;0.0;0.0;-0.38060952341291604
4238.0;2.3568923057709162e-7;-0.41974943500000006;0.0;0.0;0.21632320691968185;0.0;0.0074799449259075855;0.572416092743361;0.0;0.0;0.0;0.0;0.0;-0.3764698150922675
4239.0;2.3541071967911214e-7;-0.4159776070000001;0.0;0.0;0.16328834674678513;0.0;0.007244139557966213;0.5570369737144509;0.0;0.0;0.0;0.0;0.0;-0.31159185833117237
4240.0;2.3960022647974805e-7;-0.409494434;0.0;0.0;0.0920191943941927;0.0;0.007336028745341682;0.5435559248533696;0.0;0.0;0.0;0.0;0.0;-0.23341671864306202
4241.0;0.0001041345300217114;-0.40671898700000003;0.0;0.0;0.0340852876699923;0.0;0.007344957796111491;0.5440375694939932;0.0;0.0;0.0;0.0;0.0;-0.17874649218469804
4242.0;4.428187208918131e-5;-0.40915832900000004;0.0;0.0;0.008194622134304797;0.0;0.00711493301215718;0.5540941234427346;0.0;0.0;0.0;0.0;0.0;-0.16024554988608536
4243.0;2.6107617224264444e-7;-0.41005859200000006;0.0;0.0;0.00046196631260900874;0.0;0.006852006117363346;0.5586407804874594;0.0;0.0;0.0;0.0;0.0;-0.1558961678102856
4244.0;1.6990635822485144e-6;-0.40437324700000005;0.0;0.0;0.00019748873590429793;0.0;0.005082123886641551;0.5474335456985442;0.0;0.0;0.0;0.0;0.0;-0.14833981568998078
4245.0;1.8183187259703587e-6;-0.394428435;0.0;0.0;0.00017593095989991864;0.0;0.004849474263586481;0.5364130067147083;0.0;0.0;0.0;0.0;0.0;-0.14700989094452707
4246.0;1.8181975198691568e-6;-0.382043012;0.0;0.0;0.00017592925326440277;0.0;0.004748703007937382;0.5338532686738011;0.0;0.0;0.0;0.0;0.0;-0.15673480295810396
4247.0;1.8181499914579375e-6;-0.372272161;0.0;0.0;0.00017592858215847166;0.0;0.0053632620211376434;0.5280526958768127;0.0;0.0;0.0;0.0;0.0;-0.1613196395020855
4248.0;1.8180807982528171e-6;-0.36338778000000005;0.0;0.0;0.00017592764250833512;0.0;0.005724703785743331;0.5251475205721889;0.0;0.0;0.0;0.0;0.0;-0.16766028602663657
4249.0;56.65480722136154;-0.321615815;0.009239999999055313;1.0939661231037801e-15;0.00019176681464338463;0.0;0.0062045999991845666;0.402107830982017;1.1260303412889784e-13;0.0;0.0;1.351028527857449e-13;0.0;-0.0961200634626389
4250.0;56.65512405004569;-0.316849882;0.009239999999055325;1.093966765366801e-15;0.00019176681464338913;0.0;0.007389629996449025;0.41242662361028193;1.1260313557059626e-13;0.0;0.0;1.3510292077151266e-13;0.0;-0.1123885628772987
4251.0;56.65557573511971;-0.317634305;0.00923999999905534;1.0939676810613937e-15;0.0002030460269117213;0.0;0.00816398999400133;0.4271296522781805;1.1260328019883234e-13;0.0;0.0;1.3510301770087288e-13;0.0;-0.12709101525730532
4252.0;56.656017563934334;-0.31911862100000005;0.009239999999055355;1.0939685767839342e-15;0.00019176681464340176;0.0;0.008693730001525532;0.4415159497267141;1.1260342167218212e-13;0.0;0.0;1.3510311251611455e-13;0.0;-0.1405097028184649
4253.0;56.65624511707028;-0.322095011;0.009239999999055363;1.093969038111079e-15;0.000180485076518564;0.0;0.009156239999797712;0.44892580852186215;1.1260349453553365e-13;0.0;0.0;1.3510316134910975e-13;0.0;-0.14539349567236662
4254.0;56.65686223244899;-0.33034808300000007;0.009239999999055384;1.0939702892253526e-15;0.00018048507651857273;0.0;0.009438120011029822;0.46901327860686287;1.12603692139583e-13;0.0;0.0;1.3510329378367266e-13;0.0;-0.15750732256122882
4255.0;56.65766162065172;-0.349557912;0.00923999999905541;1.0939719099136272e-15;0.00027072761516299336;0.0;0.009457559997781828;0.49501030171107213;1.1260394811383257e-13;0.0;0.0;1.3510346533881205e-13;0.0;-0.16440102657509154
4256.0;56.65821838419482;-0.3727372080000001;0.00923999999905543;1.0939730394796194e-15;0.005008460262530339;0.0;0.009501300006097849;0.5120138038159386;1.1260412651856462e-13;0.0;0.0;1.3510358490701996e-13;0.0;-0.16300467425982407
4257.0;56.658658167987554;-0.3849412040000001;0.009239999999055445;1.093973934642624e-15;0.026959955577658352;0.0;0.009497249991913844;0.5211573553928752;1.1260426790097588e-13;0.0;0.0;1.3510367966285972e-13;0.0;-0.18189077006482063
4258.0;56.658951040464494;-0.39144016500000006;0.009239999999055455;1.0939745367639717e-15;0.0786463654817267;0.0;0.00952317000390186;0.5185151425865919;1.1260436300003955e-13;0.0;0.0;1.3510374339929727e-13;0.0;-0.22446274551738582
4259.0;56.65938963619596;-0.39554849100000006;0.00923999999905547;1.0939754371638894e-15;0.14788494725774018;0.0;0.009515070000949857;0.5164813917033;1.1260450520886534e-13;0.0;0.0;1.3510383870945144e-13;0.0;-0.28755206409906303
4260.0;56.65996282749049;-0.40023695500000006;0.00923999999905549;1.0939766084784832e-15;0.2050874299684575;0.0;0.009349019991265785;0.5216657923502771;1.1260469020519365e-13;0.0;0.0;1.3510396269671668e-13;0.0;-0.34508435148410904
4261.0;56.660416081806524;-0.39971867600000005;0.009239999999055505;1.0939775331813752e-15;0.2412070025878295;0.0;0.00928260000264176;0.5279170801582734;1.1260483625140208e-13;0.0;0.0;1.3510406057935086e-13;0.0;-0.38790665837929594
4262.0;56.66054438789817;-0.39564885699999996;0.009239999999055509;1.093977792142133e-15;0.2340665628226529;0.0;0.008988569999689645;0.5337766199312658;1.126048771511952e-13;0.0;0.0;1.3510408799113408e-13;0.0;-0.390400764256124
4263.0;56.660335873902675;-0.39100748900000004;0.009239999999055502;1.093977363447286e-15;0.19695432227819243;0.0;0.008474220002857448;0.5357270220205145;1.1260480944388747e-13;0.0;0.0;1.3510404261249682e-13;0.0;-0.35936534668830816
4264.0;56.659436932103276;-0.38375500200000007;0.00923999999905547;1.0939755312488052e-15;0.1368415173804608;0.0;0.008461260003217444;0.5206239102855231;1.126045200685753e-13;0.0;0.0;1.3510384866862847e-13;0.0;-0.29139022093699884
4265.0;56.65871884866532;-0.37890040700000005;0.009239999999055446;1.093974064738977e-15;0.07080654509485972;0.0;0.008819279996449582;0.5128056349180359;1.1260428844841578e-13;0.0;0.0;1.351036934339435e-13;0.0;-0.2227499076550632
4266.0;56.65793516389884;-0.37729787400000003;0.00923999999905542;1.093972468075518e-15;0.02219966197989784;0.0;0.008852490003469595;0.49874440372095613;1.1260403627053572e-13;0.0;0.0;1.3510352442204846e-13;0.0;-0.16171878397373202
4267.0;56.65802155945842;-0.37822924900000005;0.009239999999055422;1.0939726400754682e-15;0.0026057531447210465;0.0;0.008899469992633614;0.5061709341071234;1.1260406343636277e-13;0.0;0.0;1.3510354262881073e-13;0.0;-0.1486659152432921
4268.0;56.65809533400127;-0.37485339500000003;0.009239999999055426;1.0939727893161122e-15;0.0006316977697406353;0.0;0.008676720000409525;0.5090381912529555;1.1260408700755297e-13;0.0;0.0;1.3510355842638361e-13;0.0;-0.15271185258546122
4269.0;56.65847552051765;-0.3666929360000001;0.009239999999055438;1.0939735600247222e-15;0.00034969094153908806;0.0;0.008127539993425319;0.5214824216443289;1.1260420873372924e-13;0.0;0.0;1.3510364000838985e-13;0.0;-0.17248383517034752
4270.0;56.6589742801243;-0.35545968400000005;0.009239999999055455;1.0939745711616646e-15;0.00028200682743133765;0.0;0.0072900000008049885;0.5377357693343832;1.1260436843280834e-13;0.0;0.0;1.3510374704039123e-13;0.0;-0.1990632280167124
4271.0;56.65881123794098;-0.344933009;0.00923999999905545;1.093974240584807e-15;0.00019176681464344125;0.0;0.006070950001308516;0.532451346775501;1.1260431622151926e-13;0.0;0.0;1.3510371204780789e-13;0.0;-0.20299683514641326
4272.0;56.65882407743261;-0.33488914100000006;0.00923999999905545;1.0939742666023232e-15;0.00020304602691176721;0.0;0.005103809999580141;0.5328680999067713;1.1260432033072399e-13;0.0;0.0;1.351037148018282e-13;0.0;-0.21250154548789008
4273.0;295.3893918500289;-0.307366756;0.009239999999263285;3.1823880846831623e-15;0.0061590523150377805;4.402719456578311e-18;0.005369490004925802;0.270672422931549;1.4211314081146842e-13;0.0;0.01609833683760205;2.8332973485394415e-13;4.394572039758281e-14;-2.872870318233728e-12
4274.0;295.3892242710124;-0.30107678100000007;0.009239999999263285;3.182386363401087e-15;0.0048054154982999035;4.402718157752752e-18;0.005635169997545906;0.2655380324771031;1.4211312307515957e-13;0.0;0.01603009493354644;2.8332965230886704e-13;4.3945668778514056e-14;-2.872872256460385e-12
4275.0;295.3890802238407;-0.299104957;0.009239999999263285;3.1823848838770354e-15;0.0036548234463157567;4.402717041350488e-18;0.005554980001361874;0.26112045478227314;1.421131078299329e-13;0.0;0.0197061024420462;2.833295813573983e-13;4.3945624409495964e-14;-2.8728739224627296e-12
4276.0;295.38892201382157;-0.298680891;0.009239999999263285;3.182383258891829e-15;0.002425268067955524;4.402715815186117e-18;0.005687820004025925;0.25626112191359207;1.4211309108582569e-13;0.0;0.02523750308688205;2.8332950343026376e-13;4.3945575678347374e-14;-2.8728757522642063e-12
4277.0;295.3890361760878;-0.300514819;0.009239999999263285;3.1823844295843337e-15;0.001037788562699641;4.402716698554926e-18;0.005587380000461885;0.2603036216375948;1.4211310314882977e-13;0.0;0.02451735770193148;2.833295595715289e-13;4.3945610785857125e-14;-2.872874434015002e-12
4278.0;295.3891055434839;-0.308431131;0.009239999999263285;3.1823851414966412e-15;0.000891146173928831;4.40271723574317e-18;0.0054253799922538235;0.2625957600424742;1.4211311048448257e-13;0.0;0.030450454968354926;2.8332959371170264e-13;4.3945632135169015e-14;-2.8728736323729703e-12
4279.0;295.38914370962004;-0.3253484070000001;0.009239999999263285;3.1823855433788885e-15;0.01316413016664018;4.40271753898919e-18;0.005217210002801741;0.26094541910841346;1.4211311462553738e-13;0.0;0.03695293931629623;2.8332961298423543e-13;4.3945644187100067e-14;-2.8728731798373464e-12
4280.0;56.50199254575542;-0.344996635;0.009239999998900532;1.827961636323338e-15;0.09060350122012605;0.0;0.005070599992542654;0.25775309571052674;1.0665699863108183e-13;0.0;0.0;1.9908226189583472e-13;0.0;-0.017552078030477664
4281.0;56.502992608841;-0.363261443;0.009239999998900593;1.827965067454711e-15;0.27266780462276125;0.0;0.004787100003594547;0.24770935914118403;1.0665720194758885e-13;0.0;0.0;1.9908253318233111e-13;0.0;-0.17102745985347628
4282.0;56.50371999845558;-0.374654068;0.009239999998900638;1.8279675827370003e-15;0.46596730471808934;0.0;0.004587839999598469;0.22587152773705982;1.0665735099352304e-13;0.0;0.0;1.9908273205585987e-13;0.0;-0.33090177651856045
4283.0;56.50488032781962;-0.37881621000000004;0.009239999998900707;1.827971550659189e-15;0.6174168303586616;0.0;0.004395870003342395;0.22827202308593264;1.0665758611620887e-13;0.0;0.0;1.9908304578364932e-13;0.0;-0.4803989000728411
4284.0;-0.00835905654649357;-0.38256126400000007;0.0;0.0;0.7023662954007347;0.0;0.0;0.1802097319399362;0.0;0.0;0.0;0.0;0.0;-0.5000459499863746
4285.0;-0.008298374377930637;-0.386037526;0.0;0.0;0.7171250019549501;0.0;0.0;0.16892142504872826;0.0;0.0;0.0;0.0;0.0;-0.5000459499863747
4286.0;-0.008345044712709982;-0.38487129800000003;0.0;0.0;0.7032508753010323;0.0;0.0;0.18163793786461394;0.0;0.0;0.0;0.0;0.0;-0.5000459499863747
4287.0;-0.00818402719186785;-0.378001566;0.0;0.0;0.6798774385231984;0.0;0.0;0.19814696108658605;0.0;0.0;0.0;0.0;0.0;-0.5000459499863746
4288.0;49.93459596043682;-0.36862601300000003;0.003086930907678235;1.8068054216744345e-15;0.583778928183305;0.0;0.004706909994696812;0.27719876832461104;1.0538413567136228e-13;0.0;0.0;1.9740304758435644e-13;0.0;-0.5000459499188519
4289.0;56.504632770032686;-0.35766929700000005;0.009239999998900692;1.8279706594221115e-15;0.41239708324061347;0.0;0.004419359991570406;0.2682052488522087;1.0665753330529715e-13;0.0;0.0;1.9908297531711521e-13;0.0;-0.336475887936302
4290.0;56.50260981095779;-0.349879961;0.00923999999890057;1.8279637558022794e-15;0.21555556318776004;0.0;0.0042816599922183484;0.24869289445447573;1.0665712422389853e-13;0.0;0.0;1.9908242947500125e-13;0.0;-0.12777412175222086
4291.0;295.3886735319007;-0.345322223;0.009239999999263285;3.1823807578498548e-15;0.06250423280302561;4.402713927976819e-18;0.00456840000017349;0.2340148724102863;1.4211306531464434e-13;0.0;0.03516225045195835;2.833293834911946e-13;4.3945500675541864e-14;-2.8728785685503215e-12
4292.0;517.945831496803;-0.34796373300000005;0.009239999999267981;1.0268234173536089e-14;0.012543711608503727;7.041443710958631e-18;0.004619430003525068;0.2371988607755444;1.5844541439861778e-13;0.0;0.057230601528998344;4.21728578629278e-13;0.017092268350462233;-1.5490990244412619e-12
4293.0;523.237021063662;-0.34364572000000004;0.00923999999926804;1.0845593697777338e-14;0.006350819130558956;7.143021457289376e-18;0.003836969990312812;0.2439002418431661;1.5872053644619064e-13;0.0;0.05723060152900167;4.257783142018135e-13;0.017092268350468145;-1.5322870192289786e-12
4294.0;443.8641009780223;-0.335414984;0.009239999999267008;5.8989009069729225e-15;0.006598985796074098;5.8748044042129566e-18;0.003369600008059795;0.24556725131454732;1.5416425964738653e-13;0.0;0.05723060152892742;3.684087546084705e-13;0.0132248619620449;-1.828498436259534e-12
4295.0;442.53191908775824;-0.325524291;0.009239999999266987;5.853488126711709e-15;0.006598985796073597;5.857062614316789e-18;0.0029305800107236077;0.2469258645986659;1.5407750929697917e-13;0.0;0.057230601528925465;3.6749821613201676e-13;4.876934332657754e-12;-1.8345375050865215e-12
4296.0;295.3343945873253;-0.31532160300000006;0.009239999999263284;3.1818382820305492e-15;0.006452340881364127;4.402304560126635e-18;0.0023230799926486157;0.24883459152742457;1.4210747408929322e-13;0.0;0.04915104525604395;2.8330336614159614e-13;4.3929235835073804e-14;-2.873489657974721e-12
4297.0;56.52431457205421;-0.22799560700000004;0.009239999999040856;1.1438122292632784e-15;0.004737732646559952;0.0;0.002822849999398006;0.2308308825179242;1.1193387508786383e-13;0.0;0.0;1.400583591597348e-13;0.0;-0.019286925449549203
4298.0;58.417440692942556;-0.22485320100000003;0.009239999999093975;1.1477689001418383e-15;0.0026395933073721026;0.0;0.003043169993278988;0.2163195595880779;1.1250565352690457e-13;0.0;0.0;1.4046888611994312e-13;0.0;-1.6343857616869864e-10
4299.0;224.17986637118173;-0.22210305200000002;0.009239999999264455;1.6309107879721449e-15;0.001466440305571848;2.5278742767491017e-18;0.002978370007806325;0.20505890833413834;1.4739977882810406e-13;0.0;2.7808986756435595e-13;1.8680587783274476e-13;1.8580909364235674e-14;-2.4870021472205946e-12
4300.0;295.38699708949105;-0.21944156300000003;0.009239999999266982;1.9912519092153136e-15;0.0005414552317119489;2.8436321400814227e-18;0.0031962599906360583;0.1940566415477978;1.5554694529678628e-13;0.0;0.012570450613261829;2.1668902690766368e-13;2.749599275381801e-14;-1.7976777659384408e-12
4301.0;199.951903300115;-0.219955899;0.009239999999263048;1.5363195359675724e-15;0.0004512126929937596;2.4358181441925517e-18;0.0034514099946656813;0.2023250101748668;1.43905596936238e-13;0.0;2.0748876467280117e-13;1.7831558598721456e-13;1.673479650133541e-14;-2.8650743540661296e-12
4302.0;56.52979266761621;-0.22166015300000005;0.009239999999041055;1.1438237311137705e-15;0.011855612724271748;0.0;0.003499199991730272;0.2000745469300967;1.1193554744095525e-13;0.0;0.0;1.4005955328575794e-13;0.0;-0.002707898755540301
4303.0;56.52367425660066;-0.22701955099999999;0.009239999999040831;1.1438108802674086e-15;0.05890581173188541;0.0;0.0033614999923782148;0.1973406502976816;1.1193367894182946e-13;0.0;0.0;1.4005821910621807e-13;0.0;-0.041484142617019756
4304.0;56.52437087441463;-0.239690579;0.009239999999040857;1.1438123763408027e-15;0.1799661653255415;0.0;0.0032100299981741567;0.19156446084557485;1.119338964731091e-13;0.0;0.0;1.4005837442941136e-13;0.0;-0.14394771053200722
4305.0;56.52553601020241;-0.2558350160000001;0.0092399999990409;1.143814871822532e-15;0.3356006891693461;0.0;0.0030196800050500835;0.1928313887767198;1.1193425931759318e-13;0.0;0.0;1.4005863351150405e-13;0.0;-0.28451571835598155
4306.0;56.526537336787726;-0.269399795;0.009239999999040939;1.143817015731044e-15;0.465595055351727;0.0;0.0027677699945739863;0.19481513099432268;1.1193457104087617e-13;0.0;0.0;1.4005885609298559e-13;0.0;-0.40267815152078207
4307.0;56.527257711663495;-0.27851078399999996;0.009239999999040965;1.1438185522847407e-15;0.5282233708563054;0.0;0.0030148200083620815;0.20357526804150114;1.1193479445378954e-13;0.0;0.0;1.4005901561851488e-13;0.0;-0.4652022318358429
4308.0;56.53158459977539;-0.283123149;0.009239999999041126;1.1438277635797e-15;0.5537281653412269;0.0;0.0030391200045100943;0.21435248896147907;1.1193613374177402e-13;0.0;0.0;1.4005997193672936e-13;0.0;-0.49691466157694236
4309.0;-0.00816486532462374;-0.28355637300000003;0.0;0.0;0.5594817906969307;0.0;0.0;0.22408463722439756;0.0;0.0;0.0;0.0;0.0;-0.5000459499888761
4310.0;-0.008080915812967724;-0.28212331300000004;0.0;0.0;0.5592629881356405;0.0;0.0;0.2228685255010612;0.0;0.0;0.0;0.0;0.0;-0.5000459499888761
4311.0;-0.008190704559689167;-0.279509975;0.0;0.0;0.5303122274710312;0.0;0.0;0.2492103413568068;0.0;0.0;0.0;0.0;0.0;-0.5000459499888761
4312.0;52.493863534155885;-0.275767973;0.009239999998672739;1.1357152478457363e-15;0.47583758159341355;0.0;0.003198690001664088;0.29193513559436235;1.1074177035013112e-13;0.0;0.0;1.3921665093613336e-13;0.0;-0.5000459499160123
4313.0;56.52898589314056;-0.270322726;0.00923999999904103;1.1438221886398809e-15;0.3697574881518626;0.0;0.0033849900060222266;0.2970945326719516;1.119353231708535e-13;0.0;0.0;1.400593931458661e-13;0.0;-0.4088008736014104
4314.0;56.52853382784109;-0.26724251900000007;0.009239999999041012;1.1438212100453062e-15;0.24728709283962924;0.0;0.0032375700005861704;0.31121410756680906;1.1193518088620065e-13;0.0;0.0;1.400592915479502e-13;0.0;-0.30337993218011045
4315.0;56.52752336388175;-0.25990264900000004;0.009239999999040974;1.1438190469259486e-15;0.11893965456616926;0.0;0.0027669599993619867;0.3085552262231909;1.119348663737438e-13;0.0;0.0;1.4005906697231715e-13;0.0;-0.17924196230421185
4316.0;56.52665387952735;-0.259015369;0.00923999999904094;1.1438171896313537e-15;0.03115623425605036;0.0;0.003167099997778141;0.3009119865295634;1.1193459632580421e-13;0.0;0.0;1.4005887414736568e-13;0.0;-0.08510280117868052
4317.0;56.526479038903396;-0.25766296899999996;0.009239999999040936;1.1438168156762466e-15;0.009937959725274205;0.0;0.002787210006741993;0.30020350574835164;1.1193454195308851e-13;0.0;0.0;1.400588353232042e-13;0.0;-0.06414843046826339
4318.0;56.52639992519112;-0.255846353;0.009239999999040932;1.1438166476389783e-15;0.007557812294929825;0.0;0.0027402300048699753;0.2981864249292368;1.1193451752060977e-13;0.0;0.0;1.4005881787749978e-13;0.0;-0.06152106017853712
4319.0;56.52653776874799;-0.252368847;0.009239999999040937;1.1438169396782389e-15;0.007569092770126409;0.0;0.0029111399985340424;0.30267901638602146;1.1193455998287407e-13;0.0;0.0;1.400588481971589e-13;0.0;-0.06967280421883873
4320.0;56.52650425264805;-0.24643951800000002;0.009239999999040936;1.1438168685976052e-15;0.007557812294929826;0.0;0.003070709995690104;0.30159545916082486;1.119345496478051e-13;0.0;0.0;1.4005884081749291e-13;0.0;-0.07466700003329962
4321.0;295.387264207554;-0.248662583;0.009239999999267442;1.8432760641626756e-15;0.007084039914907203;2.6425870589067555e-18;0.0005702399968634227;0.2012081143482072;1.5764020153192955e-13;0.0;0.030724243877606573;2.0588735489556276e-13;2.545259084170904e-14;-1.6640868384903596e-12
4322.0;295.3872217142444;-0.24302645300000003;0.009239999999267442;1.8432758111087442e-15;0.006238015641517774;2.642586852990788e-18;0.0005686200064394222;0.2000245367379479;1.576401973829155e-13;0.0;0.027119199305029727;2.0588733397177068e-13;2.5452583253696938e-14;-1.6640871234735193e-12
4323.0;295.3872170050624;-0.24026243600000002;0.009239999999267442;1.8432757826300577e-15;0.005234065978304434;2.642586829815632e-18;0.0008083799997795151;0.2001078870588335;1.5764019691598677e-13;0.0;0.025036041407646373;2.0588733161699427e-13;2.5452582399749278e-14;-1.6640871555455864e-12
4324.0;295.3872350494925;-0.24172410800000005;0.009239999999267442;1.843275889619438e-15;0.004613649945918413;2.6425869168758994e-18;0.0013616100082397306;0.20084137140946867;1.5764019867015938e-13;0.0;0.02583151055861528;2.0588734046343242e-13;2.545258560790143e-14;-1.6640870350567007e-12
4325.0;295.38723980174535;-0.24726761800000002;0.009239999999267442;1.8432759201642836e-15;0.00940778370634041;2.6425869417321176e-18;0.0015211800053957921;0.1998661711282654;1.5764019917096574e-13;0.0;0.027396352276365717;2.0588734298902163e-13;2.5452586523810087e-14;-1.6640870006579813e-12
4326.0;295.3871208452064;-0.26126834100000007;0.009239999999267442;1.8432752291834725e-15;0.043519459525142176;2.64258637946283e-18;0.0017479799990958804;0.18795538279055946;1.5764018784179546e-13;0.0;0.01896760807307646;2.0588728585519143e-13;2.5452565804244368e-14;-1.6640877788244202e-12
4327.0;56.53274338596017;-0.27469877300000006;0.00923999999905836;1.0588229183497546e-15;0.1435758663532246;0.0;0.0020646899950437295;0.16603420106520173;1.130372543519144e-13;0.0;0.0;1.3154876460400404e-13;0.0;-0.0460828661279207
4328.0;56.53363303170266;-0.29844547300000007;0.009239999999058392;1.0588246901774804e-15;0.3160406217598192;0.0;0.0022112999925597856;0.15441514190427985;1.1303755180784664e-13;0.0;0.0;1.3154895472216205e-13;0.0;-0.1833315727034236
4329.0;56.534955420548584;-0.3156048960000001;0.009239999999058437;1.0588273151547536e-15;0.5123294048426813;0.0;0.002353860001307842;0.15122281850699426;1.1303799248780089e-13;0.0;0.0;1.3154923638357127e-13;0.0;-0.35941344683266924
4330.0;-0.008022085916071606;-0.3303551370000001;0.0;0.0;0.681614701814419;0.0;0.0;0.14875055018888242;0.0;0.0;0.0;0.0;0.0;-0.5000459499891863
4331.0;-0.008050852402248674;-0.34135095300000007;0.0;0.0;0.7446203239240031;0.0;0.0;0.09673912512498362;0.0;0.0;0.0;0.0;0.0;-0.5000459499891863
4332.0;-0.008113608463762731;-0.343685201;0.0;0.0;0.7364821411264023;0.0;0.0;0.10721157806421361;0.0;0.0;0.0;0.0;0.0;-0.5000459499891863
4333.0;-0.008121022785770891;-0.341752502;0.0;0.0;0.7270934568781274;0.0;0.0;0.11466767687997714;0.0;0.0;0.0;0.0;0.0;-0.5000459499891863
4334.0;-0.008126658728944785;-0.340489185;0.0;0.0;0.7095117957999904;0.0;0.0;0.13098610742169375;0.0;0.0;0.0;0.0;0.0;-0.5000459499891863
4335.0;-0.008160887112773784;-0.3364990050000001;0.0;0.0;0.6902445326516556;0.0;0.0;0.14626963996931241;0.0;0.0;0.0;0.0;0.0;-0.5000459499891863
4336.0;-0.008064543410060784;-0.32986055700000005;0.0;0.0;0.6008196764955978;0.0;0.0;0.22904551096563794;0.0;0.0;0.0;0.0;0.0;-0.5000459499891863
4337.0;56.53799235898251;-0.32105848200000003;0.009239999999058541;1.0588332664197336e-15;0.47068247767853555;0.0;0.004114800000048526;0.2599035370433715;1.1303899156804725e-13;0.0;0.0;1.315498749565093e-13;0.0;-0.42274093808424645
4338.0;56.53729539134174;-0.31305371300000007;0.009239999999058517;1.0588318775798374e-15;0.33208123142520257;0.0;0.003966569999400469;0.26984725322765163;1.1303875841573103e-13;0.0;0.0;1.31549725933563e-13;0.0;-0.3019373914346489
4339.0;56.53643853717695;-0.301932097;0.009239999999058487;1.0588301734404794e-15;0.18424140480455034;0.0;0.0038191500066724125;0.276782015193752;1.130384723307631e-13;0.0;0.0;1.315495430788521e-13;0.0;-0.17200425539467418
4340.0;56.53461063896136;-0.28868246200000003;0.009239999999058425;1.0588265705880222e-15;0.07279188094505966;0.0;0.004049189993928501;0.24347515367945755;1.1303786749070251e-13;0.0;0.0;1.315491564912107e-13;0.0;-0.040730507050882846
4341.0;295.3884949199991;-0.280408344;0.009239999999267442;1.8432833870952994e-15;0.018668923761124768;2.6425930177474634e-18;0.003821579992328686;0.2385324689633965;1.5764032159617229e-13;0.0;0.010313873252619099;2.058879603923657e-13;2.545281042631845e-14;-1.6640785916580575e-12
4342.0;265.9486745915065;-0.2770908580000001;0.009239999999266661;1.6889521710687183e-15;0.007151720240214344;2.5122791511029333e-18;0.0034562699913560126;0.25467746276313286;1.546723406809171e-13;0.0;6.225453950714561e-13;1.927743771230797e-13;2.1238427103310592e-14;-1.8786326637603126e-12
4343.0;171.4533778441592;-0.26887272800000006;0.009239999999261608;1.3315328702741095e-15;0.006948675475373118;0.0;0.0030350700030529133;0.2540023236370672;1.4143638960681563e-13;0.0;1.479853869851019e-13;1.5960054159382202e-13;1.3873717927807257e-14;-3.2358377710406148e-12
4344.0;101.48196569552844;-0.25216141999999997;0.009239999999245923;1.1511003445555148e-15;0.006632825958483805;0.0;0.003073140006755232;0.23966603638096728;1.2611333124546465e-13;0.0;9.4581937292952e-14;1.4131115504644937e-13;0.0;-7.482825300468942e-12
4345.0;443.8618303950396;-0.247774333;0.009239999999268788;4.193721969237938e-15;0.005978567237879069;4.322677292661273e-18;0.0010448999995644858;0.1680096082510791;1.631250306709682e-13;0.0;0.05723060152898906;3.3093567746145537e-13;0.006080448000848887;-1.340099573225312e-12
4346.0;443.8617828550052;-0.245744507;0.009239999999268788;4.193720765167151e-15;0.0046587705838026855;4.322676788228111e-18;0.0011210399942725158;0.16676768694304217;1.6312502785916977e-13;0.0;0.05723060152898906;3.3093563577775635e-13;0.0065360082828616545;-1.3400997425494935e-12
4347.0;447.3949915882209;-0.24365592100000003;0.009239999999268826;4.280899937070531e-15;0.003677383133911696;4.358752544422891e-18;0.0011388600033085537;0.15637387749913842;1.633232616105062e-13;0.0;0.05723060152899259;3.339097227955261e-13;0.017092268349241047;-1.32819767933867e-12
4348.0;491.9049761433972;-0.241814518;0.009239999999269263;5.793833866841211e-15;0.0037225037717802546;4.868717648630321e-18;0.0010651500069448767;0.15206465674830788;1.6562369660754063e-13;0.0;0.05723060152902611;3.7421844573026645e-13;0.017092268350453823;-1.1950493486456532e-12
4349.0;617.8758294042835;-0.24429086000000005;0.009239999999270127;0.011213964577109003;0.004421883130563851;7.260734936678046e-18;0.0010797299970096035;0.14252102515797538;1.706863880092082e-13;0.0;0.05723060152907085;5.089461553978002e-13;0.017092268350523725;-9.315284663858523e-13
4350.0;677.3414038161021;-0.25465223200000003;0.009239999999270415;0.014122999999987751;0.018330514557006763;9.410827087350546e-18;0.0010675799925818456;0.12990175909274665;1.7252121230955908e-13;0.0;0.0572306015290817;5.712576784536673e-13;0.01709226835053051;-8.439525299143641e-13
4351.0;348.1354879231892;-0.271532125;0.009239999999267383;2.704842131755728e-15;0.08558376048277083;3.531602696771085e-18;0.0008124300012553181;0.11673237938278502;1.5668869565308568e-13;0.0;0.05723060152871388;2.6315983236230666e-13;4.845017678438727e-14;-1.7706849919831064e-12
4352.0;76.30969590503163;-0.29060508900000004;0.009239999999207672;1.3470480096260879e-15;0.22256064103997372;0.0;0.0007257600052334801;0.11287325189126717;1.1537900323446637e-13;0.0;1.0272533615242236e-13;1.5953997678147515e-13;0.0;-0.05553327254534887
4353.0;76.31076312710674;-0.30679749700000003;0.009239999999207674;1.347050804371731e-15;0.3901410188845737;0.0;0.0006763499923094613;0.10818895316960342;1.1537928588718764e-13;0.0;1.0272586292738332e-13;1.5954024543704605e-13;0.0;-0.20218974282381486
4354.0;76.31185656892154;-0.3175082030000001;0.009239999999207677;1.347053660067923e-15;0.5213310977567968;0.0;0.0006002100103094319;0.11288158539651345;1.1537957470211493e-13;0.0;1.0272640119409928e-13;1.5954051995145969e-13;0.0;-0.32728629857714414
4355.0;76.31252613840958;-0.3268927530000001;0.009239999999207679;1.3470554086754082e-15;0.6019515160884175;0.0;0.0004544099952973755;0.11569883234981411;1.153797515489577e-13;0.0;1.0272673078866176e-13;1.5954068804272857e-13;0.0;-0.4011940521055298
4356.0;76.31301641242432;-0.332291593;0.00923999999920768;1.3470566838437674e-15;0.6366836104654618;0.0;0.0003709800055573433;0.12350044070680878;1.153798805136327e-13;0.0;1.027269711456055e-13;1.5954081062288203e-13;0.0;-0.43824487941657986
4357.0;76.31346977239104;-0.33306779700000005;0.00923999999920768;1.3470578572103463e-15;0.6409137293065524;0.0;0.00027945000015730775;0.13728661431812397;1.1537999918215062e-13;0.0;1.0272719231447399e-13;1.5954092341692017e-13;0.0;-0.4553918094946797
4358.0;76.3138502553094;-0.33207117399999997;0.009239999999207682;1.3470588399844449e-15;0.6348787609555019;0.0;0.00025110000253329706;0.15111446156303976;1.153800985748024e-13;0.0;1.0272737755884537e-13;1.5954101788952812e-13;0.0;-0.4641512270754708
4359.0;76.31389836121961;-0.327476753;0.009239999999207682;1.3470589551249418e-15;0.5864974835556871;0.0;0.00031022999612532;0.1640254537513722;1.1538011021949912e-13;0.0;1.0272739926186047e-13;1.595410289578251e-13;0.0;-0.43333242528604976
4360.0;76.31328317349914;-0.32084352400000005;0.00923999999920768;1.3470573472930553e-15;0.505324329517003;0.0;0.00032886000037332696;0.16309193015745407;1.1537994761167373e-13;0.0;1.027270961996614e-13;1.595408743993086e-13;0.0;-0.357876924677755
4361.0;76.31239042492538;-0.31262457800000004;0.009239999999207679;1.3470550118952608e-15;0.37945855916187193;0.0;0.00031590000073332175;0.16367538393049516;1.1537971142034345e-13;0.0;1.0272665599956117e-13;1.5954064990078429e-13;0.0;-0.2407993095965178
4362.0;76.31146554943396;-0.30440243;0.009239999999207675;1.3470525933895689e-15;0.25331078324146744;0.0;0.0003231899957653242;0.16327529933655996;1.153794668223243e-13;0.0;1.0272620013679069e-13;1.5954041741306528e-13;0.0;-0.12247971781049705
4363.0;260.8808687116154;-0.294302496;0.009239999999264992;2.043738648087483e-15;0.12691483813014728;3.026203965188303e-18;0.0003086100057174509;0.15935782662100467;1.4828741219720988e-13;0.0;6.524793053877259e-13;2.1902540307813283e-13;2.535022828091074e-14;-2.5172077081961145e-12
4364.0;608.8598645793559;-0.285361586;0.009239999999270079;8.147063215286947e-14;0.04124083637162491;7.015130733622452e-18;0.00024543001065323766;0.15658225482821225;1.7038118482332059e-13;0.0;0.057230601529068836;4.990163265646492e-13;0.017092268350522265;-9.464716354598623e-13
4365.0;705.3274572023167;-0.282154228;0.009239999999270531;0.01412299999999167;0.01119007352890492;1.0908521993551184e-17;0.00026406000219363567;0.169201520893452;1.7329424827835986e-13;0.0;0.05723060152908573;5.979437324144959e-13;0.01709226835053264;-8.081607329179979e-13
4366.0;617.8563775608737;-0.277108558;0.009239999999270127;0.009876770965458697;0.007749576585210394;7.260154611733722e-18;0.000275399998701291;0.1742192208986519;1.7068569917695539e-13;0.0;0.05723060152907084;5.089235510012511e-13;0.017092268350523722;-9.31562068085366e-13
4367.0;612.1389471288841;-0.2681297140000001;0.009239999999270096;1.287067442311894e-13;0.0074901294444729635;7.102421896273325e-18;0.00023571000456924923;0.17338571616295367;1.7049289343264958e-13;0.0;0.05723060152906958;5.026303797994397e-13;0.017092268350522813;-9.409893585209842e-13
4368.0;449.134595494676;-0.258493901;0.009239999999268845;4.326122833115797e-15;0.007478850232173912;4.3771204745100996e-18;0.00021060000050020838;0.17431090625160783;1.6342204243768775e-13;0.0;0.057230601528994306;3.3541849617446793e-13;0.017092268349679134;-1.3222931008010055e-12
4369.0;1.9074918522744374e-7;-0.290616454;0.0;0.0;0.0016893499624514913;0.0;0.00870524225151545;0.4491268533189938;0.0;0.0;0.0;0.0;0.0;-0.16890499813005622
4370.0;1.8788571119840649e-7;-0.28783747200000004;0.0;0.0;0.0006278902534561074;0.0;0.008491240119764055;0.44028017664857827;0.0;0.0;0.0;0.0;0.0;-0.1615618418931666
4371.0;1.9127066116089653e-6;-0.28532483200000003;0.0;0.0;0.0005405778312740395;0.0;0.00820071582841614;0.4422521066657709;0.0;0.0;0.0;0.0;0.0;-0.16566835262420393
4372.0;2.8642992606124007e-6;-0.28488754000000005;0.0;0.0;0.000532167025823903;0.0;0.00819118558999411;0.43931710980165634;0.0;0.0;0.0;0.0;0.0;-0.16315247268203406
4373.0;2.3608532736001117e-7;-0.29241692300000005;0.0;0.0;0.0005081280613798762;0.0;0.00734994861423057;0.4364249857659818;0.0;0.0;0.0;0.0;0.0;-0.15186611504428102
4374.0;6.863104442552253e-7;-0.30967899700000007;0.0;0.0;0.0013112607001568761;0.0;0.0059011556372462895;0.4303231194456567;0.0;0.0;0.0;0.0;0.0;-0.12785650314766236
4375.0;6.068768177042038e-5;-0.32584715700000005;0.0;0.0;0.013210042020086203;0.0;0.005896525844632444;0.41795873370029113;0.0;0.0;0.0;0.0;0.0;-0.11121747946535962
4376.0;9.793605725386071e-6;-0.338239129;0.0;0.0;0.09214383574435012;0.0;0.006639719880495933;0.41046215188675506;0.0;0.0;0.0;0.0;0.0;-0.17100679625514795
4377.0;1.2876807894587282e-7;-0.35031553800000004;0.0;0.0;0.27053621734522076;0.0;0.006709742477576062;0.3749075211602493;0.0;0.0;0.0;0.0;0.0;-0.30183793201056913
4378.0;1.8858283486535826e-7;-0.360628905;0.0;0.0;0.46439477355471676;0.0;0.006729830073956984;0.3588835219653816;0.0;0.0;0.0;0.0;0.0;-0.46937922654909847
4379.0;1.737720213550315e-7;-0.36865435900000004;0.0;0.0;0.5733958954729302;0.0;0.0066142301264125025;0.2725278489591218;0.0;0.0;0.0;0.0;0.0;-0.48388353846657084
4380.0;1.8172351324373902e-7;-0.3730227870000001;0.0;0.0;0.5893593964709247;0.0;0.0050262391189557325;0.26246106213384673;0.0;0.0;0.0;0.0;0.0;-0.48382391773337535
4381.0;1.8182025985469638e-7;-0.36937000000000003;0.0;0.0;0.5809595090896414;0.0;0.00684957098973336;0.2653826555894694;0.0;0.0;0.0;0.0;0.0;-0.48382174259426064
4382.0;1.8192154883964103e-7;-0.36954037800000006;0.0;0.0;0.5687516635879559;0.0;0.007831111757742815;0.2767781205722499;0.0;0.0;0.0;0.0;0.0;-0.4838205247749829
4383.0;1.1981595308293295e-7;-0.365018561;0.0;0.0;0.5374251191738987;0.0;0.008905656660422263;0.3023795262844949;0.0;0.0;0.0;0.0;0.0;-0.483691736009773
4384.0;1.8991820695372903e-7;-0.35639190500000006;0.0;0.0;0.4346464692275589;0.0;0.00876183851577556;0.3357492408630913;0.0;0.0;0.0;0.0;0.0;-0.42276564941991623
4385.0;1.3187589066234115e-7;-0.345615285;0.0;0.0;0.26909015164568323;0.0;0.008813975529735382;0.31655844578867426;0.0;0.0;0.0;0.0;0.0;-0.24884727930621306
4386.0;3.239674348757827e-6;-0.33315709300000007;0.0;0.0;0.11057504346879916;0.0;0.009515742433500686;0.28821198214029375;0.0;0.0;0.0;0.0;0.0;-0.07514567373685281
4387.0;0.00015126875203217666;-0.33199926;0.0;0.0;0.02355940071265498;0.0;0.008903608337588607;0.3015562869584841;0.0;0.0;0.0;0.0;0.0;-0.002030078360625225
4388.0;2.3091072322123142e-7;-0.331256435;0.0;0.0;0.005746146077138502;0.0;0.0095957279990785;0.3203585334428621;0.0;0.0;0.0;0.0;0.0;-0.004443977007002042
4389.0;1.9518615698989228e-7;-0.324497884;0.0;0.0;0.0035480699597005313;0.0;0.009457997259508613;0.3446345703374536;0.0;0.0;0.0;0.0;0.0;-0.03314275967580328
4390.0;1.9452387575720047e-7;-0.31371431200000005;0.0;0.0;0.0028806131546687827;0.0;0.009134606208987484;0.3568678108069659;0.0;0.0;0.0;0.0;0.0;-0.05516872442149719
4391.0;1.9309412007566377e-7;-0.30359803799999996;0.0;0.0;0.0017095277299723304;0.0;0.009297046506510802;0.36925259540263217;0.0;0.0;0.0;0.0;0.0;-0.07666113803109541
4392.0;1.884106512998728e-7;-0.29425650700000006;0.0;0.0;0.0006166247151815587;0.0;0.00903880599304945;0.3793028616519877;0.0;0.0;0.0;0.0;0.0;-0.09470179209681691
4393.0;2.2822837635967506e-6;-0.27457575100000003;0.0;0.0;0.00015267340646965525;0.0;0.00455515315064761;0.35998683317788854;0.0;0.0;0.0;0.0;0.0;-0.09011883338151074
4394.0;2.064687295827713e-6;-0.20997293800000005;0.0;0.0;0.00018450379066248227;0.0;0.003981900891910021;0.32387615906517003;0.0;0.0;0.0;0.0;0.0;-0.11806953300878774
4395.0;2.281850714019998e-6;-0.209722854;0.0;0.0;0.00015266956472224938;0.0;0.004512079235011885;0.3236412675177661;0.0;0.0;0.0;0.0;0.0;-0.11858308701868356
4396.0;2.282364854112535e-6;-0.26295998100000006;0.0;0.0;0.0001526746021155297;0.0;0.003939232344086514;0.3423484054371617;0.0;0.0;0.0;0.0;0.0;-0.08348025600725219
4397.0;2.2824574507066196e-6;-0.26132373999999997;0.0;0.0;0.0001526753660848059;0.0;0.003991635120215625;0.3369834036077078;0.0;0.0;0.0;0.0;0.0;-0.07980389870621266
4398.0;1.9981528366999895e-6;-0.26277493900000004;0.0;0.0;0.00019522299700641487;0.0;0.003850660879887773;0.3371314912122857;0.0;0.0;0.0;0.0;0.0;-0.07840233802035369
4399.0;2.9851766678905683e-7;-0.2672530490000001;0.0;0.0;0.0010267949627959787;0.0;0.004499992493361207;0.34541267997762015;0.0;0.0;0.0;0.0;0.0;-0.08368642225272807
4400.0;7.236042277102218e-5;-0.274207501;0.0;0.0;0.01610803634779261;0.0;0.005164280197364992;0.35162314030916675;0.0;0.0;0.0;0.0;0.0;-0.09868736055009542
4401.0;2.5002852575542217e-7;-0.285344098;0.0;0.0;0.10594604384103795;0.0;0.005814092718519988;0.3563634482789022;0.0;0.0;0.0;0.0;0.0;-0.1827794896836609
4402.0;2.515046920950061e-7;-0.299737862;0.0;0.0;0.23768199358463496;0.0;0.006322808861995455;0.366544132086254;0.0;0.0;0.0;0.0;0.0;-0.3108110761657734
4403.0;2.5918129704456316e-7;-0.30922051;0.0;0.0;0.3558895648927204;0.0;0.0063542180144862;0.3705251010096033;0.0;0.0;0.0;0.0;0.0;-0.4235483786451295
4404.0;2.6803897030302813e-7;-0.31460672600000006;0.0;0.0;0.41912834487256795;0.0;0.0066741118508500934;0.35711069434737724;0.0;0.0;0.0;0.0;0.0;-0.46830643104272596
4405.0;2.6926832943563233e-7;-0.31983972400000005;0.0;0.0;0.43395249115078066;0.0;0.006868827209129019;0.3521272185257108;0.0;0.0;0.0;0.0;0.0;-0.473108819071489
4406.0;2.653560181219223e-7;-0.31827560400000005;0.0;0.0;0.3842373413351919;0.0;0.007984036137693083;0.3903246973636098;0.0;0.0;0.0;0.0;0.0;-0.46427047631768575
4407.0;2.552128586813285e-7;-0.313111825;0.0;0.0;0.297578480110356;0.0;0.00843229083760371;0.42466612808290416;0.0;0.0;0.0;0.0;0.0;-0.4175650779653137
4408.0;2.4764740280703814e-7;-0.304695433;0.0;0.0;0.17524123162244507;0.0;0.00816254098011148;0.4165143890491957;0.0;0.0;0.0;0.0;0.0;-0.2952227314044162
4409.0;0.00011751643963601256;-0.30807966700000006;0.0;0.0;0.053587290623634994;0.0;0.008690267056023966;0.4480680522530038;0.0;0.0;0.0;0.0;0.0;-0.20226417104972857
4410.0;5.3851453318331105e-5;-0.323358949;0.0;0.0;0.00899215081290539;0.0;0.008877126463377984;0.4858617233865402;0.0;0.0;0.0;0.0;0.0;-0.18037217257098415
4411.0;1.7353604767613646e-6;-0.32468111800000005;0.0;0.0;0.000336851423199339;0.0;0.00894427434709601;0.521360359656556;0.0;0.0;0.0;0.0;0.0;-0.20596024256336756
4412.0;1.9349136546017793e-6;-0.32201056;0.0;0.0;0.0002059818587133123;0.0;0.008727655083361891;0.5203381094161322;0.0;0.0;0.0;0.0;0.0;-0.20726108346305885
4413.0;2.063952133348799e-6;-0.31629931200000005;0.0;0.0;0.0001844971755691314;0.0;0.008794560670573737;0.5185330674469937;0.0;0.0;0.0;0.0;0.0;-0.21121272061764518
4414.0;2.208718049548483e-6;-0.309200294;0.0;0.0;0.00016322467177743246;0.0;0.008561715426763856;0.5154538342209924;0.0;0.0;0.0;0.0;0.0;-0.21497839893342435
4415.0;2.208748604832598e-6;-0.303720653;0.0;0.0;0.0001632249882925284;0.0;0.008731200640373103;0.503576672732652;0.0;0.0;0.0;0.0;0.0;-0.20875036396831192
4416.0;2.136057287759533e-6;-0.296687054;0.0;0.0;0.00017383491562959183;0.0;0.008808318603323633;0.4961833102558883;0.0;0.0;0.0;0.0;0.0;-0.2084783225781395
4417.0;0.00021046484279858732;-0.3620721800000001;0.0;0.0;6.380549421437646e-5;0.0;0.008861548641413896;0.5709668120054308;0.0;0.0;0.0;0.0;0.0;-0.2178187329888058
4418.0;0.00021050543748450938;-0.35886874399999996;0.0;0.0;6.342528931452368e-5;0.0;0.008713480692020704;0.5721321064621534;0.0;0.0;0.0;0.0;0.0;-0.2220390062300782
4419.0;0.00021050543398361878;-0.356430242;0.0;0.0;6.342528937155853e-5;0.0;0.008764460068633408;0.571416495356017;0.0;0.0;0.0;0.0;0.0;-0.22381287650020004
4420.0;0.0002104648237569132;-0.353090836;0.0;0.0;6.380548329902361e-5;0.0;0.008406277388367925;0.5654140326318591;0.0;0.0;0.0;0.0;0.0;-0.22079202635367876
4421.0;0.00021046480331352743;-0.35456521599999996;0.0;0.0;6.380547388653367e-5;0.0;0.008079756387339257;0.5714964925160334;0.0;0.0;0.0;0.0;0.0;-0.22507358522916399
4422.0;0.00021046480988412062;-0.36055963999999996;0.0;0.0;6.380548787240058e-5;0.0;0.008799671244501893;0.5815982793455063;0.0;0.0;0.0;0.0;0.0;-0.2299008629252504
4423.0;0.00021126449039292247;-0.37640577;0.0;0.0;7.239616312160985e-5;0.0;0.00844878486159265;0.5936980530451471;0.0;0.0;0.0;0.0;0.0;-0.2258121939269004
4424.0;0.00021157347438566712;-0.39714164799999996;0.0;0.0;0.0057169648678673515;0.0;0.008453541663154917;0.5980193623394764;0.0;0.0;0.0;0.0;0.0;-0.21504687203169393
4425.0;0.00021156989986509785;-0.40686152000000003;0.0;0.0;0.03315014926733246;0.0;0.006767584648486254;0.5757215375689024;0.0;0.0;0.0;0.0;0.0;-0.2087764027958546
4426.0;0.0002115644719106738;-0.413487002;0.0;0.0;0.09431191268130504;0.0;0.006750154808879571;0.5664343782126717;0.0;0.0;0.0;0.0;0.0;-0.2540080952164783
4427.0;0.00021155843229911695;-0.42065389;0.0;0.0;0.1711284117317032;0.0;0.006870270765665561;0.553412228735688;0.0;0.0;0.0;0.0;0.0;-0.3107556729398613
4428.0;0.00021155819318440558;-0.425813778;0.0;0.0;0.2309135950856814;0.0;0.006946476545525227;0.5738386244366154;0.0;0.0;0.0;0.0;0.0;-0.3858835697683874
4429.0;0.00021155785520813263;-0.42614130799999994;0.0;0.0;0.2308594907535972;0.0;0.006998301321813577;0.5743240824934895;0.0;0.0;0.0;0.0;0.0;-0.38603921828080234
4430.0;0.00021155955445730667;-0.42256963;0.0;0.0;0.2244118722915487;0.0;0.007116570276018139;0.5763861077760272;0.0;0.0;0.0;0.0;0.0;-0.38534357199486247
4431.0;0.000211558922686285;-0.41877968600000004;0.0;0.0;0.1640677325522232;0.0;0.006879998041176381;0.558258473062618;0.0;0.0;0.0;0.0;0.0;-0.3104251693458123
4432.0;0.00021156445776479;-0.412267932;0.0;0.0;0.09518461726742557;0.0;0.006962311366485959;0.5554791138226522;0.0;0.0;0.0;0.0;0.0;-0.24535676197062425
4433.0;0.00021156976831319537;-0.409499926;0.0;0.0;0.034818658017197655;0.0;0.006854690876569995;0.5563969456526808;0.0;0.0;0.0;0.0;0.0;-0.1885690198664995
4434.0;0.0002115735096181215;-0.41199864199999997;0.0;0.0;0.008045308257945279;0.0;0.006789725223550945;0.5665644254245121;0.0;0.0;0.0;0.0;0.0;-0.1693994680604795
4435.0;0.0002115233974052356;-0.41291621599999995;0.0;0.0;0.000189216705857629;0.0;0.006549717873804495;0.5710693566996919;0.0;0.0;0.0;0.0;0.0;-0.16489073004321705
4436.0;0.00021037844343165047;-0.407185406;0.0;0.0;6.51704194366882e-5;0.0;0.004741787574776039;0.5595817374384465;0.0;0.0;0.0;0.0;0.0;-0.15720206516947902
4437.0;0.0002104004213159582;-0.39713663;0.0;0.0;6.450198226287534e-5;0.0;0.0045018196106364145;0.54842056208376;0.0;0.0;0.0;0.0;0.0;-0.15584901670933277
4438.0;0.00021040037467676755;-0.384626376;0.0;0.0;6.450197006862463e-5;0.0;0.004401004961060614;0.5458020570090218;0.0;0.0;0.0;0.0;0.0;-0.16563995097448303
4439.0;0.0002104004107952376;-0.37476437799999995;0.0;0.0;6.450201093217692e-5;0.0;0.005016266473542448;0.5399834257127607;0.0;0.0;0.0;0.0;0.0;-0.17029857922074623
4440.0;0.00021040041455943132;-0.36581244;0.0;0.0;6.450202895370362e-5;0.0;0.005378029032560919;0.5370723430757187;0.0;0.0;0.0;0.0;0.0;-0.17670119715538
4441.0;57.666506846666785;-0.32388987;0.009239999999066122;1.08971886899265e-15;0.00020040774380538395;0.0;0.006204599999182708;0.4193268789690974;1.2754281589771332e-13;0.0;0.0;1.3675943401247365e-13;0.0;-0.11112691708599662
4442.0;57.66647557591668;-0.319095636;0.00923999999906612;1.0897188130117985e-15;0.0002004077438053835;0.0;0.007389629996447209;0.430087542587542;1.2754280466129248e-13;0.0;0.0;1.367594278732684e-13;0.0;-0.12786614423310458
4443.0;57.666431025382586;-0.31990689000000005;0.009239999999066119;1.0897187332132041e-15;0.00021219519246854431;0.0;0.008163989993999542;0.44542018385355864;1.2754278864419554e-13;0.0;0.0;1.3675941912203355e-13;0.0;-0.1431726852736976
4444.0;57.66638767363209;-0.321412458;0.009239999999066119;1.0897186555599076e-15;0.0002004077438053822;0.0;0.008693730001523762;0.4604225308466086;1.27542773057703e-13;0.0;0.0;1.3675941060610575e-13;0.0;-0.15718644581975355
4445.0;57.666365413691985;-0.32441467799999996;0.009239999999066117;1.0897186156829005e-15;0.0001886176554717102;0.0;0.00915623999979596;0.4681496943653669;1.27542765053629e-13;0.0;0.0;1.367594062329311e-13;0.0;-0.1623616098380605
4446.0;57.666304788727665;-0.332704934;0.009239999999066115;1.0897185070637463e-15;0.0001886176554717093;0.0;0.00943812001102808;0.48909734941739075;1.2754274325168613e-13;0.0;0.0;1.3675939432109083e-13;0.0;-0.17529953519619512
4447.0;57.666225515167106;-0.352049576;0.009239999999066113;1.0897183649862495e-15;0.0002829264836237855;0.0;0.009457559997780087;0.5162076161688571;1.2754271473401574e-13;0.0;0.0;1.3675937873998077e-13;0.0;-0.18317715780101396
4448.0;57.666128885004554;-0.375408184;0.009239999999066112;1.0897181903533594e-15;0.005234139301690195;0.0;0.009501300006096107;0.5339392416678326;1.275426796818083e-13;0.0;0.0;1.367593595886558e-13;0.0;-0.1825439305844165
4449.0;57.66589099849023;-0.387733392;0.009239999999066105;1.0897177572916562e-15;0.028174759439971202;0.0;0.009497249991912102;0.543474338102255;1.2754259275787295e-13;0.0;0.0;1.3675931209639112e-13;0.0;-0.20268952001344384
4450.0;57.665403789807;-0.39428716999999996;0.00923999999906609;1.0897168682650934e-15;0.08219013647460865;0.0;0.00952317000390012;0.5407189805482246;1.2754241431241695e-13;0.0;0.0;1.3675921460012783e-13;0.0;-0.24742126249978744
4451.0;57.664746595961994;-0.39839371800000006;0.009239999999066072;1.0897156692092528e-15;0.1545485786050722;0.0;0.009515070000948114;0.5385981404531468;1.2754217363697995e-13;0.0;0.0;1.3675908310407888e-13;0.0;-0.3135435541695795
4452.0;57.66418290051561;-0.40308459;0.009239999999066056;1.0897146414354484e-15;0.2143285802858142;0.0;0.009349019991264038;0.544004547329912;1.2754196734058986e-13;0.0;0.0;1.3675897039190578e-13;0.0;-0.37387202980515133
4453.0;57.66381788464055;-0.402536848;0.009239999999066046;1.0897139762312795e-15;0.2520756851241361;0.0;0.00928260000264001;0.5505235275737512;1.2754183381931722e-13;0.0;0.0;1.3675889744137414e-13;0.0;-0.4186185942256329
4454.0;57.66386858869292;-0.39842818599999996;0.009239999999066047;1.0897140693087884e-15;0.24461350025145884;0.0;0.008988569999687885;0.5566339843614335;1.2754185250206998e-13;0.0;0.0;1.367589076488346e-13;0.0;-0.4210811849212503
4455.0;57.66421833444885;-0.39375932199999997;0.009239999999066058;1.0897147074737969e-15;0.20582899830346418;0.0;0.008474220002855668;0.5586679065032185;1.2754198059593143e-13;0.0;0.0;1.3675897763407884e-13;0.0;-0.3884854194583393
4456.0;57.664839860623566;-0.386466396;0.009239999999066075;1.089715839762836e-15;0.1430075365848588;0.0;0.008461260003215664;0.5429180498264932;1.2754220787070036e-13;0.0;0.0;1.3675910180810595e-13;0.0;-0.31719578054424835
4457.0;57.6654960925067;-0.38160308600000004;0.009239999999066092;1.0897170360978258e-15;0.0739970571938764;0.0;0.008819279996447814;0.5347649805346987;1.2754244799985853e-13;0.0;0.0;1.367592330057495e-13;0.0;-0.24525485100152838
4458.0;57.66600424916284;-0.380038052;0.009239999999066108;1.0897179616818438e-15;0.02319996908490796;0.0;0.00885249000346783;0.5201016197691675;1.2754263378298858e-13;0.0;0.0;1.367593345110987e-13;0.0;-0.18139415679329535
4459.0;57.66616958498905;-0.380994802;0.009239999999066112;1.089718264006336e-15;0.002723167247079368;0.0;0.008899469992631852;0.5278461687892538;1.2754269446539028e-13;0.0;0.0;1.3675936766589353e-13;0.0;-0.16775186099955594
4460.0;57.66617982543549;-0.37758370999999996;0.009239999999066112;1.0897182829759038e-15;0.0006601617962320929;0.0;0.008676720000407754;0.5308362075239569;1.275426982729444e-13;0.0;0.0;1.3675936974620107e-13;0.0;-0.1718670651341579
4461.0;57.66614491441238;-0.36933232800000004;0.009239999999066112;1.0897182205350388e-15;0.0003654478631127;0.0;0.008127539993423527;0.5438133243297735;1.2754268573986045e-13;0.0;0.0;1.3675936289856732e-13;0.0;-0.19225083243246435
4462.0;57.666096454552374;-0.357993432;0.00923999999906611;1.0897181337522992e-15;0.00029471393228694507;0.0;0.007290000000803166;0.560762672326866;1.2754266832088471e-13;0.0;0.0;1.3675935338141493e-13;0.0;-0.21962970578738825
4463.0;57.66611323537396;-0.34738328199999996;0.00923999999906611;1.0897181638574654e-15;0.00020040774380537815;0.0;0.00607095000130665;0.5552519604032549;1.2754267436357167e-13;0.0;0.0;1.367593566829254e-13;0.0;-0.2234161435534305
4464.0;57.66611183659866;-0.337259418;0.00923999999906611;1.089718161359591e-15;0.0002121951924685396;0.0;0.00510380999957824;0.5556865597230677;1.2754267386219505e-13;0.0;0.0;1.3675935640899937e-13;0.0;-0.2330192247976131
4465.0;262.185890912592;-0.309461688;0.009239999999261577;2.7183907779122854e-15;0.006436576531196738;4.155223687903162e-18;0.005369490004924014;0.2822631483045135;1.5683276840120376e-13;0.0;6.279241292700574e-13;2.6784621818672267e-13;3.336199806541934e-14;-3.6407149183953035e-12
4466.0;230.17755744513124;-0.303121138;0.009239999999259344;2.523812476908618e-15;0.0050219454287082676;3.970493365487159e-18;0.005635169997542699;0.27690889315503414;1.5249175558682773e-13;0.0;3.981262318021702e-13;2.5547626405244666e-13;2.904068177643971e-14;-4.252926991939798e-12
4467.0;300.30143272044836;-0.30113598599999997;0.009239999999263488;2.9929765448633644e-15;0.0038195081998095032;4.398609563494947e-18;0.005554980001361396;0.27230214609707737;1.6143829644920867e-13;0.0;2.005194157229427e-12;2.83943048831295e-13;4.054053874313579e-14;-3.1111102480708296e-12
4468.0;317.60235143858614;-0.30071691799999994;0.00923999999926418;3.1374590260908074e-15;0.0025345495913550323;4.5192263641231895e-18;0.0056878200040259425;0.26723472704006374;1.6335348720274328e-13;0.0;0.01619198585331689;2.91819639377219e-13;4.4949992000441436e-14;-2.918254548101934e-12
4469.0;317.60235254802217;-0.30256266200000004;0.00923999999926418;3.137459038082503e-15;0.0010845508635786288;4.519226373933464e-18;0.005587380000461898;0.2714503345510137;1.6335348735010613e-13;0.0;0.015372817100556619;2.9181964001492356e-13;4.494999238753611e-14;-2.9182545337917095e-12
4470.0;317.60234704419395;-0.31053043799999996;0.00923999999926418;3.137458989389565e-15;0.0009313008326049798;4.519226334099932e-18;0.0054253799922538305;0.27384062682942073;1.6335348675173537e-13;0.0;0.021265703311964694;2.9181963742574484e-13;4.4949990815718466e-14;-2.9182545918984592e-12
4471.0;317.60223448048123;-0.327603086;0.00923999999926418;3.137457970139977e-15;0.013757300141452185;4.5192255002857884e-18;0.0052172100028017405;0.2721196150514989;1.6335347422654492e-13;0.0;0.02744156290918602;2.918195832298017e-13;4.494995791424771e-14;-2.918255808199928e-12
4472.0;57.61452274527257;-0.34744022999999996;0.009239999998924064;1.8212028632524924e-15;0.09468605554428104;0.0;0.005070599992539428;0.26879059008862094;1.205882440119174e-13;0.0;0.0;2.0322290858009173e-13;0.0;-0.03042584764331662
4473.0;57.612803280558595;-0.365811214;0.00923999999892398;1.8211976235927953e-15;0.28495409720348497;0.0;0.004787100003591307;0.2583167609703842;1.2058784821721966e-13;0.0;0.0;2.0322247046558635e-13;0.0;-0.19156393153675827
4474.0;57.611016859618154;-0.377227464;0.009239999998923895;1.821192174615105e-15;0.4869635886275399;0.0;0.004587839999595219;0.2355437906858173;1.2058743660769136e-13;0.0;0.0;2.03222014848146e-13;0.0;-0.35918416483025795
4475.0;57.60955486155656;-0.38139158;0.009239999998923826;1.8211877207848404e-15;0.6452373639656988;0.0;0.004395870003339136;0.23804707996562174;1.2058710016794875e-13;0.0;0.0;2.0322164243954351e-13;0.0;-0.5156030821993952
4476.0;0.0012933937839150862;-0.385138272;0.0;0.0;0.7343636962957101;0.0;0.0031048246521336404;0.20451302458456203;0.0;0.0;0.0;0.0;0.0;-0.5568443604131285
4477.0;0.001293392045455902;-0.388620148;0.0;0.0;0.7575926851317232;0.0;0.0030935434508739196;0.18477719299268122;0.0;0.0;0.0;0.0;0.0;-0.5568443604131285
4478.0;0.0012933910696494827;-0.387447004;0.0;0.0;0.7436833206640666;0.0;0.0030919551920470635;0.19751500170864986;0.0;0.0;0.0;0.0;0.0;-0.5568443604131285
4479.0;0.001293392800205807;-0.38052706799999997;0.0;0.0;0.7116916001387619;0.0;0.0030418981625755497;0.222636843218731;0.0;0.0;0.0;0.0;0.0;-0.5568443604131285
4480.0;57.6097244590136;-0.37108807400000005;0.009239999998923835;1.8211882554822845e-15;0.6100837525614766;0.0;0.004706909994699269;0.28906896464015963;1.2058714055879527e-13;0.0;0.0;2.0322168714850053e-13;0.0;-0.5420824696701919
4481.0;57.61140225738588;-0.36007930600000004;0.009239999998923915;1.821193356439131e-15;0.4309795162900427;0.0;0.00441935999156715;0.27969032497989366;1.205875258816115e-13;0.0;0.0;2.0322211366668335e-13;0.0;-0.36432406801940537
4482.0;57.61334769369828;-0.352300778;0.009239999998924006;1.8211992831904413e-15;0.22526840303105974;0.0;0.004281659992215091;0.2593424131997161;1.205879735806611e-13;0.0;0.0;2.0322260923306987e-13;0.0;-0.14590948762062417
4483.0;317.6018431278191;-0.34778365399999994;0.00923999999926418;3.1374544162694457e-15;0.06532064632430039;4.5192225929823096e-18;0.004568400000173466;0.244035849390236;1.63353430554208e-13;0.0;0.024790112540968304;2.918193942616315e-13;4.494984319519873e-14;-2.9182600491559625e-12
4484.0;492.7097842441456;-0.350503634;0.00923999999926812;6.1128626545601895e-15;0.013108925793140587;6.239496709695845e-18;0.004619430003524498;0.24735618239795737;1.7778773454992557e-13;0.0;0.057230601528944484;3.9334606373379187e-13;0.017092268350086162;-1.8001382829127769e-12
4485.0;478.156924188441;-0.34613156;0.009239999999267915;5.666969989393916e-15;0.006636984275972837;6.049093461152796e-18;0.003836969990312;0.25434452977981353;1.768569511201142e-13;0.0;0.05723060152892649;3.8329332276490303e-13;0.017092268342582668;-1.859045927269071e-12
4486.0;477.26105540963727;-0.337782832;0.009239999999267902;5.641139786243924e-15;0.006896333223431915;6.0375229916311796e-18;0.003369600008059791;0.256082923874614;1.767972326484048e-13;0.0;0.05723060152892525;3.826720260699872e-13;0.004746168066435459;-1.862873394297176e-12
4487.0;342.97170961136294;-0.32777311800000003;0.009239999999265044;3.375885342556736e-15;0.006896333223366115;4.708018478175683e-18;0.002930580010721397;0.25749971565096164;1.659669635465606e-13;0.0;0.057230601527772394;3.039937577127047e-13;5.345647836002223e-14;-2.676050936718162e-12
4488.0;317.60233527346253;-0.31746789400000003;0.00923999999926418;3.1374588762481804e-15;0.006743080552703243;4.5192262415420935e-18;0.002323079992648511;0.25949017801997726;1.633534853613829e-13;0.0;0.039843266373983464;2.9181963140981535e-13;4.494998716349634e-14;-2.9182547269131536e-12
4489.0;53.82579822663919;-0.22965668600000005;0.009239999998838072;1.1326100021977673e-15;0.004951212817133703;0.0;0.0028228499993939037;0.24071551478994996;1.254912084318497e-13;0.0;0.0;1.4112883915523199e-13;0.0;-0.028282936033465666
4490.0;53.825867032150256;-0.22649729799999999;0.009239999998838079;1.1326101284118771e-15;0.002758532232639102;0.0;0.0030431699932739974;0.2255827884786238;1.2549123229161896e-13;0.0;0.0;1.411288527759757e-13;0.0;-0.014338433479543581
4491.0;134.55774631447682;-0.22373329599999997;0.009239999999254423;1.3011384697875597e-15;0.001532517467221781;0.0;0.0029783700078007493;0.2138399339961529;1.4938293957089816e-13;0.0;1.1904590420124966e-13;1.5888613288014754e-13;1.3103628556693353e-14;-5.300923804794178e-12
4492.0;268.7732694677561;-0.221056974;0.009239999999266515;1.7283656055667833e-15;0.0005658529687256526;2.7019148671284844e-18;0.0031962599906350912;0.2023665285123468;1.7298355062504407e-13;0.0;4.458726699474305e-13;2.0009653206734708e-13;2.1534031627551722e-14;-2.1885169522782552e-12
4493.0;110.3903044649832;-0.221574502;0.009239999999246531;1.2456525402642222e-15;0.00047154414030567643;0.0;0.0034514099946582103;0.2109889649420064;1.4310091289859618e-13;0.0;1.0515587905932269e-13;1.5313460339450448e-13;1.2240111202053877e-14;-7.280861358178975e-12
4494.0;53.825831154017;-0.22328879399999998;0.009239999998838075;1.1326100578036007e-15;0.01238982147264936;0.0;0.0034991999917261918;0.20864213243608282;1.2549121894368678e-13;0.0;0.0;1.411288451560913e-13;0.0;-0.010694722805280374
4495.0;53.82537816816763;-0.22869059799999997;0.009239999998838021;1.1326092081466875e-15;0.06156008196603566;0.0;0.0033614999923741325;0.20579116497420805;1.2549105832263578e-13;0.0;0.0;1.411287534628619e-13;0.0;-0.051473738393694415
4496.0;53.82423435799408;-0.241444142;0.009239999998837886;1.132607052831373e-15;0.18807536239361192;0.0;0.0032100299981700675;0.19976762773204335;1.2549065087497506e-13;0.0;0.0;1.411285208655673e-13;0.0;-0.15905940204953242
4497.0;53.82273941373495;-0.257681168;0.00923999999883771;1.132604236049172e-15;0.35072271013226136;0.0;0.0030196800050459865;0.2010888080083597;1.2549011837719966e-13;0.0;0.0;1.4112821688382663e-13;0.0;-0.3065986684679301
4498.0;53.821487819121685;-0.27132090999999997;0.00923999999883756;1.1326018779495256e-15;0.48657456586672854;0.0;0.002767769994569879;0.20315749796835175;1.2548967258717753e-13;0.0;0.0;1.4112796240209891e-13;0.0;-0.4306259191498298
4499.0;53.82086043013837;-0.28049223199999995;0.009239999998837485;1.1326006970302789e-15;0.5520248860050936;0.0;0.003014820008357982;0.2122927613089439;1.2548944933746336e-13;0.0;0.0;1.4112783495939006e-13;0.0;-0.49628587963606074
4500.0;53.82058093155103;-0.28512500199999996;0.009239999998837452;1.1326001725186067e-15;0.5786789154269656;0.0;0.0030391200045059934;0.2235314840199599;1.254893501796356e-13;0.0;0.0;1.4112777835505886e-13;0.0;-0.5295690369980679
4501.0;0.0012655567917274355;-0.28555335400000004;0.0;0.0;0.5960902161121941;0.0;0.002927603880736703;0.2433768485663299;0.0;0.0;0.0;0.0;0.0;-0.5568443604155017
4502.0;0.0012933917222464047;-0.28412547400000004;0.0;0.0;0.5849359159074823;0.0;0.0014861322532469829;0.254546699322413;0.0;0.0;0.0;0.0;0.0;-0.5568443604155017
4503.0;0.0012933916978782505;-0.28149955;0.0;0.0;0.5576059186900414;0.0;0.00236305502218056;0.27837384977375557;0.0;0.0;0.0;0.0;0.0;-0.5568443604155017
4504.0;53.82109158262708;-0.277741154;0.009239999998837515;1.1326011431808506e-15;0.4972786158822364;0.0;0.003198690001662061;0.3044363721324234;1.2548953368116686e-13;0.0;0.0;1.4112788310719538e-13;0.0;-0.5366126582386036
4505.0;53.822097289947834;-0.272262748;0.009239999998837633;1.1326030367596897e-15;0.3864185996080697;0.0;0.0033849900060181405;0.3098167047377583;1.25489891656384e-13;0.0;0.0;1.411280874587536e-13;0.0;-0.43679875532845525
4506.0;53.82322825998974;-0.26917626200000005;0.009239999998837768;1.1326051691805693e-15;0.25842974159588494;0.0;0.00323757000058208;0.3245409075929273;1.254902947812938e-13;0.0;0.0;1.4112831758562158e-13;0.0;-0.32647363940808627
4507.0;53.82446594901366;-0.261803002;0.009239999998837914;1.1326075010890238e-15;0.12429902362498735;0.0;0.00276695999935788;0.3217681677220183;1.2549073561526769e-13;0.0;0.0;1.411285692406405e-13;0.0;-0.1964744945073147
4508.0;53.82533046598399;-0.26094456199999994;0.009239999998838016;1.1326091291612384e-15;0.032560120608860134;0.0;0.00316709999777405;0.3137976294758108;1.254910433910269e-13;0.0;0.0;1.4112874493892078e-13;0.0;-0.0980251797388547
4509.0;53.82553622497647;-0.25960336199999995;0.00923999999883804;1.1326095166692535e-15;0.010385759864294162;0.0;0.0027872100067378885;0.3130588101544622;1.254911166464853e-13;0.0;0.0;1.4112878675796722e-13;0.0;-0.07607361595384335
4510.0;53.825565170369785;-0.257756394;0.009239999998838044;1.1326095709850658e-15;0.007898364026844915;0.0;0.002740230004865869;0.3109553539684877;1.2549112691446585e-13;0.0;0.0;1.4112879261965339e-13;0.0;-0.07328291752282419
4511.0;53.82555132430567;-0.254219206;0.009239999998838042;1.132609545422413e-15;0.00791015279534333;0.0;0.0029111399985299424;0.3156403270252324;1.2549112208204334e-13;0.0;0.0;1.411287898609802e-13;0.0;-0.08168746735184619
4512.0;53.82555460006033;-0.248221564;0.009239999998838042;1.132609551526177e-15;0.007898364026844915;0.0;0.00307070999568601;0.31451036974905483;1.2549112323591728e-13;0.0;0.0;1.4112879051967446e-13;0.0;-0.0867030023905166
4513.0;317.60247278068977;-0.250434934;0.009239999999268372;1.8172676112518182e-15;0.007403243669709346;2.7114644306594925e-18;0.0005702399968633328;0.20982424144002387;1.8063089036549088e-13;0.0;0.023565723689555642;2.0912935411072087e-13;2.6034655748067474e-14;-1.6821801880261464e-12
4514.0;317.60248445073915;-0.244762194;0.009239999999268372;1.817267672082031e-15;0.006519097910845405;2.711464484276396e-18;0.0005686200064393323;0.20858998070922516;1.8063089150835288e-13;0.0;0.020012920908380177;2.0912935949688158e-13;2.6034657711503442e-14;-1.6821801162105324e-12
4515.0;317.6024938140846;-0.241981328;0.009239999999268372;1.817267721177301e-15;0.005469910712838886;2.71146452755015e-18;0.000808379999779434;0.2086769002547428;1.8063089243074267e-13;0.0;0.017954556710743915;2.0912936384400004e-13;2.603465929616824e-14;-1.6821800582489529e-12
4516.0;317.6024975448456;-0.24345638399999997;0.009239999999268372;1.8172677409347955e-15;0.004821539004108018;2.7114645449650433e-18;0.0013616100082396694;0.2094417938475221;1.8063089280194077e-13;0.0;0.018759903064970582;2.0912936559338364e-13;2.603465993389218e-14;-1.6821800349232868e-12
4517.0;317.60245457077303;-0.249043364;0.009239999999268372;1.8172675154408874e-15;0.009831694344831256;2.711464346209566e-18;0.001521180005395737;0.20842483357274183;1.8063088856542177e-13;0.0;0.02019410715455336;2.0912934562728576e-13;2.6034652655549356e-14;-1.6821803011399932e-12
4518.0;317.6021637820899;-0.26316401800000006;0.009239999999268372;1.817265988128753e-15;0.04548042742681055;2.711462999997132e-18;0.0017479799990958336;0.19600400185823758;1.8063085987063336e-13;0.0;0.010859648227987354;2.0912921039307837e-13;2.603460335803731e-14;-1.6821821042790607e-12
4519.0;55.54065802186668;-0.276726554;0.009239999998995253;1.0513247363375056e-15;0.150045332390765;0.0;0.0020646899950408013;0.17314411202775545;1.273204544559984e-13;0.0;0.0;1.3273076174234418e-13;0.0;-0.058589171667036664
4520.0;55.539039762436495;-0.30065315400000003;0.009239999998995168;1.051321897354878e-15;0.330281274600024;0.0;0.0022112999925568617;0.1610275019070121;1.2731984102341027e-13;0.0;0.0;1.3273044617322483e-13;0.0;-0.2029272639252564
4521.0;55.537168839290665;-0.317881408;0.009239999998995071;1.0513186156604305e-15;0.535414744801761;0.0;0.002353860001304922;0.15769847694479064;1.2731913192369066e-13;0.0;0.0;1.3273008139386422e-13;0.0;-0.3876439625214307
4522.0;41.384323883542734;-0.332671626;0.0;1.0278615762874248e-15;0.7140474369321475;0.0;0.0024656400013673314;0.16625137773802504;1.2202528786266578e-13;0.0;0.0;0.0;0.0;-0.5568443603993908
4523.0;0.001293388542679795;-0.343706194;0.0;0.0;0.7860672991597042;0.0;0.0013865111467788866;0.1130956572347178;0.0;0.0;0.0;0.0;0.0;-0.5568443604159956
4524.0;0.0012933885854350185;-0.346043298;0.0;0.0;0.7777866782054017;0.0;0.001578768235730899;0.12352112510915518;0.0;0.0;0.0;0.0;0.0;-0.5568443604159956
4525.0;0.001293388612418496;-0.34409639599999997;0.0;0.0;0.7683806376363375;0.0;0.0015989700635377245;0.13096006185098277;0.0;0.0;0.0;0.0;0.0;-0.5568443604159955
4526.0;0.0012933887509660885;-0.34282813;0.0;0.0;0.7508177034108627;0.0;0.0016142997197618623;0.1472394004191949;0.0;0.0;0.0;0.0;0.0;-0.5568443604159956
4527.0;0.0012933911501733445;-0.33881849;0.0;0.0;0.7310741545351306;0.0;0.002058180292839933;0.1625294287054357;0.0;0.0;0.0;0.0;0.0;-0.5568443604159955
4528.0;0.0012933897847834132;-0.33214078599999997;0.0;0.0;0.6304398639446829;0.0;0.002839454759984672;0.25570474077130795;0.0;0.0;0.0;0.0;0.0;-0.5568443604159955
4529.0;55.53723956915162;-0.32329443599999996;0.009239999998995075;1.0513187500765606e-15;0.4918912252290008;0.0;0.004114800000045669;0.27103311754774356;1.273191609681404e-13;0.0;0.0;1.3273009633499498e-13;0.0;-0.45379614204802354
4530.0;55.53853774694505;-0.31526167400000005;0.009239999998995142;1.0513210277590068e-15;0.3470446671542616;0.0;0.003966569999397607;0.28140264321135927;1.2731965312433222e-13;0.0;0.0;1.3273034951262076e-13;0.0;-0.32720458511598505
4531.0;55.539933187033306;-0.304102706;0.009239999998995215;1.0513234758787012e-15;0.19254324230251543;0.0;0.0038191500066695467;0.2886343653206674;1.2732018210343684e-13;0.0;0.0;1.3273062163518996e-13;0.0;-0.1909476702997442
4532.0;55.541102723951134;-0.290796476;0.009239999998995276;1.0513255235154991e-15;0.07607185141321775;0.0;0.004049189993925646;0.25390123850506396;1.2732062454413832e-13;0.0;0.0;1.3273084924161277e-13;0.0;-0.05328300494418041
4533.0;229.57861145992436;-0.28245811199999993;0.009239999999265544;1.4599699376089215e-15;0.019510137338943818;2.3688912007447868e-18;0.0038215799923268325;0.24874689831066496;1.7019766137830238e-13;0.0;2.291063968973822e-13;1.7565161839285537e-13;1.678161155298965e-14;-2.4517291253464376e-12
4534.0;152.64330548765014;-0.27909088400000004;0.009239999999259106;1.2460048894800074e-15;0.00747397364087129;0.0;0.003456269991351257;0.2655832524907509;1.5607970164745657e-13;0.0;1.2229498692476962e-13;1.538022606874741e-13;1.2806320555523553e-14;-4.146953873534288e-12
4535.0;58.75728335695435;-0.270794144;0.009239999999099534;1.0569447066456878e-15;0.0072617797669201475;0.0;0.003035070003034791;0.2648792025795544;1.2852178052781393e-13;0.0;0.0;1.3335498031466055e-13;0.0;-9.894552019913572e-11
4536.0;55.54175373930257;-0.25396615999999994;0.00923999999899531;1.0513266628706872e-15;0.006931698208423254;0.0;0.0030731400067412298;0.24992900731378795;1.2732087072748012e-13;0.0;0.0;1.327309758873331e-13;0.0;-0.01602613145356907
4537.0;454.32933077412184;-0.249506434;0.009239999999269454;3.598074747676697e-15;0.0062479588750731065;4.229122255003697e-18;0.0010448999995642315;0.1752041100336054;1.8521514753316437e-13;0.0;0.0572306015289623;3.2182662986330716e-13;2.2245312375494486e-13;-1.4103224928882503e-12
4538.0;455.1070896968452;-0.247460886;0.009239999999269463;3.6106122896006456e-15;0.0048686927582874155;4.235944256931076e-18;0.0011210399942722712;0.1739090072131691;1.8526224475122725e-13;0.0;0.05723060152896332;3.224154960919145e-13;2.3022606221956605e-13;-1.4076954051272846e-12
4539.0;477.261356065922;-0.245370858;0.009239999999269706;4.0105302353101076e-15;0.003843084417118805;4.440884819917617e-18;0.0011388600033084742;0.16307011441153735;1.8655931147344116e-13;0.0;0.05723060152898831;3.3995668310272907e-13;0.010625226573550762;-1.3364825447608244e-12
4540.0;477.26495465637635;-0.243519564;0.009239999999269706;4.010603188061258e-15;0.0038902381712772167;4.4409200943536425e-18;0.0010651500069444426;0.15857636435493114;1.8655951672489454e-13;0.0;0.05723060152898831;3.3995967482315047e-13;0.013255526267998472;-1.3364714458863879e-12
4541.0;631.6593011289344;-0.24600628000000002;0.009239999999270884;1.7552538802487874e-14;0.004621131259526204;6.685240226406418e-18;0.0010797299970094288;0.148624055694266;1.9348862604374394e-13;0.0;0.05723060152906453;4.971629343266629e-13;0.017092268350518292;-9.888559766932815e-13
4542.0;696.5474002713612;-0.256469936;0.00923999999927121;0.013635999999958355;0.019156479563452882;8.466442909280924e-18;0.0010675799925817058;0.1354644078428674;1.956188428528932e-13;0.0;0.05723060152907804;5.713278779019072e-13;0.01709226835052808;-8.91512089175269e-13
4543.0;317.6019924333009;-0.27350525000000003;0.00923999999926706;2.2304955936476686e-15;0.089440127474473;3.2918126759248263e-18;0.0008124300012543195;0.12173108939876703;1.744136669572335e-13;0.0;0.052445597331210694;2.3969921030436804e-13;3.195504586826007e-14;-2.107608788105759e-12
4544.0;64.31017210888302;-0.292710122;0.009239999999141796;1.3088817825354169e-15;0.23258912664176754;0.0;0.0007257600052265521;0.11770670647977308;1.2685133298340193e-13;0.0;0.0;1.5867121337104952e-13;0.0;-0.066281088147248
4545.0;64.30857962692787;-0.308984906;0.00923999999914178;1.3088782554014896e-15;0.4077206033623161;0.0;0.0006763499923025304;0.11282181687611319;1.2685083927178426e-13;0.0;0.0;1.5867085591921667e-13;0.0;-0.2202018170181686
4546.0;64.3073085190463;-0.31974269400000005;0.009239999999141768;1.3088754407041279e-15;0.5448220500799218;0.0;0.0006002100103024975;0.11771539684210014;1.268504452802794e-13;0.0;0.0;1.5867057066792114e-13;0.0;-0.35136108102373653
4547.0;64.30652738499322;-0.32917659400000004;0.009239999999141761;1.3088737110799179e-15;0.6290751893665395;0.0;0.00045440999529043505;0.12065328384949255;1.2685020317202028e-13;0.0;0.0;1.5867039538160265e-13;0.0;-0.42897127641247346
4548.0;64.30617067191682;-0.334600914;0.009239999999141758;1.3088729221506279e-15;0.6653722967969202;0.0;0.0003709800055503994;0.12878897241663273;1.268500927393871e-13;0.0;0.0;1.5867031542865108e-13;0.0;-0.4678953789727891
4549.0;64.30608814410806;-0.33536930600000003;0.009239999999141756;1.3088727411962356e-15;0.6697930229515695;0.0;0.0002794500001503604;0.14316549708973142;1.2685006740975698e-13;0.0;0.0;1.5867029709008275e-13;0.0;-0.4858317142692745
4550.0;64.30610392844183;-0.33435845200000003;0.009239999999141758;1.308872777946804e-15;0.663486121553714;0.0;0.0002511000025263486;0.1575854799433643;1.2685007255402107e-13;0.0;0.0;1.5867030081451516e-13;0.0;-0.4949264256586209
4551.0;64.30652925838534;-0.3297395940000001;0.009239999999141761;1.3088737211498725e-15;0.6129248048552082;0.0;0.00031022999611837385;0.17104934620407927;1.2685020458158304e-13;0.0;0.0;1.5867039640211088e-13;0.0;-0.4625066828456671
4552.0;64.30731028479399;-0.323066752;0.009239999999141768;1.3088754506272913e-15;0.5280940238311793;0.0;0.00032886000036638205;0.17007584729428257;1.2685044666928983e-13;0.0;0.0;1.5867057167356597e-13;0.0;-0.38339489642694846
4553.0;64.30851450164657;-0.31481444399999997;0.00923999999914178;1.3088781177812337e-15;0.39655679665471094;0.0;0.00031590000072637727;0.17068428570513017;1.2685082000825468e-13;0.0;0.0;1.586708419723053e-13;0.0;-0.2607068749647982
4554.0;64.30972450333715;-0.30658314;0.009239999999141792;1.3088807975871923e-15;0.2647248568649584;0.0;0.00032318999575838085;0.17026706870219654;1.26851195115454e-13;0.0;0.0;1.5867111355309705e-13;0.0;-0.13669780555956193
4555.0;125.05454628230702;-0.296464208;0.009239999999248918;1.4530230975005584e-15;0.132633565488507;0.0;0.0003086100057088359;0.16618184210199582;1.433544909607837e-13;0.0;1.286156565518331e-13;1.7296454910241039e-13;1.4488523294163572e-14;-7.61270074384565e-12
4556.0;534.9971851343481;-0.28747702799999997;0.009239999999270233;5.638208765098934e-15;0.04309913050588677;5.080752186660443e-18;0.00024543001065252713;0.16328741486756337;1.8953294882932394e-13;0.0;0.0572306015290295;3.921254246013115e-13;0.017092268350462996;-1.180967095701112e-12
4557.0;683.8846998915888;-0.28423314399999994;0.00923999999927115;0.013635999999879442;0.011694293370938877;8.050999797255273e-18;0.0002640600021933137;0.17644706271898022;1.9523153741307368e-13;0.0;0.05723060152907578;5.572022447100844e-13;0.017092268350526657;-9.089174454305706e-13
4558.0;677.4720854485405;-0.279106484;0.009239999999271121;0.0012922678118967702;0.008098769132660746;7.854100214949974e-18;0.000275399998701292;0.18167963050470987;1.950292968143524e-13;0.0;0.057230601529074575;5.499138573596854e-13;0.017092268350525863;-9.180567488702841e-13
4559.0;579.1786812588281;-0.27002037199999995;0.00923999999927056;8.176717540857628e-15;0.007827631416688647;5.7085208396328986e-18;0.00023571000456879587;0.1808104334573013;1.914779471321069e-13;0.0;0.057230601529048734;4.3802150266417977e-13;0.017092268350501292;-1.0845514813156232e-12
4560.0;477.2612563688317;-0.260303898;0.009239999999269706;4.01052818251243e-15;0.007815843968004452;4.440883827329439e-18;0.00021060000050007936;0.18177524200475884;1.865593056977824e-13;0.0;0.05723060152898831;3.399565989184385e-13;0.0038099565660082045;-1.3364828570775472e-12
4561.0;0.0002101480482947071;-0.292538892;0.0;0.0;0.0019346518487368494;0.0;0.008913660001952909;0.43902591358431176;0.0;0.0;0.0;0.0;0.0;-0.15733395079308837
4562.0;0.00021014159312297503;-0.289753456;0.0;0.0;0.0007354525546295322;0.0;0.008798886695983657;0.43081205295014374;0.0;0.0;0.0;0.0;0.0;-0.15059155381417433
4563.0;0.00021006954903842736;-0.28723073600000004;0.0;0.0;0.00012128034908546532;0.0;0.008298661223754574;0.429728061929096;0.0;0.0;0.0;0.0;0.0;-0.15091589628171148
4564.0;0.00021005066886907177;-0.28678692;0.0;0.0;0.00011044483988097507;0.0;0.007752692594219783;0.4243321618820128;0.0;0.0;0.0;0.0;0.0;-0.14540701440531012
4565.0;0.00021007043984362254;-0.294372254;0.0;0.0;0.00012182952122977649;0.0;0.006972532410380006;0.4206609721786636;0.0;0.0;0.0;0.0;0.0;-0.1333817086635479
4566.0;0.00021014427120549055;-0.311729906;0.0;0.0;0.0009583749465612986;0.0;0.005518991876782489;0.4138415469046632;0.0;0.0;0.0;0.0;0.0;-0.10858762526601329
4567.0;0.0002101488370931845;-0.328075586;0.0;0.0;0.013251843842734552;0.0;0.005457049621392816;0.4015298282471357;0.0;0.0;0.0;0.0;0.0;-0.09216175299774745
4568.0;0.000210141446617555;-0.340567042;0.0;0.0;0.09483554206154036;0.0;0.006197288516946295;0.39468863557575334;0.0;0.0;0.0;0.0;0.0;-0.15515304171911692
4569.0;0.00021013831495925923;-0.35268852400000006;0.0;0.0;0.28001144321130916;0.0;0.006314523516270494;0.369686554438098;0.0;0.0;0.0;0.0;0.0;-0.3033226148113476
4570.0;0.00021013655891402144;-0.36302469;0.0;0.0;0.4804375221629951;0.0;0.006513543416695168;0.365386668518676;0.0;0.0;0.0;0.0;0.0;-0.4893116617640027
4571.0;0.0002101344495326847;-0.371075582;0.0;0.0;0.6071058090742532;0.0;0.00617351707158681;0.28080779151721913;0.0;0.0;0.0;0.0;0.0;-0.5230101532986665
4572.0;0.00021013141823777328;-0.375466326;0.0;0.0;0.62943922273777;0.0;0.0060565779900222895;0.27877466706759185;0.0;0.0;0.0;0.0;0.0;-0.5388027594111083
4573.0;0.00021013247716150608;-0.37179199999999996;0.0;0.0;0.6180651139933214;0.0;0.007485817170738951;0.2797069508556773;0.0;0.0;0.0;0.0;0.0;-0.5334644996507214
4574.0;0.0002101329497844743;-0.371959844;0.0;0.0;0.6043325425488316;0.0;0.008252945320268969;0.28996257718394997;0.0;0.0;0.0;0.0;0.0;-0.5305868386868351
4575.0;0.00021013541250726635;-0.367401578;0.0;0.0;0.5685715215186625;0.0;0.00851351002795253;0.29816177614925365;0.0;0.0;0.0;0.0;0.0;-0.5078438473309664
4576.0;0.00021013886144753994;-0.35873169;0.0;0.0;0.44999292822782777;0.0;0.008566659944679839;0.35400268199518686;0.0;0.0;0.0;0.0;0.0;-0.4538291978634716
4577.0;0.00021013947930169504;-0.34792692999999997;0.0;0.0;0.2785071909500429;0.0;0.00841096467606437;0.3299226061417598;0.0;0.0;0.0;0.0;0.0;-0.2689124494511204
4578.0;0.00021014296579211465;-0.33545591399999997;0.0;0.0;0.11388890236679369;0.0;0.009064783996622104;0.30335792236143316;0.0;0.0;0.0;0.0;0.0;-0.09085431240556134
4579.0;0.00021016657657243524;-0.33434048;0.0;0.0;0.024291285577422873;0.0;0.009319663992494684;0.3055526280732565;0.0;0.0;0.0;0.0;0.0;-0.004821715280991286
4580.0;0.00021015762860701894;-0.33357263;0.0;0.0;0.005743208949398509;0.0;0.009510509819038369;0.33006261357887134;0.0;0.0;0.0;0.0;0.0;-0.01174231969628486
4581.0;0.00021015154070360448;-0.326718032;0.0;0.0;0.0036507475442875826;0.0;0.009508020808232038;0.3513737458847652;0.0;0.0;0.0;0.0;0.0;-0.037813099556401726
4582.0;0.0002101503982323366;-0.315809776;0.0;0.0;0.002991171706477005;0.0;0.009200142437876618;0.360430808829688;0.0;0.0;0.0;0.0;0.0;-0.056810964300706195
4583.0;0.00021014875523651475;-0.30558952399999995;0.0;0.0;0.0018222537266180078;0.0;0.009374937427362118;0.3720518359533399;0.0;0.0;0.0;0.0;0.0;-0.0776581204873061
4584.0;0.00021014205019333318;-0.29619688600000005;0.0;0.0;0.000726372743283489;0.0;0.009122829371622527;0.3794764882292852;0.0;0.0;0.0;0.0;0.0;-0.09312742197145564
4585.0;0.00020996603298896528;-0.27640219800000004;0.0;0.0;7.21773719673831e-5;0.0;0.004164308307288403;0.36443848019841873;0.0;0.0;0.0;0.0;0.0;-0.0922715526313601
4586.0;0.0002101641418428449;-0.211424724;0.0;0.0;7.431141157484341e-5;0.0;0.003598142542687359;0.3273957504339003;0.0;0.0;0.0;0.0;0.0;-0.119642282327158
4587.0;0.00020996570501264015;-0.21116509199999997;0.0;0.0;7.217729062401171e-5;0.0;0.004122127318968942;0.3272804412664948;0.0;0.0;0.0;0.0;0.0;-0.1203084386227048
4588.0;0.00020996606041374076;-0.264739738;0.0;0.0;7.217730782679458e-5;0.0;0.0035460967411686762;0.34625327168254305;0.0;0.0;0.0;0.0;0.0;-0.08513059250660716
4589.0;0.00020996614264660478;-0.26309151999999997;0.0;0.0;7.217733303030171e-5;0.0;0.0035983990002963406;0.3407830339149238;0.0;0.0;0.0;0.0;0.0;-0.08136087502340267
4590.0;0.00021015260108041023;-0.264553422;0.0;0.0;7.477188253529844e-5;0.0;0.0034676215023653196;0.3409127455584254;0.0;0.0;0.0;0.0;0.0;-0.07990052424700111
4591.0;0.0002104261260594681;-0.269065202;0.0;0.0;0.0007418167798080001;0.0;0.0041672792441021815;0.3496043679452449;0.0;0.0;0.0;0.0;0.0;-0.08544698574736677
4592.0;0.00021043606627283627;-0.276084698;0.0;0.0;0.01623685016295463;0.0;0.004699702221784485;0.35626035838449055;0.0;0.0;0.0;0.0;0.0;-0.10111093598200213
4593.0;0.00021042577554201104;-0.287288404;0.0;0.0;0.11026194126095663;0.0;0.005415299011617277;0.3610413991864405;0.0;0.0;0.0;0.0;0.0;-0.18942895908395255
4594.0;0.00021042222452314756;-0.301763676;0.0;0.0;0.24979297540257947;0.0;0.005932078558700765;0.37050931019580546;0.0;0.0;0.0;0.0;0.0;-0.32446941186677175
4595.0;0.00021042037520005406;-0.31129397999999997;0.0;0.0;0.37483675668469435;0.0;0.00596636730365137;0.37376743808759094;0.0;0.0;0.0;0.0;0.0;-0.44327530581630126
4596.0;0.00021041916947066284;-0.316707748;0.0;0.0;0.4416135121153895;0.0;0.006293753158189353;0.35624958137029333;0.0;0.0;0.0;0.0;0.0;-0.48744782237698275
4597.0;0.00021041894007953492;-0.321966352;0.0;0.0;0.45726770557789437;0.0;0.006490754687478801;0.3495343530783239;0.0;0.0;0.0;0.0;0.0;-0.4913251850732393
4598.0;0.00021041960654379882;-0.32039859200000004;0.0;0.0;0.40473170855892165;0.0;0.007602298772814229;0.3904352780435027;0.0;0.0;0.0;0.0;0.0;-0.4823694170861179
4599.0;0.00021042107013883004;-0.31520884999999993;0.0;0.0;0.31301867840451386;0.0;0.008044931984215726;0.42905229046292487;0.0;0.0;0.0;0.0;0.0;-0.4349057745494785
4600.0;0.0002104232423752019;-0.306743234;0.0;0.0;0.18343584159030651;0.0;0.007755656825230996;0.4227032707171053;0.0;0.0;0.0;0.0;0.0;-0.3071502588109377
4601.0;0.00021042982495366887;-0.31015556600000005;0.0;0.0;0.054970965081039075;0.0;0.008202086460674538;0.45591236278160296;0.0;0.0;0.0;0.0;0.0;-0.20892857175908908
4602.0;0.00021043678689609455;-0.32554840199999996;0.0;0.0;0.008868292141738038;0.0;0.008508934088968542;0.4943881436404767;0.0;0.0;0.0;0.0;0.0;-0.18621569099377547
4603.0;0.0002101473350503199;-0.326880364;0.0;0.0;7.958218857728279e-5;0.0;0.008616736813040522;0.5305890010904981;0.0;0.0;0.0;0.0;0.0;-0.21240380244076545
4604.0;0.0002101498957231196;-0.32417887999999995;0.0;0.0;7.521056792504572e-5;0.0;0.00836007558892885;0.529443218212286;0.0;0.0;0.0;0.0;0.0;-0.21369843651876774
4605.0;0.00021016398121336392;-0.318422776;0.0;0.0;7.43116157180378e-5;0.0;0.008419670582881974;0.5276080226399374;0.0;0.0;0.0;0.0;0.0;-0.21767803069405486
4606.0;0.00020993636066198666;-0.311260212;0.0;0.0;7.271939912216023e-5;0.0;0.008179886545522243;0.5243930448511741;0.0;0.0;0.0;0.0;0.0;-0.22138422933330953
4607.0;0.00020993639296945307;-0.305737794;0.0;0.0;7.271940969928821e-5;0.0;0.008349332352864709;0.5122937877898961;0.0;0.0;0.0;0.0;0.0;-0.2149768360894454
4608.0;0.00020992433212535755;-0.298662692;0.0;0.0;7.323834243098985e-5;0.0;0.008429992581901101;0.5047585576758483;0.0;0.0;0.0;0.0;0.0;-0.21459788903443044
4609.0;3.88688474898878e-6;-0.36448445000000007;0.0;0.0;0.00016550235587191927;0.0;0.00907364373968618;0.5802175877438747;0.0;0.0;0.0;0.0;0.0;-0.22497224159803397
4610.0;3.885698669435449e-6;-0.36126056;0.0;0.0;0.00015421923289065582;0.0;0.008933472361989063;0.5810720547671994;0.0;0.0;0.0;0.0;0.0;-0.22889914861496974
4611.0;3.885625825084449e-6;-0.3588064550000001;0.0;0.0;0.00015421900595257256;0.0;0.008983232023520853;0.5801613643762075;0.0;0.0;0.0;0.0;0.0;-0.2304923226614748
4612.0;3.887012696287594e-6;-0.3554478900000001;0.0;0.0;0.00016550220450042524;0.0;0.0086302138679747;0.5744599155102078;0.0;0.0;0.0;0.0;0.0;-0.22780769932217015
4613.0;3.887077123142619e-6;-0.35693284000000003;0.0;0.0;0.000165501869301298;0.0;0.008313711952822093;0.5803009570895292;0.0;0.0;0.0;0.0;0.0;-0.23184728863460666
4614.0;3.886486142320566e-6;-0.3629626;0.0;0.0;0.0001655007119891434;0.0;0.009013102821151147;0.5910022581527042;0.0;0.0;0.0;0.0;0.0;-0.23721821944944518
4615.0;3.900186809182861e-6;-0.378921675;0.0;0.0;0.0002228056490464229;0.0;0.008651140653654792;0.6027366429705832;0.0;0.0;0.0;0.0;0.0;-0.2326888534472385
4616.0;4.4932205484829793e-7;-0.39983802;0.0;0.0;0.0062359481449381;0.0;0.008810009595123604;0.6072372704873418;0.0;0.0;0.0;0.0;0.0;-0.2224452049130795
4617.0;1.5982374539858903e-7;-0.4096793000000001;0.0;0.0;0.034540579131362825;0.0;0.007126525142371162;0.5844326221948145;0.0;0.0;0.0;0.0;0.0;-0.21642042056199154
4618.0;9.483799574398847e-7;-0.416342855;0.0;0.0;0.09769884565513816;0.0;0.00721423387962555;0.574837728200259;0.0;0.0;0.0;0.0;0.0;-0.26340783792147116
4619.0;6.766790242104616e-8;-0.42351447499999995;0.0;0.0;0.1840912112789994;0.0;0.007249118202807578;0.5701316252174016;0.0;0.0;0.0;0.0;0.0;-0.33795747443713176
4620.0;6.574985012051613e-8;-0.428686095;0.0;0.0;0.24296398688690118;0.0;0.007325349492159599;0.5862056144313275;0.0;0.0;0.0;0.0;0.0;-0.4078088507838071
4621.0;6.518782693902021e-8;-0.42899917;0.0;0.0;0.24298252844192433;0.0;0.007377500602119843;0.586313298393007;0.0;0.0;0.0;0.0;0.0;-0.4076741523576444
4622.0;1.0734851939701881e-7;-0.425389825;0.0;0.0;0.2333584359979735;0.0;0.00751846265092569;0.5902658860768979;0.0;0.0;0.0;0.0;0.0;-0.4057529486717675
4623.0;7.039711467759546e-8;-0.4215817650000001;0.0;0.0;0.1740845638621059;0.0;0.007259054323582409;0.570882993365794;0.0;0.0;0.0;0.0;0.0;-0.3306448412187254
4624.0;9.489512919245904e-7;-0.41504143000000004;0.0;0.0;0.09857774075348462;0.0;0.007425999104590458;0.5637945038879294;0.0;0.0;0.0;0.0;0.0;-0.2547567008737164
4625.0;1.5393880352658811e-7;-0.41228086500000005;0.0;0.0;0.036264016963630054;0.0;0.007213740750687903;0.564804747805297;0.0;0.0;0.0;0.0;0.0;-0.19600163474083543
4626.0;5.206520950030528e-7;-0.41483895500000006;0.0;0.0;0.00863828051049489;0.0;0.007154532747645068;0.5751251204625422;0.0;0.0;0.0;0.0;0.0;-0.17607897419695742
4627.0;4.6621476397670725e-6;-0.41577384000000006;0.0;0.0;0.0006676456118237125;0.0;0.006690401634592809;0.5797263974887056;0.0;0.0;0.0;0.0;0.0;-0.17131047140541067
4628.0;3.905878354385494e-6;-0.409997565;0.0;0.0;0.0002112729752651628;0.0;0.005068699270965842;0.5679447897678112;0.0;0.0;0.0;0.0;0.0;-0.16322713880606504
4629.0;3.902246775905754e-6;-0.399844825;0.0;0.0;0.000188294004213492;0.0;0.004847032417952652;0.5565683433067495;0.0;0.0;0.0;0.0;0.0;-0.16175879367633147
4630.0;3.901833889110897e-6;-0.38720974;0.0;0.0;0.00018829187765085606;0.0;0.00475009430200279;0.5539077546631207;0.0;0.0;0.0;0.0;0.0;-0.17163634978280143
4631.0;3.900654747012239e-6;-0.37725659500000003;0.0;0.0;0.00018828981393806475;0.0;0.005341317522022098;0.5480670465981067;0.0;0.0;0.0;0.0;0.0;-0.17634000798735192
4632.0;3.899836317857096e-6;-0.36823710000000004;0.0;0.0;0.00018828792872653956;0.0;0.005688917966751629;0.5451575689974154;0.0;0.0;0.0;0.0;0.0;-0.18279762400573762
4633.0;51.581452849867375;-0.3261639250000001;0.009239999998168337;1.0745517300264566e-15;0.00020551786793117154;0.0;0.006204599999176582;0.4297266193198685;1.4067981372480196e-13;0.0;0.0;1.3680720004335357e-13;0.0;-0.11885466688168048
4634.0;51.58144366699719;-0.32134139000000006;0.009239999998168338;1.0745517342358941e-15;0.0002055178679311716;0.0;0.007389629996441139;0.4407541585268992;1.4067981483224533e-13;0.0;0.0;1.3680720051968036e-13;0.0;-0.13588783310818217
4635.0;51.58143046460877;-0.3221794750000001;0.00923999999816834;1.074551740021968e-15;0.00021760588046803984;0.0;0.008163989993993509;0.4564670651564232;1.4067981635448738e-13;0.0;0.0;1.368072011744455e-13;0.0;-0.15154634217779966
4636.0;51.5814175134913;-0.3237062950000001;0.009239999998168344;1.0745517456016632e-15;0.00020551786793117173;0.0;0.008693730001517755;0.471841485873354;1.4067981782244479e-13;0.0;0.0;1.3680720180584281e-13;0.0;-0.16590889791079333
4637.0;51.581410823053375;-0.32673434500000004;0.009239999998168344;1.0745517484336738e-15;0.00019342714841579344;0.0;0.009156239999789973;0.4797602910403686;1.406798185674989e-13;0.0;0.0;1.3680720212629775e-13;0.0;-0.17124868450263617
4638.0;51.58139268123532;-0.33506178500000006;0.009239999998168347;1.0745517561287532e-15;0.00019342714841579355;0.0;0.009438120011022106;0.5012274696059726;1.4067982059197846e-13;0.0;0.0;1.3680720299706044e-13;0.0;-0.18466653615733253
4639.0;51.581369171089094;-0.35454124000000004;0.009239999998168352;1.0745517661076417e-15;0.0002901407231355245;0.0;0.009457559997774114;0.5290100990157813;1.4067982321727882e-13;0.0;0.0;1.3680720412626538e-13;0.0;-0.1930809758924522
4640.0;51.581355128970834;-0.3780791600000001;0.009239999998168357;1.0745517792133224e-15;0.0053676027191767285;0.0;0.009501300006090136;0.5471814871687549;1.4067982666520688e-13;0.0;0.0;1.3680720560929682e-13;0.0;-0.19283170516003914
4641.0;51.58135334899672;-0.3905255800000001;0.009239999998168373;1.0745518139876616e-15;0.028893177401144877;0.0;0.009497249991906131;0.5569530638578708;1.4067983581386802e-13;0.0;0.0;1.368072095442984e-13;0.0;-0.21367317789973714
4642.0;51.58137103673433;-0.3971341750000001;0.009239999998168406;1.0745518866982587e-15;0.0842858729230302;0.0;0.009523170003894152;0.5541293705863541;1.406798549430634e-13;0.0;0.0;1.3680721777216055e-13;0.0;-0.2596517728000045
4643.0;51.58139337725341;-0.40123894500000007;0.009239999998168451;1.0745519846891215e-15;0.15848935669766917;0.0;0.009515070000942146;0.5519559314631176;1.4067988072311654e-13;0.0;0.0;1.3680722886067175e-13;0.0;-0.32755830675385095
4644.0;51.58140570367895;-0.4059322250000001;0.009239999998168488;1.0745520684054894e-15;0.2197936669365056;0.0;0.009349019991258062;0.5574964228228232;1.4067990274777465e-13;0.0;0.0;1.3680723833393187e-13;0.0;-0.3895336985783429
4645.0;51.58141097459481;-0.40535502;0.009239999998168512;1.0745521227403226e-15;0.2585032714959822;0.0;0.00928260000263403;0.5641770805199539;1.4067991704251753e-13;0.0;0.0;1.368072444823912e-13;0.0;-0.43542781891675153
4646.0;51.581403602290614;-0.40120751500000007;0.009239999998168508;1.074552114863414e-15;0.25085081108058666;0.0;0.008988569999681891;0.5704390829566375;1.406799149702031e-13;0.0;0.0;1.368072435910524e-13;0.0;-0.4378908730628529
4647.0;51.5813906779456;-0.39651115500000006;0.009239999998168486;1.0745520623443744e-15;0.2110773571991931;0.0;0.008474220002849649;0.5725234484714313;1.4067990115316773e-13;0.0;0.0;1.3680723764804404e-13;0.0;-0.40438934058681963
4648.0;51.5813864103844;-0.3891777900000001;0.009239999998168444;1.0745519706064523e-15;0.14665403383727296;0.0;0.008461260003209644;0.5563829790574447;1.4067987701817054e-13;0.0;0.0;1.368072272671083e-13;0.0;-0.3311583566971011
4649.0;51.58137391698045;-0.3843057650000001;0.0092399999981684;1.0745518734127556e-15;0.07588388128843983;0.0;0.008819279996441814;0.548027705213665;1.4067985144782353e-13;0.0;0.0;1.3680721626881148e-13;0.0;-0.25727495350827895
4650.0;51.58137218040757;-0.38277823000000005;0.009239999998168366;1.0745517986092538e-15;0.02379153667305143;0.0;0.008852490003461829;0.5330006779333433;1.4067983176801566e-13;0.0;0.0;1.3680720780409133e-13;0.0;-0.19172670207997008
4651.0;51.58135964240335;-0.38376035500000005;0.009239999998168356;1.074551773449829e-15;0.002792604299822385;0.0;0.008899469992625853;0.5409372997801025;1.406798251489067e-13;0.0;0.0;1.3680720495709075e-13;0.0;-0.17773097363347293
4652.0;51.58135648947325;-0.380314025;0.009239999998168354;1.0745517717719912e-15;0.0006769950220144456;0.0;0.008676720000401745;0.5440014945683271;1.4067982470749998e-13;0.0;0.0;1.368072047672528e-13;0.0;-0.18190291525985527
4653.0;51.58134523009651;-0.37197172;0.009239999998168357;1.0745517762553465e-15;0.0003747662853183869;0.0;0.00812753999341749;0.5573004572944797;1.406798258870029e-13;0.0;0.0;1.3680720527454716e-13;0.0;-0.2026904841626499
4654.0;51.58133059609686;-0.36052718000000006;0.00923999999816836;1.0745517825074793e-15;0.00030222873567239283;0.0;0.007290000000797092;0.5746701666543347;1.4067982753186577e-13;0.0;0.0;1.3680720598204508e-13;0.0;-0.23059161742876247
4655.0;51.5813353795149;-0.349833555;0.00923999999816836;1.0745517804249875e-15;0.0002055178679311722;0.0;0.006070950001300518;0.5690227833747281;1.406798269839925e-13;0.0;0.0;1.36807205746402e-13;0.0;-0.23432310280583749
4656.0;51.581335045764604;-0.33962969500000006;0.00923999999816836;1.0745517806745957e-15;0.00021760588046804036;0.0;0.005103809999572062;0.5694681612072225;1.4067982704966088e-13;0.0;0.0;1.3680720577462954e-13;0.0;-0.24401720785589273
4657.0;172.90310270145622;-0.31155662;0.009239999999252341;2.178292212526046e-15;0.006600700458994167;0.0;0.005369490004917407;0.289263566355832;1.6126414032368647e-13;0.0;2.2645309862012913e-13;2.36409014583794e-13;2.3142573346827153e-14;-6.792573944214923e-12
4658.0;140.59899676085604;-0.30516549500000006;0.009239999999243832;2.0614438710676e-15;0.0051499981915701714;0.0;0.005635169997533597;0.28377652014015253;1.547007168371888e-13;0.0;1.9013893451366052e-13;2.271443080789614e-13;2.114044625116042e-14;-9.15343268224883e-12
4659.0;213.09151303166433;-0.303167015;0.009239999999258218;2.3434413876249163e-15;0.003916900452479457;3.8950923401858725e-18;0.005554980001356724;0.27905552099000636;1.6856641058867308e-13;0.0;2.969690493813173e-13;2.4892289105028803e-13;2.6231211414043398e-14;-5.174835189308994e-12
4660.0;300.1208582413395;-0.302752945;0.009239999999264474;2.803885268645028e-15;0.002599177151112451;4.365583222840462e-18;0.005687820004024816;0.27386242469869243;1.814214290148893e-13;0.0;9.122738297405898e-13;2.8045802862237887e-13;3.6897325607892573e-14;-3.437275501259354e-12
4661.0;303.3778769997456;-0.3046105050000001;0.009239999999264625;2.8246936337070245e-15;0.0011122054322412931;4.3854305831891815e-18;0.005587380000460873;0.2781825836365474;1.818341325433082e-13;0.0;9.891103407291388e-13;2.817738508510389e-13;3.746853906284488e-14;-3.394876422335852e-12
4662.0;342.0467593457907;-0.312629745;0.00923999999926616;3.0976338452349984e-15;0.0009550477344024016;4.6355580133761065e-18;0.005425379992253904;0.2806321576360003;1.8640718329076413e-13;0.0;0.016580849016474917;2.982261892690944e-13;4.59064953820588e-14;-2.9620411575445003e-12
4663.0;342.04676442841634;-0.3298577650000001;0.00923999999926616;3.0976339287380836e-15;0.014108092542796439;4.6355580871093575e-18;0.005217210002801804;0.27886846298576845;1.8640718448688466e-13;0.0;0.0226293321364386;2.9822619408044215e-13;4.59064982662308e-14;-2.9620410523755165e-12
4664.0;59.15774366646825;-0.34988382500000004;0.009239999998956036;1.815902667592314e-15;0.09710042089618158;0.0;0.005070599992536334;0.27545687476022424;1.35620240425795e-13;0.0;0.0;2.0651756743663734e-13;0.0;-0.03693738982839111
4665.0;59.15781179927224;-0.36836098500000003;0.009239999998956042;1.8159031212988354e-15;0.29222003826764287;0.0;0.004787100003588202;0.2647232838457087;1.356202835252769e-13;0.0;0.0;2.065176070404941e-13;0.0;-0.2025355463580214
4666.0;59.15788933606197;-0.37980086;0.009239999998956049;1.8159035799787902e-15;0.49938049636845505;0.0;0.004587839999592106;0.24138552034168542;1.3562032709719186e-13;0.0;0.0;2.0651764707838805e-13;0.0;-0.3746924174802922
4667.0;59.1579450895451;-0.38396695000000003;0.009239999998956054;1.815903990270825e-15;0.6616900372383434;0.0;0.004395870003336015;0.2439508937850357;1.3562036607249814e-13;0.0;0.0;2.0651768289256854e-13;0.0;-0.5351845856687791
4668.0;-1.4818157229269124e-5;-0.38771528000000005;0.0;0.0;0.7524071635975136;0.0;0.000153743024257526;0.19026402503699574;0.0;0.0;0.0;0.0;0.0;-0.5551094282535673
4669.0;-1.4836447082368077e-5;-0.39120277000000003;0.0;0.0;0.7659002132705784;0.0;0.000150887825804756;0.18026132040056192;0.0;0.0;0.0;0.0;0.0;-0.5551094282535673
4670.0;-1.4837051096101375e-5;-0.39002271000000005;0.0;0.0;0.7516035277873658;0.0;0.00015121897688984246;0.193377614452676;0.0;0.0;0.0;0.0;0.0;-0.5551094282535673
4671.0;-1.4826391957893412e-5;-0.38305257000000004;0.0;0.0;0.7294640711528597;0.0;0.0001527325196081707;0.20854541754946118;0.0;0.0;0.0;0.0;0.0;-0.5551094282535673
4672.0;4.2015062440741575;-0.37355013500000006;0.0;0.0;0.6256400566408468;0.0;0.004706909994039479;0.2962381739653537;0.0;0.0;0.0;0.0;0.0;-0.5551094282528259
4673.0;59.15783533780371;-0.3624893150000001;0.009239999998956047;1.815903477436768e-15;0.44196890649697096;0.0;0.004419359991564028;0.28662693435150494;1.356203173562916e-13;0.0;0.0;2.0651763812757004e-13;0.0;-0.3796658936257917
4674.0;59.15779376310066;-0.354721595;0.00923999999895604;1.81590298198552e-15;0.23101244025003687;0.0;0.00428165999221196;0.26577437331126447;1.3562027029133165e-13;0.0;0.0;2.0651759487987928e-13;0.0;-0.15552190009962383
4675.0;342.0468032638053;-0.350245085;0.00923999999926616;3.0976342264707994e-15;0.06698623376847951;4.6355583500130314e-18;0.004568400000173499;0.25008819088621137;1.8640718875168058e-13;0.0;0.019570395188914437;2.9822621123570277e-13;4.590650854982419e-14;-2.9620406773934517e-12
4676.0;514.0058854404214;-0.3530435350000001;0.009239999999269879;5.4254161419426335e-15;0.013443185532381519;6.201965589901925e-18;0.004619430003524418;0.25349087158707906;2.0114214088055359e-13;0.0;0.057230601528923265;3.9307012717148374e-13;0.015005915008588085;-1.8956714815516236e-12
4677.0;514.0084807455228;-0.3486174;0.009239999999269879;5.425472054175196e-15;0.006806218328287769;6.201994236558183e-18;0.0038369699903120485;0.2606525372127666;2.011422960191939e-13;0.0;0.05723060152892327;3.930716990868934e-13;0.010759403956332833;-1.8956621503684634e-12
4678.0;442.9044037013322;-0.34015068000000004;0.009239999999268736;4.139216438104731e-15;0.007072180320367146;5.4427289369529815e-18;0.0033696000080589033;0.26243404527930025;1.9595808502827115e-13;0.0;0.0572306015287662;3.4916061406376763e-13;1.110125376677757e-13;-2.2264329927168338e-12
4679.0;342.04677564314943;-0.33002194500000004;0.00923999999926616;3.0976338597669522e-15;0.007072180320308389;4.635558026208507e-18;0.0029305800107207254;0.2638859749572381;1.8640718349892405e-13;0.0;0.04709487116203308;2.982261901063563e-13;4.590649588398295e-14;-2.9620411392416817e-12
4680.0;342.04677345751776;-0.3196141850000001;0.00923999999926616;3.0976338588019923e-15;0.006915019915458042;4.635558025354959e-18;0.0023230799926484383;0.265925802851954;1.8640718348510139e-13;0.0;0.035412276977276606;2.982261900508318e-13;4.590649585066308e-14;-2.9620411404572236e-12
4681.0;57.08914285894858;-0.23131776500000006;0.009239999999017243;1.1327851326984085e-15;0.005077461995073814;0.0;0.0028228499993928724;0.24668550855327134;1.420790651504229e-13;0.0;0.0;1.430089097620245e-13;0.0;-0.033383207723498454
4682.0;57.089151608482176;-0.228141395;0.009239999999017243;1.1327851161576487e-15;0.002828871044467776;0.0;0.003043169993272976;0.23117747497610652;1.4207906127486489e-13;0.0;0.0;1.4300890792570938e-13;0.0;-0.019026408033340093
4683.0;75.19157597779753;-0.22536354000000003;0.009239999999203491;1.1635792066070233e-15;0.001571594573344642;0.0;0.0029783700077887763;0.21914338555544577;1.488993948907111e-13;0.0;8.982567084158894e-14;1.4641420816822637e-13;0.0;-2.2509278247969275e-11
4684.0;211.56491127912693;-0.22267238500000006;0.009239999999264843;1.4621484739475237e-15;0.0005802814480573445;2.4953889891824126e-18;0.00319625999063275;0.20738542774769367;1.8529093116448076e-13;0.0;1.8366113375606998e-13;1.7804101725102584e-13;1.633071206761052e-14;-3.238142961238834e-12
4685.0;57.08977025792057;-0.223193105;0.009239999999017307;1.1327880356317178e-15;0.00048356787263129146;0.0;0.0034514099946411705;0.21622170951962302;1.4207974531303127e-13;0.0;0.0;1.430092320376399e-13;0.0;-0.006893828693934467
4686.0;57.08916685920609;-0.22491743500000003;0.009239999999017243;1.1327851192249671e-15;0.012705745031906366;0.0;0.003499199991725192;0.21381667314026712;1.420790619935419e-13;0.0;0.0;1.4300890826622345e-13;0.0;-0.015224095248393046
4687.0;57.08919114701501;-0.230361645;0.009239999999017244;1.1327852051714259e-15;0.0631297801450071;0.0;0.0033614999923731264;0.21089499873629228;1.4207908213106394e-13;0.0;0.0;1.4300891780777766e-13;0.0;-0.057137400575224644
4688.0;57.08923369587027;-0.24319770500000001;0.009239999999017248;1.1327853892936311e-15;0.19287102777337717;0.0;0.0032100299981690553;0.20472207153976474;1.4207912527143478e-13;0.0;0.0;1.4300893824852212e-13;0.0;-0.16769997080748697
4689.0;57.089278714225976;-0.25952732000000006;0.009239999999017253;1.1327856258814984e-15;0.3596656611784513;0.0;0.003019680005044966;0.20607601845356488;1.4207918070461102e-13;0.0;0.0;1.4300896451388472e-13;0.0;-0.3193035715346508
4690.0;57.08931582857467;-0.273242025;0.009239999999017258;1.1327858245659245e-15;0.4989815540575639;0.0;0.0027677699945688476;0.20819601406442115;1.420792272568812e-13;0.0;0.0;1.4300898657127614e-13;0.0;-0.4467517703502913
4691.0;57.08932875267606;-0.28247368000000006;0.00923999999901726;1.132785927645609e-15;0.5661007681456103;0.0;0.0030148200083569628;0.21755784138539191;1.4207925140871262e-13;0.0;0.0;1.4300899801488047e-13;0.0;-0.5142365446507364
4692.0;57.08925363104504;-0.287126855;0.009239999999017258;1.1327858374596478e-15;0.593434438986237;0.0;0.0030391200045049756;0.22907529604499496;1.4207923027791076e-13;0.0;0.0;1.4300898800268634e-13;0.0;-0.5484529946250739
4693.0;-1.4702981457414552e-5;-0.28755033500000005;0.0;0.0;0.6003129541231342;0.0;0.0001379933085106199;0.2422090422214015;0.0;0.0;0.0;0.0;0.0;-0.555109428256282
4694.0;-1.4700650183185355e-5;-0.28612763500000005;0.0;0.0;0.5983588896862457;0.0;0.0001390365124647227;0.24273936371360944;0.0;0.0;0.0;0.0;0.0;-0.555109428256282
4695.0;-1.4706905528296757e-5;-0.283489125;0.0;0.0;0.5668357576588643;0.0;0.00013712718404775343;0.27162589467780024;0.0;0.0;0.0;0.0;0.0;-0.555109428256282
4696.0;50.73160764754424;-0.279714335;0.009239999996760083;1.122382909891542e-15;0.5099585427578982;0.0;0.0031986900016569833;0.31198670907073145;1.395967829854178e-13;0.0;0.0;1.418525578934846e-13;0.0;-0.5551094282029648
4697.0;57.089195149122204;-0.27420277000000004;0.009239999999017257;1.1327857210710088e-15;0.39627174717963526;0.0;0.003384990006017138;0.31750047949017357;1.420792030077608e-13;0.0;0.0;1.4300897508153063e-13;0.0;-0.45299897859374366
4698.0;57.08914563150231;-0.27111000500000004;0.009239999999017251;1.1327855401717737e-15;0.26501934774684943;0.0;0.0032375700005810694;0.3325898578068912;1.4207916062259446e-13;0.0;0.0;1.4300895499856764e-13;0.0;-0.33979816152313236
4699.0;57.089109973639346;-0.26370335500000003;0.009239999999017248;1.132785344426858e-15;0.1274684792982336;0.0;0.002766959999356847;0.32974835111905676;1.4207911475901024e-13;0.0;0.0;1.4300893326752482e-13;0.0;-0.20636275770236778
4700.0;57.08909041552679;-0.262873755;0.009239999999017244;1.132785207316345e-15;0.03339035930241323;0.0;0.003167099997773035;0.3215801352796051;1.4207908263362427e-13;0.0;0.0;1.4300891804590228e-13;0.0;-0.10536157937858952
4701.0;57.089084421633224;-0.261543755;0.009239999999017244;1.1327851741639921e-15;0.010650582584229044;0.0;0.0027872100067368555;0.320822992474851;1.4207907486592763e-13;0.0;0.0;1.4300891436541385e-13;0.0;-0.0828182879641527
4702.0;57.08908548298512;-0.25966643500000003;0.009239999999017243;1.1327851696240408e-15;0.008099761543437695;0.0;0.0027402300048648344;0.31866736839964577;1.4207907380219578e-13;0.0;0.0;1.4300891386140236e-13;0.0;-0.07994294118561347
4703.0;57.089081615365046;-0.25606956500000005;0.009239999999017244;1.1327851718423682e-15;0.008111850909463815;0.0;0.0029111399985289155;0.32346853363434186;1.4207907432195606e-13;0.0;0.0;1.4300891410769539e-13;0.0;-0.0885231275061163
4704.0;57.08908269857073;-0.25000361000000004;0.009239999999017244;1.1327851715996767e-15;0.008099761543437695;0.0;0.00307070999568499;0.3223105522488853;1.4207907426510562e-13;0.0;0.0;1.4300891408070862e-13;0.0;-0.09357878442577582
4705.0;342.0468168322759;-0.252207285;0.009239999999270384;1.794203984343154e-15;0.007592016292093991;2.7802551075402513e-18;0.0005702399968632545;0.21502809967028844;2.0529910547339437e-13;0.0;0.01997009765186689;2.1152350799487742e-13;2.6588632926903925e-14;-1.7155755192170374e-12
4706.0;342.0468176581768;-0.246497935;0.009239999999270384;1.7942039796029457e-15;0.006685326021538051;2.7802551030338833e-18;0.0005686200064392539;0.2137632279966445;2.052991053734399e-13;0.0;0.0164335731375639;2.115235075516637e-13;2.658863276319648e-14;-1.7155755251864897e-12
4707.0;342.0468172888906;-0.24370022000000002;0.009239999999270384;1.794203975588767e-15;0.0056093859801056405;2.780255099218163e-18;0.0008083799997793668;0.2138523032368007;2.0529910528879415e-13;0.0;0.014382818843144051;2.115235071763822e-13;2.6588632624556486e-14;-1.7155755302414939e-12
4708.0;342.04681644260205;-0.24518866;0.009239999999270384;1.7942039738482496e-15;0.0049444816765829075;2.780255097563133e-18;0.0013616100082396285;0.21463616698188814;2.0529910525209376e-13;0.0;0.01519910816819688;2.1152350701363442e-13;2.6588632564450182e-14;-1.715575532433419e-12
4709.0;342.04681872743015;-0.25081911;0.009239999999270384;1.794203992382972e-15;0.01008238914926547;2.7802551151835246e-18;0.0015211800053957034;0.2135939850403479;2.052991056429268e-13;0.0;0.01657484259594484;2.115235087465261e-13;2.6588633204571654e-14;-1.7155755090923467e-12
4710.0;342.0468394874193;-0.26505969500000004;0.009239999999270384;1.7942041188509814e-15;0.04664011633285567;2.7802552354122374e-18;0.0017479799990958106;0.20086510385119452;2.0529910830970642e-13;0.0;0.006762976267962082;2.1152352057034917e-13;2.658863757233409e-14;-1.7155753498282324e-12
4711.0;59.15421453061157;-0.2787543350000001;0.009239999999090698;1.0517772233212287e-15;0.15387128384333387;0.0;0.00206468999503998;0.1774382651066035;1.44386498575451e-13;0.0;0.0;1.344492394123645e-13;0.0;-0.0637435348465638
4712.0;59.15427716866889;-0.30286083500000005;0.009239999999090701;1.0517774643874404e-15;0.33870299690340383;0.0;0.002211299992556048;0.1650211505214236;1.4438656287605172e-13;0.0;0.0;1.3444926693447293e-13;0.0;-0.2121729444631049
4713.0;59.15433825617358;-0.32015792;0.009239999999090705;1.0517777404304825e-15;0.5490670909825043;0.0;0.0023538600013041163;0.16160956229659001;1.4438663650610219e-13;0.0;0.0;1.3444929844989917e-13;0.0;-0.40194027514027675
4714.0;-1.4694651860560056e-5;-0.33498811500000003;0.0;0.0;0.7268393625089354;0.0;0.00013225870504309878;0.1631261487427109;0.0;0.0;0.0;0.0;0.0;-0.5551094282568156
4715.0;-1.4693187149930742e-5;-0.3460614350000001;0.0;0.0;0.7953112187429745;0.0;0.00013702454677319196;0.10572284688818645;0.0;0.0;0.0;0.0;0.0;-0.5551094282568156
4716.0;-1.4696497092717101e-5;-0.348401395;0.0;0.0;0.7868574911676671;0.0;0.00013589724370117727;0.11651766161642901;0.0;0.0;0.0;0.0;0.0;-0.5551094282568156
4717.0;-1.4696072829369732e-5;-0.34644029;0.0;0.0;0.7772545209708293;0.0;0.00013620752813562172;0.12415921653638332;0.0;0.0;0.0;0.0;0.0;-0.5551094282568156
4718.0;-1.469566752486576e-5;-0.3451670750000001;0.0;0.0;0.759261353960927;0.0;0.00013644263415525556;0.1408789334440389;0.0;0.0;0.0;0.0;0.0;-0.5551094282568156
4719.0;-1.470388114310649e-5;-0.34113797500000004;0.0;0.0;0.7394336712752727;0.0;0.0001328241688492878;0.15668113411061055;0.0;0.0;0.0;0.0;0.0;-0.5551094282568156
4720.0;-1.4710515255530347e-5;-0.334421015;0.0;0.0;0.6432903865786072;0.0;0.0001305558884162512;0.24610972650972265;0.0;0.0;0.0;0.0;0.0;-0.5551094282568156
4721.0;59.15422834886995;-0.32553039;0.009239999999090705;1.0517777239171499e-15;0.5044337809865611;0.0;0.004114800000044946;0.27775501922004087;1.4438663210143883e-13;0.0;0.0;1.344492965645736e-13;0.0;-0.4698271288141042
4722.0;59.1541776600267;-0.31746963500000003;0.009239999999090701;1.0517775307811927e-15;0.35589383311797423;0.0;0.003966569999396876;0.2883817198463692;1.4438658058553128e-13;0.0;0.0;1.3444927451457512e-13;0.0;-0.33984662013069517
4723.0;59.154127620417455;-0.30627331500000005;0.0092399999990907;1.0517773247045846e-15;0.19745283252989676;0.0;0.0038191500066688078;0.2957927961444938;1.4438652561786769e-13;0.0;0.0;1.3444925098712866e-13;0.0;-0.1998878299107229
4724.0;59.154123380530024;-0.29291049;0.009239999999090696;1.0517771522893024e-15;0.07801157993243338;0.0;0.004049189993924917;0.26019825185585804;1.44386479628784e-13;0.0;0.0;1.3444923130273747e-13;0.0;-0.05846891387457109
4725.0;151.20469947825305;-0.28450788;0.009239999999259422;1.2154637054175555e-15;0.02000761924713071;0.0;0.0038215799923224615;0.2549160786929083;1.7505848642896802e-13;0.0;1.1626243036945598e-13;1.5276534904424703e-13;1.2603184372238646e-14;-4.75202668075225e-12
4726.0;78.49721461968265;-0.2810909100000001;0.009239999999216734;1.082501422889668e-15;0.0076645497807709614;0.0;0.0034562699913397977;0.2721699918720938;1.5205749500801244e-13;0.0;8.419974888951118e-14;1.379439218461287e-13;0.0;-1.9523139519453434e-11
4727.0;59.15408893718091;-0.2727155600000001;0.009239999999090696;1.0517770532182303e-15;0.007446945252555061;0.0;0.0030350700030324375;0.27144848079499273;1.4438645320311548e-13;0.0;0.0;1.3444921999194732e-13;0.0;-0.01834394179623924
4728.0;59.15410245444932;-0.2557709;0.009239999999090696;1.0517770485659326e-15;0.00710844706429138;0.0;0.0030731400067404552;0.2561275052221556;1.4438645196218583e-13;0.0;0.0;1.3444921946084567e-13;0.0;-0.01966992301967976
4729.0;417.7027234897105;-0.25123853500000004;0.00923999999927053;2.7147430435022394e-15;0.00640727330991497;3.811810172527061e-18;0.001044899999563453;0.17954935319385534;2.053111718815159e-13;0.0;0.057230601528786125;2.8122280090265386e-13;5.827886781298328e-14;-1.6985268751694895e-12
4730.0;419.08762051051593;-0.24917726500000004;0.009239999999270552;2.726329489598938e-15;0.004992837787197883;3.8208184926911066e-18;0.0011210399942715057;0.17822213048381583;2.0541711234732116e-13;0.0;0.05723060152879258;2.8200915289646605e-13;5.912720858387089e-14;-1.6923487789844764e-12
4731.0;514.0085678390915;-0.24708579500000002;0.009239999999271706;3.857207248732791e-15;0.0039410778313346195;4.560509927361812e-18;0.0011388600033084418;0.167114421928947;2.1160756931776948e-13;0.0;0.05723060152898767;3.460477665858619e-13;0.008312427934865028;-1.3545505839578762e-12
4732.0;514.0085639630067;-0.24522461000000004;0.009239999999271706;3.85720708154305e-15;0.003989433941949857;4.560509835203137e-18;0.0010651500069444068;0.16250922222259426;2.1160756876677722e-13;0.0;0.05723060152898767;3.460477587528234e-13;0.011080915572378298;-1.3545506121672166e-12
4733.0;603.420939359621;-0.24772170000000004;0.009239999999272433;6.3299167551482206e-15;0.004738963807673533;5.574093341108211e-18;0.0010797299970090205;0.1523100860124528;2.1595924753459282e-13;0.0;0.05723060152904183;4.273929687923944e-13;0.017092268350489544;-1.1406722819131134e-12
4734.0;739.9187224577531;-0.25828764000000004;0.009239999999273177;3.03320433872625e-13;0.01964494368055727;8.403242770437006e-18;0.0010675799925816578;0.1388240652819835;2.2084520682661271e-13;0.0;0.05723060152907757;5.814403496817283e-13;0.01709226835052749;-9.194288462772543e-13
4735.0;342.04691678037943;-0.27547837500000005;0.009239999999269062;2.202189174777002e-15;0.0917207288112635;3.375704141650361e-18;0.0008124300012542288;0.1247501463347024;1.9858245832158797e-13;0.0;0.04914489539119986;2.433158212778757e-13;3.2635111738214473e-14;-2.1242376712064262e-12
4736.0;63.27002043352658;-0.29481515500000005;0.009239999999119147;1.2987709793458342e-15;0.23851983233408694;0.0;0.0007257600052230694;0.12062595455644082;1.4200247738592807e-13;0.0;0.0;1.5993506697694078e-13;0.0;-0.0738978497358103
4737.0;63.27007544637447;-0.31117231500000003;0.009239999999119149;1.298771273717422e-15;0.4181169229932654;0.0;0.0006763499922990462;0.11561991463767209;1.4200252988574046e-13;0.0;0.0;1.5993509786050444e-13;0.0;-0.23205650697133884
4738.0;63.270110194459576;-0.32197718500000005;0.009239999999119149;1.2987715063272594e-15;0.5587142697222974;0.0;0.0006002100102990105;0.12063486044874294;1.4200257137060857e-13;0.0;0.0;1.599351222644263e-13;0.0;-0.36676602246832923
4739.0;63.27013200768116;-0.33146043500000005;0.00923999999911915;1.298771650165582e-15;0.6451157492171807;0.0;0.0004544099952869416;0.123645610092874;1.4200259702347971e-13;0.0;0.0;1.5993513735501826e-13;0.0;-0.44653582887433163
4740.0;63.27013615156575;-0.33691023500000006;0.00923999999911915;1.2987717168460127e-15;0.6823383834112722;0.0;0.0003709800055469022;0.13198307215204935;1.4200260891562592e-13;0.0;0.0;1.5993514435071735e-13;0.0;-0.4865556835126978
4741.0;63.270125961151386;-0.33767081500000007;0.00923999999911915;1.298771733089782e-15;0.6868718320570734;0.0;0.0002794500001468589;0.1467161495081424;1.4200261181260664e-13;0.0;0.0;1.599351460549162e-13;0.0;-0.5049668189093038
4742.0;63.27011257249617;-0.33664573;0.00923999999911915;1.2987717310705758e-15;0.6804041132703669;0.0;0.00025110000252284573;0.16149376285260014;1.42002611452485e-13;0.0;0.0;1.5993514584305457e-13;0.0;-0.5142717967759969
4743.0;63.27008450120739;-0.33200243500000004;0.00923999999911915;1.298771647478381e-15;0.6285535519150333;0.0;0.0003102299961148736;0.17529154692362697;1.4200259654422483e-13;0.0;0.0;1.5993513707310477e-13;0.0;-0.48092677048088034
4744.0;63.27006022250784;-0.32528998000000003;0.009239999999119149;1.298771502168511e-15;0.5415597016058054;0.0;0.00032886000036288224;0.17429390423387836;1.42002570628927e-13;0.0;0.0;1.5993512182814023e-13;0.0;-0.39967948299483536
4745.0;63.27002219554991;-0.31700431;0.009239999999119149;1.2987712811720944e-15;0.40666845443174815;0.0;0.00031590000072287617;0.1749174325466847;1.4200253121525412e-13;0.0;0.0;1.599350986426037e-13;0.0;-0.273704406181642
4746.0;63.2699849461064;-0.30876384999999995;0.009239999999119147;1.298771059155359e-15;0.2714749798744841;0.0;0.00032318999575487947;0.17448986813050835;1.4200249161959782e-13;0.0;0.0;1.5993507535005069e-13;0.0;-0.14635127912776877
4747.0;63.269635242461625;-0.29862592000000004;0.009239999999119142;1.2987703132197203e-15;0.13601554061813467;0.0;0.0003086100056908724;0.1703033236846029;1.4200235858523108e-13;0.0;0.0;1.5993499709126841e-13;0.0;-0.016837722179599224
4748.0;514.0085724207313;-0.28959247;0.009239999999271706;3.857207715444562e-15;0.04419809958632682;4.560510184623553e-18;0.0002454300106520201;0.16733711166105078;2.1160757085586921e-13;0.0;0.05723060152898767;3.460477884516576e-13;0.01123884840806106;-1.3545505052109022e-12
4749.0;742.8701218847862;-0.28631206;0.00923999999927319;0.007866224739290021;0.011992481911672813;8.497934335966489e-18;0.00026406000219329057;0.18082313239155282;2.209357641196639e-13;0.0;0.05723060152907809;5.848936262756187e-13;0.01709226835052782;-9.15495865523354e-13
4750.0;690.5754746469921;-0.28110441;0.009239999999272944;1.6891264374847332e-14;0.008305276706290552;7.10691383440752e-18;0.0002753999987010813;0.18618547327094234;2.1927296925099552e-13;0.0;0.05723060152906789;5.242749166803016e-13;0.017092268350520554;-9.886453883754899e-13
4751.0;547.7053723447399;-0.27191103000000005;0.009239999999272011;4.524050591498237e-15;0.00802722534813379;4.8968482318198684e-18;0.00023571000456826767;0.18529471923765392;2.1338679831859913e-13;0.0;0.05723060152901364;3.742059321231931e-13;0.017092268350385863;-1.264999796159221e-12
4752.0;513.6077757700634;-0.26211389500000004;0.009239999999271702;3.85038577618731e-15;0.008015137335589312;4.556746230880194e-18;0.00021060000050000035;0.18628345603509605;2.1158503421652582e-13;0.0;0.0572306015289873;3.4572782538849937e-13;1.378083812524968e-11;-1.3557045777174517e-12
4753.0;1.788141089219253e-5;-0.29446133;0.0;0.0;0.002448573525412139;0.0;0.009352943933354875;0.45427159871817074;0.0;0.0;0.0;0.0;0.0;-0.17161158869309787
4754.0;1.083222040959218e-5;-0.29166944000000006;0.0;0.0;0.0012126312764363205;0.0;0.009237221850528329;0.44578779924454504;0.0;0.0;0.0;0.0;0.0;-0.1645679549798722
4755.0;7.405022844025054e-6;-0.28913664000000006;0.0;0.0;0.0005813453813847296;0.0;0.008737620552637057;0.444561052153904;0.0;0.0;0.0;0.0;0.0;-0.16474306556881246
4756.0;7.3857895672811095e-6;-0.28868630000000006;0.0;0.0;0.0005695774810079977;0.0;0.008191927833286134;0.43888262302001224;0.0;0.0;0.0;0.0;0.0;-0.15895751783610695
4757.0;7.359068768443288e-6;-0.29632758500000006;0.0;0.0;0.0005814189810495025;0.0;0.007411507206906701;0.4349287034733855;0.0;0.0;0.0;0.0;0.0;-0.14659373171961154
4758.0;1.1911435737735543e-5;-0.31378081500000005;0.0;0.0;0.0014399001927225016;0.0;0.005956634905136156;0.427585053407889;0.0;0.0;0.0;0.0;0.0;-0.12120056094669905
4759.0;4.688351865249091e-5;-0.33030401500000006;0.0;0.0;0.014143360686234702;0.0;0.005889207639568011;0.4148533296871013;0.0;0.0;0.0;0.0;0.0;-0.10458221816932901
4760.0;8.360337416829565e-7;-0.342894955;0.0;0.0;0.09816463676750362;0.0;0.006637865075678331;0.407899740390175;0.0;0.0;0.0;0.0;0.0;-0.16980718829057176
4761.0;8.248146088566412e-7;-0.3550615100000001;0.0;0.0;0.2880822041368016;0.0;0.006744609989009235;0.3824978378642669;0.0;0.0;0.0;0.0;0.0;-0.322263043789336
4762.0;8.158817008203709e-7;-0.365420475;0.0;0.0;0.4942078236878679;0.0;0.006950497031609163;0.3778247590935167;0.0;0.0;0.0;0.0;0.0;-0.5135625096100402
4763.0;2.3187711191727085e-8;-0.37349680500000004;0.0;0.0;0.6150359212840051;0.0;0.003018082111099024;0.27681447985964563;0.0;0.0;0.0;0.0;0.0;-0.5213716790213876
4764.0;2.1204248954656274e-8;-0.37790986500000007;0.0;0.0;0.6275626650401886;0.0;0.0012854193226893055;0.270487193472236;0.0;0.0;0.0;0.0;0.0;-0.5214254137421044
4765.0;2.2210092673505775e-8;-0.374214;0.0;0.0;0.6187578300467926;0.0;0.002647129046447531;0.27407746718335996;0.0;0.0;0.0;0.0;0.0;-0.5212684270844964
4766.0;2.2737896201485555e-8;-0.37437931;0.0;0.0;0.6056374440403567;0.0;0.004319820275696189;0.28570579699932175;0.0;0.0;0.0;0.0;0.0;-0.5212837520762027
4767.0;2.5858149400295582e-8;-0.36978459500000005;0.0;0.0;0.5822393302455646;0.0;0.00781416133285892;0.3010065614454257;0.0;0.0;0.0;0.0;0.0;-0.5212754585939017
4768.0;9.17629336683131e-7;-0.36107147500000003;0.0;0.0;0.4625406331808077;0.0;0.008955599044535672;0.3627573929105525;0.0;0.0;0.0;0.0;0.0;-0.4731820498229213
4769.0;9.256953825407696e-7;-0.350238575;0.0;0.0;0.2864890187749095;0.0;0.008854659544589501;0.34150148131791785;0.0;0.0;0.0;0.0;0.0;-0.2866064828585965
4770.0;9.677287061443795e-7;-0.3377547350000001;0.0;0.0;0.11785671342020063;0.0;0.009514056007626046;0.31232741531295194;0.0;0.0;0.0;0.0;0.0;-0.10194334551650273
4771.0;7.742106647439484e-5;-0.33668170000000003;0.0;0.0;0.025460940747392143;0.0;0.009681663910281732;0.31726057633756866;0.0;0.0;0.0;0.0;0.0;-0.015721939646831322
4772.0;4.1395750978475606e-5;-0.335888825;0.0;0.0;0.006331729959925656;0.0;0.009913556405059698;0.34218943412866204;0.0;0.0;0.0;0.0;0.0;-0.022546104516655525
4773.0;3.120471496737791e-5;-0.32893818;0.0;0.0;0.00420703923666631;0.0;0.009938030637915617;0.3641357993178862;0.0;0.0;0.0;0.0;0.0;-0.04934268291512255
4774.0;2.5451592399452122e-5;-0.31790524000000003;0.0;0.0;0.0035321770263414035;0.0;0.009634163320557824;0.37339131505234463;0.0;0.0;0.0;0.0;0.0;-0.06865230334081422
4775.0;1.7306821375980333e-5;-0.30758101;0.0;0.0;0.002328383904914451;0.0;0.009810407841587125;0.3854019047382653;0.0;0.0;0.0;0.0;0.0;-0.08995948820929733
4776.0;1.0814479489873149e-5;-0.2981372650000001;0.0;0.0;0.0012007277274107837;0.0;0.009558803831480186;0.39299247513014557;0.0;0.0;0.0;0.0;0.0;-0.10561447937078179
4777.0;4.2690302784727546e-6;-0.27822864500000005;0.0;0.0;0.00016326727403843548;0.0;0.004586004553813671;0.37276422565302225;0.0;0.0;0.0;0.0;0.0;-0.09928481180003884
4778.0;4.28204732395438e-6;-0.21287651000000002;0.0;0.0;0.00019723119518477806;0.0;0.00402972312869244;0.3348812679093136;0.0;0.0;0.0;0.0;0.0;-0.12623165791060498
4779.0;4.266395004238482e-6;-0.21260733;0.0;0.0;0.00016325765377573574;0.0;0.004545003070149155;0.33488138613187707;0.0;0.0;0.0;0.0;0.0;-0.1269822762296795
4780.0;4.2727282788095035e-6;-0.26651949500000005;0.0;0.0;0.00016327470713162166;0.0;0.003993065303804983;0.3540999062148989;0.0;0.0;0.0;0.0;0.0;-0.09173670998154713
4781.0;4.273063344422621e-6;-0.2648593;0.0;0.0;0.00016327637256424653;0.0;0.004043377666003539;0.3485346859398013;0.0;0.0;0.0;0.0;0.0;-0.08788199876814375
4782.0;4.292389448155419e-6;-0.26633190500000004;0.0;0.0;0.00020869414191774415;0.0;0.0039011345694881594;0.3486254623156295;0.0;0.0;0.0;0.0;0.0;-0.08640332734247495
4783.0;6.5198796223074e-6;-0.27087735500000004;0.0;0.0;0.001234547169811363;0.0;0.0044720771443077035;0.3575006065534131;0.0;0.0;0.0;0.0;0.0;-0.09232976509691976
4784.0;1.5008133888241575e-6;-0.277961895;0.0;0.0;0.01713405395292293;0.0;0.005133936133876729;0.364496123779209;0.0;0.0;0.0;0.0;0.0;-0.1088021757328865
4785.0;9.77925945547436e-7;-0.28923271;0.0;0.0;0.11406909317251204;0.0;0.005889745241890418;0.3703425583149841;0.0;0.0;0.0;0.0;0.0;-0.20106855158527714
4786.0;9.302987946387332e-8;-0.30378949;0.0;0.0;0.2567181328239805;0.0;0.006333290254344751;0.3819949898564636;0.0;0.0;0.0;0.0;0.0;-0.34125691352103055
4787.0;8.115922671741276e-8;-0.31336745;0.0;0.0;0.38396887564613896;0.0;0.006365735438220818;0.38732057689668287;0.0;0.0;0.0;0.0;0.0;-0.46428773012858227
4788.0;7.784708411376354e-8;-0.3188087700000001;0.0;0.0;0.4520827609032015;0.0;0.006693800110071692;0.3521025711315378;0.0;0.0;0.0;0.0;0.0;-0.49207035494337215
4789.0;7.675831267002404e-8;-0.3240929800000001;0.0;0.0;0.4680482986326154;0.0;0.006889888586702563;0.3494451887670211;0.0;0.0;0.0;0.0;0.0;-0.5002903890609584
4790.0;9.244086595096817e-8;-0.32252158000000003;0.0;0.0;0.41446171121421377;0.0;0.00800722915908892;0.3881111334486586;0.0;0.0;0.0;0.0;0.0;-0.4880584848243484
4791.0;1.1045154151304369e-7;-0.317305875;0.0;0.0;0.3211658449986736;0.0;0.00845241676376691;0.4440260160355669;0.0;0.0;0.0;0.0;0.0;-0.45633839153334105
4792.0;1.0471975975621088e-6;-0.30879103500000005;0.0;0.0;0.18908002904094615;0.0;0.008239916321249919;0.4345011359306029;0.0;0.0;0.0;0.0;0.0;-0.3230299194231971
4793.0;2.347739839817246e-7;-0.3122314650000001;0.0;0.0;0.057121769941343305;0.0;0.008615416745377183;0.4670515005341018;0.0;0.0;0.0;0.0;0.0;-0.2205572038845513
4794.0;1.3891000459149957e-6;-0.327737855;0.0;0.0;0.009521928335611999;0.0;0.008911594629527777;0.5059466217400727;0.0;0.0;0.0;0.0;0.0;-0.19664227746307308
4795.0;4.267540746689844e-6;-0.32907961;0.0;0.0;0.0003596712899241098;0.0;0.008805445104146981;0.5429517988347496;0.0;0.0;0.0;0.0;0.0;-0.22303721971499252
4796.0;4.274938503100864e-6;-0.3263472;0.0;0.0;0.00022012401056979518;0.0;0.008605086390946957;0.5417820167187115;0.0;0.0;0.0;0.0;0.0;-0.2242599665041489
4797.0;4.2671929106176855e-6;-0.32054624000000004;0.0;0.0;0.00019719782070059977;0.0;0.008671278304624696;0.5399310810367998;0.0;0.0;0.0;0.0;0.0;-0.22825326428076326
4798.0;4.258618182070841e-6;-0.31332013;0.0;0.0;0.0001744897874059999;0.0;0.008448007267403995;0.5366133963005308;0.0;0.0;0.0;0.0;0.0;-0.23191571913858103
4799.0;4.2586943987654025e-6;-0.30775493500000006;0.0;0.0;0.00017449048939684262;0.0;0.008611744586817249;0.5243147115386294;0.0;0.0;0.0;0.0;0.0;-0.22534596740970828
4800.0;4.262403367345381e-6;-0.30063833;0.0;0.0;0.0001858130907152353;0.0;0.008685408329516852;0.516646574896999;0.0;0.0;0.0;0.0;0.0;-0.2248794176624732
4801.0;-1.708499889348156e-5;-0.36689672000000007;0.0;0.0;2.361317970021704e-5;0.0;0.008891935030300559;0.5907264676869819;0.0;0.0;0.0;0.0;0.0;-0.23274684067980012
4802.0;-1.6762848487524666e-5;-0.363652376;0.0;0.0;2.316087027455102e-5;0.0;0.00874368127847742;0.5917716378614342;0.0;0.0;0.0;0.0;0.0;-0.2368876425817094
4803.0;-1.676284956278422e-5;-0.36118266800000004;0.0;0.0;2.316087039258111e-5;0.0;0.008794670905513767;0.5908450166184656;0.0;0.0;0.0;0.0;0.0;-0.23848171896555762
4804.0;-1.7085052615831878e-5;-0.35780494400000007;0.0;0.0;2.3613174356015945e-5;0.0;0.008436648593660088;0.5849645295742556;0.0;0.0;0.0;0.0;0.0;-0.23562139212665542
4805.0;-1.7085102355603112e-5;-0.359300464;0.0;0.0;2.36131696858653e-5;0.0;0.008110119601652616;0.5909891034289176;0.0;0.0;0.0;0.0;0.0;-0.2398239169856691
4806.0;-1.7085052444407232e-5;-0.36536556;0.0;0.0;2.361317594616451e-5;0.0;0.008830056551420896;0.6021395462919428;0.0;0.0;0.0;0.0;0.0;-0.24562920080120895
4807.0;-1.7956210833726405e-5;-0.38143758;0.0;0.0;2.555935271105236e-5;0.0;0.008482438432782355;0.6135589401526338;0.0;0.0;0.0;0.0;0.0;-0.2406309748006685
4808.0;1.950404934077479e-5;-0.40253439199999996;0.0;0.0;0.006212165045821907;0.0;0.0084686247539469;0.6180243112025704;0.0;0.0;0.0;0.0;0.0;-0.23017211224169726
4809.0;1.950101336705285e-5;-0.41249708000000007;0.0;0.0;0.03595162528371206;0.0;0.006780006019865969;0.5946543863528776;0.0;0.0;0.0;0.0;0.0;-0.22489034092411483
4810.0;1.949209305926817e-5;-0.41919870800000003;0.0;0.0;0.10237568818697727;0.0;0.006781301656284293;0.5840966989773204;0.0;0.0;0.0;0.0;0.0;-0.27405638412110395
4811.0;1.947103623288591e-5;-0.4263750599999999;0.0;0.0;0.18527294225989774;0.0;0.006880077077308909;0.5693071004690201;0.0;0.0;0.0;0.0;0.0;-0.33508646313018065
4812.0;1.9471053142636603e-5;-0.431558412;0.0;0.0;0.25258833543539627;0.0;0.006956086360374657;0.5934941526023488;0.0;0.0;0.0;0.0;0.0;-0.42148156571226114
4813.0;1.9470155737091996e-5;-0.43185703200000003;0.0;0.0;0.25223502017291666;0.0;0.007007924716062683;0.5937886080085941;0.0;0.0;0.0;0.0;0.0;-0.42117592421147265
4814.0;1.9475828678246444e-5;-0.42821001999999997;0.0;0.0;0.24411032854566192;0.0;0.007126217929458925;0.5970058018124454;0.0;0.0;0.0;0.0;0.0;-0.42003373159990504
4815.0;1.947122404472735e-5;-0.42438384400000007;0.0;0.0;0.17244575177629334;0.0;0.006889975286864338;0.5691047330379699;0.0;0.0;0.0;0.0;0.0;-0.32405801942596835
4816.0;1.9492060689174544e-5;-0.41781492800000003;0.0;0.0;0.10332474835388657;0.0;0.00699389054585033;0.5730470129997727;0.0;0.0;0.0;0.0;0.0;-0.26555212719938864
4817.0;1.950074305256511e-5;-0.415061804;0.0;0.0;0.037761188353346874;0.0;0.006866744092845908;0.5748540891821118;0.0;0.0;0.0;0.0;0.0;-0.20442162090042099
4818.0;1.9505338817484537e-5;-0.41767926799999994;0.0;0.0;0.008733098061861946;0.0;0.006804667668778143;0.5856030230287749;0.0;0.0;0.0;0.0;0.0;-0.1834629240062783
4819.0;1.9421996414959517e-5;-0.41863146399999995;0.0;0.0;0.00023695668648256827;0.0;0.0065626629711878276;0.5902877156037498;0.0;0.0;0.0;0.0;0.0;-0.17845727461600414
4820.0;-1.7778266309294236e-5;-0.412809724;0.0;0.0;2.5207475930221886e-5;0.0;0.004772659895458531;0.5782583413006608;0.0;0.0;0.0;0.0;0.0;-0.17024808491499518
4821.0;-1.7460949414701986e-5;-0.40255302;0.0;0.0;2.4453766708410845e-5;0.0;0.004532298859586375;0.5667872564398787;0.0;0.0;0.0;0.0;0.0;-0.16879255872931626
4822.0;-1.746103757111367e-5;-0.389793104;0.0;0.0;2.4453759330753045e-5;0.0;0.004431506541154653;0.5641224779692983;0.0;0.0;0.0;0.0;0.0;-0.1787869039328349
4823.0;-1.7460882953455886e-5;-0.379748812;0.0;0.0;2.4453777626817727e-5;0.0;0.00504679759392278;0.5582402588400627;0.0;0.0;0.0;0.0;0.0;-0.18356426786718555
4824.0;-1.746082843748042e-5;-0.37066176;0.0;0.0;2.445378511405418e-5;0.0;0.0054085885134153465;0.5553239377118465;0.0;0.0;0.0;0.0;0.0;-0.19009678966178548
4825.0;49.962943454068125;-0.32843798;0.0;1.0836652560236423e-15;0.00021590840449938476;0.0;0.0062045999991723255;0.44313744487232853;1.5804799278347416e-13;0.0;0.0;1.372743903317474e-13;0.0;-0.12101873550354186
4826.0;49.962995203356435;-0.323587144;0.0;1.0836653316042541e-15;0.00021590840449938598;0.0;0.007389629996436959;0.45450912939856974;1.5804801759371357e-13;0.0;0.0;1.3727439880525635e-13;0.0;-0.13842652418833792
4827.0;49.963045927499536;-0.32445206000000004;0.0;1.0836654011940796e-15;0.00022860756067363762;0.0;0.00816398999398938;0.47071240139122883;1.5804804043746345e-13;0.0;0.0;1.3727440660714634e-13;0.0;-0.15455260153935332
4828.0;49.96311689651735;-0.32600013200000005;0.0;1.0836655347563593e-15;0.00021590840449938929;0.0;0.00869373000151366;0.486566624068141;1.5804808428089066e-13;0.0;0.0;1.3727442158115752e-13;0.0;-0.1693718298378095
4829.0;49.96314374679715;-0.329054012;0.0;1.0836655712318486e-15;0.00020320640448768005;0.0;0.009156239999785907;0.49473255778131664;1.5804809625441242e-13;0.0;0.0;1.3727442567045413e-13;0.0;-0.1749341097360312
4830.0;49.96321465459388;-0.33741863600000005;0.0;1.0836656668255209e-15;0.0002032064044876816;0.0;0.00943812001101806;0.516869679920125;1.580481276341763e-13;0.0;0.0;1.372744363877422e-13;0.0;-0.18898967531824298
4831.0;49.9633117311452;-0.357032904;0.0;1.08366579900689e-15;0.0003048096073127952;0.0;0.009457559997770069;0.5455193442764654;1.5804817102428308e-13;0.0;0.0;1.3727445120688966e-13;0.0;-0.1981476314419802
4832.0;49.9633909183026;-0.3807501360000001;0.0;1.0836659154154714e-15;0.005638977044671738;0.0;0.009501300006086094;0.5642578216103523;1.580482092367326e-13;0.0;0.0;1.3727446425770592e-13;0.0;-0.19854738639996403
4833.0;49.963543298309645;-0.393317768;0.0;1.083666143876481e-15;0.030353953643522103;0.0;0.00949724999190209;0.5743343477823701;1.5804828423168251e-13;0.0;0.0;1.372744898710434e-13;0.0;-0.22076992281048646
4834.0;49.96324689153262;-0.39998118;0.0;1.0836655649195604e-15;0.08854718344036829;0.0;0.00952317000389011;0.5714225332351968;1.5804809418233458e-13;0.0;0.0;1.3727442496280112e-13;0.0;-0.26943511756281213
4835.0;49.9616395501605;-0.4040841720000001;0.0;1.0836629585640367e-15;0.16650223405382036;0.0;0.009515070000938102;0.569181265842497;1.5804723861046002e-13;0.0;0.0;1.37274132757941e-13;0.0;-0.3410583994125174
4836.0;49.95838612016039;-0.40877986000000005;0.0;1.0836579332368883e-15;0.23090595695725366;0.0;0.009349019991254004;0.574894663789227;1.5804558895361987e-13;0.0;0.0;1.3727356935573907e-13;0.0;-0.4063121975435194
4837.0;49.95647971556632;-0.408173192;0.0;1.083655273711458e-15;0.27157263497772766;0.0;0.009282600002629968;0.5817838101647974;1.5804471590205481e-13;0.0;0.0;1.3727327118931074e-13;0.0;-0.45436663154370843
4838.0;49.95679507468924;-0.40398684399999996;0.0;1.0836557002793592e-15;0.2635332827983697;0.0;0.008988569999677811;0.5882412359672031;1.5804485593356745e-13;0.0;0.0;1.3727331901296465e-13;0.0;-0.4566854017985558
4839.0;49.95949475982209;-0.399262988;0.0;1.0836595710316053e-15;0.22174896954681958;0.0;0.008474220002845537;0.5903906499594471;1.580461265936405e-13;0.0;0.0;1.3727375297313635e-13;0.0;-0.42130470624491956
4840.0;49.96213191739779;-0.391889184;0.0;1.08366370707299e-15;0.15406854299679665;0.0;0.008461260003205533;0.5737464718853144;1.5804748431964895e-13;0.0;0.0;1.372742166751298e-13;0.0;-0.3443326175608832
4841.0;49.96315368490255;-0.387008444;0.0;1.0836654350266451e-15;0.07972040537267668;0.0;0.008819279996437727;0.565130448264991;1.580480515433923e-13;0.0;0.0;1.3727441040018303e-13;0.0;-0.2665825107741179
4842.0;49.96341573949352;-0.38551840800000003;0.0;1.0836659525557875e-15;0.0249943850499772;0.0;0.008852490003457746;0.5496344604121353;1.580482214284909e-13;0.0;0.0;1.3727446842160388e-13;0.0;-0.1978646517510541
4843.0;49.9633617816088;-0.38652590800000003;0.0;1.0836658715561177e-15;0.002933792302672692;0.0;0.008899469992621773;0.5578187668245649;1.5804819483940362e-13;0.0;0.0;1.3727445934053077e-13;0.0;-0.18302539480018687
4844.0;49.96336659857026;-0.38304434;0.0;1.0836658745512396e-15;0.0007112224186132395;0.0;0.008676720000397651;0.5609785884134492;1.5804819582258027e-13;0.0;0.0;1.3727445967634025e-13;0.0;-0.18722180752953788
4845.0;49.96341421910146;-0.37461111199999997;0.0;1.0836659391584428e-15;0.00039371365396365793;0.0;0.00812753999341336;0.5746925826064263;1.5804821703066733e-13;0.0;0.0;1.3727446691962483e-13;0.0;-0.20850310507402536
4846.0;49.963480106887886;-0.363060928;0.0;1.0836660299002419e-15;0.00031750876348704934;0.0;0.007290000000792906;0.5926043625098554;1.5804824681768908e-13;0.0;0.0;1.3727447709288654e-13;0.0;-0.23705226065644697
4847.0;49.96345838653325;-0.35228382799999997;0.0;1.083665999818022e-15;0.0002159084044993968;0.0;0.006070950001296253;0.5867807367807798;1.580482369428666e-13;0.0;0.0;1.3727447372029024e-13;0.0;-0.24068478692610332
4848.0;49.96346008323648;-0.341999972;0.0;1.0836660021662275e-15;0.00022860756067364735;0.0;0.005103809999567735;0.5872400138788724;1.580482377136916e-13;0.0;0.0;1.3727447398356632e-13;0.0;-0.2504735028469165
4849.0;88.26328967809697;-0.313651552;0.009239999999196582;1.908315008817971e-15;0.006934417525275146;0.0;0.0053694900048979885;0.29829084801014566;1.6126054793572865e-13;0.0;1.5013674047126178e-13;2.1467619326909875e-13;0.0;-2.6726767693982842e-11
4850.0;60.750739412874886;-0.307209852;0.009239999998980798;1.837553202834289e-15;0.0054103709043187235;0.0;0.005635169997501406;0.292632563112983;1.5345633581797714e-13;0.0;0.0;2.0857505134894566e-13;0.0;-0.005640252627500341
4851.0;129.57037337797277;-0.305198044;0.009239999999240283;2.025236376688849e-15;0.004114930424627097;0.0;0.005554980001345845;0.28776423193118184;1.7215699249025303e-13;0.0;1.7603316581483706e-13;2.2447056846085946e-13;2.0438907940941992e-14;-1.1665117620404034e-11
4852.0;217.5040217900247;-0.304788972;0.009239999999261556;2.3291314695578417e-15;0.0027305858977386024;3.93424026283117e-18;0.005687820004020077;0.28240907049131797;1.9150621650684693e-13;0.0;2.782057049767643e-13;2.483187279893503e-13;2.5771063316543595e-14;-5.585233817104168e-12
4853.0;221.95899130008422;-0.306658348;0.009239999999262056;2.3469985635650407e-15;0.0011684361210919725;3.954313806225871e-18;0.005587380000456322;0.2868640521170665;1.9234817794371107e-13;0.0;2.8664516871273854e-13;2.4965110905622667e-13;2.6116679124032125e-14;-5.4452968467320506e-12
4854.0;354.8520924648699;-0.31472905199999995;0.009239999999270231;3.0427140283714355e-15;0.0010033328718032292;4.662600138174397e-18;0.005425379992253733;0.2893900719500794;2.123485481324384e-13;0.0;2.9825540697723615e-12;2.96050264018651e-13;4.349905538063159e-14;-3.137183725689827e-12
4855.0;368.9348429019524;-0.33211244400000006;0.0092399999992707;3.1417841297536155e-15;0.014821367034110014;4.753024890585166e-18;0.005217210002801971;0.28757133625697;2.139942987493076e-13;0.0;0.015488826020313772;3.018571346381922e-13;4.6811778110930655e-14;-3.003049391782192e-12
4856.0;60.759561753931095;-0.35232742;0.009239999998981063;1.8375766837901887e-15;0.10200960710330076;0.0;0.00507059999253311;0.2840532798432609;1.534590844849073e-13;0.0;0.0;2.085770978882348e-13;0.0;-0.04799944088130368
4857.0;60.75871412337167;-0.370910756;0.00923999999898104;1.837574678700648e-15;0.30699404818513976;0.0;0.004787100003584957;0.27298471709122096;1.534588497744536e-13;0.0;0.0;2.0857692313038133e-13;0.0;-0.22304224141557605
4858.0;60.75772960160197;-0.38237425599999997;0.009239999998981015;1.8375723387042865e-15;0.5246280887296642;0.0;0.004587839999588848;0.24891863315958765;1.5345857585970361e-13;0.0;0.0;2.0857671918290084e-13;0.0;-0.40494004304403985
4859.0;60.7571162967008;-0.38654232;0.009239999998980997;1.8375708990758213e-15;0.6951436471633609;0.0;0.004395870003332744;0.2515640662831604;1.5345840733949347e-13;0.0;0.0;2.0857659370888185e-13;0.0;-0.5737367800254897
4860.0;-0.0014824631810882144;-0.390292288;0.0;0.0;0.78395319012575;0.0;0.00034213619420109725;0.19728458606358634;0.0;0.0;0.0;0.0;0.0;-0.5912899725819714
4861.0;-0.0014824642646730877;-0.393785392;0.0;0.0;0.7935306499782645;0.0;0.0003420830811881276;0.1912002833689591;0.0;0.0;0.0;0.0;0.0;-0.5912899725819714
4862.0;-0.001482464510368716;-0.392598416;0.0;0.0;0.7790690097898829;0.0;0.00034215769681338076;0.20447487294401168;0.0;0.0;0.0;0.0;0.0;-0.5912899725819714
4863.0;-0.001482463272290918;-0.385578072;0.0;0.0;0.7612276562094118;0.0;0.0003422185838307035;0.21529582158489421;0.0;0.0;0.0;0.0;0.0;-0.5912899725819714
4864.0;48.2373907716095;-0.376012196;0.0;1.807111634982406e-15;0.6572710579311221;0.0;0.004706909994678997;0.30548311784202736;1.4980387861436093e-13;0.0;0.0;2.059094784785691e-13;0.0;-0.591289972539613
4865.0;60.75826717206373;-0.364899324;0.009239999998981029;1.837573649094894e-15;0.46431389367350256;0.0;0.00441935999156076;0.29557193250244834;1.5345872925122903e-13;0.0;0.0;2.085768333928654e-13;0.0;-0.4085899102403124
4866.0;60.75896510988531;-0.35714241199999996;0.009239999998981048;1.8375752703137626e-15;0.24269192706261264;0.0;0.004281659992208684;0.2740686087543343;1.5345891902718898e-13;0.0;0.0;2.0857697469371878e-13;0.0;-0.1730887599996387
4867.0;368.93416797530506;-0.35270651599999997;0.0092399999992707;3.141779309271657e-15;0.0703729121355846;4.753020547670013e-18;0.0045684000001736235;0.2578928949700069;2.1399422297631697e-13;0.0;0.01086662323335735;3.0185685654172464e-13;4.6811610128074135e-14;-3.003055438949546e-12
4868.0;501.01437094921374;-0.35558343600000003;0.00923999999927366;4.517997599720601e-15;0.014122843770577848;5.803260016232805e-18;0.004619430003523977;0.26140176587467817;2.263115199364329e-13;0.0;0.05723060152882953;3.6629631899171027e-13;1.6242227893847764e-13;-2.147918794665164e-12
4869.0;523.3996896331547;-0.35110324;0.009239999999273999;4.8813974922225174e-15;0.007150325931851184;6.028786716080167e-18;0.003836969990311835;0.2687869313815824;2.279641226160326e-13;0.0;0.057230601528875824;3.792540965771609e-13;2.795782375090155e-13;-2.049172425173131e-12
4870.0;386.3996134281704;-0.342518528;0.009239999999271225;3.273757688471672e-15;0.007429734384074813;4.8699080530972366e-18;0.0033696000080573785;0.27062403640864235;2.1592971933468533e-13;0.0;0.05723060152673838;3.093126169240062e-13;5.1684368080146005e-14;-2.8522434525841473e-12
4871.0;368.934768841069;-0.332270772;0.0092399999992707;3.141783575615559e-15;0.007429734384062903;4.753024391347442e-18;0.002930580010720744;0.27212127762829535;2.1399429003884998e-13;0.0;0.04077613983030586;3.018571026696261e-13;4.6811758800450954e-14;-3.003050086931337e-12
4872.0;368.93478335466085;-0.3217604760000001;0.0092399999992707;3.1417836815617747e-15;0.007264628290772891;4.7530244867964564e-18;0.0023230799926484175;0.27422476407899393;2.1399429170421284e-13;0.0;0.028934840547341065;3.0185710878176704e-13;4.681176249243591e-14;-3.003049954025126e-12
4873.0;49.63361987176723;-0.23297884400000002;0.0;1.1328056710991029e-15;0.0053341674361350655;0.0;0.00282284999938445;0.25438402238218655;1.5706989283264468e-13;0.0;0.0;1.4247565355540153e-13;0.0;-0.0295748992206699
4874.0;49.633516870551034;-0.229785492;0.0;1.1328055143829605e-15;0.0029718926149715605;0.0;0.003043169993264568;0.23839201708063756;1.5706984547610472e-13;0.0;0.0;1.4247563626515538e-13;0.0;-0.014633291920573506
4875.0;49.6333489569658;-0.22699378399999998;0.0;1.1328052330971993e-15;0.0016510509782451182;0.0;0.0029783700077725336;0.2259823701154642;1.5706976047703552e-13;0.0;0.0;1.4247560523135505e-13;0.0;-0.0036312241420119714
4876.0;158.57992152782487;-0.224287796;0.009239999999262229;1.3242199720297297e-15;0.0006096192165676345;0.0;0.003196259990628865;0.21385747222572263;1.9693132493720062e-13;0.0;1.253352838798122e-13;1.63077957191008e-13;1.372580702102077e-14;-4.947256746106249e-12
4877.0;49.633359223620985;-0.224811708;0.0;1.1328052823425418e-15;0.0005080160129016719;0.0;0.0034514099946327875;0.22296951497689035;1.5706977535802176e-13;0.0;0.0;1.4247561066450996e-13;0.0;-0.0021260375011879088
4878.0;49.63335812040933;-0.226546076;0.0;1.1328052771873042e-15;0.01334811988122581;0.0;0.0034991999917168134;0.22048942268551755;1.570697738002054e-13;0.0;0.0;1.4247561009574574e-13;0.0;-0.01080100775397675
4879.0;49.63315140318775;-0.23203269199999998;0.0;1.132804980717094e-15;0.06632148459971242;0.0;0.0033614999923647386;0.2174765692295794;1.570696842126112e-13;0.0;0.0;1.4247557738664617e-13;0.0;-0.05513584746885317
4880.0;49.632595344621635;-0.24495126799999997;0.0;1.1328041832040128e-15;0.20262216768137034;0.0;0.0032100299981606575;0.21111099851026505;1.5706944321900284e-13;0.0;0.0;1.4247548939820364e-13;0.0;-0.1719967281911524
4881.0;49.63194183304014;-0.26137347200000005;0.0;1.1328032518811643e-15;0.3778495751793009;0.0;0.003019680005036555;0.2125071991385246;1.5706916178970194e-13;0.0;0.0;1.4247538664673268e-13;0.0;-0.33200280509541136
4882.0;49.63140897661489;-0.27516314;0.0;1.1328024946773355e-15;0.5242089767625636;0.0;0.0027677699945604195;0.21469335516400515;1.5706893297544347e-13;0.0;0.0;1.4247530310554917e-13;0.0;-0.4665026474778938
4883.0;49.63123451200933;-0.28445512799999995;0.0;1.132802257388985e-15;0.5947215924135967;0.0;0.003014820008348551;0.22434734458853162;1.570688612707503e-13;0.0;0.0;1.4247527692585147e-13;0.0;-0.5376228299506981
4884.0;49.63122045181212;-0.28912870799999996;0.0;1.1328022460242887e-15;0.6234371942349864;0.0;0.003039120004496565;0.23622423375441093;1.5706885783652944e-13;0.0;0.0;1.4247527567200076e-13;0.0;-0.5735661259893665
4885.0;-0.0014824460356616435;-0.289547316;0.0;0.0;0.6338717675883457;0.0;0.00033689473748866347;0.2466262782489252;0.0;0.0;0.0;0.0;0.0;-0.5912899725839071
4886.0;-0.0014824478920364645;-0.28812979600000005;0.0;0.0;0.6230750606000266;0.0;0.0003367627131204412;0.2560055973377442;0.0;0.0;0.0;0.0;0.0;-0.5912899725839071
4887.0;-0.0014824474823476675;-0.2854787;0.0;0.0;0.5960094697684452;0.0;0.00033697728087647195;0.2804198775653311;0.0;0.0;0.0;0.0;0.0;-0.5912899725839071
4888.0;49.63207329048597;-0.28168751599999997;0.0;1.1328035038232435e-15;0.5357409381503355;0.0;0.0031986900016526504;0.3217231301857414;1.5706923792224104e-13;0.0;0.0;1.424754144431549e-13;0.0;-0.5789771456735077
4889.0;49.63254768770229;-0.27614279199999997;0.0;1.1328041833551964e-15;0.4163063853157272;0.0;0.0033849900060087513;0.32740897329018004;1.5706944326468433e-13;0.0;0.0;1.424754894148765e-13;0.0;-0.470962899534979
4890.0;49.633176921876796;-0.27304374800000003;0.0;1.1328050911872566e-15;0.2784181498793091;0.0;0.0032375700005726734;0.3429692580185642;1.5706971759457065e-13;0.0;0.0;1.424755895746355e-13;0.0;-0.3515914530940164
4891.0;49.633702610675044;-0.265603708;0.0;1.1328058398733818e-15;0.13391300852500326;0.0;0.002766959999348421;0.34003907413740814;1.5706994383287641e-13;0.0;0.0;1.4247567217603845e-13;0.0;-0.2111294358406497
4892.0;49.63401886175523;-0.264802948;0.0;1.132806286266014e-15;0.03507850328578777;0.0;0.003167099997764635;0.3316159461915769;1.570700787237111e-13;0.0;0.0;1.4247572142585513e-13;0.0;-0.10507496982024953
4893.0;49.63410343033122;-0.263484148;0.0;1.132806406511438e-15;0.011189052887631277;0.0;0.002787210006728431;0.3308351746200292;1.5707011505942765e-13;0.0;0.0;1.4247573469235874e-13;0.0;-0.08134427336296157
4894.0;49.63409885816289;-0.261576476;0.0;1.1328063986690751e-15;0.008509267879899465;0.0;0.0027402300048564067;0.3286122782439478;1.5707011268962113e-13;0.0;0.0;1.4247573382710197e-13;0.0;-0.07830223087152603
4895.0;49.63413157788527;-0.257919924;0.0;1.132806448311221e-15;0.008521968457992444;0.0;0.002911139998520499;0.3335632773183842;1.5707012769045091e-13;0.0;0.0;1.4247573930404575e-13;0.0;-0.08709367896132535
4896.0;49.634123897695886;-0.251785656;0.0;1.1328064366479945e-15;0.008509267879899465;0.0;0.0030707099956765837;0.3323691578729257;1.5707012416606707e-13;0.0;0.0;1.4247573801726291e-13;0.0;-0.09218063182185673
4897.0;368.93443362160815;-0.253979636;0.009239999999274955;1.819732613628755e-15;0.007975852132578131;2.849570280722578e-18;0.0005702399968631921;0.22173865518144795;2.3458202220842907e-13;0.0;0.014684703870950977;2.1267225119444378e-13;2.7112905740442338e-14;-1.6883336540078278e-12
4898.0;368.9344286134209;-0.24823367600000001;0.009239999999274955;1.8197325914949336e-15;0.007023321572873197;2.849570259272661e-18;0.0005686200064391913;0.22043430963627977;2.345820217153015e-13;0.0;0.01119728694393925;2.1267224915709794e-13;2.7112904969144884e-14;-1.6883336800198664e-12
4899.0;368.93443351256803;-0.245419112;0.009239999999274955;1.8197326111894204e-15;0.005892984341785269;2.8495702783591506e-18;0.0008083799997793199;0.2205261647193712;2.3458202215408283e-13;0.0;0.009181408428993532;2.1267225096991595e-13;2.7112905655439836e-14;-1.6883336568747324e-12
4900.0;368.93444151068843;-0.24692093599999998;0.009239999999274955;1.819732644430176e-15;0.005194463922021204;2.8495703105738634e-18;0.0013616100082396174;0.22133449113321058;2.345820228946684e-13;0.0;0.010020131397781502;2.1267225402968288e-13;2.71129068137835e-14;-1.6883336178092668e-12
4901.0;368.93441390583746;-0.25259485600000003;0.009239999999274955;1.819732532537691e-15;0.010592132827926315;2.8495702021350712e-18;0.0015211800053957026;0.22025978497840631;2.345820204017613e-13;0.0;0.01121172963855826;2.1267224373014688e-13;2.711290291464473e-14;-1.6883337493079266e-12
4902.0;345.9941752253787;-0.266955372;0.009239999999274502;1.728354202035724e-15;0.0489981392300518;2.759270341768665e-18;0.0017479799990954858;0.20713366331720773;2.3232841285509865e-13;0.0;1.0637866118265703e-12;2.041482435685014e-13;2.4128959575159254e-14;-1.8095851151867915e-12
4903.0;44.420604599357624;-0.280782116;0.0;1.0414152297578642e-15;0.16165068147429762;0.0;0.002064689995026633;0.1829757243018476;1.5595283982512092e-13;0.0;0.0;1.3269191799145964e-13;0.0;-0.06643985476651242
4904.0;44.419784049221974;-0.305068516;0.0;1.0414141522201896e-15;0.3558270841662333;0.0;0.00221129999254271;0.17017109879674594;1.5595245209111997e-13;0.0;0.0;1.3269179559468177e-13;0.0;-0.22366574535290437
4905.0;44.418922235019586;-0.322434432;0.0;1.0414130258433538e-15;0.576826729560161;0.0;0.002353860001290786;0.16665304238380546;1.559520467814333e-13;0.0;0.0;1.3269166765028788e-13;0.0;-0.42391763887730105
4906.0;-0.0014824408605193164;-0.33730460400000006;0.0;0.0;0.7652161731754991;0.0;0.00033602883400572563;0.163040026508776;0.0;0.0;0.0;0.0;0.0;-0.5912899725836884
4907.0;-0.0014824474406738707;-0.34841667600000004;0.0;0.0;0.823691245977099;0.0;0.00033612500847549293;0.11567692974288439;0.0;0.0;0.0;0.0;0.0;-0.5912899725836884
4908.0;-0.0014824478213753295;-0.350759492;0.0;0.0;0.8151021796380832;0.0;0.0003362318447754269;0.12660870524893786;0.0;0.0;0.0;0.0;0.0;-0.5912899725836885
4909.0;-0.0014824478485916844;-0.34878418399999994;0.0;0.0;0.8053977743426227;0.0;0.00033624202440256677;0.13433779236470805;0.0;0.0;0.0;0.0;0.0;-0.5912899725836885
4910.0;-0.001482447813576862;-0.34750601999999997;0.0;0.0;0.7872066556592617;0.0;0.00033624968994565936;0.15125073938036784;0.0;0.0;0.0;0.0;0.0;-0.5912899725836884
4911.0;-0.0014824478511601207;-0.34345746000000005;0.0;0.0;0.7671342703436544;0.0;0.00033643770812072566;0.16727437665812975;0.0;0.0;0.0;0.0;0.0;-0.5912899725836885
4912.0;-0.0014824472153493677;-0.336701244;0.0;0.0;0.670098139827758;0.0;0.0003366259341960911;0.25755410290512026;0.0;0.0;0.0;0.0;0.0;-0.5912899725836885
4913.0;44.419892919595746;-0.327766344;0.0;1.0414143571578845e-15;0.5299368564330879;0.0;0.004114800000031731;0.28642314435247956;1.5595252583466649e-13;0.0;0.0;1.3269181887340536e-13;0.0;-0.4932349681097392
4914.0;44.420557043992254;-0.319677596;0.0;1.0414152296066427e-15;0.3738870516909983;0.0;0.003966569999383653;0.29738148100481004;1.5595283977070532e-13;0.0;0.0;1.3269191797429564e-13;0.0;-0.35608896177504185
4915.0;44.421239216752355;-0.308443924;0.0;1.0414161238272299e-15;0.20743561852646866;0.0;0.0038191500066555753;0.3050238407443651;1.5595316153985325e-13;0.0;0.0;1.326920195481716e-13;0.0;-0.20837119793260786
4916.0;44.421471325529616;-0.295024504;0.0;1.0414164067969125e-15;0.08195567583472568;0.0;0.004049189993911699;0.26831846877455867;1.5595326336116002e-13;0.0;0.0;1.326920516904715e-13;0.0;-0.05983673081409579
4917.0;77.62733445466237;-0.28655764799999994;0.00923999999921331;1.0891321889552626e-15;0.021019160984062236;0.0;0.0038215799923097616;0.26287145056910544;1.7146923353351471e-13;0.0;8.378803309668866e-14;1.3808040382116324e-13;0.0;-1.3395027016912463e-11
4918.0;44.42595264303656;-0.283090936;0.0;1.041422586587046e-15;0.008052052756185176;0.0;0.0034562699913193843;0.28066382054683964;1.5595548701398337e-13;0.0;0.0;1.3269275364783003e-13;0.0;-0.009685075997716374
4919.0;44.42182375645376;-0.27463697600000003;0.0;1.0414168727884214e-15;0.007823446616267604;0.0;0.0030350700030191548;0.2799197926911641;1.559534310391964e-13;0.0;0.0;1.3269210462214664e-13;0.0;-0.016681814905842366
4920.0;44.42172106053929;-0.25757564;0.0;1.0414167302572224e-15;0.007467834695420352;0.0;0.0030731400067271746;0.26412068306410674;1.5595337975212696e-13;0.0;0.0;1.3269208843212825e-13;0.0;-0.017625629059554383
4921.0;387.68468689805024;-0.252970636;0.009239999999274023;2.3345953736265756e-15;0.006731211120546514;3.554367215569723e-18;0.0010448999995625878;0.18515269481964564;2.2921513509461727e-13;0.0;0.05723060152755292;2.531015328411862e-13;3.7026867030642396e-14;-2.020118530395227e-12
4922.0;389.2476329267155;-0.25089364399999997;0.009239999999274055;2.343403176153895e-15;0.005245264812449509;3.562412321697282e-18;0.001121039994270653;0.1837840523989496;2.2936399569384104e-13;0.0;0.05723060152767535;2.5377832774345597e-13;3.737654541232063e-14;-2.011150275520142e-12
4923.0;551.4745005485672;-0.248800732;0.00923999999927624;3.8596064224259306e-15;0.004140330159518417;4.657229955761535e-18;0.0011388600033084121;0.1723296966153205;2.4111202996157373e-13;0.0;0.057230601528984536;3.460488596359201e-13;2.068157559214847e-12;-1.3774197777263682e-12
4924.0;554.4336212747112;-0.24692965599999997;0.009239999999276268;3.906151011957867e-15;0.004191131049972279;4.683632814976033e-18;0.001065150006944395;0.16758077872368524;2.4127506906252245e-13;0.0;0.05723060152898717;3.482352252750915e-13;0.0076485140737107115;-1.3695099523253992e-12
4925.0;590.6868808406358;-0.24943712;0.009239999999276572;4.5785929364149194e-15;0.004978555516394841;5.030355839355833e-18;0.001079729997008659;0.157063349835469;2.431478247875858e-13;0.0;0.05723060152901357;3.765289796373038e-13;0.017092268350382973;-1.2801204364966298e-12
4926.0;707.5949827009018;-0.260105344;0.009239999999277326;1.0445084982829834e-14;0.020638149329574147;6.601613555539924e-18;0.0010675799925812998;0.14315645996801118;2.4805550999655725e-13;0.0;0.05723060152906019;4.892196453851949e-13;0.017092268350513067;-1.057725997203341e-12
4927.0;368.93348240101847;-0.27745149999999996;0.009239999999273624;2.2335336310301545e-15;0.09635792948078427;3.4602737226880686e-18;0.0008124300012541594;0.1286433248694523;2.2735081429848048e-13;0.0;0.042635340602284175;2.4520104750900335e-13;3.327842958703995e-14;-2.1348040398435623e-12
4928.0;60.734042394763215;-0.29692018800000003;0.009239999999067217;1.3063131537897564e-15;0.2505788765710725;0.0;0.0007257600052182601;0.1243904261085988;1.5933348284262518e-13;0.0;0.0;1.6029041575478138e-13;0.0;-0.0879105309633712
4929.0;60.73329310955925;-0.313359724;0.009239999999067203;1.3063118969385201e-15;0.43925600573235934;0.0;0.0006763499922942331;0.11922815866041653;1.593332012515166e-13;0.0;0.0;1.6029028464052798e-13;0.0;-0.25493093039766185
4930.0;60.732766969441165;-0.32421167600000006;0.009239999999067192;1.3063110204761134e-15;0.5869616486866155;0.0;0.0006002100102941919;0.12439960993427222;1.5933300488396504e-13;0.0;0.0;1.6029019320829992e-13;0.0;-0.3968761222774981
4931.0;60.73244356897856;-0.33374427600000006;0.009239999999067185;1.3063104817083237e-15;0.6777313991683683;0.0;0.0004544099952821134;0.12750431847330176;1.5933288417514928e-13;0.0;0.0;1.6029013700422073e-13;0.0;-0.48106984513403533
4932.0;60.73235302033295;-0.339219556;0.009239999999067184;1.3063103362466642e-15;0.7168359288341055;0.0;0.00037098000554206857;0.136101974442278;1.5933285158500843e-13;0.0;0.0;1.6029012182972164e-13;0.0;-0.5232127413010432
4933.0;60.732436575199166;-0.339972324;0.009239999999067185;1.3063104865791422e-15;0.7215985787887926;0.0;0.0002794500001420194;0.15129483883829678;1.5933288526644618e-13;0.0;0.0;1.6029013751234227e-13;0.0;-0.5423247084601682
4934.0;60.732564199710204;-0.33893300800000004;0.009239999999067189;1.3063107106543124e-15;0.714803866199522;0.0;0.00025110000251800445;0.16653362909322567;1.5933293546963356e-13;0.0;0.0;1.602901608877943e-13;0.0;-0.5517808246055084
4935.0;60.73286262994206;-0.334265276;0.009239999999067194;1.3063112196028065e-15;0.6603318531729261;0.0;0.00031022999611003633;0.18076201175151424;1.5933304949748811e-13;0.0;0.0;1.6029021398113155e-13;0.0;-0.5162663181400996
4936.0;60.73320151497509;-0.327513208;0.009239999999067201;1.3063117856890386e-15;0.5689397828961295;0.0;0.0003288600003580465;0.17973323482089143;1.593331763266006e-13;0.0;0.0;1.6029027303505474e-13;0.0;-0.4306186254714761
4937.0;60.73374327875702;-0.319194176;0.009239999999067211;1.3063126923134222e-15;0.42722872748663604;0.0;0.00031590000071804;0.18037622208516638;1.5933337945133496e-13;0.0;0.0;1.6029036761372276e-13;0.0;-0.29786059904681594
4938.0;60.734279110266684;-0.3109445599999999;0.009239999999067222;1.3063135882663226e-15;0.28520016473441173;0.0;0.0003231899957500441;0.17993531432105664;1.5933358018463695e-13;0.0;0.0;1.6029046107916077e-13;0.0;-0.1636519526374475
4939.0;60.73478605108322;-0.30078763199999997;0.00923999999906723;1.3063144330660488e-15;0.1428921906860607;0.0;0.00030861000568603656;0.17561811700258595;1.5933376945686172e-13;0.0;0.0;1.6029054920830155e-13;0.0;-0.027172735623141788
4940.0;554.4335035221798;-0.29170791199999996;0.009239999999276268;3.906149309947929e-15;0.04643265942519485;4.683631855699084e-18;0.000245430010651955;0.17255933600568488;2.412750631983515e-13;0.0;0.05723060152898717;3.4823514590990344e-13;0.006027526588490396;-1.3695102364491184e-12
4941.0;781.9010397672006;-0.28839097599999997;0.00923999999927768;4.194205179062842e-14;0.012598795728306704;8.224378043332252e-18;0.0002640600021931799;0.18646622587317466;2.505042708234291e-13;0.0;0.057230601529076115;5.724063097047292e-13;0.017092268350526248;-9.525637461028442e-13
4942.0;666.3923280453364;-0.283102336;0.009239999999277094;7.17555174089281e-15;0.008725173442844231;5.9487032733241565e-18;0.0002753999987006728;0.19199591365371335;2.464968748653684e-13;0.0;0.05723060152904796;4.4606080179020936e-13;0.01709226835049825;-1.1266015689747071e-12
4943.0;554.4337570371987;-0.27380168800000004;0.009239999999276268;3.9061531940372e-15;0.008433064412440962;4.683634044827539e-18;0.00023571000456794973;0.19107736114015236;2.412750765807328e-13;0.0;0.05723060152898717;3.4823532702585485e-13;0.007610282216172069;-1.3695095880618374e-12
4944.0;531.7999719182568;-0.263923892;0.009239999999276055;3.578675227511992e-15;0.00842036525626142;4.490333065030044e-18;0.00021060000049975854;0.19209695424509873;2.3999976943481493e-13;0.0;0.057230601528964746;3.321466546301924e-13;2.7287433968811073e-13;-1.4319468675620069e-12
4945.0;1.9488590589240917e-5;-0.296383768;0.0;0.0;0.002068738060172654;0.0;0.008870288896746828;0.44925682067550593;0.0;0.0;0.0;0.0;0.0;-0.16381348285532926
4946.0;1.9475934080544475e-5;-0.29358542400000004;0.0;0.0;0.0007732428947268315;0.0;0.008755618849319479;0.44075418651778725;0.0;0.0;0.0;0.0;0.0;-0.1566990274900887
4947.0;1.9211683848570964e-5;-0.291042544;0.0;0.0;0.00010835538648695678;0.0;0.008256351421871748;0.43936805440425186;0.0;0.0;0.0;0.0;0.0;-0.15669162138966594
4948.0;1.9086312995455552e-5;-0.29058568;0.0;0.0;9.611487402809162e-5;0.0;0.007710523203067634;0.433533021770001;0.0;0.0;0.0;0.0;0.0;-0.15075538470813254
4949.0;1.9216244087044783e-5;-0.298282916;0.0;0.0;0.00010895127464310648;0.0;0.006930153126694877;0.42934162790333585;0.0;0.0;0.0;0.0;0.0;-0.1380992204675262
4950.0;1.9480936132438037e-5;-0.31583172400000004;0.0;0.0;0.0010139030182505773;0.0;0.005475445711255118;0.4215573498130134;0.0;0.0;0.0;0.0;0.0;-0.1122163777939861
4951.0;1.9493886820527577e-5;-0.332532444;0.0;0.0;0.014323913701824821;0.0;0.005412273958620151;0.4089448594135615;0.0;0.0;0.0;0.0;0.0;-0.09615000628144182
4952.0;1.948469781371913e-5;-0.34522286799999996;0.0;0.0;0.10289265042685493;0.0;0.006173488561026787;0.4026548985598759;0.0;0.0;0.0;0.0;0.0;-0.16649957277228303
4953.0;1.9470527989341218e-5;-0.357434496;0.0;0.0;0.30059034417940833;0.0;0.006264690408153544;0.37956351301773883;0.0;0.0;0.0;0.0;0.0;-0.32898545483772895
4954.0;1.9467839463362547e-5;-0.36781626;0.0;0.0;0.5143160964166695;0.0;0.0064639003928880475;0.37773855337617873;0.0;0.0;0.0;0.0;0.0;-0.530703693379525
4955.0;1.9465018133090736e-5;-0.375918028;0.0;0.0;0.6495285244566116;0.0;0.006120879654750732;0.28767516230140155;0.0;0.0;0.0;0.0;0.0;-0.567407941518215
4956.0;1.9461184678304962e-5;-0.38035340400000006;0.0;0.0;0.6619217835190468;0.0;0.006005968601617325;0.29092181775889137;0.0;0.0;0.0;0.0;0.0;-0.5784975688709844
4957.0;1.9463107045987895e-5;-0.37663599999999997;0.0;0.0;0.6500959807910303;0.0;0.007435837437034257;0.2919224904105465;0.0;0.0;0.0;0.0;0.0;-0.5728197116985431
4958.0;1.9463742645643972e-5;-0.376798776;0.0;0.0;0.6359371861430042;0.0;0.008202813332962496;0.3028868201140554;0.0;0.0;0.0;0.0;0.0;-0.5702294466678528
4959.0;1.9466663615507123e-5;-0.372167612;0.0;0.0;0.608479613497639;0.0;0.008462868060951432;0.30683336544954126;0.0;0.0;0.0;0.0;0.0;-0.5516096381557666
4960.0;1.9469256221884146e-5;-0.36341126;0.0;0.0;0.4818275193580217;0.0;0.008472586710777283;0.3671516093772653;0.0;0.0;0.0;0.0;0.0;-0.4940418586678561
4961.0;1.9471404272096557e-5;-0.35255021999999997;0.0;0.0;0.29928129519661195;0.0;0.00837590338849777;0.3396167901589501;0.0;0.0;0.0;0.0;0.0;-0.2947251719823064
4962.0;1.948461746214548e-5;-0.340053556;0.0;0.0;0.12359140141779963;0.0;0.009057141234586447;0.3104882238429234;0.0;0.0;0.0;0.0;0.0;-0.10308461373592658
4963.0;1.950471677719173e-5;-0.33902292;0.0;0.0;0.02621946348768351;0.0;0.009256757900839024;0.3127350575543125;0.0;0.0;0.0;0.0;0.0;-0.009189762451709908
4964.0;1.9500321037285284e-5;-0.33820501999999997;0.0;0.0;0.006173678986038739;0.0;0.009461935890484722;0.33771636540120215;0.0;0.0;0.0;0.0;0.0;-0.015148363647380057
4965.0;1.9493867204226348e-5;-0.331158328;0.0;0.0;0.0039217170571903435;0.0;0.009464804284719974;0.3596022953042132;0.0;0.0;0.0;0.0;0.0;-0.041831891910309775
4966.0;1.9492209636012924e-5;-0.320000704;0.0;0.0;0.003209160855828528;0.0;0.00915718486270439;0.3687342417698544;0.0;0.0;0.0;0.0;0.0;-0.061101286736969046
4967.0;1.9489028288551774e-5;-0.3095724959999999;0.0;0.0;0.0019468060794376211;0.0;0.009331531034755204;0.3807526901915458;0.0;0.0;0.0;0.0;0.0;-0.08245993455095073
4968.0;1.9476223176134966e-5;-0.30007764400000003;0.0;0.0;0.0007631302272988714;0.0;0.009079575640599417;0.38823271207992005;0.0;0.0;0.0;0.0;0.0;-0.09799917719010587
4969.0;-1.957991590380573e-5;-0.280055092;0.0;0.0;2.5121209860429326e-5;0.0;0.00425236820241811;0.37299906546971295;0.0;0.0;0.0;0.0;0.0;-0.09722302279693329
4970.0;-2.0370294970902884e-5;-0.21432829600000003;0.0;0.0;2.644825932898905e-5;0.0;0.003687286959027028;0.33454890483284266;0.0;0.0;0.0;0.0;0.0;-0.12393593147529203
4971.0;-1.9580343439722474e-5;-0.214049568;0.0;0.0;2.512117993647466e-5;0.0;0.004210319559245745;0.33461751814724267;0.0;0.0;0.0;0.0;0.0;-0.12480495079289163
4972.0;-1.9580057310121644e-5;-0.26829925200000004;0.0;0.0;2.5121187360163556e-5;0.0;0.0036341578199213295;0.35400190743490456;0.0;0.0;0.0;0.0;0.0;-0.08936349437250948
4973.0;-1.957993261309517e-5;-0.26662707999999996;0.0;0.0;2.512119686938772e-5;0.0;0.003686463112217348;0.348369527118548;0.0;0.0;0.0;0.0;0.0;-0.08545559135899163
4974.0;-2.0533196286565586e-5;-0.268110388;0.0;0.0;2.6849856788519865e-5;0.0;0.0035568744034097884;0.3484523635834192;0.0;0.0;0.0;0.0;0.0;-0.08392730105488246
4975.0;1.949696815090675e-5;-0.272689508;0.0;0.0;0.00087560692961594;0.0;0.004221064654975937;0.35762081334981616;0.0;0.0;0.0;0.0;0.0;-0.09002938028253979
4976.0;1.9523563992779687e-5;-0.279839092;0.0;0.0;0.01764707902166763;0.0;0.0047556384483608905;0.3649119995100514;0.0;0.0;0.0;0.0;0.0;-0.10747702812480055
4977.0;1.950171226937832e-5;-0.291177016;0.0;0.0;0.1197529205723863;0.0;0.005495363447316081;0.37135916923667667;0.0;0.0;0.0;0.0;0.0;-0.20543184051206115
4978.0;1.948030223148486e-5;-0.30581530399999995;0.0;0.0;0.2684294404900932;0.0;0.005983255591531428;0.38462538819711717;0.0;0.0;0.0;0.0;0.0;-0.3532241835706427
4979.0;1.94770629608726e-5;-0.31544091999999996;0.0;0.0;0.40162732674292895;0.0;0.006017632985533256;0.39083972086726854;0.0;0.0;0.0;0.0;0.0;-0.48304516386457624
4980.0;1.947521684863491e-5;-0.320909792;0.0;0.0;0.4729305770659736;0.0;0.006342866402980041;0.37986146082017097;0.0;0.0;0.0;0.0;0.0;-0.5382265155117707
4981.0;1.947466384452869e-5;-0.32621960800000005;0.0;0.0;0.4896483675348254;0.0;0.0065384837109535325;0.3762905143097204;0.0;0.0;0.0;0.0;0.0;-0.5462591607605024
4982.0;1.9475895629223237e-5;-0.324644568;0.0;0.0;0.433599965950488;0.0;0.007651521514209534;0.4170771667968257;0.0;0.0;0.0;0.0;0.0;-0.5336854894811474
4983.0;1.9478482498678512e-5;-0.31940289999999993;0.0;0.0;0.3359663956888886;0.0;0.008095237233087808;0.446118634499505;0.0;0.0;0.0;0.0;0.0;-0.47077877067939417
4984.0;1.9485680700766235e-5;-0.310838836;0.0;0.0;0.1981467021563495;0.0;0.007822456468447328;0.4373820016149705;0.0;0.0;0.0;0.0;0.0;-0.3325137275189897
4985.0;1.950917741658439e-5;-0.31430736400000003;0.0;0.0;0.059672065419798796;0.0;0.008258990152986012;0.46958432196174543;0.0;0.0;0.0;0.0;0.0;-0.22320941674722972
4986.0;1.952305046947853e-5;-0.329927308;0.0;0.0;0.00966081071737125;0.0;0.008565864356396679;0.508775614665567;0.0;0.0;0.0;0.0;0.0;-0.19707638487477913
4987.0;-7.439066432050027e-6;-0.331278856;0.0;0.0;3.547634017971886e-5;0.0;0.0087061427153363;0.5461128994697066;0.0;0.0;0.0;0.0;0.0;-0.22357720680764367
4988.0;-2.0690414879005516e-5;-0.32851551999999995;0.0;0.0;2.7231577415981576e-5;0.0;0.008449663479680436;0.5448504933882244;0.0;0.0;0.0;0.0;0.0;-0.22481348459172074
4989.0;-2.036987375921637e-5;-0.32266970400000006;0.0;0.0;2.644834011241821e-5;0.0;0.008508797018023762;0.5429785729475975;0.0;0.0;0.0;0.0;0.0;-0.22884570166410712
4990.0;-1.991420127359179e-5;-0.31538004799999997;0.0;0.0;2.5580265668358795e-5;0.0;0.008268322100912757;0.5395758241409314;0.0;0.0;0.0;0.0;0.0;-0.23249124506820773
4991.0;-1.99141469118208e-5;-0.309772076;0.0;0.0;2.5580269954792182e-5;0.0;0.008437769263553913;0.5271429987110916;0.0;0.0;0.0;0.0;0.0;-0.2258358388053239
4992.0;-2.017980703393495e-5;-0.302613968;0.0;0.0;2.602553461617751e-5;0.0;0.008518687039912359;0.5193904372531107;0.0;0.0;0.0;0.0;0.0;-0.2253227569102773
4993.0;8.731567785638086e-6;-0.36930899000000006;0.0;0.0;0.00018622437442537452;0.0;0.009447845754375987;0.6013776479363191;0.0;0.0;0.0;0.0;0.0;-0.24170267337309995
4994.0;8.704719772933845e-6;-0.36604419200000005;0.0;0.0;0.00017384420900863398;0.0;0.009303685742058598;0.602531972653614;0.0;0.0;0.0;0.0;0.0;-0.24596525764398844
4995.0;8.706838000252275e-6;-0.36355888100000006;0.0;0.0;0.00017384389691789848;0.0;0.009354698200512873;0.6018557729136867;0.0;0.0;0.0;0.0;0.0;-0.2478253810381215
4996.0;8.708680338030013e-6;-0.36016199800000004;0.0;0.0;0.0001862222894990042;0.0;0.008992772503812252;0.5954002195221497;0.0;0.0;0.0;0.0;0.0;-0.2444171617944552
4997.0;8.691248023978255e-6;-0.361668088;0.0;0.0;0.00018621966278616712;0.0;0.00866645626326275;0.6017875871430016;0.0;0.0;0.0;0.0;0.0;-0.24897212064136445
4998.0;8.72607000173471e-6;-0.36776852;0.0;0.0;0.00018622091097288165;0.0;0.009386295791202804;0.6134455309029399;0.0;0.0;0.0;0.0;0.0;-0.2552494729894117
4999.0;8.688373888014533e-6;-0.38395348500000004;0.0;0.0;0.00024884145746623045;0.0;0.009018738821459888;0.6250245923330284;0.0;0.0;0.0;0.0;0.0;-0.25033862388398204
5000.0;3.7088428954498544e-6;-0.405230764;0.0;0.0;0.0068969181296777765;0.0;0.008909795392177356;0.6294552443313942;0.0;0.0;0.0;0.0;0.0;-0.24003112636102034
5001.0;1.5027579006661444e-6;-0.41531486000000006;0.0;0.0;0.03755814621069299;0.0;0.007218493048402509;0.6052389074841829;0.0;0.0;0.0;0.0;0.0;-0.2347006075343437
5002.0;1.45781385071692e-6;-0.42205456100000005;0.0;0.0;0.10607725237330935;0.0;0.0072158384798279235;0.594421270263232;0.0;0.0;0.0;0.0;0.0;-0.28565972191481026
5003.0;1.384659209187647e-6;-0.429235645;0.0;0.0;0.19526733522493164;0.0;0.0073272033713395945;0.5870451354754614;0.0;0.0;0.0;0.0;0.0;-0.3604039563370628
5004.0;1.3813841674682244e-6;-0.434430729;0.0;0.0;0.2486789737332708;0.0;0.007404856902349995;0.6047216839085373;0.0;0.0;0.0;0.0;0.0;-0.4263747130561408
5005.0;1.3816253902044208e-6;-0.4347148940000001;0.0;0.0;0.24807081584328708;0.0;0.007456669441865574;0.6056891326070882;0.0;0.0;0.0;0.0;0.0;-0.4265016513766554
5006.0;1.3842587748455053e-6;-0.43103021500000005;0.0;0.0;0.24185703948451778;0.0;0.007574870624193768;0.6073760587806797;0.0;0.0;0.0;0.0;0.0;-0.42577768131395244
5007.0;1.385303276327051e-6;-0.42718592300000013;0.0;0.0;0.17305818007021315;0.0;0.007336940396919598;0.5768976796450997;0.0;0.0;0.0;0.0;0.0;-0.330106804267492
5008.0;1.4613227635727992e-6;-0.42058842600000007;0.0;0.0;0.1070558068568651;0.0;0.0074279552672261604;0.5827722379479728;0.0;0.0;0.0;0.0;0.0;-0.27666749578053523
5009.0;1.4993594124142696e-6;-0.417842743;0.0;0.0;0.03942476847596159;0.0;0.007305093256690336;0.5850097239597993;0.0;0.0;0.0;0.0;0.0;-0.2138967636066095
5010.0;2.656742178131539e-6;-0.42051958100000003;0.0;0.0;0.009491634417133485;0.0;0.007244356427277455;0.5961523808961073;0.0;0.0;0.0;0.0;0.0;-0.19236871581538734
5011.0;8.161756790881754e-6;-0.42148908800000007;0.0;0.0;0.0007319820719668107;0.0;0.007011033882570134;0.6009682620409704;0.0;0.0;0.0;0.0;0.0;-0.187222104172435
5012.0;8.76804613237924e-6;-0.4156218830000001;0.0;0.0;0.00023619369230047155;0.0;0.005312693456703103;0.5888212198941938;0.0;0.0;0.0;0.0;0.0;-0.17874815597070284
5013.0;8.828952832098186e-6;-0.40526121500000006;0.0;0.0;0.00021108563392911462;0.0;0.005080420631852311;0.5771108799390291;0.0;0.0;0.0;0.0;0.0;-0.17714110663281946
5014.0;8.847240256839575e-6;-0.39237646800000003;0.0;0.0;0.00021107819323975296;0.0;0.0049800689402483035;0.57437469850754;0.0;0.0;0.0;0.0;0.0;-0.18718931295847688
5015.0;8.739926817355754e-6;-0.382241029;0.0;0.0;0.00021109903481282384;0.0;0.005595106880246456;0.568372952286851;0.0;0.0;0.0;0.0;0.0;-0.1919380661475833
5016.0;8.699533881650322e-6;-0.3730864200000001;0.0;0.0;0.00021110882249721725;0.0;0.005956887267240879;0.5653855530451499;0.0;0.0;0.0;0.0;0.0;-0.19846706739840325
5017.0;49.98009405167441;-0.33071203500000007;0.005980256085784013;1.0811981680285394e-15;0.00022513856877202755;0.0;0.006204599999169088;0.4448730741042878;1.723353729804752e-13;0.0;0.0;1.379422259415668e-13;0.0;-0.12655062850703586
5018.0;49.97987579989841;-0.32583289800000004;0.006040052863340039;1.0811978829546682e-15;0.00022513856877202194;0.0;0.007389629996433845;0.45628929792259165;1.7233526086551397e-13;0.0;0.0;1.3794219348617903e-13;0.0;-0.144090744556707
5019.0;49.979564778476984;-0.3267246450000001;0.006125549811950238;1.0811974767128095e-15;0.00023838061858083058;0.0;0.008163989993986346;0.47255603300745913;1.7233510109693474e-13;0.0;0.0;1.3794214723597775e-13;0.0;-0.16033872925312478
5020.0;49.97926054620567;-0.3282939690000001;0.0062094762003362305;1.081197079344765e-15;0.00022513856877200614;0.0;0.00869373000151068;0.48847235166079456;1.7233494481802968e-13;0.0;0.0;1.3794210199602248e-13;0.0;-0.17528604662064612
5021.0;49.9791038751089;-0.33137367900000003;0.006253115600254428;1.0811968747204435e-15;0.00021189355355062051;0.0;0.009156239999782979;0.4966702687538974;1.7233486434223736e-13;0.0;0.0;1.3794207869974715e-13;0.0;-0.18089710425313987
5022.0;49.978679004273374;-0.33977548700000004;0.006369963350470073;1.0811963197707816e-15;0.0002118935535506096;0.0;0.009438120011015157;0.5188940949993922;1.723346460882035e-13;0.0;0.0;1.3794201551927837e-13;0.0;-0.1951177104270983
5023.0;49.97812877377219;-0.35952456800000004;0.006520660568972693;1.0811956010612699e-15;0.00031784033096510564;0.0;0.00945755999776717;0.5476559710307333;1.723343634290207e-13;0.0;0.0;1.3794193369490822e-13;0.0;-0.20440641352827096
5024.0;49.97775011823073;-0.38342111200000006;0.006587793149222679;1.0811951054924752e-15;0.005880045403873687;0.0;0.009501300006083197;0.5664678410544064;1.7233416852768937e-13;0.0;0.0;1.3794187727485734e-13;0.0;-0.20499495601647105
5025.0;49.97746863896986;-0.3961099560000001;0.006493021571302837;1.081194733274503e-15;0.031651596415217025;0.0;0.009497249991899192;0.5765838337927994;1.723340221385454e-13;0.0;0.0;1.3794183489823946e-13;0.0;-0.22809596244092992
5026.0;49.97731722165365;-0.402828185;0.0061327418554429775;1.081194524795643e-15;0.0923326083605817;0.0;0.009523170003887218;0.5736606145888886;1.7233394014604393e-13;0.0;0.0;1.3794181116309312e-13;0.0;-0.2788039886115629
5027.0;49.97708328676313;-0.4069293990000001;0.005642956329974958;1.0811942050955616e-15;0.173620266289009;0.0;0.00951507000093521;0.5714105688605988;1.7233381441128766e-13;0.0;0.0;1.379417747655435e-13;0.0;-0.35324626738025544
5028.0;49.97674387211151;-0.411627495;0.005297358907867331;1.0811937497911742e-15;0.2407772722237612;0.0;0.009349019991251099;0.5771463443802588;1.7233363534446417e-13;0.0;0.0;1.3794172292954663e-13;0.0;-0.42093238213195383
5029.0;49.976466462876;-0.410991364;0.00509492967278861;1.0811933798680172e-15;0.2831824658064762;0.0;0.009282600002627055;0.5840624733635315;1.7233348985705522e-13;0.0;0.0;1.3794168081413688e-13;0.0;-0.4706229077973753
5030.0;49.97637132528596;-0.40676617300000006;0.005176642458507405;1.0811932571194428e-15;0.2747994283409212;0.0;0.008988569999674867;0.5905451908606832;1.7233344158108468e-13;0.0;0.0;1.3794166683933402e-13;0.0;-0.4727350334697651
5031.0;49.97647921955118;-0.402014821;0.005431334779444053;1.0811934058436417e-15;0.23122882020664662;0.0;0.008474220002842538;0.5927030234277956;1.7233350007302982e-13;0.0;0.0;1.3794168377143682e-13;0.0;-0.4358119174837393
5032.0;49.97704000574148;-0.3946005780000001;0.005738495167083542;1.0811941508790196e-15;0.16065503032959982;0.0;0.008461260003202528;0.5759936553717672;1.7233379308845887e-13;0.0;0.0;1.3794176859304422e-13;0.0;-0.3562340365804162
5033.0;49.97746942675271;-0.3897111230000001;0.006151774516139253;1.0811947252221137e-15;0.08312848225803454;0.0;0.00881927999643476;0.5673438855116885;1.7233401897162244e-13;0.0;0.0;1.3794183398146485e-13;0.0;-0.2757149526788669
5034.0;49.97796179883673;-0.38825858600000007;0.006394512452117166;1.0811953784060745e-15;0.026062904277278254;0.0;0.008852490003454783;0.5517872047749258;1.7233427586142882e-13;0.0;0.0;1.379419083458291e-13;0.0;-0.20481864016561072
5035.0;49.97788333995316;-0.38929146100000006;0.006569652224052183;1.0811952799936445e-15;0.0030592130112272395;0.0;0.008899469992618815;0.5600035665273353;1.7233423715698284e-13;0.0;0.0;1.379418971416677e-13;0.0;-0.18921944051447367
5036.0;49.977830614192;-0.385774655;0.006599656583967989;1.0811952115350708e-15;0.0007416274406231355;0.0;0.00867672000039467;0.5631757641381087;1.7233421023303897e-13;0.0;0.0;1.3794188934771348e-13;0.0;-0.19339798582767745
5037.0;49.97756853297513;-0.37725050400000004;0.006674148344384704;1.08119486927512e-15;0.0004105450585707843;0.0;0.00812753999341032;0.5769434717093719;1.7233407562608057e-13;0.0;0.0;1.3794185038176806e-13;0.0;-0.2148839715145198
5038.0;49.97722501952316;-0.36559467600000006;0.006769204566815278;1.08119442060191e-15;0.00033108238077389897;0.0;0.007290000000789779;0.5949254063901905;1.7233389916772278e-13;0.0;0.0;1.379417993007286e-13;0.0;-0.24369967144265245
5039.0;49.977337153069314;-0.354734101;0.006738830516548623;1.081194567081541e-15;0.00022513856877195675;0.0;0.006070950001292999;0.5890789713608205;1.72333956776639e-13;0.0;0.0;1.3794181597731013e-13;0.0;-0.24735847601296074
5040.0;49.97732828821062;-0.3443702490000001;0.0067406316008859915;1.0811945554877216e-15;0.00023838061858077314;0.0;0.005103809999564379;0.5895400473020626;1.7233395221689866e-13;0.0;0.0;1.3794181465736252e-13;0.0;-0.2572313069412367
5041.0;62.441841447334724;-0.31574648400000005;0.013786114845761387;1.834623333554635e-15;0.00723086644480026;0.0;0.00536949000487806;0.2994591589287724;1.6788155866908715e-13;0.0;0.0;2.101544433557707e-13;0.0;-0.009986555785325974
5042.0;62.44208459608957;-0.30925420900000006;0.013786114845761392;1.834623881417044e-15;0.005641666266288911;0.0;0.005635169997498231;0.29377871231935426;1.678816352000202e-13;0.0;0.0;2.1015449208725533e-13;0.0;-0.009474971994016139
5043.0;62.4422996255382;-0.307229073;0.013786114845761397;1.834624368821507e-15;0.004290845224930498;0.0;0.00555498000131418;0.2888913134234035;1.678817032855138e-13;0.0;0.0;2.101545354411354e-13;0.0;-0.00518157033488117
5044.0;82.5425810071415;-0.306824999;0.013786114845937473;1.8807949219276126e-15;0.002847319456382807;0.0;0.005687820003992238;0.28351517750978195;1.7407602781057254e-13;0.0;1.4668539789688584e-13;2.1423347156773075e-13;0.0;-3.934877619024124e-11
5045.0;87.8581242975143;-0.3087061910000001;0.013786114845952789;1.8934051834183814e-15;0.0012183871976981962;0.0;0.005587380000430799;0.28798760788973743;1.756793878727462e-13;0.0;1.491967296759956e-13;2.1533787207210835e-13;0.0;-3.1604479361346955e-11
5046.0;222.86413256710503;-0.316828359;0.013786114846025974;2.2816917405425524e-15;0.001046225723857045;3.927632735179235e-18;0.005425379992247402;0.2905235213439271;2.0976519765201368e-13;0.0;2.6384056176838635e-13;2.473773624202968e-13;2.5400167073448453e-14;-6.000804733568793e-12
5047.0;344.1488008861899;-0.33436712300000004;0.013786114846034436;2.7970737710357677e-15;0.015454985969692891;4.4887957677348355e-18;0.005217210002800933;0.2886976622383632;2.2997857040411917e-13;0.0;8.519590947055382e-13;2.844260921215865e-13;3.7488988571916917e-14;-3.5846542191380453e-12
5048.0;62.44165383616508;-0.354771015;0.013786114845761381;1.8346228498890192e-15;0.10637055562621918;0.0;0.005070599992529867;0.285165826710211;1.6788149110575677e-13;0.0;0.0;2.1015440033441723e-13;0.0;-0.05551704888348672
5049.0;62.4404684614116;-0.37346052700000004;0.013786114845761352;1.8346200606065597e-15;0.32011815756075024;0.0;0.004787100003581685;0.27405391189823747;1.678811014693228e-13;0.0;0.0;2.101541522318547e-13;0.0;-0.23919451208378276
5050.0;62.43971312401116;-0.38494765200000003;0.013786114845761335;1.834618231375597e-15;0.5470561340247407;0.0;0.004587839999585556;0.24989356872659765;1.6788084594198437e-13;0.0;0.0;2.1015398952434254e-13;0.0;-0.43030190529163065
5051.0;36.88641789158034;-0.38911769000000007;0.0;1.7791013525532957e-15;0.7248612957976572;0.0;0.004395870003289692;0.25254936317443083;1.5976196306318402e-13;0.0;0.0;0.0;0.0;-0.5912899718691468
5052.0;-0.0016377060039546674;-0.39286929600000003;0.0;0.0;0.8012492190683286;0.0;0.0009519539438102393;0.18195572140806893;0.0;0.0;0.0;0.0;0.0;-0.5912899718859645
5053.0;-0.0016377064859993318;-0.39636801400000005;0.0;0.0;0.7910478776423292;0.0;0.0009453940061020161;0.1956623407979881;0.0;0.0;0.0;0.0;0.0;-0.5912899718859645
5054.0;-0.0016377065116349764;-0.39517412200000007;0.0;0.0;0.7762899468805262;0.0;0.0009535093639860598;0.20921826420125614;0.0;0.0;0.0;0.0;0.0;-0.5912899718859645
5055.0;-0.0016377062134011835;-0.388103574;0.0;0.0;0.7623767894466165;0.0;0.0009598687492927702;0.21605451423252975;0.0;0.0;0.0;0.0;0.0;-0.5912899718859645
5056.0;-0.0016377021311999229;-0.3784742570000001;0.0;0.0;0.6711260285617164;0.0;0.0009302273126599136;0.29770559943759883;0.0;0.0;0.0;0.0;0.0;-0.5912899718859645
5057.0;62.43829368029689;-0.36730933300000007;0.013786114845761302;1.834615076154321e-15;0.48416348476889287;0.0;0.004419359991557447;0.29672959428916007;1.6788040518373372e-13;0.0;0.0;2.1015370887168007e-13;0.0;-0.43170900553849084
5058.0;62.44093710172033;-0.35956322900000004;0.013786114845761364;1.834621152971689e-15;0.2530670969207062;0.0;0.004281659992205359;0.275142048822221;1.678812540626276e-13;0.0;0.0;2.1015424939613422e-13;0.0;-0.18661892490394816
5059.0;245.6096076704898;-0.355167947;0.01378611484602836;2.363384356649189e-15;0.07338138021944955;4.022030952398125e-18;0.004568400000168341;0.2589029798824352;2.1421948514580387e-13;0.0;3.0309398047405304e-13;2.536502929193368e-13;2.7035750610102474e-14;-5.32113674834169e-12
5060.0;447.13749433651924;-0.3581233370000001;0.013786114846037565;3.4613858710099155e-15;0.014726600577671643;5.107371536063918e-18;0.004619430003522948;0.2624255939248537;2.418121988729854e-13;0.0;0.05723060152819763;3.2420016771676263e-13;6.293075964441344e-14;-2.6793772574859505e-12
5061.0;426.22731081531873;-0.35358908;0.013786114846037069;3.3022601651299365e-15;0.007456005016310381;4.968609892262913e-18;0.0038369699903100535;0.2698396847895228;2.3970957567434814e-13;0.0;0.05723060152747826;3.1540868146157165e-13;5.531546739660309e-14;-2.823714457142976e-12
5062.0;398.5040266579117;-0.34488637600000005;0.01378611484603632;3.1124795016175535e-15;0.007747358283506283;4.7956719705291716e-18;0.003369600008057169;0.27168398517602843;2.367040100381445e-13;0.0;0.04850666121289553;3.043382019678288e-13;4.766448774322057e-14;-3.041281121150197e-12
5063.0;398.5039658401711;-0.33451959900000006;0.01378611484603632;3.1124791038614148e-15;0.007747358283506283;4.795671599217077e-18;0.002930580010720888;0.2731870906160522;2.367040030612567e-13;0.0;0.037075692802503855;3.043381780723904e-13;4.766447308244588e-14;-3.0412816426294636e-12
5064.0;398.5038814816272;-0.3239067670000001;0.01378611484603632;3.1124785579986984e-15;0.007575193843516277;4.79567108964212e-18;0.002323079992648498;0.2752988157579632;2.367039934864852e-13;0.0;0.0251308985286678;3.043381452792803e-13;4.7664452962673344e-14;-3.041282358284416e-12
5065.0;49.99019673136001;-0.23463992300000008;0.0030536078339197447;1.130734661548699e-15;0.005562205071571931;0.0;0.002822849999380961;0.2553803641503841;1.7144220101880892e-13;0.0;0.0;1.432454785814134e-13;0.0;-0.03217426292032049
5066.0;49.99051196360459;-0.23142958900000002;0.00303295642874095;1.1307350926693625e-15;0.0030989421260080325;0.0;0.0030431699932611024;0.2393257232214441;1.7144235680646786e-13;0.0;0.0;1.4324552689328481e-13;0.0;-0.017066334550320916
5067.0;49.990754941813655;-0.22862402800000003;0.003091251763633227;1.1307354249376515e-15;0.0017216340196194195;0.0;0.0029783700077690616;0.2268674715935841;1.7144247687314206e-13;0.0;0.0;1.4324556412768272e-13;0.0;-0.006029831285808282
5068.0;64.82662492272011;-0.22590320700000002;0.013786114845897025;1.1513188430300299e-15;0.0006356806634566743;0.0;0.0031962599906074783;0.21469508431292444;1.785908150411771e-13;0.0;0.0;1.4554644106606194e-13;0.0;-3.3129801904907e-11
5069.0;49.99081690388763;-0.226430311;0.0032360174831676833;1.1307355098344078e-15;0.0005297338857359047;0.0;0.0034514099946293653;0.22384281605422968;1.7144250755096614e-13;0.0;0.0;1.4324557364126789e-13;0.0;-0.004624758339820582
5070.0;49.99081840821118;-0.22817471700000005;0.0030316120803461524;1.1307355093503627e-15;0.013918756954803067;0.0;0.003499199991713396;0.22135301002566585;1.7144250737605177e-13;0.0;0.0;1.432455735870617e-13;0.0;-0.013623586692048155
5071.0;49.99068724364684;-0.23370373900000002;0.0032763003678444964;1.130735320032303e-15;0.0691567526544825;0.0;0.003361499992361307;0.21832835617553742;1.7144243896515418e-13;0.0;0.0;1.4324555237184355e-13;0.0;-0.060417446254985234
5072.0;49.99032350557294;-0.24670483099999999;0.004231522952064719;1.1307347971647937e-15;0.21128434047033684;0.0;0.0032100299981572098;0.21193785352878886;1.7144225002439507e-13;0.0;0.0;1.4324549377871165e-13;0.0;-0.18396374302133497
5073.0;49.98967216544766;-0.26321962400000004;0.005442135831895762;1.1307338739933648e-15;0.39400278460305055;0.0;0.0030196800050330875;0.21333952263336922;1.7144191643096585e-13;0.0;0.0;1.43245390327084e-13;0.0;-0.3525976953665697
5074.0;49.98910855780113;-0.277084255;0.006600589201796871;1.130733076169485e-15;0.5466191048656477;0.0;0.0027677699945569253;0.21553424114064298;1.7144162813169525e-13;0.0;0.0;1.4324530092199128e-13;0.0;-0.49445763152910055
5075.0;49.98867197209376;-0.28643657600000005;0.0070956058484856295;1.1307324662880179e-15;0.6201461609777855;0.0;0.0030148200083450825;0.22522604218872944;1.714414077461574e-13;0.0;0.0;1.4324523257795092e-13;0.0;-0.5690695542183783
5076.0;-0.0017030051700436487;-0.291130561;0.0;0.0;0.6442651462673086;0.0;0.002719678143541546;0.23543797562446253;0.0;0.0;0.0;0.0;0.0;-0.5912899718878967
5077.0;-0.0016377040754967118;-0.29154429700000006;0.0;0.0;0.6490735371903155;0.0;0.0009365782453146371;0.23282178007385873;0.0;0.0;0.0;0.0;0.0;-0.5912899718878967
5078.0;-0.0016377043096263899;-0.29013195700000005;0.0;0.0;0.6479985666967636;0.0;0.0009363713218325493;0.23248461750945046;0.0;0.0;0.0;0.0;0.0;-0.5912899718878967
5079.0;-0.0016377041747005804;-0.28746827500000005;0.0;0.0;0.6151464579745104;0.0;0.0009366920639438239;0.26267272346390325;0.0;0.0;0.0;0.0;0.0;-0.5912899718878967
5080.0;-0.0016968736367538998;-0.283660697;0.0;0.0;0.5511447788927204;0.0;0.002864633272619807;0.32094167835790144;0.0;0.0;0.0;0.0;0.0;-0.5912899718878967
5081.0;49.98733114656715;-0.278082814;0.005343417762001998;1.130730668543889e-15;0.4341036376303828;0.0;0.003384990006005319;0.3286913306973843;1.7144075811404319e-13;0.0;0.0;1.4324503112054258e-13;0.0;-0.49345497120930093
5082.0;49.98752416566479;-0.2749774910000001;0.004638146276310371;1.1307309584824572e-15;0.2903206290080291;0.0;0.0032375700005692256;0.34431256014020345;1.7144086288643897e-13;0.0;0.0;1.432450636114474e-13;0.0;-0.36753914680406913
5083.0;49.98809542632951;-0.26750406100000007;0.0037069508161502217;1.1307317664024186e-15;0.13963783928662976;0.0;0.002766959999344924;0.3413708996554378;1.714411548362949e-13;0.0;0.0;1.4324515414794226e-13;0.0;-0.21997942896251602
5084.0;49.988609271791184;-0.266732141;0.003427495193014123;1.1307324871957096e-15;0.03657812230628657;0.0;0.00316709999776118;0.33291478098120614;1.7144141530133674e-13;0.0;0.0;1.432452349208883e-13;0.0;-0.10935151860251739
5085.0;49.98870940253934;-0.265424541;0.003618906002887079;1.1307326285364607e-15;0.011667389046774406;0.0;0.0027872100067249366;0.332130951374327;1.7144146637596404e-13;0.0;0.0;1.4324525075971683e-13;0.0;-0.08477493865397505
5086.0;49.988761592504694;-0.26348651700000003;0.0036249157577687117;1.1307327003449165e-15;0.008873042236451873;0.0;0.0027402300048529073;0.3298993486161181;1.7144149232455513e-13;0.0;0.0;1.4324525880665907e-13;0.0;-0.08164592681983662
5087.0;49.98866657881481;-0.25977028300000005;0.003663693843996636;1.1307325705408206e-15;0.008886285768966969;0.0;0.0029111399985170174;0.33486973918820545;1.714414454187811e-13;0.0;0.0;1.432452442606363e-13;0.0;-0.09055545670148521
5088.0;49.9886895268298;-0.25356770200000006;0.003648520198335679;1.1307326018925511e-15;0.008873042236451871;0.0;0.003070709995673119;0.33367094275451215;1.7144145674799257e-13;0.0;0.0;1.432452477739567e-13;0.0;-0.09569040001503268
5089.0;398.5060135756654;-0.255751987;0.013786114846040603;1.8027924938469494e-15;0.008316822768236896;2.8934403627140096e-18;0.0005702399968631578;0.2226071353702815;2.58575089120705e-13;0.0;0.010676793547319893;2.135854885705453e-13;2.7607123135957857e-14;-1.7452885239881453e-12
5090.0;398.5060742956601;-0.24996941700000003;0.013786114846040603;1.8027927224912525e-15;0.007323571173961018;2.893440595586932e-18;0.0005686200064391569;0.22129768111610437;2.585750946638292e-13;0.0;0.007198561018230755;2.1358551027056885e-13;2.7607131563160846e-14;-1.7452882302708889e-12
5091.0;398.50200468734147;-0.24713800400000002;0.013786114846040603;1.8027765031183777e-15;0.006144911607180031;2.893424076146168e-18;0.0008083799997793105;0.22138989596650763;2.585747014436108e-13;0.0;0.005232240879250471;2.1358397093077248e-13;2.7606533768682507e-14;-1.7453090661743135e-12
5092.0;398.5059928875501;-0.248653212;0.013786114846040603;1.8027922399265585e-15;0.005416529180499851;2.893440104097006e-18;0.001361610008239666;0.22220138833928163;2.5857508296480083e-13;0.0;0.006081460940057518;2.1358546447167214e-13;2.7607113777149165e-14;-1.7452888501755496e-12
5093.0;398.5060529568222;-0.25437060200000006;0.013786114846040603;1.8027926388964575e-15;0.011044950433277651;2.8934405104459634e-18;0.0015211800053957676;0.22112247290033832;2.5857509263720427e-13;0.0;0.007100759618351863;2.1358550233679526e-13;2.7607128482087548e-14;-1.745288337657027e-12
5094.0;248.92824654967077;-0.26885104900000006;0.01378611484603617;1.3761577073637423e-15;0.05109282784775;2.417512075058579e-18;0.001747979999092785;0.20794494037160172;2.3932657345911155e-13;0.0;1.794863011544232e-13;1.70673871769711e-13;1.5808950287250898e-14;-2.9773743802867435e-12
5095.0;57.054347994369635;-0.2828098970000001;0.013786114845755362;1.0556794645407993e-15;0.1685613080383371;0.0;0.0020646899950329508;0.18369238234907745;1.7669189273218163e-13;0.0;0.0;1.352317744716871e-13;0.0;-0.08466738327665184
5096.0;57.053320973438105;-0.3072761970000001;0.013786114845755317;1.0556780776702155e-15;0.3710388239347974;0.0;0.0022112999925490433;0.17083760517525778;1.7669133591336428e-13;0.0;0.0;1.3523161516587765e-13;0.0;-0.24998448171009297
5097.0;57.051702134884486;-0.324710944;0.013786114845755247;1.0556759210026041e-15;0.6014862861032758;0.0;0.002353860001297135;0.16730576964791194;1.7669047001933995e-13;0.0;0.0;1.3523136743557225e-13;0.0;-0.4596234420543906
5098.0;-0.0016377039738642266;-0.3396210930000001;0.0;0.0;0.7739761185361235;0.0;0.0009354772573830757;0.15599709576278512;0.0;0.0;0.0;0.0;0.0;-0.5912899718892033
5099.0;-0.0016377049802829237;-0.3507719170000001;0.0;0.0;0.8226363296264699;0.0;0.000935709721069011;0.11848747623319125;0.0;0.0;0.0;0.0;0.0;-0.5912899718892033
5100.0;-0.0016377050672459303;-0.353117589;0.0;0.0;0.8138266180803075;0.0;0.0009358849720474984;0.12964268452216943;0.0;0.0;0.0;0.0;0.0;-0.5912899718892033
5101.0;-0.0016377050733710464;-0.351128078;0.0;0.0;0.8039524525937433;0.0;0.0009359011863910111;0.1375273227936541;0.0;0.0;0.0;0.0;0.0;-0.5912899718892033
5102.0;-0.0016377050568026751;-0.34984496500000006;0.0;0.0;0.7854072957963927;0.0;0.0009359133887441041;0.1547893543869306;0.0;0.0;0.0;0.0;0.0;-0.5912899718892033
5103.0;-0.001637705026810819;-0.34577694500000006;0.0;0.0;0.7649613828812937;0.0;0.0009361634845880001;0.17116699718571923;0.0;0.0;0.0;0.0;0.0;-0.5912899718892033
5104.0;-0.0016377043425135933;-0.33898147300000003;0.0;0.0;0.6989480599114551;0.0;0.0009363290832105222;0.23038468250337946;0.0;0.0;0.0;0.0;0.0;-0.5912899718892033
5105.0;57.04719690287739;-0.330002298;0.013786114845755062;1.0556701462672514e-15;0.5525918535159515;0.0;0.004114800000038259;0.28754497322942557;1.7668815144196197e-13;0.0;0.0;1.3523070410752247e-13;0.0;-0.5274296283605157
5106.0;57.04799546202829;-0.3218855570000001;0.013786114845755097;1.0556712264735478e-15;0.38987086176684344;0.0;0.003966569999390166;0.2985462302209155;1.7668858515344665e-13;0.0;0.0;1.3523082818792307e-13;0.0;-0.3836670698555244
5107.0;57.0490112897696;-0.310614533;0.01378611484575514;1.0556725892961676e-15;0.21630356812391022;0.0;0.003819150006662073;0.30621852266672017;1.7668913233455872e-13;0.0;0.0;1.3523098473167305e-13;0.0;-0.22888378044194804
5108.0;57.05150734890054;-0.297138518;0.013786114845755246;1.0556758407823163e-15;0.08545931136134802;0.0;0.004049189993918222;0.2693693873627605;1.7669043781099202e-13;0.0;0.0;1.3523135822090947e-13;0.0;-0.07488920675516618
5109.0;57.05221924351863;-0.288607416;0.013786114845755275;1.0556767779562661e-15;0.02191773790849789;0.0;0.003821579992298076;0.2639010349092697;1.7669081408407661e-13;0.0;0.0;1.3523146587143516e-13;0.0;-0.014178593080870041
5110.0;57.05159618510998;-0.28509096200000006;0.01378611484575525;1.0556759810687832e-15;0.00839628099698601;0.0;0.0034562699913258414;0.2817630919737903;1.7669049413576294e-13;0.0;0.0;1.3523137433521498e-13;0.0;-0.021668770717173044
5111.0;57.05162746648894;-0.2765583920000001;0.013786114845755251;1.0556760211047868e-15;0.008157901859833075;0.0;0.003035070003025571;0.2810161499962985;1.7669051021016274e-13;0.0;0.0;1.35231378934029e-13;0.0;-0.028794867952831753
5112.0;57.052273719131186;-0.2593803800000001;0.013786114845755279;1.0556768518398173e-15;0.0077870873975291665;0.0;0.0030731400067335957;0.26515516025320507;1.766908437480605e-13;0.0;0.0;1.3523147435820484e-13;0.0;-0.029779776266367648
5113.0;398.5075146551709;-0.254702737;0.013786114846039262;2.2127425870941875e-15;0.007018972891491009;3.506687657829114e-18;0.0010448999995622777;0.18587787937182562;2.5095529092602617e-13;0.0;0.047178518977457846;2.465846626725009e-13;3.388545942663202e-14;-2.161869097152397e-12
5114.0;398.50757599928005;-0.252610023;0.013786114846039262;2.212742870628316e-15;0.0054695018278186685;3.506687938978746e-18;0.001121039994270327;0.18450387641159213;2.5095529714613075e-13;0.0;0.047933280843649013;2.465846859674579e-13;3.388546987721249e-14;-2.1618687255133827e-12
5115.0;493.8854317842621;-0.25051566900000005;0.013786114846040816;2.7582604929691666e-15;0.004317330808810957;4.001427651605858e-18;0.001138860003307573;0.17300465753872052;2.5908789119698424e-13;0.0;0.05723060152880579;2.878924505289914e-13;6.465747233419601e-14;-1.7093801132745434e-12
5116.0;544.981174406379;-0.248634702;0.013786114846041404;3.17814621791525e-15;0.0043703034561794795;4.328079234091953e-18;0.001065150006944009;0.1682371396375282;2.6249049735672417e-13;0.0;0.05723060152892632;3.152733375091903e-13;1.2589481647984091e-13;-1.5374282177136435e-12
5117.0;600.5572912194725;-0.25115254000000004;0.013786114846041917;3.8096991051023954e-15;0.00519139061047825;4.7494605167709726e-18;0.0010797299970084508;0.15767851730643323;2.65642476671253e-13;0.0;0.05723060152898823;3.502615202419269e-13;0.01709226834641572;-1.3858872185065751e-12
5118.0;676.2155993703441;-0.26192304800000005;0.01378611484604247;5.224743839489657e-15;0.0215204378648419;5.472687209196266e-18;0.0010675799925809173;0.14371715854933154;2.6921623586701964e-13;0.0;0.05723060152903264;4.0798195471071115e-13;0.01709226835046652;-1.2221681135143908e-12
5119.0;398.50910084763944;-0.279424625;0.013786114846039262;2.2127497783042058e-15;0.10047726669007173;3.506694788539657e-18;0.0008124300012541291;0.12914718009028964;2.509554486841799e-13;0.0;0.0353967700070319;2.465852534961796e-13;3.388572448333395e-14;-2.1618596714206316e-12
5120.0;62.39638305704876;-0.29902522100000006;0.013786114845843045;1.3041882784634645e-15;0.2612912164446924;0.0;0.0007257600052156393;0.1248776240699012;1.7442789074841196e-13;0.0;0.0;1.612718449868057e-13;0.0;-0.10192034558729056
5121.0;62.395088554192185;-0.31554713300000004;0.013786114845843023;1.3041861287889221e-15;0.4580343628282542;0.0;0.0006763499922916068;0.11969513765266031;1.7442731685722866e-13;0.0;0.0;1.6127161692951775e-13;0.0;-0.27692303748991315
5122.0;62.39370013725912;-0.32644616700000006;0.013786114845842998;1.3041838466428233e-15;0.6120544767795637;0.0;0.0006002100102915571;0.12488684386571544;1.7442670759626594e-13;0.0;0.0;1.612713748183278e-13;0.0;-0.4251697489165822
5123.0;62.392849427690955;-0.33602811700000007;0.013786114845842985;1.3041824480441623e-15;0.7067046677466154;0.0;0.0004544099952794629;0.128003712566247;1.7442633421239186e-13;0.0;0.0;1.612712264419007e-13;0.0;-0.5132152659223022
5124.0;62.392186041969396;-0.341528877;0.013786114845842974;1.3041813705782804e-15;0.7474809305532738;0.0;0.00037098000553940897;0.13663504283469696;1.7442604656018551e-13;0.0;0.0;1.6127111213425128e-13;0.0;-0.5570410915063857
5125.0;62.39152657721601;-0.342273833;0.013786114845842962;1.304180313578833e-15;0.7524471855592405;0.0;0.00027945000013934973;0.15188741287590332;1.744257643709874e-13;0.0;0.0;1.6127099999782173e-13;0.0;-0.5764230439873799
5126.0;62.39095391046484;-0.341220286;0.013786114845842953;1.304179399456459e-15;0.7453619964876899;0.0;0.00025110000251533135;0.1671858886530853;1.7442552032518497e-13;0.0;0.0;1.6127090301911502e-13;0.0;-0.5856605925341821
5127.0;62.39081791398344;-0.33652811700000007;0.013786114845842952;1.3041792082913793e-15;0.6885612847091168;0.0;0.0003102299961073692;0.1814699993866063;1.7442546928921816e-13;0.0;0.0;1.612708827385334e-13;0.0;-0.5478906239489792
5128.0;62.39158987481399;-0.329736436;0.013786114845842964;1.3041804816037319e-15;0.5932621695450628;0.0;0.00032886000035538157;0.18043719306209072;1.7442580922899485e-13;0.0;0.0;1.6127101782351224e-13;0.0;-0.45836264308697816
5129.0;62.39269376384349;-0.32138404200000004;0.013786114845842983;1.3041823064724075e-15;0.445492913978503;0.0;0.0003159000007153741;0.181082698704139;1.7442629641689762e-13;0.0;0.0;1.6127121142265306e-13;0.0;-0.3195684352985694
5130.0;62.39384422336294;-0.31312527;0.013786114845843002;1.3041842058717274e-15;0.2973925775125972;0.0;0.0003231899957473795;0.18064006404375169;1.74426803499341e-13;0.0;0.0;1.6127141292865827e-13;0.0;-0.17928166133877405
5131.0;62.39515695624332;-0.302949344;0.013786114845843024;1.304186365539156e-15;0.14900088481406557;0.0;0.00030861000568337105;0.17630595762867213;1.7442738006180574e-13;0.0;0.0;1.6127164204618496e-13;0.0;-0.03670739793706392
5132.0;590.934749992331;-0.293823354;0.013786114846041836;3.682886314161307e-15;0.04841767283018336;4.670749397793049e-18;0.00024543001065184674;0.17323519635396897;2.651321622848622e-13;0.0;0.05723060152898007;3.43776473974004e-13;8.515187764057976e-13;-1.409948551942565e-12
5133.0;732.0070823085296;-0.290469892;0.0137861148460428;7.210850112355919e-15;0.013137398916589134;6.1629580648693195e-18;0.0002640600021926893;0.18719655511109312;2.7144066565216366e-13;0.0;0.0572306015290525;4.584918154337227e-13;0.017092268350503377;-1.1242314294046147e-12
5134.0;616.3735723433256;-0.28510026200000005;0.013786114846042046;4.0383926835287516e-15;0.009098177842303238;4.884744337781371e-18;0.00027539999870004395;0.19274790092993543;2.6645215925155165e-13;0.0;0.05723060152900008;3.613338846295983e-13;0.01709226835016574;-1.3480708791175104e-12
5135.0;598.8957550742884;-0.27569234600000003;0.013786114846041904;3.7870887089606766e-15;0.008793581042571209;4.7356260931452175e-18;0.00023571000456789777;0.19182575073667557;2.65554990896171e-13;0.0;0.05723060152898687;3.49123821205934e-13;0.003008413827354796;-1.3899995916042146e-12
5136.0;495.1658043595979;-0.265733889;0.013786114846040833;2.7676273890432033e-15;0.008780338992735847;4.009184567938505e-18;0.00021060000049899087;0.19284933726536166;2.5918213213890637e-13;0.0;0.05723060152881047;2.8854307043530684e-13;6.547348999202631e-14;-1.704492332382405e-12
5137.0;5.660435606746404e-6;-0.298306206;0.0;0.0;0.0026549010979899385;0.0;0.009347481546199798;0.4583698382897759;0.0;0.0;0.0;0.0;0.0;-0.17206596380183084
5138.0;6.54979298996689e-6;-0.2955014080000001;0.0;0.0;0.0013171509594306742;0.0;0.009234682954742638;0.44985253708873807;0.0;0.0;0.0;0.0;0.0;-0.16490291564657028
5139.0;7.351322123975554e-6;-0.29294844800000003;0.0;0.0;0.0006331524375713201;0.0;0.008736868596594529;0.4483131997105558;0.0;0.0;0.0;0.0;0.0;-0.16473469870814783
5140.0;7.355185878049186e-6;-0.2924850600000001;0.0;0.0;0.0006203575245214873;0.0;0.008191105151214115;0.44234483604263486;0.0;0.0;0.0;0.0;0.0;-0.1586711646540073
5141.0;7.29319374245812e-6;-0.30023824700000007;0.0;0.0;0.0006331583477563052;0.0;0.007410567928032335;0.4379434915176157;0.0;0.0;0.0;0.0;0.0;-0.14574889696382
5142.0;6.347910853677515e-6;-0.3178826330000001;0.0;0.0;0.0015633760159343244;0.0;0.005953873504600813;0.4297845896723964;0.0;0.0;0.0;0.0;0.0;-0.11941916282250277
5143.0;1.5840489105263628e-6;-0.334760873;0.0;0.0;0.01528019782940678;0.0;0.00588161806885935;0.41744276148249587;0.0;0.0;0.0;0.0;0.0;-0.10384362900508896
5144.0;1.2911521986347943e-6;-0.34755078100000003;0.0;0.0;0.10664151313422937;0.0;0.0066397441666239026;0.4127432501830936;0.0;0.0;0.0;0.0;0.0;-0.17847365739688484
5145.0;1.226427363777011e-6;-0.3598074820000001;0.0;0.0;0.31308848600546796;0.0;0.006745422140518768;0.3912648291599478;0.0;0.0;0.0;0.0;0.0;-0.35129119164677786
5146.0;1.2059510775307414e-6;-0.37021204500000005;0.0;0.0;0.5366883450064687;0.0;0.006951419626306061;0.3685755689784271;0.0;0.0;0.0;0.0;0.0;-0.5420032267440583
5147.0;1.1470318279218138e-6;-0.37833925100000004;0.0;0.0;0.6641727019636002;0.0;0.0066183771752601935;0.2814411706149661;0.0;0.0;0.0;0.0;0.0;-0.5738929415740961
5148.0;1.1420686888394287e-6;-0.38279694300000006;0.0;0.0;0.6548809827009153;0.0;0.006515513848786485;0.29572709288592225;0.0;0.0;0.0;0.0;0.0;-0.5743265894833317
5149.0;1.1946672213252985e-6;-0.379058;0.0;0.0;0.6427823554138237;0.0;0.007937698021209529;0.29678245762097927;0.0;0.0;0.0;0.0;0.0;-0.5684444513448202
5150.0;1.2250042128065168e-6;-0.37921824200000004;0.0;0.0;0.6280194847728329;0.0;0.008702229691074608;0.30777237148168296;0.0;0.0;0.0;0.0;0.0;-0.565275783095879
5151.0;1.236512850203114e-6;-0.374550629;0.0;0.0;0.6360534841665078;0.0;0.008953306508355047;0.2935490164760385;0.0;0.0;0.0;0.0;0.0;-0.5640051169194346
5152.0;1.3279686443164615e-6;-0.36575104500000005;0.0;0.0;0.5040484303908057;0.0;0.008957673033798016;0.37636670286307744;0.0;0.0;0.0;0.0;0.0;-0.5236216914829218
5153.0;1.286091304216561e-6;-0.35486186500000005;0.0;0.0;0.31179336743745706;0.0;0.008855464043543248;0.3519749954373581;0.0;0.0;0.0;0.0;0.0;-0.31776189685711803
5154.0;1.3817994434829496e-6;-0.342352377;0.0;0.0;0.1279857615264693;0.0;0.009515928465744216;0.3219495953739833;0.0;0.0;0.0;0.0;0.0;-0.11709883684938246
5155.0;1.538197253821777e-6;-0.34136414000000004;0.0;0.0;0.02749273308807897;0.0;0.009672623212108288;0.3228761485280163;0.0;0.0;0.0;0.0;0.0;-0.01867728704743914
5156.0;3.22517801462423e-6;-0.34052121500000004;0.0;0.0;0.006853018745496507;0.0;0.00990162260019475;0.3475621241682796;0.0;0.0;0.0;0.0;0.0;-0.0237954864165429
5157.0;4.60459338093331e-6;-0.33337847600000003;0.0;0.0;0.004557764695835924;0.0;0.009928874384125557;0.36932756135143374;0.0;0.0;0.0;0.0;0.0;-0.05043568635934602
5158.0;5.00000484785712e-6;-0.322096168;0.0;0.0;0.0038277894281278217;0.0;0.009626311674703564;0.37832209423577506;0.0;0.0;0.0;0.0;0.0;-0.06967998381788687
5159.0;5.814075994958429e-6;-0.31156398199999996;0.0;0.0;0.0025249146018108256;0.0;0.009805225689340637;0.3903197926638655;0.0;0.0;0.0;0.0;0.0;-0.09108590028368933
5160.0;6.599169406090971e-6;-0.3020180230000001;0.0;0.0;0.0013042777323956976;0.0;0.009556260803922186;0.3976721474652518;0.0;0.0;0.0;0.0;0.0;-0.10651461479308452
5161.0;9.875076833547092e-6;-0.28188153900000007;0.0;0.0;0.00018410673670472448;0.0;0.004760995210058506;0.3804256044823559;0.0;0.0;0.0;0.0;0.0;-0.10348910144068894
5162.0;1.0103583950912637e-5;-0.21578008200000004;0.0;0.0;0.00022127299729811717;0.0;0.004186660562968375;0.3410712886243875;0.0;0.0;0.0;0.0;0.0;-0.12969907327829716
5163.0;9.867352446223682e-6;-0.21549180600000004;0.0;0.0;0.00018408319447805593;0.0;0.004721288163794783;0.34120868239369906;0.0;0.0;0.0;0.0;0.0;-0.13062218230043846
5164.0;1.0103271794169287e-5;-0.27007900900000004;0.0;0.0;0.00018409958026901363;0.0;0.004142198753102192;0.36095450090702635;0.0;0.0;0.0;0.0;0.0;-0.095201728364942
5165.0;1.0086973663638593e-5;-0.26839486;0.0;0.0;0.0001841052246340638;0.0;0.004193977229312261;0.35520767544611503;0.0;0.0;0.0;0.0;0.0;-0.09119083538108028
5166.0;1.0197818637504696e-5;-0.26988887100000003;0.0;0.0;0.00023381438286732456;0.0;0.004048483452853207;0.35526182888498886;0.0;0.0;0.0;0.0;0.0;-0.08965518794244928
5167.0;8.602248154453087e-6;-0.27450166100000006;0.0;0.0;0.001347423935586296;0.0;0.00463738871510164;0.3646112688253186;0.0;0.0;0.0;0.0;0.0;-0.0960943363551174
5168.0;2.202221659872097e-6;-0.281716289;0.0;0.0;0.018635414168549237;0.0;0.005164244702609868;0.37218553002336047;0.0;0.0;0.0;0.0;0.0;-0.11426880050734455
5169.0;1.6974625609210894e-6;-0.293121322;0.0;0.0;0.12390564744819578;0.0;0.005890842754592256;0.3792229074039776;0.0;0.0;0.0;0.0;0.0;-0.21589798548500513
5170.0;1.5746933484586418e-6;-0.307841118;0.0;0.0;0.27928228187611703;0.0;0.006402024438426345;0.39232773594052794;0.0;0.0;0.0;0.0;0.0;-0.3701708408700251
5171.0;1.5533858457648123e-6;-0.31751439;0.0;0.0;0.41863898645649833;0.0;0.0064397793557311594;0.3994800995958441;0.0;0.0;0.0;0.0;0.0;-0.5070443934274442
5172.0;1.517198867888958e-6;-0.32301081400000003;0.0;0.0;0.49325147910030603;0.0;0.0067705299663944635;0.3638018592914087;0.0;0.0;0.0;0.0;0.0;-0.5408129745032599
5173.0;1.499017370986665e-6;-0.32834623600000007;0.0;0.0;0.510744898186503;0.0;0.006967837696163639;0.36182450687957496;0.0;0.0;0.0;0.0;0.0;-0.5511909282609319
5174.0;1.4986121317769967e-6;-0.32676755600000007;0.0;0.0;0.4521432981590043;0.0;0.008077953242250335;0.402293590723929;0.0;0.0;0.0;0.0;0.0;-0.5357472081202465
5175.0;1.5217696186316764e-6;-0.32149992499999996;0.0;0.0;0.3500075561723167;0.0;0.00851624891809405;0.45329631189640446;0.0;0.0;0.0;0.0;0.0;-0.4903201123917009
5176.0;1.5824061855484322e-6;-0.312886637;0.0;0.0;0.2057758713795515;0.0;0.00824134386542123;0.44668281645118185;0.0;0.0;0.0;0.0;0.0;-0.34781330978188707
5177.0;1.6379302718575214e-6;-0.3163832630000001;0.0;0.0;0.06198488039080678;0.0;0.008666699045081095;0.4796213513545981;0.0;0.0;0.0;0.0;0.0;-0.23388958114475225
5178.0;2.9440346377182427e-6;-0.332116761;0.0;0.0;0.01041225082468358;0.0;0.008977200110263813;0.5194465570114795;0.0;0.0;0.0;0.0;0.0;-0.20671916331890602
5179.0;9.347065029234785e-6;-0.33347810200000005;0.0;0.0;0.0003981899953005173;0.0;0.009154547712725856;0.5575288764428924;0.0;0.0;0.0;0.0;0.0;-0.2336034312671741
5180.0;9.522881478847337e-6;-0.33068384;0.0;0.0;0.0002464002395156159;0.0;0.008943163388531343;0.5562634784627284;0.0;0.0;0.0;0.0;0.0;-0.2347691351639133
5181.0;9.532190030074998e-6;-0.3247931680000001;0.0;0.0;0.00022135304434438207;0.0;0.009010336430501123;0.5543703953792175;0.0;0.0;0.0;0.0;0.0;-0.23880885390285772
5182.0;9.49439694500991e-6;-0.317439966;0.0;0.0;0.00019648104401821462;0.0;0.008777922939806174;0.5508802833537507;0.0;0.0;0.0;0.0;0.0;-0.24241466185979296
5183.0;9.503200985871133e-6;-0.31178921700000006;0.0;0.0;0.00019648458643171067;0.0;0.00894714777778559;0.5382216600501983;0.0;0.0;0.0;0.0;0.0;-0.23557601580086077
5184.0;9.52403665590959e-6;-0.304589606;0.0;0.0;0.00020889770370859865;0.0;0.009024086953219877;0.5303204829147959;0.0;0.0;0.0;0.0;0.0;-0.23496380025384508
5185.0;1.3566341894388055e-5;-0.37172126000000005;0.0;0.0;0.000195496727122398;0.0;0.004693994684477093;0.6146886859875669;0.0;0.0;0.0;0.0;0.0;-0.24785694753511597
5186.0;1.3470219271506578e-5;-0.368436008;0.0;0.0;0.00018264741326480375;0.0;0.004621903368178403;0.6152649856667465;0.0;0.0;0.0;0.0;0.0;-0.25163355696223455
5187.0;1.3468125264611672e-5;-0.365935094;0.0;0.0;0.0001826525082653074;0.0;0.0046473921863619365;0.6153193166973493;0.0;0.0;0.0;0.0;0.0;-0.25421429586132105
5188.0;1.359427634629526e-5;-0.362519052;0.0;0.0;0.0001954554069718087;0.0;0.004466625491545189;0.6082430675730267;0.0;0.0;0.0;0.0;0.0;-0.2503861273375843
5189.0;1.362066063736287e-5;-0.36403571199999996;0.0;0.0;0.0001954257865819341;0.0;0.0043035932446475805;0.6144099117196031;0.0;0.0;0.0;0.0;0.0;-0.2548732506569032
5190.0;1.3570940758430655e-5;-0.37017147999999994;0.0;0.0;0.0001954921832707186;0.0;0.004663247479336892;0.6232615280036798;0.0;0.0;0.0;0.0;0.0;-0.25794881787923357
5191.0;1.4044821941633697e-5;-0.38646938999999997;0.0;0.0;0.00026030591206565543;0.0;0.004479881119401991;0.6392174180616147;0.0;0.0;0.0;0.0;0.0;-0.2574882452707482
5192.0;3.2119342502953816e-5;-0.40792713599999997;0.0;0.0;0.007137859095115726;0.0;0.004433154015601741;0.6426929088164243;0.0;0.0;0.0;0.0;0.0;-0.24633716313012616
5193.0;1.2320429105719277e-5;-0.41813264000000006;0.0;0.0;0.038936346572844956;0.0;0.003594490173007654;0.6176406927099348;0.0;0.0;0.0;0.0;0.0;-0.24203856425669582
5194.0;1.0731915019987776e-5;-0.42491041399999996;0.0;0.0;0.11000173231574505;0.0;0.003597365966558599;0.6057572495647106;0.0;0.0;0.0;0.0;0.0;-0.29444538383321706
5195.0;3.2043591180279647e-6;-0.43209622999999997;0.0;0.0;0.20425711392721335;0.0;0.0036342546545466274;0.6060180869494298;0.0;0.0;0.0;0.0;0.0;-0.38181308889678994
5196.0;3.1879737444216694e-6;-0.43730304600000003;0.0;0.0;0.2505815859981291;0.0;0.003673080246600713;0.6161681319928964;0.0;0.0;0.0;0.0;0.0;-0.43311961460006454
5197.0;3.177407764834817e-6;-0.437572756;0.0;0.0;0.25012860553670635;0.0;0.0036989619080978206;0.6157147652719336;0.0;0.0;0.0;0.0;0.0;-0.4319694384747384
5198.0;3.1548746190030027e-6;-0.43385041;0.0;0.0;0.24323370959217763;0.0;0.003758006558980283;0.618725669923491;0.0;0.0;0.0;0.0;0.0;-0.43186683652194596
5199.0;3.200906268575315e-6;-0.4299880020000001;0.0;0.0;0.1803473997275717;0.0;0.00363910478434195;0.5915837026007102;0.0;0.0;0.0;0.0;0.0;-0.3455820683698801
5200.0;1.061550365248228e-5;-0.42336192400000006;0.0;0.0;0.11101663485723345;0.0;0.003703382331607401;0.5938468835915174;0.0;0.0;0.0;0.0;0.0;-0.2852044188559092
5201.0;1.2121381502590584e-5;-0.420623682;0.0;0.0;0.04087207772728628;0.0;0.0036380055069580213;0.5970873288889827;0.0;0.0;0.0;0.0;0.0;-0.22097339080595446
5202.0;2.874857912953248e-5;-0.423359894;0.0;0.0;0.009828797674582787;0.0;0.0036021521959044545;0.608795926506116;0.0;0.0;0.0;0.0;0.0;-0.19886729099070227
5203.0;1.697701911527138e-5;-0.42434671199999996;0.0;0.0;0.0007600985465575084;0.0;0.0034781600757855325;0.6137583803197698;0.0;0.0;0.0;0.0;0.0;-0.19364991330579026
5204.0;1.4334560450577256e-5;-0.41843404200000006;0.0;0.0;0.00024701177393471297;0.0;0.002628469125983952;0.6010510731681731;0.0;0.0;0.0;0.0;0.0;-0.18549259968687126
5205.0;1.4140624535709717e-5;-0.40796941;0.0;0.0;0.00022100513326368113;0.0;0.002512375458852009;0.5891203190883356;0.0;0.0;0.0;0.0;0.0;-0.1838843830790199
5206.0;1.414107537181196e-5;-0.394959832;0.0;0.0;0.00022100272463749916;0.0;0.0024622778156857877;0.5863156531861257;0.0;0.0;0.0;0.0;0.0;-0.19403919822297308
5207.0;1.4145562182872543e-5;-0.384733246;0.0;0.0;0.00022102890117413915;0.0;0.0027694040760021382;0.5803612920295982;0.0;0.0;0.0;0.0;0.0;-0.19861855689939367
5208.0;1.4137987480179766e-5;-0.37551108000000005;0.0;0.0;0.00022104540695259942;0.0;0.002950099860234083;0.5774196482546607;0.0;0.0;0.0;0.0;0.0;-0.2050797812585733
5209.0;48.72988511299931;-0.33298609;0.0;1.078599600626084e-15;0.00023062035367138294;0.0;0.0031022999995611324;0.4592380868008638;1.8395120545872544e-13;0.0;0.0;1.3834616949861392e-13;0.0;-0.1304577129632962
5210.0;48.729938597795574;-0.328078652;0.0;1.0785996664516546e-15;0.0002306203536713846;0.0;0.0036948149981941895;0.47102294205506196;1.8395123567137917e-13;0.0;0.0;1.3834617707832837e-13;0.0;-0.14774265558434713
5211.0;48.73002296454258;-0.32899723000000003;0.0;1.0785997705477328e-15;0.0002441848274470685;0.0;0.004081994996970877;0.4878149322511712;1.8395128344939062e-13;0.0;0.0;1.3834618906479583e-13;0.0;-0.16401704316594795
5212.0;48.73010800556164;-0.33058780600000004;0.0;1.0785998754945312e-15;0.00023062035367138985;0.0;0.004346865000733351;0.5042451910210204;1.8395133161787707e-13;0.0;0.0;1.3834620114925835e-13;0.0;-0.17910826829582346
5213.0;48.730150225831196;-0.333693346;0.0;1.0785999275450126e-15;0.00021705284227981555;0.0;0.004578119999869763;0.5127078199836055;1.8395135550799356e-13;0.0;0.0;1.3834620714277642e-13;0.0;-0.18468315889062167
5214.0;48.73027287323237;-0.34213233800000004;0.0;1.0786000790353365e-15;0.00021705284227981937;0.0;0.004719060005486013;0.5356492566325337;1.8395142503895923e-13;0.0;0.0;1.3834622458661967e-13;0.0;-0.1993268935824305
5215.0;48.730433123782866;-0.362016232;0.0;1.0786002771981047e-15;0.0003255792641409044;0.0;0.004728779998862033;0.5653398575933424;1.8395151599156077e-13;0.0;0.0;1.383462474047329e-13;0.0;-0.20925231129949584
5216.0;48.73045175090263;-0.38609208800000006;0.0;1.0786003079633013e-15;0.006023215652443571;0.0;0.00475065000302007;0.5847591654851801;1.8395153011211837e-13;0.0;0.0;1.3834625094726313e-13;0.0;-0.21031537301850642
5217.0;48.73010544326062;-0.398902144;0.0;1.0785999159719814e-15;0.03242226511223706;0.0;0.004748624995928065;0.5952018050192213;1.839513501962068e-13;0.0;0.0;1.3834620581013676e-13;0.0;-0.23434421159050858
5218.0;48.729139025470985;-0.40567519;0.0;1.0785988063916477e-15;0.09458076829704407;0.0;0.004761585001922087;0.5921841946655114;1.8395084092014063e-13;0.0;0.0;1.3834607804387104e-13;0.0;-0.28672276920437534
5219.0;48.72785418222456;-0.4097746260000001;0.0;1.0785973320822444e-15;0.17784765825561902;0.0;0.00475753500044608;0.5898614946514573;1.8395016423681366e-13;0.0;0.0;1.3834590827957767e-13;0.0;-0.36356048905701854
5220.0;48.7268367972415;-0.41447512999999997;0.0;1.078596168596811e-15;0.24663983612891946;0.0;0.004674509995603934;0.5957824791508489;1.8394963021354393e-13;0.0;0.0;1.383457743061228e-13;0.0;-0.43348778726273346
5221.0;48.72621233568453;-0.41380953600000003;0.0;1.078595456098588e-15;0.29007753230209443;0.0;0.004641300001291873;0.6029219308893958;1.8394930318573238e-13;0.0;0.0;1.3834569226306676e-13;0.0;-0.4846958956242434
5222.0;48.72638265712515;-0.40954550200000006;0.0;1.0785956549344628e-15;0.28149038050129355;0.0;0.004494284999815609;0.6096139762253765;1.8394939444901093e-13;0.0;0.0;1.3834571515872819e-13;0.0;-0.4869182302817581
5223.0;48.727081626708795;-0.404766654;0.0;1.0785964580006199e-15;0.2368588936876468;0.0;0.004237110001399152;0.6118414855026075;1.8394976304602473e-13;0.0;0.0;1.3834580763046378e-13;0.0;-0.4490375641701571
5224.0;48.728092336694004;-0.397311972;0.0;1.0785976085156149e-15;0.1645667383296244;0.0;0.0042306300015791404;0.5945925696558721;1.8395029111539088e-13;0.0;0.0;1.3834594011041822e-13;0.0;-0.3669469831266518
5225.0;48.729253769212626;-0.39241380200000003;0.0;1.0785989354976458e-15;0.08515253558771388;0.0;0.004409639998195465;0.5856634975383727;1.8395090017740838e-13;0.0;0.0;1.3834609291019365e-13;0.0;-0.28368354326055195
5226.0;48.730059032428954;-0.39099876400000005;0.0;1.0785998509729478e-15;0.026697496738767142;0.0;0.004426245001705495;0.5696044894428431;1.839513203629523e-13;0.0;0.0;1.3834619832562563e-13;0.0;-0.2106029539557361
5227.0;48.730464963880124;-0.39205701400000004;0.0;1.078600320490993e-15;0.0031337002399453276;0.0;0.004449734996287533;0.5780861586453186;1.839515358620986e-13;0.0;0.0;1.3834625238984027e-13;0.0;-0.19448703287561458
5228.0;48.73052108153705;-0.38850496999999995;0.0;1.0786003866510911e-15;0.0007596849515852236;0.0;0.004338360000175338;0.5813607869528628;1.839515662281921e-13;0.0;0.0;1.3834626000804447e-13;0.0;-0.1988284601218951
5229.0;48.73060867343256;-0.379889896;0.0;1.0786004945428525e-15;0.00042054121222630806;0.0;0.004063769996682847;0.5955730556935408;1.8395161574819817e-13;0.0;0.0;1.3834627243162518e-13;0.0;-0.22104232882121666
5230.0;48.73071865610399;-0.368128424;0.0;1.0786006305162445e-15;0.0003391437379165945;0.0;0.0036450000003720997;0.6141356295162544;1.839516781570695e-13;0.0;0.0;1.3834628808868076e-13;0.0;-0.2508665388348134
5231.0;48.73069829439176;-0.35718437399999997;0.0;1.0786006054739245e-15;0.0002306203536714082;0.0;0.0030354750006230135;0.6081004122963777;1.8395166666318466e-13;0.0;0.0;1.3834628520512915e-13;0.0;-0.2550572840815512
5232.0;48.73070933031553;-0.346740526;0.0;1.0786006193397894e-15;0.00024418482744708984;0.0;0.002551904999758153;0.6085763764431228;1.839516730273261e-13;0.0;0.0;1.3834628680171698e-13;0.0;-0.26550713917161356
5233.0;64.40136000637871;-0.317841416;0.01840611484540594;1.834124254106353e-15;0.007406927151088571;0.0;0.00268474500240958;0.3091287363217965;1.805867640579031e-13;0.0;0.0;2.1143242940040762e-13;0.0;-0.020010087803573644
5234.0;64.40135126350523;-0.311298566;0.018406114845405937;1.834124231517037e-15;0.005779032341980335;0.0;0.0028175849987198166;0.3032648673107614;1.8058676041664212e-13;0.0;0.0;2.1143242736316517e-13;0.0;-0.019193970907011627
5235.0;64.40135155998362;-0.309260102;0.018406114845405937;1.8341242291854924e-15;0.004395320842953568;0.0;0.0027774900006277445;0.29821965363284114;1.8058676004080839e-13;0.0;0.0;2.114324271528545e-13;0.0;-0.014763413611873846
5236.0;64.40136262248578;-0.308861026;0.018406114845405937;1.8341242501402886e-15;0.0029166473958414036;0.0;0.002843910001959863;0.2926699215515402;1.8058676341860173e-13;0.0;0.0;2.1143242904272955e-13;0.0;-0.00820055770068157
5237.0;64.40140940689889;-0.310754034;0.01840611484540594;1.8341243460607007e-15;0.0012480530901743372;0.0;0.0027936900001777737;0.2972867673230129;1.8058677888037726e-13;0.0;0.0;2.114324376935912e-13;0.0;-0.009205694369728519
5238.0;90.00020226969441;-0.318927666;0.01840611484557937;1.8877748205700232e-15;0.001071699743529965;0.0;0.002712689996091041;0.29990456577098085;1.8882316183743793e-13;0.0;1.4949425082595542e-13;2.1623385573867776e-13;0.0;-3.4435554666375194e-11
5239.0;206.79897104961006;-0.336621802;0.018406114845652025;2.178383729902442e-15;0.015831291598565816;3.879077827429483e-18;0.002608605001389588;0.29801974942431547;2.206790399374058e-13;0.0;2.2734828656581285e-13;2.409756785110707e-13;2.3824514839585824e-14;-7.325993886903023e-12
5240.0;64.39971758090135;-0.35721461;0.01840611484540591;1.834120981712096e-15;0.10896051843385125;0.0;0.0025352999962353117;0.2943738704417286;1.805862365661361e-13;0.0;0.0;2.1143213426991308e-13;0.0;-0.06728230798648589
5241.0;64.39630863551774;-0.376010298;0.018406114845405847;1.834114209912865e-15;0.32791255251586243;0.0;0.0023935500017610556;0.282903150373493;1.805851449800645e-13;0.0;0.0;2.114315235343944e-13;0.0;-0.2558182493670606
5242.0;64.39262154390453;-0.387521048;0.018406114845405778;1.834106875474913e-15;0.5603761268789818;0.0;0.002293919999762876;0.25796266640076115;1.8058396268422489e-13;0.0;0.0;2.114308620542144e-13;0.0;-0.4517223412334464
5243.0;-0.005026720927179264;-0.39169306000000004;0.0;0.0;0.7423547073653681;0.0;0.0021644242139291702;0.2604832082014448;0.0;0.0;0.0;0.0;0.0;-0.6125180331218995
5244.0;-0.0016944654005134174;-0.395446304;0.0;0.0;0.8065822093910422;0.0;0.0010088761425466565;0.20036848121200468;0.0;0.0;0.0;0.0;0.0;-0.6125180331218988
5245.0;-0.0016945704383615958;-0.398950636;0.0;0.0;0.7961293173521938;0.0;0.001007657660119231;0.21432692130869282;0.0;0.0;0.0;0.0;0.0;-0.6125180331218988
5246.0;-0.0016943833163296353;-0.397749828;0.0;0.0;0.7811203793285246;0.0;0.0010094565895627829;0.22813325375398222;0.0;0.0;0.0;0.0;0.0;-0.6125180331218988
5247.0;-0.0016942982775274013;-0.39062907599999996;0.0;0.0;0.767008322446502;0.0;0.0010092778839369976;0.23512472646835056;0.0;0.0;0.0;0.0;0.0;-0.6125180331218988
5248.0;-0.0016943068959043154;-0.38093631800000005;0.0;0.0;0.6933767273501983;0.0;0.0010098263951223469;0.29906302329706935;0.0;0.0;0.0;0.0;0.0;-0.6125180331218988
5249.0;64.39387111531309;-0.369719342;0.018406114845405802;1.834109395020333e-15;0.4959521363464837;0.0;0.0022096799957487265;0.30631103366487816;1.8058436883133252e-13;0.0;0.0;2.1143108928778556e-13;0.0;-0.4533672347383678
5250.0;64.39736894696212;-0.361984046;0.018406114845405865;1.8341163150108088e-15;0.259228899545615;0.0;0.0021408299960726076;0.28402642338828216;1.8058548431456317e-13;0.0;0.0;2.1143171338925048e-13;0.0;-0.20203387327614641
5251.0;85.5883300983548;-0.35762937799999994;0.0184061148455673;1.8783208122822613e-15;0.07516810629537259;0.0;0.002284200000048025;0.267262992680383;1.8743158410365128e-13;0.0;1.4758744528324785e-13;2.1539316175930153e-13;0.0;-4.106996491930594e-11
5252.0;431.06597017113074;-0.36066323800000005;0.018406114845666673;3.0926132838455508e-15;0.015085171119609496;4.8945394963067285e-18;0.0023097150017589723;0.27089935241482055;2.5695944031504075e-13;0.0;0.05404093438852097;3.0611393487254444e-13;4.8475348729879874e-14;-3.077153436357737e-12
5253.0;431.0492679462349;-0.35607491999999996;0.018406114845666673;3.09250982801303e-15;0.007637547507753876;4.894437563214142e-18;0.001918484995152274;0.2785528452923505;2.5695746222182124e-13;0.0;0.04972614999472859;3.061075445860193e-13;4.8471350936562795e-14;-3.077294055919328e-12
5254.0;431.0492782025445;-0.347254224;0.018406114845666673;3.0925098993714943e-15;0.007935994788169856;4.894437633523737e-18;0.0016848000040258582;0.28045669839178783;2.569574635862917e-13;0.0;0.03893722959008161;3.0610754899380627e-13;4.847135369390474e-14;-3.077293958919166e-12
5255.0;431.04929062216246;-0.336768426;0.018406114845666673;3.0925099753209522e-15;0.007935994788169856;4.8944377083550826e-18;0.0014652900053574664;0.28200833931302466;2.569574650385457e-13;0.0;0.027119257270087783;3.061075536851094e-13;4.847135662863816e-14;-3.077293855678754e-12
5256.0;431.0493106811898;-0.32605305800000006;0.018406114845666673;3.0925100966968834e-15;0.007759638403390634;4.894437827947185e-18;0.0011615399963209258;0.2841882523499581;2.56957467359417e-13;0.0;0.014704015815354243;3.06107561182416e-13;4.8471361318681146e-14;-3.0772936906886886e-12
5257.0;47.626809108190315;-0.23630100200000004;0.0;1.1266497787879037e-15;0.005697636386759374;0.0;0.001411424999662733;0.26362663120270896;1.824611355579994e-13;0.0;0.0;1.4352360724433536e-13;0.0;-0.03447031618719246
5258.0;47.626760694489285;-0.23307368599999997;0.0;1.1266497128991107e-15;0.0031743966987873044;0.0;0.0015215849966029287;0.24705358371196773;1.8246110764206525e-13;0.0;0.0;1.4352359977243873e-13;0.0;-0.01871134280836871
5259.0;47.62673084604847;-0.23025427199999998;0.0;1.1266496730102896e-15;0.0017635532145932784;0.0;0.0014891850038568706;0.23419305342704907;1.8246109074185444e-13;0.0;0.0;1.4352359524894985e-13;0.0;-0.007226881862728095
5260.0;50.001172721979195;-0.22751861800000003;0.0036384343240116242;1.1295723614239747e-15;0.0006511585296964751;0.0;0.0015981299952735246;0.22162761808824505;1.8369259448084293e-13;0.0;0.0;1.438549218814197e-13;0.0;-2.155030503607844e-10
5261.0;47.626738116082805;-0.228048914;0.0;1.1266496808934208e-15;0.0005426321077621016;0.0;0.0017257049972872933;0.23107073134468514;1.824610940818058e-13;0.0;0.0;1.435235961429253e-13;0.0;-0.0053255053295312915
5262.0;47.626489196724364;-0.22980335800000004;0.0;1.1266493786188099e-15;0.014257657721200957;0.0;0.0017495999958293351;0.22850052913731334;1.8246096601317486e-13;0.0;0.0;1.4352356186440562e-13;0.0;-0.014739198740092604
5263.0;47.625597359343686;-0.23537478599999995;0.0;1.1266483089335198e-15;0.07084061541334206;0.0;0.0016807499961532112;0.2253782087987207;1.8246051280445488e-13;0.0;0.0;1.4352344056007485e-13;0.0;-0.06255747080485563
5264.0;47.62333615575498;-0.248458394;0.0;1.1266456005758703e-15;0.21642879591130373;0.0;0.0016050149990510737;0.21878135594333487;1.8245936530812404e-13;0.0;0.0;1.4352313342700868e-13;0.0;-0.18838419661099903
5265.0;47.62048593546992;-0.26506577600000003;0.0;1.1266421920069545e-15;0.40359615893702605;0.0;0.0015098400024889014;0.22022828513591744;1.824579211247778e-13;0.0;0.0;1.4352274688830017e-13;0.0;-0.3602893370801771
5266.0;47.61811127019941;-0.27900537;0.0;1.1266393527322969e-15;0.5599284567180426;0.0;0.0013838849972506746;0.22249387140538615;1.8245671813282495e-13;0.0;0.0;1.4352242490855692e-13;0.0;-0.5048161818633046
5267.0;47.61700767766308;-0.28841802399999994;0.0;1.126638036800478e-15;0.6352457858955913;0.0;0.0015074100041448932;0.23249862204114866;1.8245616057222824e-13;0.0;0.0;1.4352227567899642e-13;0.0;-0.5808465892599199
5268.0;-0.0016828946927100225;-0.29313241399999995;0.0;0.0;0.6643327566907414;0.0;0.001008010379603663;0.24030491035334622;0.0;0.0;0.0;0.0;0.0;-0.6125180331233518
5269.0;-0.0016942521313920722;-0.293541278;0.0;0.0;0.6765629085676913;0.0;0.0010036079401623257;0.2284880240188869;0.0;0.0;0.0;0.0;0.0;-0.6125180331233518
5270.0;-0.0016942231685852843;-0.29213411800000005;0.0;0.0;0.6760148641407421;0.0;0.0010030738067331767;0.22762944054361722;0.0;0.0;0.0;0.0;0.0;-0.6125180331233518
5271.0;-0.0016942298421801561;-0.28945785;0.0;0.0;0.6402275618474652;0.0;0.0010042352490717806;0.2607393164335641;0.0;0.0;0.0;0.0;0.0;-0.6125180331233518
5272.0;-0.001694353944938109;-0.285633878;0.0;0.0;0.5706002582233543;0.0;0.0010034895930726205;0.32654339412926736;0.0;0.0;0.0;0.0;0.0;-0.6125180331233518
5273.0;47.620504190865674;-0.280022836;0.0;1.1266422737724252e-15;0.4446734073332326;0.0;0.0016924950029752269;0.3393048189337995;1.8245795576836838e-13;0.0;0.0;1.435227561607105e-13;0.0;-0.5056691206530732
5274.0;47.622844620069145;-0.27691123400000006;0.0;1.1266450818724864e-15;0.29738949902562867;0.0;0.0016187850002570988;0.3554304600219743;1.8245914553883242e-13;0.0;0.0;1.435230746049804e-13;0.0;-0.37755422167572145
5275.0;47.62519067557975;-0.26940441400000004;0.0;1.1266478872514191e-15;0.14303781034208696;0.0;0.001383479999644681;0.35239381291591687;1.824603341439252e-13;0.0;0.0;1.435233927404793e-13;0.0;-0.22744283798174653
5276.0;47.62675307712114;-0.268661334;0.0;1.1266497514693602e-15;0.03746874448808024;0.0;0.0015835499988530388;0.34366464500766647;1.824611239836153e-13;0.0;0.0;1.4352360414636302e-13;0.0;-0.11409133899136045
5277.0;47.62714244123017;-0.26736493399999994;0.0;1.1266502172923559e-15;0.011951472395759015;0.0;0.0013936050033347025;0.34285550543506854;1.8246132134459271e-13;0.0;0.0;1.435236569715645e-13;0.0;-0.08887229115421638
5278.0;47.627174105795206;-0.265396558;0.0;1.1266502540617811e-15;0.009089087449620083;0.0;0.001370115002398659;0.3405518439171334;1.8246133692314167e-13;0.0;0.0;1.4352366114130442e-13;0.0;-0.08565119797664739
5279.0;47.6272001151698;-0.261620642;0.0;1.1266502875656e-15;0.009102653442203712;0.0;0.0014555699992308112;0.3456827290838175;1.8246135111812451e-13;0.0;0.0;1.4352366494067422e-13;0.0;-0.09465709234182008
5280.0;47.62719199810683;-0.25534974800000004;0.0;1.1266502770418168e-15;0.009089087449620085;0.0;0.0015353549978089542;0.34444522334854333;1.8246134665936474e-13;0.0;0.0;1.435236637472594e-13;0.0;-0.09975667314491546
5281.0;429.9472393272587;-0.25752433799999996;0.018406114845670965;1.7875413083702643e-15;0.008519324875340411;2.952629699417271e-18;0.0002851199984291983;0.22979515036174197;2.7980544038046866e-13;0.0;2.68152286911831e-11;2.1394278943065428e-13;2.7931942657326697e-14;-1.7484047105017239e-12
5282.0;420.122189379071;-0.251705158;0.01840611484567081;1.7553619719709002e-15;0.007501889100836121;2.917674986998863e-18;0.00028431000321707273;0.22844341364975193;2.789323982657702e-13;0.0;2.7045675827934876e-12;2.1080563743164642e-13;2.6727686058100303e-14;-1.792357592925323e-12
5283.0;411.0773696231241;-0.248856896;0.018406114845670656;1.7267357104682474e-15;0.006294530948969114;2.8862067248564256e-18;0.0004041899998871669;0.2285386061303447;2.780986840991775e-13;0.0;1.4795190856107728e-12;2.0799230168052033e-13;2.5707012322353462e-14;-1.8348473441721152e-12
5284.0;414.992621659972;-0.250385488;0.018406114845670722;1.739009094404205e-15;0.005548413507334699;2.8997420263041674e-18;0.0006808050041177123;0.22937630170335055;2.7846309222840134e-13;0.0;1.8402637652581742e-12;2.092011123315821e-13;2.6139007691279984e-14;-1.8162125381741084e-12
5285.0;419.64187946665356;-0.256146348;0.0184061148456708;1.7538146621856716e-15;0.011313878339749372;2.915983099987084e-18;0.000760590002695915;0.22826254793662185;2.7888876167446903e-13;0.0;2.5904222276395703e-12;2.106541144257759e-13;2.667133072856086e-14;-1.7945688682901979e-12
5286.0;124.4527407314717;-0.27074672600000005;0.01840611484564657;1.1382507401650216e-15;0.0523368612464289;0.0;0.0008739899995332189;0.21465951107152884;2.2087949173697114e-13;0.0;9.632505287500872e-14;1.4541937307163241e-13;1.162877965107434e-14;-7.78058365135291e-12
5287.0;50.0004616273513;-0.28483767800000004;0.0074659063642407925;1.0456272509448748e-15;0.17266552199153606;0.0;0.0010323449974901815;0.18962383461773347;1.8534584808841937e-13;0.0;0.0;1.3475125441026684e-13;0.0;-0.08595811195583394
5288.0;49.998588048106015;-0.30948387800000005;0.0078775147716436;1.0456251471289751e-15;0.3800730604161378;0.0;0.00110564999624831;0.17635397492248614;1.8534482794203956e-13;0.0;0.0;1.3475100960329527e-13;0.0;-0.25592927083528055
5289.0;49.99646593267342;-0.326987456;0.008341199122117364;1.0456227638116419e-15;0.6161315711744487;0.0;0.001176930000622435;0.17270809594062253;1.8534367225300094e-13;0.0;0.0;1.3475073227248674e-13;0.0;-0.4713675701257854
5290.0;-0.0016939804237395787;-0.341937582;0.0;0.0;0.8101019291842394;0.0;0.0010025395347963515;0.14334636807101125;0.0;0.0;0.0;0.0;0.0;-0.6125180331242961
5291.0;-0.0016941797650580144;-0.35312715800000005;0.0;0.0;0.8290455731084684;0.0;0.001002635935575108;0.13559220927046603;0.0;0.0;0.0;0.0;0.0;-0.6125180331242962
5292.0;-0.0016942270077200177;-0.355475686;0.0;0.0;0.8200032687734947;0.0;0.001002886450004002;0.146982792510395;0.0;0.0;0.0;0.0;0.0;-0.6125180331242962
5293.0;-0.0016942296311319325;-0.35347197199999997;0.0;0.0;0.8099255457167412;0.0;0.0010029312055357435;0.15505675699731644;0.0;0.0;0.0;0.0;0.0;-0.6125180331242962
5294.0;-0.0016942313836239772;-0.35218391000000004;0.0;0.0;0.7910894787767444;0.0;0.0010029667811323854;0.17260472650343348;0.0;0.0;0.0;0.0;0.0;-0.6125180331242962
5295.0;-0.001694156413313734;-0.34809643;0.0;0.0;0.7702849335622055;0.0;0.001004503329172063;0.1893202565759804;0.0;0.0;0.0;0.0;0.0;-0.6125180331242962
5296.0;-0.0016942812122316502;-0.34126170200000006;0.0;0.0;0.7267258671735964;0.0;0.0010034910006091852;0.22604559841572908;0.0;0.0;0.0;0.0;0.0;-0.6125180331242961
5297.0;49.9970266466687;-0.332238252;0.008218615253657203;1.0456233888457513e-15;0.5660466328013886;0.0;0.0020573999999940057;0.296829839928882;1.8534397533807026e-13;0.0;0.0;1.3475080500358287e-13;0.0;-0.540915222505767
5298.0;49.99853297151123;-0.32409351799999997;0.007883387383151516;1.0456250802439455e-15;0.3993636300034346;0.0;0.0019832849996698756;0.30818632902040394;1.8534479550917036e-13;0.0;0.0;1.3475100182035289e-13;0.0;-0.393328320182802
5299.0;50.00013593872309;-0.312785142;0.007531679536418779;1.0456268803246046e-15;0.22157023419789995;0.0;0.001909575003305744;0.3161063608435993;1.8534566837429767e-13;0.0;0.0;1.3475121128368049e-13;0.0;-0.23434232862207544
5300.0;50.001304829070186;-0.299252532;0.007294881882708466;1.0456281946079566e-15;0.08754011686873919;0.0;0.00202459499693395;0.2780673618969194;1.853463056702407e-13;0.0;0.0;1.3475136421797617e-13;0.0;-0.07568646318370248
5301.0;50.00188404711895;-0.29065718399999996;0.007171200463733054;1.0456288453585655e-15;0.022451401812490997;0.0;0.0019107899961237475;0.2724224355912523;1.8534662121781488e-13;0.0;0.0;1.34751439941424e-13;0.0;-0.0133121310848144
5302.0;50.002024919183214;-0.287090988;0.007118714251569333;1.0456290028955145e-15;0.008600717792023805;0.0;0.0017281349956374222;0.29086126093296444;1.8534669760700266e-13;0.0;0.0;1.3475145827293546e-13;0.0;-0.021232036019571913
5303.0;50.00202644579286;-0.27847980800000005;0.007102618020733233;1.0456290046489945e-15;0.008356534481942337;0.0;0.0015175350014870479;0.2900902000963757;1.8534669845727547e-13;0.0;0.0;1.3475145847699057e-13;0.0;-0.028601264616213564
5304.0;50.00201517128326;-0.26118512000000005;0.007115278257194595;1.0456289926072663e-15;0.00797669124602459;0.0;0.0015365700033410812;0.2737170568148834;1.8534669261826972e-13;0.0;0.0;1.3475145707577247e-13;0.0;-0.029174332214575525
5305.0;431.0488267527568;-0.256434838;0.018406114845669633;2.198540294641205e-15;0.007189874308996771;3.581892179147398e-18;0.0005224499997784304;0.19187990163981483;2.719564824380453e-13;0.0;0.03860438406186944;2.4761716852247554e-13;3.44583967546931e-14;-2.1874176342895604e-12
5306.0;431.04884256547706;-0.254326402;0.018406114845669633;2.1985403553456295e-15;0.005602675958831472;3.581892242798218e-18;0.000560519997132498;0.19046153193518195;2.719564838711651e-13;0.0;0.039463415655799826;2.4761717362959204e-13;3.445839910022189e-14;-2.1874175517962855e-12
5307.0;437.6015161267311;-0.252230606;0.018406114845669758;2.2259040653146658e-15;0.004422451310946143;3.6104565632738135e-18;0.0005694300016506117;0.17859100170467884;2.7258722251601587e-13;0.0;0.05723060152363163;2.49910174188765e-13;3.5535336946977054e-14;-2.1513010438275267e-12
5308.0;481.19324146094993;-0.25033974800000003;0.01840611484567048;2.4262459030348862e-15;0.004476713762489993;3.812075463145738e-18;0.0005325750034691258;0.173669539995313;2.7642950683828716e-13;0.0;0.057230601528431346;2.6614971323918066e-13;4.4830715200323364e-14;-1.9391117677201874e-12
5309.0;647.8411124997914;-0.25286796;0.018406114845672273;3.6993882976129186e-15;0.005317793152256007;4.84450008315962e-18;0.0005398649985026368;0.1627699782982143;2.8712008728472376e-13;0.0;0.057230601528986916;3.492856604073251e-13;0.008763639329964112;-1.4091935759232002e-12
5310.0;655.7959525354839;-0.263740752;0.018406114845672335;3.794444296143442e-15;0.02204442811144734;4.9078058699028695e-18;0.0005337899962886783;0.14835780534828844;2.8751508237739695e-13;0.0;0.05723060152899283;3.542913810948062e-13;0.017092268349617;-1.3910769245454659e-12
5311.0;431.04704673802735;-0.28139775;0.018406114845669633;2.1985330600747857e-15;0.10292373678901216;3.581884593349704e-18;0.0004062150006242234;0.1333173602826268;2.71956311642017e-13;0.0;0.026516512880905386;2.476165598702629e-13;3.44581172219621e-14;-2.187427465688069e-12
5312.0;64.31921179640163;-0.30113025400000004;0.01840611484548318;1.3037932001893677e-15;0.26765326399236194;0.0;0.0003628800025850811;0.12890993971159775;1.876872628196191e-13;0.0;0.0;1.6211537951172082e-13;0.0;-0.11414297023203293
5313.0;64.31610299315082;-0.317734542;0.01840611484548314;1.3037888136965983e-15;0.469186809643882;0.0;0.00033817499612303487;0.1235601100957743;1.876859124596245e-13;0.0;0.0;1.6211490862504335e-13;0.0;-0.29369047297962836
5314.0;64.31372201620357;-0.32868065800000007;0.01840611484548311;1.3037854599222134e-15;0.6269570813754517;0.0;0.00030010500512296564;0.12891945721588577;1.8768488000354166e-13;0.0;0.0;1.6211454859948973e-13;0.0;-0.44583040718625105
5315.0;64.31225790896112;-0.338311958;0.018406114845483088;1.3037833975097983e-15;0.7239118619246824;0.0;0.0002272049976168346;0.13213697003507316;1.8768424508621778e-13;0.0;0.0;1.6211432720074722e-13;0.0;-0.5362951192197334
5316.0;64.31166381434568;-0.34383819800000004;0.01840611484548308;1.3037825645488422e-15;0.7656809653109982;0.0;0.00018549000274675995;0.14104700714399632;1.8768398865645832e-13;0.0;0.0;1.621142377828332e-13;0.0;-0.5814049521361987
5317.0;64.31164764958052;-0.344575342;0.01840611484548308;1.303782547256582e-15;0.7707681411458851;0.0;0.00013972500004667845;0.1567918783097921;1.8768398333298865e-13;0.0;0.0;1.6211423592651065e-13;0.0;-0.6014541797750342
5318.0;53.75397702219238;-0.34350756399999993;0.01840611484493776;1.2886809219708184e-15;0.7635104383923293;0.0;0.00012555000122609368;0.1725843439719669;1.8291885053286783e-13;0.0;0.0;1.6049002601254366e-13;0.0;-0.6125180330792098
5319.0;64.31284114789824;-0.33879095800000003;0.018406114845483094;1.303784252548939e-15;0.7053267148388866;0.0;0.00015511499803070656;0.18732969060412222;1.8768450831207114e-13;0.0;0.0;1.621144189886888e-13;0.0;-0.5723531263103604
5320.0;64.3143311878044;-0.331959664;0.018406114845483115;1.303786353387766e-15;0.6077072097659058;0.0;0.0001644300001547242;0.1862635348214613;1.87685155057136e-13;0.0;0.0;1.6211464451247762e-13;0.0;-0.4805115294502967
5321.0;64.31664828762288;-0.323573908;0.018406114845483146;1.303789620856123e-15;0.45633999540533166;0.0;0.00015795000033471418;0.1869298839293958;1.8768616094116025e-13;0.0;0.0;1.6211499527301385e-13;0.0;-0.3381953122210907
5322.0;64.31896387019223;-0.31530598;0.018406114845483178;1.3037928854494418e-15;0.30463363882420663;0.0;0.00016159499785072217;0.1864729565349984;1.8768716592915908e-13;0.0;0.0;1.6211534572462397e-13;0.0;-0.1943089651915729
5323.0;64.32126566498576;-0.305111056;0.018406114845483205;1.303796128722892e-15;0.15262883192504983;0.0;0.00015430500281871082;0.18199890122818918;1.8768816434312908e-13;0.0;0.0;1.6211569388727024e-13;0.0;-0.04802306316809127
5324.0;509.4155443128337;-0.29593879599999995;0.018406114845670875;2.576459979656508e-15;0.049596570233925254;3.9550704014791904e-18;0.00012271500532271833;0.17882898464995253;2.7863821912880893e-13;0.0;0.05723060152869169;2.7770909388785615e-13;5.397674492135568e-14;-1.8227957251912506e-12
5325.0;657.9014509465983;-0.29254880799999994;0.01840611484567235;3.820642970902185e-15;0.013457274791838893;4.924977369548025e-18;0.00013203000109397625;0.1932411575999007;2.8761911062253077e-13;0.0;0.05723060152899434;3.5564575025790705e-13;0.01709226834981461;-1.3863211237967005e-12
5326.0;647.830577695902;-0.28709818800000003;0.018406114845672273;3.6992664546526674e-15;0.009319704768532295;4.844417912704306e-18;0.00013769999934792003;0.1989717571381018;2.871195624996554e-13;0.0;0.0572306015289869;3.492791505638882e-13;0.003558929283546362;-1.40921770775652e-12
5327.0;603.5936896137589;-0.277583004;0.018406114845671902;3.2470355143166067e-15;0.009007691495523239;4.519984326651529e-18;0.00011785500228156776;0.19801983058837774;2.8476331264132407e-13;0.0;0.057230601528944054;3.2336659896840573e-13;1.6893591440644325e-13;-1.519279231246472e-12
5328.0;431.02910771531884;-0.267543886;0.018406114845669633;2.198452760527906e-15;0.008994127021692163;3.581800394134257e-18;0.00010530000024568669;0.1990764688667187;2.7195441575707323e-13;0.0;0.04116151021487421;2.4760980409279504e-13;3.445501474961116e-14;-2.1875365989170144e-12
5329.0;2.4400340097965737e-5;-0.300228644;0.0;0.0;0.002748722334787834;0.0;0.004651167128389719;0.4661767242265752;0.0;0.0;0.0;0.0;0.0;-0.1733481198865876
5330.0;1.9293331012587782e-5;-0.29741739200000006;0.0;0.0;0.0013656804859804774;0.0;0.0045932720061247195;0.45727796684314587;0.0;0.0;0.0;0.0;0.0;-0.16581960866576706
5331.0;1.5085444861322374e-5;-0.29485435200000004;0.0;0.0;0.0006582720834412062;0.0;0.004343474068804703;0.4555372470401953;0.0;0.0;0.0;0.0;0.0;-0.1656846155610099
5332.0;1.5114593166668781e-5;-0.29438444;0.0;0.0;0.000644961265533548;0.0;0.004070767395732189;0.4492164265291009;0.0;0.0;0.0;0.0;0.0;-0.15954769167898822
5333.0;1.5206013169816223e-5;-0.302193578;0.0;0.0;0.0006581570034175958;0.0;0.0036808174000896735;0.4444623056812681;0.0;0.0;0.0;0.0;0.0;-0.14660768332459845
5334.0;2.0821427048312748e-5;-0.319933542;0.0;0.0;0.0016200388726818522;0.0;0.0029544718975119035;0.43567807539862796;0.0;0.0;0.0;0.0;0.0;-0.1203191870853458
5335.0;1.8606298869044074e-5;-0.336989302;0.0;0.0;0.015836420240735352;0.0;0.0029252310111302963;0.4233048903992525;0.0;0.0;0.0;0.0;0.0;-0.10507730184544462
5336.0;9.423214068371808e-6;-0.349878694;0.0;0.0;0.11059113609729551;0.0;0.003310853393701047;0.4216386704073601;0.0;0.0;0.0;0.0;0.0;-0.18566145953663502
5337.0;2.6342583929012195e-6;-0.36218046800000003;0.0;0.0;0.32471062137795886;0.0;0.003347030095956789;0.4066232237349075;0.0;0.0;0.0;0.0;0.0;-0.37250028829525034
5338.0;2.589156908653414e-6;-0.37260783;0.0;0.0;0.5546030151323288;0.0;0.0034501935290394033;0.3751725933269667;0.0;0.0;0.0;0.0;0.0;-0.5606178502495887
5339.0;2.6614209045864882e-6;-0.380760474;0.0;0.0;0.6652532290383226;0.0;0.0032844271253232443;0.2999756873710945;0.0;0.0;0.0;0.0;0.0;-0.5877527507723261
5340.0;2.682320147764494e-6;-0.38524048200000005;0.0;0.0;0.655484182731284;0.0;0.0032330686319139482;0.31430931081789965;0.0;0.0;0.0;0.0;0.0;-0.5877859626897289
5341.0;2.4180604667570934e-6;-0.38148;0.0;0.0;0.6462009129820138;0.0;0.00394330757871762;0.31866158995314936;0.0;0.0;0.0;0.0;0.0;-0.5873256812822698
5342.0;2.3033394010380027e-6;-0.381637708;0.0;0.0;0.6328631495352949;0.0;0.0043251956795203605;0.33140943771700687;0.0;0.0;0.0;0.0;0.0;-0.5869599430713204
5343.0;2.2700163590277586e-6;-0.376933646;0.0;0.0;0.6417206530305767;0.0;0.004450610585985789;0.3168854243730837;0.0;0.0;0.0;0.0;0.0;-0.586122909624614
5344.0;2.2425174665284183e-6;-0.36809083000000004;0.0;0.0;0.5203266441442345;0.0;0.004451791660060042;0.39023465931094325;0.0;0.0;0.0;0.0;0.0;-0.5469221335141156
5345.0;6.780384977541936e-6;-0.35717350999999997;0.0;0.0;0.32367312272283505;0.0;0.004414205637700991;0.3663157566497209;0.0;0.0;0.0;0.0;0.0;-0.33722915194018344
5346.0;8.2773768993116e-6;-0.344651198;0.0;0.0;0.1327290079739094;0.0;0.004748251370814073;0.3292040841897672;0.0;0.0;0.0;0.0;0.0;-0.12202959516418507
5347.0;1.1023966275341492e-5;-0.34370536;0.0;0.0;0.02849567591420486;0.0;0.004820969038162012;0.3268699058196865;0.0;0.0;0.0;0.0;0.0;-0.01648093621724107
5348.0;2.77303963566706e-5;-0.34283741;0.0;0.0;0.007092683712959437;0.0;0.004931084974329898;0.3516855020715132;0.0;0.0;0.0;0.0;0.0;-0.02087218401957795
5349.0;3.0707574599157916e-5;-0.335598624;0.0;0.0;0.0047156498465693916;0.0;0.004943606569306;0.3741291664048792;0.0;0.0;0.0;0.0;0.0;-0.04819013127749192
5350.0;2.8574428564162566e-5;-0.324191632;0.0;0.0;0.003960694606936576;0.0;0.004791778809942791;0.3833428875337773;0.0;0.0;0.0;0.0;0.0;-0.06790398375685311
5351.0;2.3933442596052825e-5;-0.31355546799999995;0.0;0.0;0.0026142290667895847;0.0;0.0048796390933997895;0.39577247123521553;0.0;0.0;0.0;0.0;0.0;-0.08971101584905196
5352.0;1.9185169761552255e-5;-0.30395840200000007;0.0;0.0;0.001352310050940102;0.0;0.004753877301263689;0.4032854306050637;0.0;0.0;0.0;0.0;0.0;-0.10543329494186572
5353.0;1.4960699922874966e-5;-0.283707986;0.0;0.0;0.00019270647369277742;0.0;0.002349943600397179;0.3867896728021686;0.0;0.0;0.0;0.0;0.0;-0.10562444730872875
5354.0;1.5367148185000143e-5;-0.217231868;0.0;0.0;0.0002312570016109045;0.0;0.0020636592070225335;0.34622228768257685;0.0;0.0;0.0;0.0;0.0;-0.13128547736171592
5355.0;1.4975857679923229e-5;-0.21693404400000002;0.0;0.0;0.00019271438928175535;0.0;0.002330173790316231;0.34650717063934316;0.0;0.0;0.0;0.0;0.0;-0.1320961272482098
5356.0;1.5009250012743059e-5;-0.27185876600000003;0.0;0.0;0.0001926715355162289;0.0;0.002041271491437229;0.36662541834637746;0.0;0.0;0.0;0.0;0.0;-0.09700072944979388
5357.0;1.4998866493896514e-5;-0.27016263999999995;0.0;0.0;0.00019267169853619617;0.0;0.0020670795895423033;0.3607372008225229;0.0;0.0;0.0;0.0;0.0;-0.09283444472345075
5358.0;1.5464981048532294e-5;-0.27166735399999997;0.0;0.0;0.0002441853449435538;0.0;0.0019947460136552518;0.3607550959460148;0.0;0.0;0.0;0.0;0.0;-0.09132681924820793
5359.0;2.1818661021048757e-5;-0.27631381400000005;0.0;0.0;0.0013958014927772575;0.0;0.002290705967209541;0.37050341616520394;0.0;0.0;0.0;0.0;0.0;-0.09787626521911294
5360.0;2.2315576654330324e-5;-0.283593486;0.0;0.0;0.01930934622050588;0.0;0.0025623165583169576;0.37826030811137157;0.0;0.0;0.0;0.0;0.0;-0.11653864697858776
5361.0;1.2471933993165821e-5;-0.29506562799999997;0.0;0.0;0.1284932096231986;0.0;0.0029338654056400232;0.38466679385933994;0.0;0.0;0.0;0.0;0.0;-0.2210277602918401
5362.0;4.108495856303713e-6;-0.309866932;0.0;0.0;0.2895498932540828;0.0;0.0031689211209872297;0.39656283415037274;0.0;0.0;0.0;0.0;0.0;-0.37941459289768686
5363.0;4.0947282549648605e-6;-0.31958785999999995;0.0;0.0;0.43281923412660983;0.0;0.003187924822319374;0.3996345825669722;0.0;0.0;0.0;0.0;0.0;-0.5160537566974828
5364.0;4.057588706092714e-6;-0.32511183600000004;0.0;0.0;0.5095866397852203;0.0;0.0033532684930741067;0.3756897946568498;0.0;0.0;0.0;0.0;0.0;-0.563517735723029
5365.0;4.030461034573377e-6;-0.33047286400000003;0.0;0.0;0.5276056804300993;0.0;0.003451922886635149;0.37729950561836395;0.0;0.0;0.0;0.0;0.0;-0.5778841104910367
5366.0;3.8143097386314745e-6;-0.328890544;0.0;0.0;0.4675398730649927;0.0;0.004006225867725292;0.4167629944597331;0.0;0.0;0.0;0.0;0.0;-0.5594184005726465
5367.0;3.7382616950290832e-6;-0.32359694999999994;0.0;0.0;0.36262572060706794;0.0;0.0042249992843365084;0.464508415735137;0.0;0.0;0.0;0.0;0.0;-0.5077620327307424
5368.0;1.1784835138324136e-5;-0.314934438;0.0;0.0;0.2134165008933215;0.0;0.0041093304206732476;0.4537813235058563;0.0;0.0;0.0;0.0;0.0;-0.35637208748686844
5369.0;1.1612711895970955e-5;-0.3184591620000001;0.0;0.0;0.06426592301821402;0.0;0.0043185588231106214;0.48912198757716724;0.0;0.0;0.0;0.0;0.0;-0.23924682425146984
5370.0;3.0210536134213258e-5;-0.334306214;0.0;0.0;0.010780482270790454;0.0;0.004465306222599377;0.5306692619257781;0.0;0.0;0.0;0.0;0.0;-0.21160914879655002
5371.0;1.659110157859492e-5;-0.335677348;0.0;0.0;0.00041414478907839857;0.0;0.0045451270522694;0.5699892721230281;0.0;0.0;0.0;0.0;0.0;-0.23927118394521987
5372.0;1.5068353909987646e-5;-0.33285215999999995;0.0;0.0;0.0002573901579430047;0.0;0.004438965713429059;0.5686357587115319;0.0;0.0;0.0;0.0;0.0;-0.24047997905637938
5373.0;1.4882846052667013e-5;-0.32691663200000004;0.0;0.0;0.0002314595313636364;0.0;0.004472426892341062;0.5667053147962364;0.0;0.0;0.0;0.0;0.0;-0.2444925921893562
5374.0;1.4718982266925721e-5;-0.31949988399999996;0.0;0.0;0.00020568632956950727;0.0;0.004356211652284041;0.5630564431100535;0.0;0.0;0.0;0.0;0.0;-0.24811847940403564
5375.0;1.4696260657410183e-5;-0.313806358;0.0;0.0;0.00020569764322415378;0.0;0.00444074916112323;0.5500758557918607;0.0;0.0;0.0;0.0;0.0;-0.24091596573542207
5376.0;1.478594404568955e-5;-0.306565244;0.0;0.0;0.00021855515948327419;0.0;0.004479241232138082;0.5419669334666938;0.0;0.0;0.0;0.0;0.0;-0.24009950802799934
5377.0;0.002325120813408222;-0.37413353000000005;0.0;0.0;0.0002371163900920757;0.0;0.002719163450467368;0.625994328991982;0.0;0.0;0.0;0.0;0.0;-0.25481286037597545
5378.0;0.0023562045246780295;-0.37082782400000003;0.0;0.0;0.00022313031488266556;0.0;0.002678016266388286;0.6262674850388686;0.0;0.0;0.0;0.0;0.0;-0.2583365473964697
5379.0;0.0023713117667846497;-0.3683113070000001;0.0;0.0;0.0002231586848163931;0.0;0.002692583471377921;0.6237235025234242;0.0;0.0;0.0;0.0;0.0;-0.25832367135609097
5380.0;0.0021776408939700167;-0.3648761060000001;0.0;0.0;0.00023682272726735748;0.0;0.0025892071652269958;0.6201320989070306;0.0;0.0;0.0;0.0;0.0;-0.2580764953845568
5381.0;0.002092079805552316;-0.366403336;0.0;0.0;0.00023665079170861035;0.0;0.0024960143403915214;0.6249209034873253;0.0;0.0;0.0;0.0;0.0;-0.26124350188133877
5382.0;0.0023065605620948976;-0.37257444;0.0;0.0;0.00023708036081190883;0.0;0.0027015901749745347;0.6414533014990688;0.0;0.0;0.0;0.0;0.0;-0.2718132188932505
5383.0;0.0022042529585228096;-0.388985295;0.0;0.0;0.00030723930421644555;0.0;0.0025966122803537752;0.6466366550380364;0.0;0.0;0.0;0.0;0.0;-0.2605422578813693
5384.0;0.0027394414938123027;-0.410623508;0.0;0.0;0.007539519040996219;0.0;0.0025663918824366293;0.6534086701945749;0.0;0.0;0.0;0.0;0.0;-0.25288739505291097
5385.0;0.001282627980600963;-0.42095042000000005;0.0;0.0;0.03981598011363202;0.0;0.0020838938524966864;0.6277680177552509;0.0;0.0;0.0;0.0;0.0;-0.2487123547589737
5386.0;0.001282282459525599;-0.4277662670000001;0.0;0.0;0.11260591400893773;0.0;0.002083199716012989;0.6157835516402572;0.0;0.0;0.0;0.0;0.0;-0.302701280247768
5387.0;0.0012979210020685162;-0.43495681500000005;0.0;0.0;0.21000523781157798;0.0;0.0021153606405920756;0.606627000742341;0.0;0.0;0.0;0.0;0.0;-0.383785695543309
5388.0;0.001308726470919487;-0.44017536300000004;0.0;0.0;0.26652094290427353;0.0;0.0021375717130981595;0.6219806994076524;0.0;0.0;0.0;0.0;0.0;-0.450458782966266
5389.0;0.0013159316677462745;-0.44043061800000005;0.0;0.0;0.26432995595706654;0.0;0.002152378747947408;0.621623168240475;0.0;0.0;0.0;0.0;0.0;-0.4476698306460956
5390.0;0.0013323724979000565;-0.4366706050000001;0.0;0.0;0.2583158348395265;0.0;0.002186156291536391;0.6250803416021543;0.0;0.0;0.0;0.0;0.0;-0.4489067051639199
5391.0;0.001299271495661251;-0.43279008100000005;0.0;0.0;0.19024883629811376;0.0;0.0021181370611637125;0.5976811509094091;0.0;0.0;0.0;0.0;0.0;-0.3572529571801079
5392.0;0.0013117708823025041;-0.4261354220000001;0.0;0.0;0.11370940933052445;0.0;0.0021438184645507733;0.6044462778844354;0.0;0.0;0.0;0.0;0.0;-0.2941590217898369
5393.0;0.0012946690842505126;-0.4234046210000001;0.0;0.0;0.04182920194734935;0.0;0.002108650922076931;0.607243811582049;0.0;0.0;0.0;0.0;0.0;-0.22777194939835377
5394.0;0.0012859087149165286;-0.426200207;0.0;0.0;0.009927055449886611;0.0;0.002090603796419515;0.6189194579109866;0.0;0.0;0.0;0.0;0.0;-0.2047318006457181
5395.0;0.002145688773694022;-0.4272043360000001;0.0;0.0;0.0008420922543305192;0.0;0.0020231765508954883;0.6237118741181785;0.0;0.0;0.0;0.0;0.0;-0.1993753497675213
5396.0;0.0010723752633872844;-0.42124620100000004;0.0;0.0;0.00027877879493291776;0.0;0.0015371376466294577;0.6107493600385788;0.0;0.0;0.0;0.0;0.0;-0.19131600440654198
5397.0;0.001109664281220319;-0.41067760500000006;0.0;0.0;0.0002561113119629113;0.0;0.0014707177744155203;0.5987840431828995;0.0;0.0;0.0;0.0;0.0;-0.189832096156351
5398.0;0.001061176743714223;-0.39754319600000004;0.0;0.0;0.00025405424099911295;0.0;0.0014419608127429068;0.5959845256378996;0.0;0.0;0.0;0.0;0.0;-0.20013511990095478
5399.0;0.0014925064660855274;-0.38722546300000005;0.0;0.0;0.0002622004809793967;0.0;0.001618276327564386;0.5901159638748595;0.0;0.0;0.0;0.0;0.0;-0.20477492272925943
5400.0;0.001814321563457642;-0.3779357400000001;0.0;0.0;0.00026388647112343157;0.0;0.0017219190379914675;0.5872250339730809;0.0;0.0;0.0;0.0;0.0;-0.2112789771402221
5401.0;45.74122978893383;-0.33526014500000006;0.0;1.0759856693067667e-15;0.00024065044765632626;0.0;0.0017706522892219582;0.46714385476343645;1.8953968625904706e-13;0.0;0.0;0.0;0.0;-0.13467608524810115
5402.0;45.7415318485332;-0.33032440600000007;0.0;1.0759859862497603e-15;0.00024065044765633726;0.0;0.002108833006397479;0.4791315858979056;1.895398478880818e-13;0.0;0.0;0.0;0.0;-0.15193810537122218
5403.0;45.74158492657509;-0.3312698150000001;0.0;1.075986035641364e-15;0.0002548048648050642;0.0;0.002329817808409904;0.49621264963111456;1.8953987307593341e-13;0.0;0.0;0.0;0.0;-0.16830948068506735
5404.0;45.7415426763979;-0.33288164300000006;0.0;1.0759859835732878e-15;0.00024065044765633715;0.0;0.002480993606553959;0.512925754743928;1.8953984652319079e-13;0.0;0.0;0.0;0.0;-0.18354836334009475
5405.0;45.741599190019706;-0.336013013;0.0;1.0759860401935583e-15;0.00022649286078033824;0.0;0.0026129834829938785;0.5215340675747626;1.895398753973943e-13;0.0;0.0;0.0;0.0;-0.18914342920578225
5406.0;45.74135128542659;-0.3444891890000001;0.0;1.0759857661157644e-15;0.00022649286078032873;0.0;0.0026934256528764735;0.5448704402712232;1.8953973562803612e-13;0.0;0.0;0.0;0.0;-0.2040849108374307
5407.0;45.74088825402984;-0.36450789600000005;0.0;1.0759852598201023e-15;0.0003397392920155774;0.0;0.0026989733847287063;0.5750721639124358;1.8953947743592596e-13;0.0;0.0;0.0;0.0;-0.21438782798296765
5408.0;45.74061737358909;-0.38876306400000005;0.0;1.075984962216911e-15;0.006285176139435143;0.0;0.0027114557922759586;0.5948257745256759;1.8953932566901093e-13;0.0;0.0;0.0;0.0;-0.215844606651764
5409.0;45.74053975667418;-0.40169433200000004;0.0;1.0759848725076236e-15;0.03383236776390188;0.0;0.0027103000099713095;0.6054481837422564;1.895392799204852e-13;0.0;0.0;0.0;0.0;-0.24108073834990398
5410.0;45.74080996008756;-0.40852219500000003;0.0;1.0759851559348834e-15;0.09869425610309285;0.0;0.002717696994236297;0.602378625329481;1.8953942445821608e-13;0.0;0.0;0.0;0.0;-0.29604910387333494
5411.0;45.74112693769597;-0.4126198530000001;0.0;1.0759854869240944e-15;0.18558257294024738;0.0;0.0027153854368801495;0.6000159401140994;1.8953959325061948e-13;0.0;0.0;0.0;0.0;-0.3764701461603578
5412.0;45.741198529890255;-0.41732276500000004;0.0;1.0759855541869948e-15;0.25736664641707446;0.0;0.0026679985255854246;0.6060388541592069;1.8953962755224236e-13;0.0;0.0;0.0;0.0;-0.44952331823668973
5413.0;45.74120556802981;-0.41662770800000004;0.0;1.0759855545242739e-15;0.3026935261606141;0.0;0.0026490437654194256;0.6133012113153314;1.8953962772422242e-13;0.0;0.0;0.0;0.0;-0.5027865555021397
5414.0;45.74094869430454;-0.41232483100000006;0.0;1.075985278656422e-15;0.29373290367587956;0.0;0.002565134263129184;0.6201084599829666;1.895394870417442e-13;0.0;0.0;0.0;0.0;-0.5048528834362446
5415.0;45.740549101990815;-0.4075184870000001;0.0;1.0759848559761788e-15;0.24716031318875198;0.0;0.0024183504254124393;0.6223743157562455;1.8953927149002437e-13;0.0;0.0;0.0;0.0;-0.4652082586230376
5416.0;45.740571571252744;-0.40002336600000005;0.0;1.075984894158902e-15;0.17172404190837154;0.0;0.002414651935093233;0.6048284604129575;1.8953929096185336e-13;0.0;0.0;0.0;0.0;-0.379720848968716
5417.0;45.74059081904303;-0.3951164810000001;0.0;1.0759849260248815e-15;0.08885597258763721;0.0;0.0025168227310679446;0.5957456746242448;1.8953930721235126e-13;0.0;0.0;0.0;0.0;-0.29278301801448375
5418.0;45.74066054124073;-0.3937389420000001;0.0;1.0759850127593807e-15;0.027858618912457587;0.0;0.00252630011477752;0.5794102112534159;1.8953935144387117e-13;0.0;0.0;0.0;0.0;-0.21683979748029278
5419.0;45.74046505471519;-0.39482256700000007;0.0;1.0759848029799226e-15;0.003269990502120081;0.0;0.00253970713946471;0.5880378921012195;1.895392444638102e-13;0.0;0.0;0.0;0.0;-0.19981023055748987
5420.0;45.740313020370486;-0.39123528500000004;0.0;1.075984639740885e-15;0.0007927250169566161;0.0;0.002476139337556678;0.5913688930231168;1.8953916121767127e-13;0.0;0.0;0.0;0.0;-0.20418794442035723
5421.0;45.739859480697554;-0.3825292880000001;0.0;1.075984150235313e-15;0.0004388313061020792;0.0;0.0023194158039338136;0.6058258254842411;1.8953891158672808e-13;0.0;0.0;0.0;0.0;-0.2268408374797915
5422.0;45.73921870315578;-0.37066217200000007;0.0;1.0759834592555748e-15;0.00035389370916424006;0.0;0.0020804008625219016;0.6247079533806493;1.8953855921014478e-13;0.0;0.0;0.0;0.0;-0.257266875217215
5423.0;45.7388109122653;-0.35963464700000003;0.0;1.0759830271621889e-15;0.0002406504476562345;0.0;0.0017325116073518205;0.6185688401026795;1.895383388564239e-13;0.0;0.0;0.0;0.0;-0.2616940038897196
5424.0;45.73840414357749;-0.349110803;0.0;1.0759825933599157e-15;0.0002548048648049447;0.0;0.0014565117591212732;0.6190529979559373;1.895381176308884e-13;0.0;0.0;0.0;0.0;-0.27244023235671433
5425.0;66.4270353227063;-0.31993634800000004;0.02302611484505039;1.8359615619411245e-15;0.007729067741213801;0.0;0.0015323308142830168;0.314450376948261;1.8846221907516877e-13;0.0;0.0;2.1260500554119546e-13;0.0;-0.026214122196764573
5426.0;66.42723242803585;-0.31334292300000005;0.023026114845050395;1.83596193252488e-15;0.006030372857548474;0.0;0.0016081498658267416;0.3084855616326897;1.88462284270586e-13;0.0;0.0;2.1260503928760536e-13;0.0;-0.025219717374632376
5427.0;66.42727409364826;-0.311291131;0.023026114845050395;1.835962013689125e-15;0.004586481255514763;0.0;0.001585265457429976;0.30335349477380225;1.884622985495089e-13;0.0;0.0;2.1260504667867093e-13;0.0;-0.02067259636937891
5428.0;66.42741597533632;-0.31089705300000003;0.023026114845050395;1.835962281758702e-15;0.0030434976393945144;0.0;0.001623174985015126;0.2977082242444699;1.8846234570995855e-13;0.0;0.0;2.1260507108985648e-13;0.0;-0.013916341534201892
5429.0;66.42729444458594;-0.31280187700000006;0.023026114845050395;1.8359620528609788e-15;0.0013023331648284527;0.0;0.001594511683227991;0.30240454885804613;1.8846230544084783e-13;0.0;0.0;2.1260505024573223e-13;0.0;-0.014938246939795154
5430.0;66.42719025175582;-0.321026973;0.02302611484505039;1.835961857354236e-15;0.0011183098932586466;0.0;0.0015482805506113397;0.3050674126164881;1.8846227104610433e-13;0.0;0.0;2.1260503244234975e-13;0.0;-0.009146230134438351
5431.0;66.47791655584604;-0.3388764810000001;0.023026114845051286;1.836066605047135e-15;0.016519822956392646;0.0;0.0014888735512191137;0.303150149220427;1.8848069719267574e-13;0.0;0.0;2.1261457092415766e-13;0.0;-3.9859855079860595e-6
5432.0;66.4274931950389;-0.359658205;0.023026114845050398;1.835962406945374e-15;0.11369940744907851;0.0;0.0014470343754031424;0.299441506556544;1.8846236773355521e-13;0.0;0.0;2.126050824896978e-13;0.0;-0.07736220917309478
5433.0;66.4283032823124;-0.37856006900000005;0.02302611484505041;1.8359638836147335e-15;0.3421740594857021;0.0;0.0013661299005771547;0.28777331843452336;1.8846262751786022e-13;0.0;0.0;2.1260521695935765e-13;0.0;-0.27517350908027904
5434.0;66.42940820662606;-0.39009444400000004;0.023026114845050426;1.835965915491643e-15;0.5847478930035478;0.0;0.0013092656091994311;0.2624034848829285;1.8846298497639544e-13;0.0;0.0;2.126054019876924e-13;0.0;-0.4807726658178037
5435.0;-0.008971496809674503;-0.39426843000000006;0.0;0.0;0.7746907812296879;0.0;0.0010777886403794653;0.24784356981744898;0.0;0.0;0.0;0.0;0.0;-0.6293464152304662
5436.0;-0.005707678511519739;-0.3980233120000001;0.0;0.0;0.8320309515005608;0.0;0.0008673074517398831;0.19447155020235;0.0;0.0;0.0;0.0;0.0;-0.6293464152304654
5437.0;-0.005708493285622413;-0.40153325800000006;0.0;0.0;0.821459556207718;0.0;0.000865986452944067;0.20855429858202526;0.0;0.0;0.0;0.0;0.0;-0.6293464152304654
5438.0;-0.0057076080293113176;-0.40032553400000004;0.0;0.0;0.8062948683372124;0.0;0.0008674326601298966;0.22250972533004346;0.0;0.0;0.0;0.0;0.0;-0.6293464152304654
5439.0;-0.005707582638369749;-0.39315457800000003;0.0;0.0;0.792060854485726;0.0;0.0008675666282273745;0.22957264724761547;0.0;0.0;0.0;0.0;0.0;-0.6293464152304654
5440.0;-0.0057075884859959045;-0.38339837900000007;0.0;0.0;0.7188032595357833;0.0;0.0008674904439058749;0.29307411995300287;0.0;0.0;0.0;0.0;0.0;-0.6293464152304654
5441.0;66.42835166185915;-0.37212935100000005;0.02302611484505041;1.8359639282946035e-15;0.5175219871952924;0.0;0.0012611852314231761;0.31158416763644275;1.8846263537820821e-13;0.0;0.0;2.1260522102805228e-13;0.0;-0.4806497816802968
5442.0;66.42784301396168;-0.364404863;0.0230261148450504;1.835963039488076e-15;0.2705032308552466;0.0;0.0012218887708749673;0.2889159285558569;1.8846247901425117e-13;0.0;0.0;2.1260514009083334e-13;0.0;-0.21866007005369575
5443.0;66.42760448814721;-0.360090809;0.023026114845050398;1.8359626390144945e-15;0.07843730249860142;0.0;0.0013037178737206204;0.27186391596120646;1.8846240856055805e-13;0.0;0.0;2.1260510362258563e-13;0.0;-0.01394779721382041
5444.0;465.55153500614654;-0.36320313900000006;0.023026114845301354;3.075247594050886e-15;0.015741252356560567;5.013344823308416e-18;0.0013182806807684147;0.27556287550445957;2.698855520169895e-13;0.0;0.04553293384894461;3.072589234027888e-13;4.9145263148338085e-14;-3.120114733879744e-12
5445.0;465.5510618930718;-0.35856076000000003;0.023026114845301354;3.075245116191022e-15;0.00796971819222804;5.013342230557701e-18;0.0010949843177732667;0.2833481230001997;2.6988550146997093e-13;0.0;0.04109938497203858;3.0725876710768413e-13;4.914516357037139e-14;-3.120118234012615e-12
5446.0;465.55083973361394;-0.34962207200000006;0.023026114845301354;3.075243955130547e-15;0.008281145481909108;5.0133410156629975e-18;0.0009616075119968641;0.2852847508656501;2.698854777849081e-13;0.0;0.030045936179698907;3.0725869387180103e-13;4.91451169108191e-14;-3.120119874087397e-12
5447.0;465.5506338598504;-0.3390172530000001;0.023026114845301354;3.075242879760258e-15;0.008281145481909108;5.013339890431802e-18;0.0008363211497138275;0.28686310323229464;2.6988545584785227e-13;0.0;0.017987967515375358;3.0725862604102625e-13;4.91450736949554e-14;-3.1201213931220807e-12
5448.0;465.5503478511334;-0.3281993490000001;0.023026114845301354;3.0752413858415777e-15;0.008097119040612027;5.0133383272423874e-18;0.0006629544060279614;0.2890805433976266;2.6988542537255546e-13;0.0;0.005309890037237802;3.0725853180954144e-13;4.9145013658962025e-14;-3.1201235033896907e-12
5449.0;43.12162050069595;-0.23796208100000005;0.0;1.1223627736608461e-15;0.005945436845544643;0.0;0.0008055774448019347;0.2681649546451639;1.873214046079703e-13;0.0;0.0;0.0;0.0;-0.036163189861254226
5450.0;43.121966658172994;-0.23471778300000004;0.0;1.122363165076184e-15;0.0033124569231088473;0.0;0.0008684517802284384;0.2513066027085102;1.8732158967254783e-13;0.0;0.0;0.0;0.0;-0.01997865431416054
5451.0;43.12214539470005;-0.23188451599999998;0.0;1.1223633692145546e-15;0.001840253317050415;0.0;0.0008499593322589837;0.23822467883444454;1.8732168619085442e-13;0.0;0.0;0.0;0.0;-0.00823924879086804
5452.0;49.99780771838418;-0.22913402900000004;0.0020913554980769677;1.1300280769728933e-15;0.0006794785857944763;0.0;0.0009121401975860317;0.22544292995600687;1.9089561412865523e-13;0.0;0.0;1.4448799097307327e-13;0.0;-8.427325571476044e-11
5453.0;43.12237277847393;-0.22966751700000004;0.0;1.1223636213750158e-15;0.0005662321543014248;0.0;0.0009849542289100052;0.23504860608418635;1.8732180541431563e-13;0.0;0.0;0.0;0.0;-0.006141292278976507
5454.0;43.12248755489886;-0.23143199900000003;0.0;1.1223637498807602e-15;0.014877748911118219;0.0;0.0009985924115087559;0.23243415793369113;1.8732186617280432e-13;0.0;0.0;0.0;0.0;-0.016086162406786033
5455.0;43.12267157732706;-0.23704583299999998;0.0;1.1223639500175486e-15;0.07392160125127362;0.0;0.000959295950960548;0.22925808695722327;1.8732196079890527e-13;0.0;0.0;0.0;0.0;-0.06629737746097202
5456.0;43.1232091646615;-0.250211957;0.0;1.1223645348438343e-15;0.22584167369717661;0.0;0.0009160698458081498;0.22254766950548174;1.8732223730865e-13;0.0;0.0;0.0;0.0;-0.19828947786763612
5457.0;43.123744722245604;-0.2669119280000001;0.0;1.1223651097003064e-15;0.4211492821384708;0.0;0.0008617482696981335;0.22401950753464347;1.8732250910405694e-13;0.0;0.0;0.0;0.0;-0.3783045055222466
5458.0;43.12413680023945;-0.280926485;0.0;1.122365528128135e-15;0.5842807528615287;0.0;0.0007898588591320249;0.22632409579427962;1.8732270693872298e-13;0.0;0.0;0.0;0.0;-0.5296456847275703
5459.0;43.124334701682265;-0.29039947200000005;0.0;1.1223657360657354e-15;0.6628737682144841;0.0;0.0008603613367350758;0.23650107787016947;1.8732280525252606e-13;0.0;0.0;0.0;0.0;-0.6090091221074043
5460.0;-0.005720339502276242;-0.295134267;0.0;0.0;0.6933166115635535;0.0;0.00045146128064830327;0.23071207207429095;0.0;0.0;0.0;0.0;0.0;-0.6293464152308268
5461.0;-0.005719646024895071;-0.2955382590000001;0.0;0.0;0.7013189631961294;0.0;0.000448389866543735;0.2231167527861521;0.0;0.0;0.0;0.0;0.0;-0.6293464152308268
5462.0;-0.005697501438680468;-0.29413627900000006;0.0;0.0;0.7010502243731807;0.0;0.0003687120142226387;0.2220630215597864;0.0;0.0;0.0;0.0;0.0;-0.6293464152308268
5463.0;-0.005724108380543982;-0.29144742500000004;0.0;0.0;0.6638837267601035;0.0;0.0005082428128323006;0.25640208209481835;0.0;0.0;0.0;0.0;0.0;-0.6293464152308268
5464.0;-0.0072515050713693055;-0.287607059;0.0;0.0;0.597000845149289;0.0;0.0006786535164635671;0.3192112019859605;0.0;0.0;0.0;0.0;0.0;-0.6293464152308273
5465.0;43.122144527858914;-0.28196285800000004;0.0;1.1223632779603115e-15;0.464013053983723;0.0;0.0009659994687440054;0.34514593979057084;1.8732164304510862e-13;0.0;0.0;0.0;0.0;-0.5273502126797259
5466.0;43.121326374220935;-0.27884497700000005;0.0;1.1223623779195213e-15;0.3103235034743656;0.0;0.0009239291386431037;0.361549183238735;1.873212174977403e-13;0.0;0.0;0.0;0.0;-0.3931483677649641
5467.0;43.12065490676354;-0.27130476700000006;0.0;1.1223616498097662e-15;0.14925878210243101;0.0;0.0007896277048470351;0.3584602603565711;1.8732087323993137e-13;0.0;0.0;0.0;0.0;-0.23640895028221026
5468.0;43.12059940769879;-0.270590527;0.0;1.1223616025435937e-15;0.03909832760858875;0.0;0.0009038185961724538;0.34958082012123465;1.873208508919447e-13;0.0;0.0;0.0;0.0;-0.11820289710510516
5469.0;43.120368626062884;-0.269305327;0.0;1.1223613494654033e-15;0.012471263436016481;0.0;0.000795406598237404;0.34875775123855934;1.8732073123373878e-13;0.0;0.0;0.0;0.0;-0.0919309435697651
5470.0;43.120376075623994;-0.26730659900000003;0.0;1.1223613590337686e-15;0.009484388217862514;0.0;0.000781999569923638;0.34641443226635626;1.8732073575776626e-13;0.0;0.0;0.0;0.0;-0.08858614435722999
5471.0;43.120365179029854;-0.26347100100000004;0.0;1.1223613446676396e-15;0.009498544219874876;0.0;0.0008307734105548461;0.3516336454457573;1.873207289653047e-13;0.0;0.0;0.0;0.0;-0.09770406167592638
5472.0;43.12045063985249;-0.2571317940000001;0.0;1.1223614400017955e-15;0.009484388217862518;0.0;0.0008763110730633929;0.3503748360915613;1.873207740403581e-13;0.0;0.0;0.0;0.0;-0.10281578322451124
5473.0;441.3688648702365;-0.259296689;0.023026114845305333;1.7113004762019747e-15;0.008889845644230515;2.9440339620926183e-18;0.0001627335776659523;0.23375106601840542;2.91488396507474e-13;0.0;1.3432000740791285e-12;2.07775282189157e-13;2.5811624219093435e-14;-1.8459089633408892e-12
5474.0;422.96290218432404;-0.25344089900000005;0.023026114845305017;1.6616239550592384e-15;0.007828159757068673;2.885279715936311e-18;0.00016227126909573551;0.2323760592051329;2.8977313469692187e-13;0.0;7.627681493506238e-13;2.027570330853554e-13;2.4101540802699488e-14;-1.930920070631377e-12
5475.0;380.0989617542449;-0.250575788;0.023026114845304153;1.5563867269553951e-15;0.006568291426584806;2.7570955302843305e-18;0.00023069334000037808;0.232472890421015;2.852765924375134e-13;0.0;3.801460894276454e-13;1.9191693116641386e-13;2.087950054851518e-14;-2.1630974161008445e-12
5476.0;326.9725088905063;-0.252117764;0.023026114845302707;1.4430922938780165e-15;0.005789723994781964;2.613158578972471e-18;0.00038857265230024204;0.23332500689464955;2.784893898742301e-13;0.0;2.344017947296655e-13;1.7992899562529766e-13;1.7911457143084152e-14;-2.542548101508473e-12
5477.0;318.58341395549814;-0.25792209400000005;0.023026114845302426;1.4266908922224367e-15;0.01180593926739368;2.5917874655831646e-18;0.00043411031480858624;0.2321920798949019;2.772670910108397e-13;0.0;2.2101987321044072e-13;1.781662370990772e-13;1.751819192282273e-14;-2.615076341710134e-12
5478.0;47.62239397823126;-0.2726424030000001;0.0;1.0435888827238912e-15;0.05461308551839613;0.0;0.0004988338953498442;0.2183548672147262;1.9122887908921476e-13;0.0;0.0;1.3504525100696315e-13;0.0;-7.898687176135194e-11
5479.0;40.82420152677569;-0.28686545900000004;0.0;1.0366021456803262e-15;0.18017505624483618;0.0;0.0005892157538766238;0.192888202447087;1.8741278666456788e-13;0.0;0.0;0.0;0.0;-0.08809977836792998
5480.0;40.825178661965865;-0.31169155900000006;0.0;1.0366031309106221e-15;0.3966031217342119;0.0;0.0006310549260659657;0.1793899025708891;1.8741333256927645e-13;0.0;0.0;0.0;0.0;-0.2662334661261184
5481.0;40.826098910816896;-0.329263968;0.0;1.0366040514417778e-15;0.6429282418999704;0.0;0.000671738323203809;0.17568125990700714;1.8741384262299934e-13;0.0;0.0;0.0;0.0;-0.49130521445407654
5482.0;-0.005701922519774273;-0.34425407100000005;0.0;0.0;0.8387155783600064;0.0;0.00026134168934932936;0.13462330442078127;0.0;0.0;0.0;0.0;0.0;-0.6293464152310425
5483.0;-0.005693759010011459;-0.35548239900000006;0.0;0.0;0.8552725408667511;0.0;0.0003359243036681094;0.12921982342820595;0.0;0.0;0.0;0.0;0.0;-0.6293464152310425
5484.0;-0.005704762172383037;-0.357833783;0.0;0.0;0.8460708419411369;0.0;0.0004002499076519921;0.14070822702962774;0.0;0.0;0.0;0.0;0.0;-0.6293464152310425
5485.0;-0.005706929372874229;-0.35581586600000004;0.0;0.0;0.8359211115071894;0.0;0.0004071880550596848;0.14883310997810273;0.0;0.0;0.0;0.0;0.0;-0.6293464152310425
5486.0;-0.005708603996430908;-0.354522855;0.0;0.0;0.8168797118892581;0.0;0.0004124765411131582;0.16657622367675448;0.0;0.0;0.0;0.0;0.0;-0.6293464152310425
5487.0;-0.005705181291064216;-0.3504159150000001;0.0;0.0;0.7958020211320235;0.0;0.0005648411741909893;0.1833961973392037;0.0;0.0;0.0;0.0;0.0;-0.6293464152310425
5488.0;-0.005761694855374007;-0.3435419310000001;0.0;0.0;0.7532983694350177;0.0;0.0008199792601691309;0.21877024614145468;0.0;0.0;0.0;0.0;0.0;-0.6293464152310425
5489.0;40.82468435595594;-0.33447420600000005;0.0;1.0366025594355864e-15;0.5906650194319184;0.0;0.0011742707089255884;0.3019397554742411;1.874130159218482e-13;0.0;0.0;0.0;0.0;-0.560600020269115
5490.0;40.82387567103719;-0.32630147900000006;0.0;1.0366017434233006e-15;0.41673267290520055;0.0;0.0011319692245397022;0.31349174613718955;1.8741256377799038e-13;0.0;0.0;0.0;0.0;-0.40635964057395335
5491.0;40.82308384727131;-0.31495575100000006;0.0;1.0366009471019295e-15;0.23120672238644885;0.0;0.001089898898065376;0.32154812103743136;1.874121225432314e-13;0.0;0.0;0.0;0.0;-0.24020370723419038
5492.0;40.823326720164154;-0.30136654600000007;0.0;1.0366012230760188e-15;0.09134739407466982;0.0;0.001155547099417996;0.2828542820244564;1.8741227545824302e-13;0.0;0.0;0.0;0.0;-0.07531128131430544
5493.0;40.82311942329754;-0.29270695199999996;0.0;1.036601020408552e-15;0.02342785367699034;0.0;0.00109059236092033;0.27711217850544;1.874121631618657e-13;0.0;0.0;0.0;0.0;-0.01024807044387041
5494.0;40.82261186316611;-0.28909101400000004;0.0;1.0366004942547113e-15;0.008974778484913543;0.0;0.0009863411618744545;0.2958684275949773;1.8741187162392208e-13;0.0;0.0;0.0;0.0;-0.018064191267202045
5495.0;40.822448287158146;-0.280401224;0.0;1.036600327492381e-15;0.008719975203281917;0.0;0.0008661402265002573;0.2950840929724496;1.8741177922204255e-13;0.0;0.0;0.0;0.0;-0.025594529428052498
5496.0;40.82272265894365;-0.26298986;0.0;1.0366006146521015e-15;0.008323611901526686;0.0;0.0008770045431728912;0.27842908658917215;1.8741193833526745e-13;0.0;0.0;0.0;0.0;-0.02596478837487705
5497.0;465.55128389556626;-0.25816693900000004;0.02302611484530434;2.186280102463441e-15;0.007502574880491223;3.665979325905195e-18;0.00029819079013916204;0.19518310758607607;2.8539419843075554e-13;0.0;0.03013758436914427;2.4826449902276584e-13;3.493752454561777e-14;-2.2179771329741255e-12
5498.0;465.55133244430397;-0.25604278100000005;0.02302611484530434;2.1862802848425793e-15;0.005846346417999343;3.665979528616415e-18;0.0003199194198578537;0.19374032069547267;2.853942029963675e-13;0.0;0.031090684510314992;2.4826451464567437e-13;3.493753187444446e-14;-2.217976875400009e-12
5499.0;465.5515242818344;-0.25394554300000005;0.02302611484530434;2.1862810131505467e-15;0.004614791676423797;3.6659803381139215e-18;0.0003250048467666936;0.18166543969290902;2.853942212285478e-13;0.0;0.0422951794886534;2.482645770338075e-13;3.493756114122544e-14;-2.2179758468124977e-12
5500.0;465.5515702582356;-0.252044794;0.02302611484530434;2.1862811897561066e-15;0.004671414099609611;3.6659805344069694e-18;0.000303969683529531;0.17665925518847347;2.853942256496216e-13;0.0;0.04536514107025164;2.4826459216221714e-13;3.493756823806028e-14;-2.217975597393141e-12
5501.0;594.6767187478283;-0.25458338;0.023026114845306082;2.7968815568128863e-15;0.005549073545509846;4.2857634988039e-18;0.00030813048242014397;0.16557205790941915;2.9523026221109747e-13;0.0;0.05723060152884781;2.9619962278404865e-13;7.747539994784679e-14;-1.7017420316907258e-12
5502.0;684.8544259158429;-0.26555845600000005;0.023026114845306877;3.474251163246732e-15;0.023003179957773283;4.8582781757956e-18;0.000304663146386605;0.15091177989493038;3.0024536727742495e-13;0.0;0.057230601528974794;3.40110889973852e-13;5.171970940226404e-13;-1.4642883887328124e-12
5503.0;465.5524436954541;-0.283370875;0.02302611484530434;2.186284452059154e-15;0.10740007530768868;3.665984160377721e-18;0.00023184911867843766;0.13561241408170605;2.853943073165317e-13;0.0;0.015088442630743073;2.482648716165534e-13;3.493769933285555e-14;-2.217970990072196e-12
5504.0;66.44081313952358;-0.3032352870000001;0.02302611484512609;1.3052389731056508e-15;0.27929398607098627;0.0;0.00020711546508229905;0.13112911991620316;1.958304751300736e-13;0.0;0.0;1.629612917960254e-13;0.0;-0.12969422971773806
5505.0;66.44156364262292;-0.31992195100000004;0.023026114845126098;1.3052399430356802e-15;0.48959258827164537;0.0;0.0001930149666604292;0.12568719316645666;1.9583080116850858e-13;0.0;0.0;1.6296139681407464e-13;0.0;-0.3178389585971962
5506.0;66.44198410837508;-0.3309151490000001;0.023026114845126105;1.3052404767439054e-15;0.6542245730199225;0.0;0.00017128634056831307;0.13113880126400213;1.958309805721128e-13;0.0;0.0;1.6296145460065374e-13;0.0;-0.47689922979533256
5507.0;66.44220247967488;-0.3405957990000001;0.023026114845126105;1.3052407520161484e-15;0.7553960914401417;0.0;0.000129678319037382;0.13441170345636352;1.958310731035377e-13;0.0;0.0;1.6296148440544462e-13;0.0;-0.5716161683509272
5508.0;66.4657602341183;-0.34614751900000007;0.02302611484512639;1.3052740321329695e-15;0.7989818082939795;0.0;0.00010586928987412019;0.14347512654947855;1.9584225941358294e-13;0.0;0.0;1.6296508775479147e-13;0.0;-0.6188945290948833
5509.0;49.98158718907107;-0.34687685100000004;0.012371997926878115;1.2838969003922824e-15;0.8042902345595687;0.0;7.974869971282121e-5;0.15949104513380608;1.8840108198489444e-13;0.0;0.0;1.6064450753280727e-13;0.0;-0.6293464152046199
5510.0;41.234006212089355;-0.345794842;0.0;1.2728342226449826e-15;0.7967168812532923;0.0;7.16582525797936e-5;0.17555537755232783;1.8435603040634168e-13;0.0;0.0;0.0;0.0;-0.6293464152179399
5511.0;66.44117727928607;-0.3410537990000001;0.023026114845126094;1.3052393695091897e-15;0.7360026428646143;0.0;8.853261332957003e-5;0.1905545648229425;1.958306083798237e-13;0.0;0.0;1.6296133471615264e-13;0.0;-0.6078690916233154
5512.0;66.44089598895697;-0.33418289200000006;0.02302611484512609;1.3052390121978107e-15;0.6341374898549708;0.0;9.384919452339429e-5;0.18947005520493546;1.958304882707771e-13;0.0;0.0;1.6296129602868274e-13;0.0;-0.5118014215195859
5513.0;66.4403649097416;-0.325763774;0.023026114845126084;1.3052383285142785e-15;0.47618704296471054;0.0;9.015070420418788e-5;0.19014787548998022;1.9583025845244687e-13;0.0;0.0;1.629612220036435e-13;0.0;-0.3629525011741632
5514.0;66.43985878449189;-0.31748668999999996;0.02302611484512608;1.3052376784273098e-15;0.3178827039484594;0.0;9.223110364877518e-5;0.18968308210611076;1.958300399270188e-13;0.0;0.0;1.6296115161623438e-13;0.0;-0.21247077860011845
5515.0;66.43940666836328;-0.30727276800000003;0.023026114845126074;1.3052371017439368e-15;0.15926693447280005;0.0;8.807030475959957e-5;0.18513200609016503;1.9582984607565969e-13;0.0;0.0;1.6296108917650584e-13;0.0;-0.05952185738916041
5516.0;465.5513054603545;-0.29805423799999997;0.02302611484530434;2.1862801877408953e-15;0.05175361431972765;3.665979420689199e-18;7.004016539988496e-5;0.1819075195064331;2.85394200565562e-13;0.0;0.03928033064732281;2.4826450632780463e-13;3.493752797245903e-14;-2.2179770125366283e-12
5517.0;700.738917067411;-0.294627724;0.023026114845306995;3.6291955499808535e-15;0.014042555888178068;4.9753214200075994e-18;7.535674296935626e-5;0.19656779752097178;3.0101541627247415e-13;0.0;0.05723060152898709;3.4895442360514465e-13;0.003112456535159551;-1.429152628841407e-12
5518.0;655.8959797233725;-0.289096114;0.023026114845306648;3.223684941930444e-15;0.009725035499216692;4.658660637373387e-18;7.859292109171703e-5;0.20239704913428705;2.9876244576713387e-13;0.0;0.05723060152894715;3.2490334473056897e-13;1.8329291620714743e-13;-1.5329121213589967e-12
5519.0;514.4230612210354;-0.279473662;0.023026114845305114;2.3832969515048875e-15;0.009399452207484747;3.878451038708792e-18;6.726629584782198e-5;0.20142873520153962;2.895798012067487e-13;0.0;0.057230601528340794;2.6467381672118234e-13;4.4106467472443457e-14;-1.9892443981021902e-12
5520.0;465.55083136050126;-0.269353883;0.02302611484530434;2.18627841570255e-15;0.009385297790317267;3.665977451108623e-18;6.010046949376527e-5;0.20250356347173695;2.853941562049303e-13;0.0;0.03235921938451332;2.482643545318904e-13;3.4937456763898675e-14;-2.2179795151899763e-12
5521.0;0.0027277855040086234;-0.302151082;0.0;0.0;0.0029334227580143555;0.0;0.002688516091914801;0.47288160287095776;0.0;0.0;0.0;0.0;0.0;-0.17634909967809062
5522.0;0.0026453747698545788;-0.2993333760000001;0.0;0.0;0.0014789622423502227;0.0;0.0026561481991001904;0.4638343790523204;0.0;0.0;0.0;0.0;0.0;-0.16863282319376666
5523.0;0.0024297512025809277;-0.29676025600000006;0.0;0.0;0.0007312730589503511;0.0;0.00251395942874226;0.461975181702467;0.0;0.0;0.0;0.0;0.0;-0.1684562754126104
5524.0;0.002239316078366339;-0.2962838200000001;0.0;0.0;0.0007166966355130997;0.0;0.0023581190588531174;0.4554292262267618;0.0;0.0;0.0;0.0;0.0;-0.16221467108731655
5525.0;0.0020959851005182407;-0.304148909;0.0;0.0;0.0007305354651485685;0.0;0.002135222435084885;0.4504284554254692;0.0;0.0;0.0;0.0;0.0;-0.1491341513227595
5526.0;0.0022719086375951564;-0.32198445100000006;0.0;0.0;0.0017460535336609308;0.0;0.0017193092255806978;0.4411561618950775;0.0;0.0;0.0;0.0;0.0;-0.1226309327675822
5527.0;0.0012405450564035557;-0.339217731;0.0;0.0;0.016176684351643315;0.0;0.0016994828647454853;0.4284854675892112;0.0;0.0;0.0;0.0;0.0;-0.10713858557463637
5528.0;0.0013457322887272009;-0.352206607;0.0;0.0;0.11355894690296536;0.0;0.001916502458735241;0.4259143277046789;0.0;0.0;0.0;0.0;0.0;-0.18917804113405814
5529.0;0.0013605503026248745;-0.36455345400000005;0.0;0.0;0.3341265588862901;0.0;0.001947037606903818;0.4078131932778421;0.0;0.0;0.0;0.0;0.0;-0.37932823455725995
5530.0;0.001389205848685068;-0.375003615;0.0;0.0;0.5738675945321536;0.0;0.0020060230304972267;0.3789648772639742;0.0;0.0;0.0;0.0;0.0;-0.5798298327875707
5531.0;0.0013431445261809115;-0.38318169700000004;0.0;0.0;0.6942737566049326;0.0;0.0019111818321607876;0.29994058259101636;0.0;0.0;0.0;0.0;0.0;-0.6129386896187774
5532.0;0.0013288939954648371;-0.3876840210000001;0.0;0.0;0.684731044745485;0.0;0.001881802092642432;0.31426081653620824;0.0;0.0;0.0;0.0;0.0;-0.6131844812539081
5533.0;0.0015271374509590225;-0.383902;0.0;0.0;0.6733522122375055;0.0;0.0022879520835656477;0.31749407227307014;0.0;0.0;0.0;0.0;0.0;-0.6092274458291979
5534.0;0.00163431453414974;-0.38405717400000006;0.0;0.0;0.6589296896033036;0.0;0.0025062407661411703;0.32943883515026656;0.0;0.0;0.0;0.0;0.0;-0.6068129676179715
5535.0;0.0016694822360582527;-0.37931666300000005;0.0;0.0;0.6680106832634395;0.0;0.0025779190554662593;0.31474353156240836;0.0;0.0;0.0;0.0;0.0;-0.6060108968109361
5536.0;0.0016698274992844838;-0.3704306150000001;0.0;0.0;0.5384215222192507;0.0;0.0025786127049549504;0.3931037575792502;0.0;0.0;0.0;0.0;0.0;-0.5636687041603277
5537.0;0.0016556520716142146;-0.35948515500000006;0.0;0.0;0.33279427742139567;0.0;0.002549710467096063;0.3672854470897553;0.0;0.0;0.0;0.0;0.0;-0.3431396869382185
5538.0;0.0017478900334439004;-0.346950019;0.0;0.0;0.137083763172133;0.0;0.0027379157454612154;0.3318496483939727;0.0;0.0;0.0;0.0;0.0;-0.12471683805470674
5539.0;0.0028469368259702236;-0.34604658000000005;0.0;0.0;0.02986795171385133;0.0;0.0027823753329657744;0.33072146753649007;0.0;0.0;0.0;0.0;0.0;-0.017321434450083807
5540.0;0.002897823980576241;-0.34515360500000003;0.0;0.0;0.007486662797405621;0.0;0.0028471043518605637;0.3564611980281988;0.0;0.0;0.0;0.0;0.0;-0.021638696081695885
5541.0;0.00290200788963512;-0.33781877200000004;0.0;0.0;0.004996601599315073;0.0;0.0028547333867634493;0.37931425251769213;0.0;0.0;0.0;0.0;0.0;-0.04934365639803273
5542.0;0.0028285324895321903;-0.32628709600000005;0.0;0.0;0.00420499754703978;0.0;0.002768274040079091;0.38863617203541956;0.0;0.0;0.0;0.0;0.0;-0.06931900260816205
5543.0;0.002829222615960747;-0.315546954;0.0;0.0;0.0027925624180531405;0.0;0.0028191319447198417;0.4013491529909388;0.0;0.0;0.0;0.0;0.0;-0.09140993883314703
5544.0;0.0027339401105197633;-0.30589878100000006;0.0;0.0;0.0014651147533184415;0.0;0.0027479283837759114;0.40896777482076674;0.0;0.0;0.0;0.0;0.0;-0.10727823084730705
5545.0;0.0009292556035796041;-0.28553443300000003;0.0;0.0;0.00020913837228489713;0.0;0.0013803863506312052;0.3935350502502627;0.0;0.0;0.0;0.0;0.0;-0.10958488850553244
5546.0;0.0008398622175413331;-0.21868365400000006;0.0;0.0;0.00018726649678272054;0.0;0.0012157494682925277;0.3531651081362584;0.0;0.0;0.0;0.0;0.0;-0.1358780781686444
5547.0;0.0009210691203988042;-0.218376282;0.0;0.0;0.0002073924673402265;0.0;0.001369024253388784;0.3535965423235505;0.0;0.0;0.0;0.0;0.0;-0.1367912739007816
5548.0;0.0008405849798792869;-0.2736385230000001;0.0;0.0;0.00018021044983514904;0.0;0.0012030141808298323;0.373358411936592;0.0;0.0;0.0;0.0;0.0;-0.10109660022002441
5549.0;0.0008452770029082403;-0.27193042;0.0;0.0;0.00018270681018767857;0.0;0.0012178506168291725;0.3675384250815175;0.0;0.0;0.0;0.0;0.0;-0.09700208684273912
5550.0;0.0008243324322783723;-0.273445837;0.0;0.0;0.00018230505988616667;0.0;0.0011760979084906326;0.3675324443290537;0.0;0.0;0.0;0.0;0.0;-0.09543851189674608
5551.0;0.0009071147935398546;-0.2781259670000001;0.0;0.0;0.0013476727357012719;0.0;0.001344923464380715;0.3774144523084281;0.0;0.0;0.0;0.0;0.0;-0.10197514031789061
5552.0;0.0009787666881077835;-0.28547068300000006;0.0;0.0;0.019187195742234014;0.0;0.0014974519522177882;0.38572664355822495;0.0;0.0;0.0;0.0;0.0;-0.12093464119372882
5553.0;0.0010768415836818024;-0.29700993400000003;0.0;0.0;0.13135966273057856;0.0;0.0017059722213129825;0.39329362449547617;0.0;0.0;0.0;0.0;0.0;-0.22934358623936696
5554.0;0.0011490420756869834;-0.311892746;0.0;0.0;0.2977819342137706;0.0;0.0018525700652478397;0.40647903305453825;0.0;0.0;0.0;0.0;0.0;-0.39421526193442974
5555.0;0.0011544631659941955;-0.32166132999999997;0.0;0.0;0.44717965676260674;0.0;0.0018634529790366996;0.41119455993799797;0.0;0.0;0.0;0.0;0.0;-0.5385708240920833
5556.0;0.0012015069872995871;-0.32721285800000005;0.0;0.0;0.5272192365298041;0.0;0.0019581467315230717;0.3865019236458349;0.0;0.0;0.0;0.0;0.0;-0.5884610332263772
5557.0;0.0012295235272366868;-0.33259949200000005;0.0;0.0;0.545979439164295;0.0;0.0020146302971983192;0.38059384657098577;0.0;0.0;0.0;0.0;0.0;-0.5959830570858725
5558.0;0.001386143714750425;-0.33101353200000005;0.0;0.0;0.4830826611736881;0.0;0.002331905204634068;0.42883880921186496;0.0;0.0;0.0;0.0;0.0;-0.5832347038458174
5559.0;0.0014476025661966576;-0.32569397499999997;0.0;0.0;0.37363043744457014;0.0;0.002457065927211025;0.4631842195413218;0.0;0.0;0.0;0.0;0.0;-0.5135726942625728
5560.0;0.0014088794571012206;-0.31698223900000005;0.0;0.0;0.2191358890359198;0.0;0.002378177384975097;0.46307313779344283;0.0;0.0;0.0;0.0;0.0;-0.3675998574061745
5561.0;0.0014685014208197155;-0.32053506100000007;0.0;0.0;0.06637143269859988;0.0;0.0024996306726876483;0.4966931035472713;0.0;0.0;0.0;0.0;0.0;-0.2450240823446404
5562.0;0.002600531999039882;-0.336495667;0.0;0.0;0.011356819372221603;0.0;0.0025877830132208343;0.5375251976127771;0.0;0.0;0.0;0.0;0.0;-0.2149729323570231
5563.0;0.0026609614371543113;-0.33787659400000003;0.0;0.0;0.00047630256720143286;0.0;0.0026372882836386926;0.5764882205631945;0.0;0.0;0.0;0.0;0.0;-0.24172897123072948
5564.0;0.0026646331706775797;-0.33502048;0.0;0.0;0.0003076759610431689;0.0;0.0025769501762778644;0.575081953180431;0.0;0.0;0.0;0.0;0.0;-0.24293929280544305
5565.0;0.0024049768649709214;-0.32904009600000006;0.0;0.0;0.00027903024806801366;0.0;0.0025960895416019454;0.5732010014772093;0.0;0.0;0.0;0.0;0.0;-0.24702396545625924
5566.0;0.002189285803302547;-0.321559802;0.0;0.0;0.0002504002824612063;0.0;0.0025296764001793686;0.5695109106926148;0.0;0.0;0.0;0.0;0.0;-0.25072125514145605
5567.0;0.0021957470288309047;-0.31582349900000006;0.0;0.0;0.0002503931015767659;0.0;0.0025780026714314463;0.5567362141858647;0.0;0.0;0.0;0.0;0.0;-0.24373210226688205
5568.0;0.0022780960461124523;-0.308540882;0.0;0.0;0.00026466546796626576;0.0;0.0025999901549980968;0.5487427221502451;0.0;0.0;0.0;0.0;0.0;-0.24305551240263334
5569.0;0.0037293156285191998;-0.37654580000000004;0.0;0.0;0.0002524353788404061;0.0;0.00510137088467173;0.6333153179228865;0.0;0.0;0.0;0.0;0.0;-0.2621052127087333
5570.0;0.003697572852544444;-0.37321964;0.0;0.0;0.00023749677378890756;0.0;0.0050241731425594936;0.6331261474803307;0.0;0.0;0.0;0.0;0.0;-0.2651500492827273
5571.0;0.003708749443319548;-0.37068752000000005;0.0;0.0;0.00023750755628891736;0.0;0.005051495985334269;0.63114714300558;0.0;0.0;0.0;0.0;0.0;-0.2657305080692469
5572.0;0.003629664951676412;-0.36723316000000006;0.0;0.0;0.0002523359853089902;0.0;0.004857632844953066;0.6272445797676762;0.0;0.0;0.0;0.0;0.0;-0.2651031891699493
5573.0;0.003558225771527183;-0.36877096;0.0;0.0;0.0002522620063405191;0.0;0.0046828502506249476;0.6318596098112417;0.0;0.0;0.0;0.0;0.0;-0.2680054957548298
5574.0;0.0037158378110469237;-0.37497739999999996;0.0;0.0;0.00025242218827347486;0.0;0.005068410082934489;0.6477990220540375;0.0;0.0;0.0;0.0;0.0;-0.2781243313242565
5575.0;0.003636473238051468;-0.3915012;0.0;0.0;0.00032683814026028915;0.0;0.0048715110581050375;0.6547400537298403;0.0;0.0;0.0;0.0;0.0;-0.2684189554695786
5576.0;0.003533052223459232;-0.41331988;0.0;0.0;0.007974905376978779;0.0;0.004814677411125174;0.6602095290482014;0.0;0.0;0.0;0.0;0.0;-0.2596662053115249
5577.0;0.0022088007005479048;-0.42376820000000004;0.0;0.0;0.042986394260676665;0.0;0.003910102426229833;0.6342080173511533;0.0;0.0;0.0;0.0;0.0;-0.25732742666554276
5578.0;0.0022157653161170264;-0.43062212;0.0;0.0;0.12085554954008751;0.0;0.003908804653842459;0.6205002068053782;0.0;0.0;0.0;0.0;0.0;-0.314633984735483
5579.0;0.002254236326870786;-0.4378173999999999;0.0;0.0;0.2143624935598566;0.0;0.0039691139989000025;0.60996369142519;0.0;0.0;0.0;0.0;0.0;-0.39046843828310646
5580.0;0.0022661922403320513;-0.44304767999999994;0.0;0.0;0.2771317619516809;0.0;0.004010758457892841;0.6263558138384926;0.0;0.0;0.0;0.0;0.0;-0.46444121498225405
5581.0;0.0022741644213913606;-0.44328848;0.0;0.0;0.2738185836169173;0.0;0.00403852121104859;0.6264771671419221;0.0;0.0;0.0;0.0;0.0;-0.4610363669126213
5582.0;0.0022923556516727824;-0.43949079999999996;0.0;0.0;0.26877825930462734;0.0;0.0041018543588145495;0.6297423219618127;0.0;0.0;0.0;0.0;0.0;-0.46312224276210145
5583.0;0.0022557306465023548;-0.43559216;0.0;0.0;0.19545234487320445;0.0;0.00397431958162766;0.6040874074913836;0.0;0.0;0.0;0.0;0.0;-0.36791245393599303
5584.0;0.002247886932412927;-0.42890892;0.0;0.0;0.12197119747074159;0.0;0.004022460487942753;0.6083704710513237;0.0;0.0;0.0;0.0;0.0;-0.30544684297891705
5585.0;0.0022224039104100112;-0.42618555999999996;0.0;0.0;0.04510949416374331;0.0;0.00395651999740613;0.6134734312508271;0.0;0.0;0.0;0.0;0.0;-0.23634488755239458
5586.0;0.0030760861366093397;-0.42904052;0.0;0.0;0.010949532738304625;0.0;0.003922918447713323;0.6261791504560638;0.0;0.0;0.0;0.0;0.0;-0.21199932399748816
5587.0;0.003205092183074677;-0.43006195999999997;0.0;0.0;0.000893136297337182;0.0;0.003795877537367429;0.6314736273624602;0.0;0.0;0.0;0.0;0.0;-0.20608236168536198
5588.0;0.0028320860831405866;-0.42405836;0.0;0.0;0.0003108777650027404;0.0;0.0028857792245209203;0.6187008086451107;0.0;0.0;0.0;0.0;0.0;-0.197819866550116
5589.0;0.0027812421536573006;-0.4133858;0.0;0.0;0.00028104458852628667;0.0;0.0027612649512167376;0.6066866270562845;0.0;0.0;0.0;0.0;0.0;-0.19632385895859245
5590.0;0.0027599372803695267;-0.40012656;0.0;0.0;0.000281011676610387;0.0;0.002707466683488363;0.6038596953857421;0.0;0.0;0.0;0.0;0.0;-0.20670229967066478
5591.0;0.0028913259215917813;-0.38971768;0.0;0.0;0.0002812100741524298;0.0;0.003037186353698893;0.5978706112387533;0.0;0.0;0.0;0.0;0.0;-0.21145222257280868
5592.0;0.0029692183967901364;-0.38036040000000004;0.0;0.0;0.0002813225497486033;0.0;0.003231100887861903;0.5949093107655532;0.0;0.0;0.0;0.0;0.0;-0.21804233930391964
5593.0;50.113576696730256;-0.3375342;0.01446189092870326;1.0799411568865977e-15;0.0002545749515298254;0.0;0.0033218022890234913;0.4593510202537063;1.9465557741787364e-13;0.0;0.0;1.398248408193353e-13;0.0;-0.139936963672209
5594.0;50.11516748467911;-0.33257016;0.014640189205135221;1.0799427262992668e-15;0.0002545749515298799;0.0;0.003956240505514968;0.4711387735785024;1.946564051843619e-13;0.0;0.0;1.3982502509061886e-13;0.0;-0.15750100502553846
5595.0;50.117216259252054;-0.3335424;0.014859793227236143;1.0799447479066462e-15;0.00026954837083323455;0.0;0.004370815306915365;0.48793489317391436;1.9465747144728003e-13;0.0;0.0;1.3982526245591175e-13;0.0;-0.17397335206474548
5596.0;50.119168520092664;-0.33517548;0.015066234396160557;1.0799466743585184e-15;0.0002545749515300171;0.0;0.0046544261069404015;0.5043691923879465;1.946584875137824e-13;0.0;0.0;1.398254886484761e-13;0.0;-0.1892489885575535
5597.0;50.12021951252167;-0.33833268;0.01517973410379489;1.0799477113732792e-15;0.00023959817909289703;0.0;0.004902043482948305;0.5128339024364381;1.9465903446207262e-13;0.0;0.0;1.3982561040860924e-13;0.0;-0.19490229597050762
5598.0;50.12283554204384;-0.34684604;0.015450663988461146;1.0799502930479705e-15;0.00023959817909298672;0.0;0.005052955655638892;0.5357809807247071;1.9466039609371724e-13;0.0;0.0;1.3982591353336496e-13;0.0;-0.20975693725786665
5599.0;50.12613219051896;-0.36699956;0.015787734951215934;1.0799535466739012e-15;0.0003593972694879253;0.0;0.005063363384179128;0.5654788830444062;1.9466211210659606e-13;0.0;0.0;1.398262955544007e-13;0.0;-0.2197673931507913
5600.0;50.127932286240615;-0.39143404000000004;0.015979780618947028;1.0799553283588794e-15;0.006648848676932784;0.0;0.005086780793805382;0.5849029664319136;1.9466305178525594e-13;0.0;0.0;1.398265047488946e-13;0.0;-0.22126005209422828
5601.0;50.127386331146134;-0.40448652000000007;0.015959323285623103;1.0799548133596076e-15;0.035789974481481565;0.0;0.005084612507954732;0.5953481739658109;1.9466278017010883e-13;0.0;0.0;1.3982644428085445e-13;0.0;-0.24776584168256952
5602.0;50.123041890295156;-0.41136920000000005;0.01559923840490228;1.079950581794311e-15;0.10440489805627433;0.0;0.0050984894952167134;0.5923298215369839;1.9466054838394466e-13;0.0;0.0;1.398259474362154e-13;0.0;-0.3061218197923925
5603.0;50.117403024402336;-0.4154650800000001;0.015134781069362103;1.0799450918371646e-15;0.19632074219800993;0.0;0.0050941529371225595;0.5900065503365661;1.9465765284676496e-13;0.0;0.0;1.3982530283819717e-13;0.0;-0.39113397025019936
5604.0;50.113577663176876;-0.4201704;0.014834034231611901;1.079941378697005e-15;0.2722583820296232;0.0;0.005005253523406836;0.595928990893815;1.9465569440922744e-13;0.0;0.0;1.398248668630135e-13;0.0;-0.4678857645027266
5605.0;50.11154914891811;-0.41944588000000005;0.014684175861178336;1.0799394159618858e-15;0.3202079633495924;0.0;0.004969693766084839;0.6030701983293749;1.9465465918332427e-13;0.0;0.0;1.398246364100554e-13;0.0;-0.5235071096716628
5606.0;50.11277763728503;-0.41510416000000006;0.014794196310171228;1.0799406207459041e-15;0.31072886178909814;0.0;0.004812276763056609;0.6097638893385022;1.9465529463615763e-13;0.0;0.0;1.3982477786882275e-13;0.0;-0.5250173959678941
5607.0;50.11578618242756;-0.41027032;0.01503477288504514;1.079943549871579e-15;0.26146149047478595;0.0;0.004536905426131888;0.6119919463932836;1.946568395648199e-13;0.0;0.0;1.3982512178968683e-13;0.0;-0.4827855376229587
5608.0;50.118536448597126;-0.40273476;0.015218648140642544;1.079946198926124e-15;0.18166032955879766;0.0;0.004529966935902686;0.5947387887824551;1.946582367577104e-13;0.0;0.0;1.3982543282603737e-13;0.0;-0.39345815523258837
5609.0;50.1227592774392;-0.39781916000000006;0.015548339562245843;1.0799502946928654e-15;0.09399735228779486;0.0;0.004721642730185389;0.5858075208737633;1.9466039696125067e-13;0.0;0.0;1.3982591372648578e-13;0.0;-0.3023163340518999
5610.0;50.12475885167947;-0.39647912;0.01567470611626622;1.0799522153638385e-15;0.02947057288229624;0.0;0.004739422615649965;0.5697445636300947;1.9466140995574734e-13;0.0;0.0;1.398261392400641e-13;0.0;-0.2232225430154987
5611.0;50.12723460514686;-0.39758812;0.01589661381112317;1.079954637466875e-15;0.0034591985238831705;0.0;0.004764574637628155;0.5782283186007539;1.946626874026401e-13;0.0;0.0;1.3982642362861025e-13;0.0;-0.20483712678948512
5612.0;50.12769892759366;-0.39396559999999997;0.015937878644201656;1.0799550936782505e-15;0.0008385936310672769;0.0;0.004645319337664134;0.5815037521879397;1.9466292801270425e-13;0.0;0.0;1.3982647719416423e-13;0.0;-0.2090368098631186
5613.0;50.129169608813555;-0.38516868000000004;0.016080288700094685;1.0799565450771389e-15;0.00046422294057956993;0.0;0.0043513008022952925;0.5957195159361744;1.9466369349079117e-13;0.0;0.0;1.3982664760846647e-13;0.0;-0.23152302124853502
5614.0;50.13103853892292;-0.37319592;0.016259876134905652;1.0799583898856055e-15;0.00037437068879137784;0.0;0.003902900862728415;0.6142866545709508;1.946646664493229e-13;0.0;0.0;1.3982686421444696e-13;0.0;-0.2617035425496885
5615.0;50.13008548321453;-0.36208492;0.016146143901824332;1.0799574497320839e-15;0.0002545749515303913;0.0;0.0032502491076843807;0.6082499532016975;1.9466417060992448e-13;0.0;0.0;1.398267538274527e-13;0.0;-0.26589193907838843
5616.0;50.1299078213496;-0.35148108;0.016115135863725313;1.079957274834389e-15;0.00026954837083366964;0.0;0.002732464259021871;0.6087260343950815;1.9466407836822758e-13;0.0;0.0;1.3982673329202192e-13;0.0;-0.2764380305923768
5617.0;68.48280128674686;-0.32203128000000003;0.027646114844692954;1.8354238543271895e-15;0.00817628665994597;0.0;0.002874703315511438;0.30920475566023514;1.920075032019105e-13;0.0;0.0;2.1392017688914204e-13;0.0;-0.025795516164006677
5618.0;68.48199803806837;-0.31538728000000005;0.02764611484469294;1.835422511305887e-15;0.00637930198059052;0.0;0.0030169423652101515;0.30333944463688817;1.9200725535562645e-13;0.0;0.0;2.1392005289898167e-13;0.0;-0.024914705936078592
5619.0;68.48116182795363;-0.31332215999999996;0.02764611484469293;1.8354211107237396e-15;0.004851863997198224;0.0;0.0029740104577673883;0.29829299026613754;1.9200699688620691e-13;0.0;0.0;2.13919923594677e-13;0.0;-0.020358939465499007
5620.0;68.48033594474387;-0.31293308;0.02764611484469292;1.835419728430947e-15;0.0032196003427143864;0.0;0.003045129986018532;0.2927418934234522;1.9200674179135914e-13;0.0;0.0;2.1391979597880307e-13;0.0;-0.013631334716100662
5621.0;68.48137456924071;-0.31484972;0.027646114844692933;1.835421465738713e-15;0.0013776886991813955;0.0;0.0029913566833404018;0.29735987454573715;1.9200706240224782e-13;0.0;0.0;2.139199563703129e-13;0.0;-0.014439467955075825
5622.0;68.48181594168075;-0.32312628;0.02764611484469294;1.8354222024086564e-15;0.0011830174825693562;0.0;0.0029046255486717574;0.29997831674884917;1.920071983504616e-13;0.0;0.0;2.1392002438105118e-13;0.0;-0.008501729695989705
5623.0;68.47957094418064;-0.34113116;0.02764611484469291;1.8354184459244397e-15;0.017475692099698428;0.0;0.002793176051916482;0.29809303689748023;1.9200650511098998e-13;0.0;0.0;2.13919677575343e-13;0.0;-0.004797844611318516
5624.0;68.46759859645458;-0.3621018;0.027646114844692742;1.835398433763313e-15;0.1202782766949257;0.0;0.002714684373544559;0.29444626133993074;1.920028118935728e-13;0.0;0.0;2.1391783000897354e-13;0.0;-0.08294158184474734
5625.0;68.43886412232156;-0.38110984000000003;0.027646114844692347;1.8353503950273988e-15;0.36197291725626185;0.0;0.002562904901481552;0.28297272045159544;1.919939458735311e-13;0.0;0.0;2.1391339492652223e-13;0.0;-0.2940883598886215
5626.0;68.40596208895934;-0.39266784;0.027646114844691892;1.835295388429395e-15;0.6185825454100368;0.0;0.0024562256091048024;0.25802610324415287;1.9198379293694176e-13;0.0;0.0;2.1390831647762124e-13;0.0;-0.5141686509039515
5627.0;0.024852338757582637;-0.3968438;0.0;0.0;0.814379668140681;0.0;0.0023534490414361983;0.2288430827446189;0.0;0.0;0.0;0.0;0.0;-0.6485674290682661
5628.0;0.031995256622551926;-0.40060032;0.0;0.0;0.8532829644233628;0.0;0.002451888914840325;0.1933685525361958;0.0;0.0;0.0;0.0;0.0;-0.6485674290682645
5629.0;0.02924476467526048;-0.40411588;0.0;0.0;0.8426488957969072;0.0;0.002373397229096887;0.207548313277961;0.0;0.0;0.0;0.0;0.0;-0.6485674290682651
5630.0;0.032947018428530525;-0.40290124;0.0;0.0;0.8273103474434892;0.0;0.002487882336374249;0.22163643428596824;0.0;0.0;0.0;0.0;0.0;-0.6485674290682643
5631.0;0.0344040134519738;-0.39568008;0.0;0.0;0.812973420698822;0.0;0.0025949952948556777;0.228747620943645;0.0;0.0;0.0;0.0;0.0;-0.6485674290682639
5632.0;0.02561621111722636;-0.38586044;0.0;0.0;0.7702424131984338;0.0;0.0025199728137723747;0.26178477461696725;0.0;0.0;0.0;0.0;0.0;-0.648567429068266
5633.0;68.42290045348466;-0.37453936000000004;0.027646114844692128;1.835323717100751e-15;0.5474668177093903;0.0;0.0023660252293215725;0.3063863600884648;1.9198902187361859e-13;0.0;0.0;2.1391093191365954e-13;0.0;-0.5094573816502159
5634.0;68.44713292725505;-0.36682568;0.02764611484469246;1.8353642136847203e-15;0.2861550748384764;0.0;0.0022923037689353935;0.28409626969586976;1.9199649631983215e-13;0.0;0.0;2.1391467071308207e-13;0.0;-0.2333791122724977
5635.0;68.46625116285357;-0.36255223999999997;0.027646114844692725;1.8353961661916782e-15;0.08297583764765858;0.0;0.002445817873761055;0.2673287166116094;1.920023934080059e-13;0.0;0.0;2.1391762066119273e-13;0.0;-0.01776922474559873
5636.0;504.840592916996;-0.36574304;0.027646114844938025;3.0605443970928312e-15;0.016652071888032107;5.151426413864588e-18;0.0024731381816501022;0.2709659705812077;2.764264500948241e-13;0.0;0.04559678456259363;3.093055903176279e-13;5.091037083189712e-14;-3.1477848216074287e-12
5637.0;504.84259609588014;-0.3610466;0.027646114844938025;3.060553693667542e-15;0.008430861614966817;5.151436794529416e-18;0.002054226815351985;0.2786213455660866;2.7642664789539034e-13;0.0;0.04188295429683395;3.093061915245946e-13;5.0910775825825817e-14;-3.1477713306593197e-12
5638.0;504.8427099167;-0.35198992;0.027646114844938025;3.0605542148012737e-15;0.008760308694410851;5.1514373764334514e-18;0.0018040075140126;0.28052566685122254;2.764266589833385e-13;0.0;0.030841266444730186;3.093062252261041e-13;5.0910798528502124e-14;-3.147770574409238e-12
5639.0;504.8428053965105;-0.34126608;0.027646114844938025;3.0605546509623925e-15;0.008760308694410851;5.151437863453297e-18;0.0015689661523955803;0.28207768934396243;2.764266682633516e-13;0.0;0.01879935822822354;3.09306253432446e-13;5.091081752943533e-14;-3.1477699414692447e-12
5640.0;504.84223112719627;-0.33034564000000005;0.027646114844938025;3.060551662587546e-15;0.008565634124664923;5.151434526603223e-18;0.0012437244041917377;0.2842581384538252;2.764266046808698e-13;0.0;0.00621548193715064;3.0930606017534437e-13;5.091068734396359e-14;-3.14777427809306e-12
5641.0;21.87876606276968;-0.23962316000000006;0.0;0.0;0.006289451403379515;0.0;0.0015112899445843422;0.263691460897703;1.7950767246596348e-13;0.0;0.0;0.0;0.0;-0.03237631649322214
5642.0;21.875997634925675;-0.23636188;0.0;0.0;0.0035041221325576603;0.0;0.0016292442784808204;0.24711433784891518;1.7950626309388445e-13;0.0;0.0;0.0;0.0;-0.01638059434625388
5643.0;21.873661256806717;-0.23351476;0.0;0.0;0.0019467339574245415;0.0;0.0015945518341383533;0.23425064496896295;1.79505072603548e-13;0.0;0.0;0.0;0.0;-0.004762561118319491
5644.0;50.0437587380228;-0.23074944;0.006484022042482705;1.1293342175793462e-15;0.0007187945405917488;0.0;0.0017112051952405372;0.2216821196046189;1.9371611554714242e-13;0.0;0.0;1.4521770595446887e-13;0.0;-2.6345846641421655e-11
5645.0;21.873419004281462;-0.23128611999999998;0.0;0.0;0.0005989954479079447;0.0;0.0018478067275043558;0.23112755506131555;1.7950494968580124e-13;0.0;0.0;0.0;0.0;-0.0027710015405518415
5646.0;21.871320243319033;-0.23306064;0.0;0.0;0.01573860444869885;0.0;0.0018733924093740917;0.2285567208031217;1.7950388342282112e-13;0.0;0.0;0.0;0.0;-0.013594755688836911
5647.0;21.863844538205026;-0.23871687999999996;0.0;0.0;0.0781988491257426;0.0;0.001799670948987842;0.22543363263967373;1.7950008171248508e-13;0.0;0.0;0.0;0.0;-0.06722387985619875
5648.0;21.844952199539694;-0.25196551999999994;0.0;0.0;0.23890931296300688;0.0;0.0017185773452843313;0.21883515752038127;1.7949047353228407e-13;0.0;0.0;0.0;0.0;-0.20806369508683897
5649.0;21.822562327787224;-0.26875808000000007;0.0;0.0;0.4455178001642233;0.0;0.001616668270893182;0.22028244253429835;1.7947908735889395e-13;0.0;0.0;0.0;0.0;-0.39930586927482736
5650.0;21.804021717765036;-0.2828476;0.0;0.0;0.618088375627142;0.0;0.0014818013577079668;0.22254858594501237;1.7946965853459808e-13;0.0;0.0;0.0;0.0;-0.5599864759508527
5651.0;3.1691510997491723;-0.29238091999999993;0.0;0.0;0.7012289359536049;0.0;0.001614066337953439;0.23255579688368902;0.0;0.0;0.0;0.0;0.0;-0.648567429053133
5652.0;0.03372355511877906;-0.29713612;0.0;0.0;0.7301508205448662;0.0;0.0016270759243830397;0.21400806941175363;0.0;0.0;0.0;0.0;0.0;-0.6485674290576825
5653.0;0.03363785971957176;-0.29753524000000003;0.0;0.0;0.7524715712214519;0.0;0.0016223057129548437;0.19211906643631413;0.0;0.0;0.0;0.0;0.0;-0.6485674290576826
5654.0;0.03138790335394436;-0.29613844000000006;0.0;0.0;0.7478980507443991;0.0;0.0014974128753385773;0.19524973200072857;0.0;0.0;0.0;0.0;0.0;-0.6485674290576859
5655.0;0.03354482253464214;-0.293437;0.0;0.0;0.7121055006524472;0.0;0.0017164089908779645;0.22821736108441995;0.0;0.0;0.0;0.0;0.0;-0.6485674290576827
5656.0;0.03250245973610012;-0.28958024;0.0;0.0;0.6276266734718045;0.0;0.0017125060829937943;0.3087771897096051;0.0;0.0;0.0;0.0;0.0;-0.6485674290576843
5657.0;21.84054123305404;-0.28390287999999997;0.0;0.0;0.4908617533638165;0.0;0.0018122469701821549;0.33938825901695807;1.7948824418683716e-13;0.0;0.0;0.0;0.0;-0.5489062032183785
5658.0;21.861323635683828;-0.28077872000000004;0.0;0.0;0.32827942601471227;0.0;0.001733321638722389;0.3555178656393147;1.7949881395032026e-13;0.0;0.0;0.0;0.0;-0.40544702356967416
5659.0;21.879147920976653;-0.27320512;0.0;0.0;0.15789518604720776;0.0;0.0014813677046204487;0.3524804717767224;1.795078765400461e-13;0.0;0.0;0.0;0.0;-0.23927909147668214
5660.0;21.89039734030616;-0.27251971999999997;0.0;0.0;0.0413606330207571;0.0;0.0016955935955499223;0.343749157236689;1.7951359692031264e-13;0.0;0.0;0.0;0.0;-0.1148617614056745
5661.0;21.893146427296198;-0.27124571999999997;0.0;0.0;0.013192875035238116;0.0;0.0014922090998559035;0.3429398186846762;1.795149939074349e-13;0.0;0.0;0.0;0.0;-0.08694384878609043
5662.0;21.89302970055162;-0.26921664;0.0;0.0;0.010033173397362066;0.0;0.0014670570710741387;0.3406355906622259;1.7951493418823664e-13;0.0;0.0;0.0;0.0;-0.08348103605572686
5663.0;21.894087569641584;-0.26532136;0.0;0.0;0.01004814849323248;0.0;0.001558558410121347;0.3457677375896296;1.7951547308294677e-13;0.0;0.0;0.0;0.0;-0.09261848318611023
5664.0;21.893925855130917;-0.25891384000000006;0.0;0.0;0.010033173397362231;0.0;0.001643988571918887;0.344529927533351;1.7951539107291294e-13;0.0;0.0;0.0;0.0;-0.09785778113654564
5665.0;426.9522130420717;-0.26106904;0.02764611484494115;1.5840529231813313e-15;0.00940422943408436;2.865760405382563e-18;0.0003052935768821498;0.22985166039552796;2.936527860003083e-13;0.0;4.589578565044744e-13;1.9639046629112707e-13;2.247634589694509e-14;-1.999264672543625e-12
5666.0;359.6798774786813;-0.25517664;0.027646114844939576;1.450671082368787e-15;0.008281112332884217;2.6885593776963398e-18;0.00030442627070497043;0.2284995912714245;2.859030389638673e-13;0.0;2.462057859161951e-13;1.8210573097453116e-13;1.864735236127088e-14;-2.3741300839328342e-12
5667.0;290.4921415292237;-0.25229468;0.027646114844937036;1.3350418669536166e-15;0.00694834556604947;2.5277645185263114e-18;0.000432788339943444;0.22859480716122993;2.7535975393667815e-13;0.0;1.6672115177884502e-13;1.6936327520680108e-13;1.5867297250037315e-14;-2.9413451832894583e-12
5668.0;232.6832888735608;-0.25385004;0.027646114844933435;1.2516750469673418e-15;0.006124728705652441;2.407437928981418e-18;0.0007289751543569975;0.22943270873595323;2.636243250194416e-13;0.0;1.3130322013723792e-13;1.5997096810491598e-13;1.4109708798166894e-14;-3.674959190704085e-12
5669.0;218.16252158663144;-0.25969784;0.027646114844932144;1.2323445909875976e-15;0.012489053915857869;2.378989700219875e-18;0.0008144053161537475;0.22831868108064915;2.601233566176094e-13;0.0;1.2465167268683045e-13;1.5776876694925602e-13;1.3727759264230703e-14;-3.920584385681231e-12
5670.0;39.31835819645905;-0.27453808;0.0;1.035384982457001e-15;0.05777310505368371;0.0;0.0009358288951072471;0.2147122990263827;1.895511525965894e-13;0.0;0.0;0.0;0.0;-2.2215256562882503e-11
5671.0;2.507928665645342;-0.28889324000000005;0.0;0.0;0.19060033601938278;0.0;0.0011053882516041105;0.18967046591170658;0.0;0.0;0.0;0.0;0.0;-0.09260240705894454
5672.0;2.48043850200861;-0.31389924;0.0;0.0;0.41955135106366237;0.0;0.0011838799231603692;0.176397342961034;0.0;0.0;0.0;0.0;0.0;-0.2834321141097397
5673.0;2.4513297576248543;-0.33154048;0.0;0.0;0.6801293226189327;0.0;0.0012602033224721246;0.17275056740326014;0.0;0.0;0.0;0.0;0.0;-0.5228965942483187
5674.0;0.033418072621889894;-0.3465705600000001;0.0;0.0;0.8784598424141686;0.0;0.0013200477263808214;0.11540265109958016;0.0;0.0;0.0;0.0;0.0;-0.6485674288890783
5675.0;0.03224758089122421;-0.35783764000000007;0.0;0.0;0.8773218435071658;0.0;0.0014432059284939028;0.12760867061502648;0.0;0.0;0.0;0.0;0.0;-0.648567428889224
5676.0;0.03044112744378272;-0.36019188;0.0;0.0;0.8679388639513462;0.0;0.0015464159707100202;0.13918975999164396;0.0;0.0;0.0;0.0;0.0;-0.6485674288894308
5677.0;0.030191658850564046;-0.35815976;0.0;0.0;0.8576943126277145;0.0;0.0015572573583863825;0.14738736704499725;0.0;0.0;0.0;0.0;0.0;-0.6485674288894593
5678.0;0.029997568107047262;-0.3568618;0.0;0.0;0.8384633253945034;0.0;0.0015654968140855696;0.16530924728432922;0.0;0.0;0.0;0.0;0.0;-0.6485674288894815
5679.0;0.023477796101405494;-0.35273540000000003;0.0;0.0;0.8171281696966926;0.0;0.0018087776122714444;0.18225432247300377;0.0;0.0;0.0;0.0;0.0;-0.6485674288902138
5680.0;0.02242451381803144;-0.34582216;0.0;0.0;0.7911148186210709;0.0;0.0022181485449138893;0.20095452525320576;0.0;0.0;0.0;0.0;0.0;-0.6485674288903378
5681.0;2.4819112611228866;-0.33671016;0.0;0.0;0.6248420482702342;0.0;0.0022029707078929698;0.2969028347686921;0.0;0.0;0.0;0.0;0.0;-0.587598993480608
5682.0;2.5041203834145223;-0.32850944000000004;0.0;0.0;0.4408456372859247;0.0;0.0021236117233548427;0.30826211658940017;0.0;0.0;0.0;0.0;0.0;-0.42301996699123307
5683.0;2.5270155445487736;-0.31712636;0.0;0.0;0.24458479379373946;0.0;0.0020446863987084005;0.3161840960659956;0.0;0.0;0.0;0.0;0.0;-0.2459148697846783
5684.0;2.53601618499321;-0.30348056;0.0;0.0;0.0966329322455722;0.0;0.0021678445968788974;0.278135742765615;0.0;0.0;0.0;0.0;0.0;-0.07360013815733071
5685.0;2.542668637786582;-0.29475671999999997;0.0;0.0;0.024783434906876546;0.0;0.00204598735797902;0.27248942828893047;0.0;0.0;0.0;0.0;0.0;-0.004674739438110743
5686.0;2.5477047795139276;-0.2910910400000001;0.0;0.0;0.009494076624035713;0.0;0.0018504086586922206;0.2909327880111818;0.0;0.0;0.0;0.0;0.0;-0.011305640257266035
5687.0;2.5473972472465025;-0.28232264000000007;0.0;0.0;0.009224529928069054;0.0;0.0016249077262428299;0.29016153755930035;0.0;0.0;0.0;0.0;0.0;-0.018807099388797127
5688.0;2.5443303808647326;-0.2647946;0.0;0.0;0.00880523227336557;0.0;0.0016452895438411716;0.2737843678791246;0.0;0.0;0.0;0.0;0.0;-0.019547576229995024
5689.0;504.82480025791375;-0.25989904;0.027646114844941026;2.1757865245858485e-15;0.007936688481031752;3.762018825809254e-18;0.0005594157900310262;0.19192708775192557;2.922211400498543e-13;0.0;0.0294786213300889;2.496637920383015e-13;3.619010398781363e-14;-2.4421708855948593e-12
5690.0;504.8247554597907;-0.25775916;0.027646114844941026;2.1757863767370327e-15;0.006184627412720044;3.762018650951924e-18;0.000600179418426715;0.19050836924915737;2.9222113619721426e-13;0.0;0.030470417238297437;2.496637790863592e-13;3.619009754798638e-14;-2.4421711466892497e-12
5691.0;504.82263655833015;-0.25566048;0.027646114844941026;2.1757793714372455e-15;0.004881812514247195;3.762010365984443e-18;0.0006097198475945541;0.17863491987930802;2.9222095365216516e-13;0.0;0.04154716756079259;2.4966316540070085e-13;3.6189792421091687e-14;-2.4421835178337462e-12
5692.0;504.821655333923;-0.25374984;0.027646114844941026;2.1757761266560738e-15;0.0049417112211611386;3.762006528471173e-18;0.0005702571852663944;0.17371224790954537;2.922208690984243e-13;0.0;0.04454213842016741;2.4966288114757967e-13;3.6189651090601964e-14;-2.4421892480881486e-12
5693.0;548.2837418654887;-0.25629880000000005;0.02764611484494167;2.3306453483879156e-15;0.00587015375259516;3.941112097112976e-18;0.0005780629816721015;0.16281000584864083;2.95753855493453e-13;0.0;0.057230601528150696;2.6294152232306114e-13;4.3814231501808855e-14;-2.211538756989666e-12
5694.0;628.299176781789;-0.26737616000000003;0.0276461148449426;2.6820266815153597e-15;0.02433418876929182;4.319465576554116e-18;0.0005715581445316681;0.14839428873176266;3.01218790608458e-13;0.0;0.057230601528804353;2.9099245394561513e-13;7.157905324407134e-14;-1.8855271123697872e-12
5695.0;505.091603744669;-0.28534400000000004;0.027646114844941033;2.1767569243168047e-15;0.11361445292230257;3.763166325718723e-18;0.00043495661899331474;0.13335014499772535;2.9224640419838805e-13;0.0;0.004484737099345547;2.4974879051180816e-13;3.623240206626194e-14;-2.4404591995245265e-12
5696.0;126.91861922471935;-0.30534032000000005;0.027646114844904767;1.37877102696313e-15;0.29545448027951016;0.0;0.0003885554664159477;0.12894164057693835;2.22143161342771e-13;0.0;1.160571680851872e-13;1.7190669073901827e-13;1.4400217576615972e-14;-0.14529880156914338
5697.0;126.89326174402534;-0.32210936;0.02764611484490475;1.3787373790624669e-15;0.5179213693473289;0.0;0.00036210246476307405;0.12359049535870996;2.2213420503450483e-13;0.0;1.1604943793743806e-13;1.7190306634268112e-13;1.4399640102446534e-14;-0.34570135027396537
5698.0;126.87521918043086;-0.3331496400000001;0.027646114844904743;1.3787134410761523e-15;0.6920792815005604;0.0;0.0003213388431709567;0.12895116042172164;2.2212783252886237e-13;0.0;1.1604393890781357e-13;1.7190048783573353e-13;1.4399229283439264e-14;-0.5142099069745347
5699.0;126.86407824642109;-0.34287964000000004;0.027646114844904736;1.378698660453974e-15;0.7991047810982137;0.0;0.00024328081788702887;0.13216946447500555;2.221238974812323e-13;0.0;1.160405436710425e-13;1.7189889571716118e-13;1.4398975625898482e-14;-0.6146892131127856
5700.0;49.99271108517013;-0.34845684;0.010576183686774912;1.283071112794189e-15;0.845212452449989;0.0;0.00019861429124765922;0.1410816926934256;1.9131482257909325e-13;0.0;0.0;1.614807543833717e-13;0.0;-0.6485674290714537
5701.0;0.025767126143104505;-0.34917836;0.0;0.0;0.8451736118012907;0.0;0.00014961106877578727;0.1525395794119756;0.0;0.0;0.0;0.0;0.0;-0.6485674290749378
5702.0;0.025878413709556725;-0.34808211999999994;0.0;0.0;0.8371583566770693;0.0;0.0001344331228539434;0.15947413362727844;0.0;0.0;0.0;0.0;0.0;-0.6485674290749378
5703.0;55.144827052397346;-0.34331664000000006;0.027646114844296108;1.2890623796327774e-15;0.7785891898010541;0.0;0.0001660901123514645;0.18737575775158707;1.9356301920272928e-13;0.0;0.0;1.621403655082331e-13;0.0;-0.6485674290708063
5704.0;126.88838119982987;-0.33640612000000003;0.02764611484490475;1.3787309196052264e-15;0.6708299205661998;0.0;0.00017606419464205204;0.18630933978601127;2.2213248553128228e-13;0.0;1.1604795403962146e-13;1.719023705564777e-13;1.4399529245610464e-14;-0.5469483843235977
5705.0;126.90676195033755;-0.32795364;0.02764611484490476;1.3787553080800904e-15;0.5037401530696958;0.0;0.00016912570441285035;0.18697585275906897;2.2213897748714612e-13;0.0;1.1605355680427798e-13;1.7190499757723218e-13;1.4399947802730807e-14;-0.38890655036805105
5706.0;126.92497921529356;-0.31966739999999993;0.02764611484490477;1.3787794804087325e-15;0.336276016559271;0.0;0.0001730286026154415;0.18651881299945217;2.2214541126305418e-13;0.0;1.1605911025198604e-13;1.719076013005481e-13;1.4400362659738175e-14;-0.22921046813409224
5707.0;126.94245275783712;-0.30943448;0.027646114844904777;1.3788026652031756e-15;0.1684824296162684;0.0;0.00016522280621027044;0.1820436574561226;2.2215158159162986e-13;0.0;1.1606443713612701e-13;1.7191009863745125e-13;1.44007605770091e-14;-0.06709889917978001
5708.0;504.81682278672537;-0.30016968;0.027646114844941026;2.1757601605976943e-15;0.054748179280533806;3.761987645791675e-18;0.0001313976680637799;0.17887296134810016;2.92220453041469e-13;0.0;0.036410809326675446;2.4966148246653773e-13;3.6188955678969186e-14;-2.4422174446554623e-12
5709.0;685.8549066788008;-0.29670663999999997;0.02764611484494313;3.0081054707411063e-15;0.014855085532243963;4.639525378961777e-18;0.00014137174351780117;0.19328867846502237;3.0449308740462726e-13;0.0;0.05723060152891725;3.145865010527858e-13;1.3153112232689617e-13;-1.705510376062097e-12
5710.0;583.6275147074181;-0.29109404;0.027646114844942116;2.4738135742366698e-15;0.010287745001344608;4.099770871447788e-18;0.0001474429207665963;0.19902068724258282;2.9831648054861806e-13;0.0;0.057230601528603056;2.7471229839705227e-13;5.2872794725851134e-14;-2.054372953188162e-12
5711.0;504.8245640022185;-0.28136432;0.027646114844941026;2.175785485262868e-15;0.009943322826003326;3.762017596631435e-18;0.00012619379699008819;0.1980685265999993;2.922211129671896e-13;0.0;0.043233822549867636;2.496637009905315e-13;3.619005871824142e-14;-2.442172720993867e-12
5712.0;504.825576165701;-0.27116388;0.027646114844941026;2.1757890799282113e-15;0.009928349406700043;3.762021847934593e-18;0.00011275046961966168;0.19912542472138778;2.922212066367084e-13;0.0;0.031994357691987274;2.496640158937963e-13;3.619021529059375e-14;-2.442166372992091e-12
5713.0;0.0036702212896093066;-0.30407352;0.0;0.0;0.00310442550949473;0.0;0.005043752418584814;0.4698613795481797;0.0;0.0;0.0;0.0;0.0;-0.17392056079495818
5714.0;0.0036550540211646282;-0.30124936;0.0;0.0;0.001566000617747451;0.0;0.0049830389408417755;0.4608283489214989;0.0;0.0;0.0;0.0;0.0;-0.16611157232448356
5715.0;0.0035301332468368543;-0.29866616;0.0;0.0;0.0007750906217517218;0.0;0.004716322926004944;0.45891221002808946;0.0;0.0;0.0;0.0;0.0;-0.16571957614318433
5716.0;0.0034120546688926256;-0.29818320000000004;0.0;0.0;0.0007599847047653397;0.0;0.004424015052120644;0.4523148957265501;0.0;0.0;0.0;0.0;0.0;-0.1592977368353207
5717.0;0.0032443897068100266;-0.30610424;0.0;0.0;0.0007746526981412549;0.0;0.004005926717680937;0.4472266675276084;0.0;0.0;0.0;0.0;0.0;-0.14588495468042675
5718.0;0.0029638726893290814;-0.32403536000000005;0.0;0.0;0.001848000964482642;0.0;0.0032256467305858644;0.4377979549158563;0.0;0.0;0.0;0.0;0.0;-0.11881984462530297
5719.0;0.002419461623227484;-0.34144616;0.0;0.0;0.017574339697512525;0.0;0.00318906706373329;0.4249181861066021;0.0;0.0;0.0;0.0;0.0;-0.10422699874145769
5720.0;0.002079534265159779;-0.35453451999999996;0.0;0.0;0.12148434399246365;0.0;0.0035958188562300875;0.42194026998701584;0.0;0.0;0.0;0.0;0.0;-0.1924792257111681
5721.0;0.0021223154188058017;-0.3669264400000001;0.0;0.0;0.35687294743125964;0.0;0.003653089321286964;0.4029653536311334;0.0;0.0;0.0;0.0;0.0;-0.3965602480143812
5722.0;0.002177845897528989;-0.3773994;0.0;0.0;0.612328669192291;0.0;0.0037637112429708217;0.37200714343009283;0.0;0.0;0.0;0.0;0.0;-0.6106970521639011
5723.0;0.002102382686370863;-0.38560292;0.0;0.0;0.7172827736318464;0.0;0.003585853604815586;0.3024599320138834;0.0;0.0;0.0;0.0;0.0;-0.6377177349778997
5724.0;0.002086641568687031;-0.39012756000000004;0.0;0.0;0.7075499151923474;0.0;0.003530762072109148;0.31707109561314994;0.0;0.0;0.0;0.0;0.0;-0.6380162792466607
5725.0;0.00230469474198982;-0.386324;0.0;0.0;0.6960192963883763;0.0;0.004292446019357568;0.3200166765408289;0.0;0.0;0.0;0.0;0.0;-0.6339968591055847
5726.0;0.00242196157193612;-0.38647664000000004;0.0;0.0;0.6813134012262619;0.0;0.0047018818670760115;0.33240956587455706;0.0;0.0;0.0;0.0;0.0;-0.63194082261039
5727.0;0.0024604366711930494;-0.38169968;0.0;0.0;0.6905779638786325;0.0;0.004836333042024525;0.31756350522303806;0.0;0.0;0.0;0.0;0.0;-0.6312707885597317
5728.0;0.0057118489505539076;-0.3727704;0.0;0.0;0.5732096261814572;0.0;0.004837683578245807;0.3933424776584498;0.0;0.0;0.0;0.0;0.0;-0.5988294632613758
5729.0;0.0024459394348148823;-0.3617968;0.0;0.0;0.3550107414449867;0.0;0.00478342006921853;0.36316047963801035;0.0;0.0;0.0;0.0;0.0;-0.361154121963632
5730.0;0.0025149381595040224;-0.34924884;0.0;0.0;0.1457891583271538;0.0;0.005136452472815059;0.32877090416334925;0.0;0.0;0.0;0.0;0.0;-0.1304423063244773
5731.0;0.002648876602218224;-0.34838779999999997;0.0;0.0;0.03154564774634476;0.0;0.005219735930295169;0.3277309753140642;0.0;0.0;0.0;0.0;0.0;-0.0161027789598638
5732.0;0.003648027410336265;-0.3474698;0.0;0.0;0.007918919667535362;0.0;0.005341246841862561;0.3538441820384178;0.0;0.0;0.0;0.0;0.0;-0.019621707749931737
5733.0;0.003758365313117107;-0.34003891999999997;0.0;0.0;0.005286242628535623;0.0;0.005355564643435986;0.37664804096684273;0.0;0.0;0.0;0.0;0.0;-0.04723709210155139
5734.0;0.0037171755305833395;-0.32838256;0.0;0.0;0.004449012323603385;0.0;0.005193370492278128;0.38590149695996884;0.0;0.0;0.0;0.0;0.0;-0.06714688120545917
5735.0;0.0037680175943598194;-0.31753844;0.0;0.0;0.0029553029227916625;0.0;0.005288781860657906;0.3985990381541312;0.0;0.0;0.0;0.0;0.0;-0.08928914862829951
5736.0;0.0037234657952360116;-0.30783916000000006;0.0;0.0;0.0015512008086404567;0.0;0.005155210388994068;0.40616526328331054;0.0;0.0;0.0;0.0;0.0;-0.10501606190256163
5737.0;0.0027121767958768737;-0.28736088000000004;0.0;0.0;0.0002506769175759128;0.0;0.00259308612585118;0.39484443337013325;0.0;0.0;0.0;0.0;0.0;-0.11030604351424488
5738.0;0.0025962711356318623;-0.22013544000000002;0.0;0.0;0.00029508368622578954;0.0;0.0022849749914234255;0.3547659198147029;0.0;0.0;0.0;0.0;0.0;-0.13718920660660236
5739.0;0.0027038977433266826;-0.21981852;0.0;0.0;0.0002506634279500897;0.0;0.002571823944100324;0.35528385648578237;0.0;0.0;0.0;0.0;0.0;-0.13826654647322303
5740.0;0.0025838143812404474;-0.27541828;0.0;0.0;0.0002504620622250654;0.0;0.002261102594452262;0.37477669734709385;0.0;0.0;0.0;0.0;0.0;-0.10184866373888563
5741.0;0.0025944798118650763;-0.2736982;0.0;0.0;0.00025048038339589053;0.0;0.0022888785326066843;0.3690202477619669;0.0;0.0;0.0;0.0;0.0;-0.09784008921129542
5742.0;0.0025690525655207154;-0.27522431999999997;0.0;0.0;0.0003098992997902232;0.0;0.002210761349602633;0.3689714648547048;0.0;0.0;0.0;0.0;0.0;-0.09624646109892306
5743.0;0.002748134829684213;-0.27993812;0.0;0.0;0.0016063590421392876;0.0;0.0025267217429827057;0.3787833205150577;0.0;0.0;0.0;0.0;0.0;-0.10295958650085907
5744.0;0.0020701841135427356;-0.28734788;0.0;0.0;0.021409611426628197;0.0;0.002811673774302035;0.38652073781722485;0.0;0.0;0.0;0.0;0.0;-0.12338651639892666
5745.0;0.0019220017238859377;-0.29895424;0.0;0.0;0.14108726411948158;0.0;0.0032020798423155546;0.39295397099490065;0.0;0.0;0.0;0.0;0.0;-0.23827961824352664
5746.0;0.002013523100783334;-0.31391856;0.0;0.0;0.31845324914487527;0.0;0.0034767896336997447;0.4044668397771595;0.0;0.0;0.0;0.0;0.0;-0.412470482987548
5747.0;0.002029852593644396;-0.32373479999999993;0.0;0.0;0.4776732203063555;0.0;0.003497191820274315;0.40776303808102266;0.0;0.0;0.0;0.0;0.0;-0.5651917418706861
5748.0;0.0020858038664323107;-0.32931388000000006;0.0;0.0;0.5628698077648064;0.0;0.003674668119276253;0.3809559369359256;0.0;0.0;0.0;0.0;0.0;-0.6181802863042016
5749.0;0.0021174218094370326;-0.33472612;0.0;0.0;0.5828290731949607;0.0;0.003780539429704705;0.3781973783256982;0.0;0.0;0.0;0.0;0.0;-0.6300748609688557
5750.0;0.002285720658212969;-0.33313652000000005;0.0;0.0;0.5156705329316509;0.0;0.004375342636060201;0.4256239456912432;0.0;0.0;0.0;0.0;0.0;-0.6125276159116603
5751.0;0.0023417112516383965;-0.32779099999999994;0.0;0.0;0.3988925684984168;0.0;0.004610023845117716;0.46258893467681544;0.0;0.0;0.0;0.0;0.0;-0.5382943616535042
5752.0;0.00228315801375693;-0.31903004;0.0;0.0;0.23418109329611703;0.0;0.004462091759478316;0.4616918130773583;0.0;0.0;0.0;0.0;0.0;-0.38129751246456123
5753.0;0.002326843453562558;-0.32261096000000006;0.0;0.0;0.0707588402172206;0.0;0.00468982564556759;0.496797149307672;0.0;0.0;0.0;0.0;0.0;-0.24962535694296045
5754.0;0.0033701281483443225;-0.33868511999999995;0.0;0.0;0.01201014273931177;0.0;0.0048548877869327555;0.537872185011646;0.0;0.0;0.0;0.0;0.0;-0.2160412489379126
5755.0;0.0036607481362835774;-0.34007584;0.0;0.0;0.0005051945755256631;0.0;0.004947756180291831;0.5766364761100625;0.0;0.0;0.0;0.0;0.0;-0.24199304759143628
5756.0;0.003613007950872735;-0.33718879999999996;0.0;0.0;0.00032637548640799814;0.0;0.004834556499679085;0.5752171929304151;0.0;0.0;0.0;0.0;0.0;-0.2431685174488228
5757.0;0.0036264569989240365;-0.33116356;0.0;0.0;0.00029660499747689026;0.0;0.004870555275911549;0.573352580590062;0.0;0.0;0.0;0.0;0.0;-0.2473353936138538
5758.0;0.0035747848012096274;-0.32361971999999994;0.0;0.0;0.00026675542341657375;0.0;0.004746076904708495;0.5696680447354091;0.0;0.0;0.0;0.0;0.0;-0.25104035862073587
5759.0;0.0036116367030674616;-0.31784064;0.0;0.0;0.00026679809980091797;0.0;0.004836725046381385;0.5570003901781168;0.0;0.0;0.0;0.0;0.0;-0.24424249429623693
5760.0;0.003628907941424385;-0.31051652;0.0;0.0;0.0002817145870573185;0.0;0.004877928489017779;0.5490738325248702;0.0;0.0;0.0;0.0;0.0;-0.24369617821345219
5761.0;0.0039925080539880906;-0.37895807000000004;0.0;0.0;0.00027666702631859213;0.0;0.006461123924452084;0.6357871762806252;0.0;0.0;0.0;0.0;0.0;-0.26357185270403327
5762.0;0.003938794682975801;-0.375611456;0.0;0.0;0.00026028418483760887;0.0;0.0063633561814622;0.6356713925805206;0.0;0.0;0.0;0.0;0.0;-0.2666885522602421
5763.0;0.003957613638396953;-0.37306373300000006;0.0;0.0;0.0002603022608757313;0.0;0.006397959397119117;0.6352821554409662;0.0;0.0;0.0;0.0;0.0;-0.2688816630658155
5764.0;0.0038245058380016396;-0.36959021400000003;0.0;0.0;0.00027649858820895916;0.0;0.006152440602642921;0.6293353008846995;0.0;0.0;0.0;0.0;0.0;-0.26617894321953384
5765.0;0.0037037285114916198;-0.371138584;0.0;0.0;0.00027636940758128263;0.0;0.005931086835140165;0.6348937753824083;0.0;0.0;0.0;0.0;0.0;-0.26996752894603826
5766.0;0.003969815794177562;-0.37738036;0.0;0.0;0.0002766450006145049;0.0;0.006419380422838224;0.6447661851711247;0.0;0.0;0.0;0.0;0.0;-0.2740868015208871
5767.0;0.0038366345521591966;-0.39401710500000003;0.0;0.0;0.00035812441142132656;0.0;0.00617001688170704;0.660172005266308;0.0;0.0;0.0;0.0;0.0;-0.2726879144082248
5768.0;0.004005971700753653;-0.41601625200000003;0.0;0.0;0.008744826873705893;0.0;0.006098068448176822;0.6633183036641074;0.0;0.0;0.0;0.0;0.0;-0.26215548131458377
5769.0;0.003687432760666902;-0.42658598000000014;0.0;0.0;0.04729211651788899;0.0;0.004952853544196608;0.6352358681846276;0.0;0.0;0.0;0.0;0.0;-0.2609041119942961
5770.0;0.002107647172239141;-0.433477973;0.0;0.0;0.12264266823819411;0.0;0.004951026864740711;0.6211025358533082;0.0;0.0;0.0;0.0;0.0;-0.3152197338577795
5771.0;0.0021364848414939714;-0.440677985;0.0;0.0;0.21817285911668444;0.0;0.005027385162435692;0.620397914720259;0.0;0.0;0.0;0.0;0.0;-0.40292168431716513
5772.0;0.0021563809215774483;-0.44591999700000007;0.0;0.0;0.2549260453024489;0.0;0.005080121368917128;0.6284267303111143;0.0;0.0;0.0;0.0;0.0;-0.44251443416428116
5773.0;0.0021696380847612364;-0.44614634200000003;0.0;0.0;0.2668089588831291;0.0;0.0051152786416980515;0.620975209168308;0.0;0.0;0.0;0.0;0.0;-0.4467546547350765
5774.0;0.0021998610985417455;-0.44231099500000004;0.0;0.0;0.24842795156647293;0.0;0.005195480608147973;0.6292595671482437;0.0;0.0;0.0;0.0;0.0;-0.4405735899389191
5775.0;0.0021389725547914383;-0.4383942390000001;0.0;0.0;0.19842630332462216;0.0;0.0050339772125466056;0.612885755777539;0.0;0.0;0.0;0.0;0.0;-0.377953310622127
5776.0;0.0021619750168086066;-0.43168241800000007;0.0;0.0;0.12480914750104964;0.0;0.00509495336118626;0.6092454511784545;0.0;0.0;0.0;0.0;0.0;-0.307468675013533
5777.0;0.0037391158111111282;-0.42896649900000006;0.0;0.0;0.04963893946120544;0.0;0.0050116286237197665;0.6143609385597558;0.0;0.0;0.0;0.0;0.0;-0.2400541884943659
5778.0;0.0034059505094115048;-0.4318808330000001;0.0;0.0;0.012007783224237763;0.0;0.004968757512299767;0.6291574266166494;0.0;0.0;0.0;0.0;0.0;-0.21426390096246187
5779.0;0.003102722933771103;-0.4329195840000001;0.0;0.0;0.0009779971942592653;0.0;0.004807796746432312;0.635095076831673;0.0;0.0;0.0;0.0;0.0;-0.2079665513190858
5780.0;0.002440968747379985;-0.4268705190000001;0.0;0.0;0.0003395430339163029;0.0;0.0036552169414941276;0.6227578647494932;0.0;0.0;0.0;0.0;0.0;-0.19988587869339092
5781.0;0.002349984641644501;-0.41609399500000005;0.0;0.0;0.00030678503979442704;0.0;0.003497518283494978;0.6108070064402024;0.0;0.0;0.0;0.0;0.0;-0.19852101739029382
5782.0;0.0023112160863390783;-0.40270992400000005;0.0;0.0;0.0003066939013061333;0.0;0.0034293804640322277;0.6079952815776941;0.0;0.0;0.0;0.0;0.0;-0.20902507835876574
5783.0;0.002548158810392876;-0.39220989700000003;0.0;0.0;0.0003072194872900125;0.0;0.00384697018109617;0.6018688896803109;0.0;0.0;0.0;0.0;0.0;-0.2138171454399555
5784.0;0.0026867464495791225;-0.38278506000000007;0.0;0.0;0.0003074951469412097;0.0;0.004092551752221811;0.5988327070575248;0.0;0.0;0.0;0.0;0.0;-0.22045181562843943
5785.0;45.97908302755193;-0.33980825500000006;0.0;1.0760344091514565e-15;0.0002789573351484016;0.0;0.004207128433649521;0.4649880760653004;1.9460982513939752e-13;0.0;0.0;0.0;0.0;-0.13123466865049122
5786.0;45.97984292277083;-0.33481591400000005;0.0;1.0760350803039396e-15;0.00027895733514843535;0.0;0.005010657008728378;0.4769204861350638;1.9461019997451202e-13;0.0;0.0;0.0;0.0;-0.14896278894804915
5787.0;45.98023919884055;-0.33581498500000007;0.0;1.07603543180881e-15;0.0002953648612008877;0.0;0.00553572421113474;0.4939227240569972;1.9461039628773473e-13;0.0;0.0;0.0;0.0;-0.16550710765981927
5788.0;45.980455120857265;-0.3374693170000001;0.0;1.0760356243637238e-15;0.0002789573351484627;0.0;0.005894922910231632;0.5105587014165264;1.94610503828329e-13;0.0;0.0;0.0;0.0;-0.18083120491312063
5789.0;45.98070864329648;-0.340652347;0.0;1.0760358489153407e-15;0.0002625461348096095;0.0;0.006208535224459346;0.5191272885456598;1.946106292387282e-13;0.0;0.0;0.0;0.0;-0.18651380754427407
5790.0;45.98066661978754;-0.34920289100000007;0.0;1.0760358151356225e-15;0.00026254613480960776;0.0;0.006399668482091138;0.5423559683876965;1.9461061037300882e-13;0.0;0.0;0.0;0.0;-0.20138255463816515
5791.0;45.980355104054844;-0.36949122400000006;0.0;1.07603554489038e-15;0.0003938192032315752;0.0;0.006412850076557479;0.5724183169053735;1.946104594430372e-13;0.0;0.0;0.0;0.0;-0.21130031091051246
5792.0;45.980295945003895;-0.39410501600000003;0.0;1.0760354960752254e-15;0.007285654376813861;0.0;0.006442508689957342;0.5920807684194772;1.946104321801071e-13;0.0;0.0;0.0;0.0;-0.21326989704499089
5793.0;45.980746586528845;-0.4072787080000001;0.0;1.0760358971930349e-15;0.039217825055459614;0.0;0.006439762512954372;0.6026541572683995;1.946106562014615e-13;0.0;0.0;0.0;0.0;-0.24259828583797602
5794.0;45.98213965595273;-0.41421620500000006;0.0;1.0760371302515699e-15;0.11440446902343263;0.0;0.006457337992348844;0.5995987642750572;1.946113448534971e-13;0.0;0.0;0.0;0.0;-0.3078085572232205
5795.0;45.98395458483384;-0.4183103070000001;0.0;1.076038737169905e-15;0.21512372204376579;0.0;0.006451845655576629;0.5972469823957792;1.946122422979529e-13;0.0;0.0;0.0;0.0;-0.40207497037090234
5796.0;45.985247618677036;-0.42301803500000007;0.0;1.0760398840250145e-15;0.2983344288743886;0.0;0.006339252786213603;0.6032421018554169;1.9461288279930006e-13;0.0;0.0;0.0;0.0;-0.48645906268892064
5797.0;45.98605542597201;-0.42226405200000006;0.0;1.0760406010522078e-15;0.3508764694581419;0.0;0.00629421564880863;0.6104709446354145;1.9461328324683964e-13;0.0;0.0;0.0;0.0;-0.5469379241484595
5798.0;45.985575398253644;-0.41788348900000005;0.0;1.0760401782329105e-15;0.3404894895267532;0.0;0.006094843894635373;0.617246779164729;1.946130471095607e-13;0.0;0.0;0.0;0.0;-0.5475079360463697
5799.0;45.98420201051535;-0.41302215300000006;0.0;1.0760389641281409e-15;0.28650344519035814;0.0;0.005746080638852439;0.6195021784510845;1.9461236905096113e-13;0.0;0.0;0.0;0.0;-0.5002905695581756
5800.0;45.98282434669781;-0.40544615400000006;0.0;1.0760377407655016e-15;0.1990591814438405;0.0;0.005737292903463632;0.6020372938426148;1.9461168581877508e-13;0.0;0.0;0.0;0.0;-0.4029503630348336
5801.0;45.981479797746985;-0.4005218390000001;0.0;1.076036547053266e-15;0.10300012143391611;0.0;0.005980054095733569;0.5929964233566968;1.9461101914291715e-13;0.0;0.0;0.0;0.0;-0.30301920819758266
5802.0;45.980421977798414;-0.39921929800000006;0.0;1.0760356070220872e-15;0.032293171155486015;0.0;0.006002572673052919;0.5767363449954248;1.9461049414313697e-13;0.0;0.0;0.0;0.0;-0.21737869301830082
5803.0;45.979855345372435;-0.400353673;0.0;1.0760351066675953e-15;0.003790509619007359;0.0;0.006034428207374686;0.5853242107618684;1.9461021469847516e-13;0.0;0.0;0.0;0.0;-0.1963616076029139
5804.0;45.979600630087425;-0.39669591500000007;0.0;1.0760348824895955e-15;0.0009189114769194599;0.0;0.005883389006456717;0.5886398397576298;1.9461008949634554e-13;0.0;0.0;0.0;0.0;-0.20031229950528673
5805.0;45.979023635943044;-0.3878080720000001;0.0;1.076034376132844e-15;0.0005086847456010619;0.0;0.005511008704276617;0.6030300562666565;1.9460980669866077e-13;0.0;0.0;0.0;0.0;-0.22280736196703133
5806.0;45.97818747318008;-0.37572966800000007;0.0;1.0760336420873587e-15;0.00041022672928391394;0.0;0.0049431012940040495;0.6218250467884088;1.9460939673700278e-13;0.0;0.0;0.0;0.0;-0.25301386240593055
5807.0;45.97733621804943;-0.36453519300000004;0.0;1.0760328912644807e-15;0.00027895733514832525;0.0;0.004116504911375364;0.6157142643329336;1.9460897740407012e-13;0.0;0.0;0.0;0.0;-0.25713971225618937
5808.0;45.97660479698081;-0.35385135700000003;0.0;1.0760322469497524e-15;0.00029536486120072743;0.0;0.0034607201385978893;0.6161961878911754;1.946086175546984e-13;0.0;0.0;0.0;0.0;-0.26766598479669906
5809.0;71.21079610570361;-0.324126212;0.0322661148443426;1.8363266875348272e-15;0.008959385539746923;0.0;0.003640868722679832;0.3129992491696559;1.9492367640726358e-13;0.0;0.0;2.1538754665430822e-13;0.0;-0.03304475651227885
5810.0;71.21102526603143;-0.31743163700000004;0.0322661148443426;1.836327037552209e-15;0.0069902913505604635;0.0;0.003821017298150324;0.30706196032513466;1.9492374345640075e-13;0.0;0.0;2.1538757939814937e-13;0.0;-0.03201329063302365
5811.0;71.2109898951152;-0.31535318900000003;0.0322661148443426;1.836326981564769e-15;0.00531656018746604;0.0;0.0037666431865092053;0.30195357696394926;1.9492373273147732e-13;0.0;0.0;2.1538757416057098e-13;0.0;-0.02725536161151723
5812.0;71.21111674372693;-0.314969107;0.0322661148443426;1.8363271742034155e-15;0.0035279634820020744;0.0;0.003856717478552882;0.29633435826817317;1.949237696332237e-13;0.0;0.0;2.153875921817863e-13;0.0;-0.020321818107046342
5813.0;71.21095451303884;-0.31689756300000005;0.0322661148443426;1.836326926066574e-15;0.00150963936608544;0.0;0.0037886125249812154;0.30100901025038057;1.9492372210027158e-13;0.0;0.0;2.1538756896877187e-13;0.0;-0.02098150046187688
5814.0;71.21079645101479;-0.32522558700000004;0.0322661148443426;1.8363266833664357e-15;0.0012963231559716402;0.0;0.0036787658240042963;0.30365958540669835;1.949236756087674e-13;0.0;0.0;2.1538754626437011e-13;0.0;-0.014980726619950249
5815.0;71.2109771398119;-0.3433858390000001;0.0322661148443426;1.836326962442604e-15;0.019149458624217536;0.0;0.0035376128275529492;0.30175116981104166;1.9492372906845722e-13;0.0;0.0;2.1538757237171536e-13;0.0;-0.012623747841594556
5816.0;71.21292866636281;-0.36454539500000005;0.03226611484434263;1.836329975893761e-15;0.13179814967061168;0.0;0.00343820156127313;0.2980596418170232;1.9492430632192473e-13;0.0;0.0;2.153878542775306e-13;0.0;-0.10032063813417054
5817.0;71.21756471244751;-0.38365961100000007;0.03226611484434268;1.8363371278611676e-15;0.39664153857337725;0.0;0.0032459698517972534;0.28644530013040026;1.9492567633282332e-13;0.0;0.0;2.1538852333711485e-13;0.0;-0.3342395223273566
5818.0;71.22270391855803;-0.39524123600000005;0.03226611484434274;1.8363450512188485e-15;0.6778284254132507;0.0;0.003110858413731743;0.26119254346247406;1.9492719408886188e-13;0.0;0.0;2.1538926455799702e-13;0.0;-0.5784532758927567
5819.0;-0.0064302882789250716;-0.39941917000000005;0.0;0.0;0.8967322142713994;0.0;0.0;0.21893344053731342;0.0;0.0;0.0;0.0;0.0;-0.7162694270900211
5820.0;-0.006428839988485148;-0.40317732800000006;0.0;0.0;0.8937336847734637;0.0;0.0;0.22569015217681626;0.0;0.0;0.0;0.0;0.0;-0.7162694270900212
5821.0;-0.006430211324486708;-0.4066985020000001;0.0;0.0;0.883114566060275;0.0;0.0;0.23983043006563776;0.0;0.0;0.0;0.0;0.0;-0.7162694270900211
5822.0;-0.006427922414029491;-0.40547694600000006;0.0;0.0;0.8678235424027813;0.0;0.0;0.2538998992252266;0.0;0.0;0.0;0.0;0.0;-0.7162694270900212
5823.0;-0.00642753190813425;-0.398205582;0.0;0.0;0.8533965588615079;0.0;0.0;0.26105543382776314;0.0;0.0;0.0;0.0;0.0;-0.7162694270900212
5824.0;-0.006427271163141646;-0.3883225010000001;0.0;0.0;0.8444406391684608;0.0;0.0;0.2601283355996983;0.0;0.0;0.0;0.0;0.0;-0.7162694270900212
5825.0;71.22065341376606;-0.3769493690000001;0.03226611484434271;1.836341904253526e-15;0.5999014582087552;0.0;0.002996617845060421;0.3101462668604306;1.9492659127555676e-13;0.0;0.0;2.153889701632538e-13;0.0;-0.5676576527606007
5826.0;71.21569163568651;-0.369246497;0.03226611484434266;1.8363342409206563e-15;0.31356210297403314;0.0;0.0029032481544001526;0.2875826373266283;1.9492512332064783e-13;0.0;0.0;2.1538825326683245e-13;0.0;-0.2663689879471733
5827.0;71.21211819951537;-0.365013671;0.032266114844342615;1.8363287183961383e-15;0.09092300097607574;0.0;0.0030976768106485255;0.27060931647785785;1.949240654374105e-13;0.0;0.0;2.1538773663970375e-13;0.0;-0.031187470192038717
5828.0;547.9463893397209;-0.3682829410000001;0.03226611484457705;3.0487626792982283e-15;0.01824695467322641;5.285003140912651e-18;0.003132278522037361;0.27429120603712387;2.8177081911385343e-13;0.0;0.03795511212341835;3.1151364034182285e-13;5.227499521327119e-14;-3.1799486446645332e-12
5829.0;547.9455563504109;-0.36353244;0.03226611484457705;3.0487591597353967e-15;0.009238342878840077;5.284998968993355e-18;0.0026017189742419196;0.2820405261187744;2.817707414757542e-13;0.0;0.03499459025078194;3.1151340737746686e-13;5.227483223928408e-14;-3.1799538956587605e-12
5830.0;547.9451906497345;-0.3543577680000001;0.03226611484457705;3.0487576152813527e-15;0.009599343357714715;5.284997138272019e-18;0.0022848112700144833;0.28396821682053197;2.817707074065126e-13;0.0;0.023848233818371325;3.115133051480244e-13;5.2274760723264574e-14;-3.1799561999080823e-12
5831.0;547.9448437058063;-0.34351490700000004;0.03226611484457705;3.048756149736825e-15;0.009599343357714715;5.284995401085921e-18;0.001987126727256086;0.28553928539573803;2.817706750778814e-13;0.0;0.011732071012564899;3.1151320814160715e-13;5.2274692861270184e-14;-3.1799583864336798e-12
5832.0;540.692564317175;-0.3324919310000001;0.03226611484457689;3.0184560188742447e-15;0.009386023473310662;5.248964424202562e-18;0.0015752016072093761;0.2877464925028275;2.8108962953595096e-13;0.0;9.338129741047733e-12;3.0949862773447236e-13;5.089498684717764e-14;-3.226287895819834e-12
5833.0;-8.903100491868403e-5;-0.24128423900000007;0.0;0.0;0.006697729728338319;0.0;0.0019085766504251685;0.23892768788302754;0.0;0.0;0.0;0.0;0.0;-0.006249750310850761
5834.0;-3.036919747548715e-5;-0.238005977;0.0;0.0;0.0036458862338206153;0.0;0.0020588687581369457;0.23603225050260732;0.0;0.0;0.0;0.0;0.0;-0.00373110951722411
5835.0;0.7892251862770007;-0.235145004;0.0;0.0;0.0021331858585494023;0.0;0.002019531496236192;0.23712531786357718;0.0;0.0;0.0;0.0;0.0;-1.2269320137503687e-9
5836.0;49.99996260797002;-0.232364851;0.005012399136263466;1.129027874127223e-15;0.0007876384085752576;0.0;0.0021672752940536406;0.22440255436048867;1.957208108958943e-13;0.0;0.0;1.4603613788512108e-13;0.0;-2.020875030702534e-11
5837.0;0.0019064399376582301;-0.23290472300000004;0.0;0.0;0.0006460219916247255;0.0;0.00233924734582797;0.23001099214603682;0.0;0.0;0.0;0.0;0.0;-0.00010267241065566931
5838.0;0.0001187897660867265;-0.23468928100000006;0.0;0.0;0.01715877172926465;0.0;0.0023694348867575343;0.21758972720748185;0.0;0.0;0.0;0.0;0.0;-0.0024303984510677824
5839.0;0.0009353672965387493;-0.240387927;0.0;0.0;0.08566699391408587;0.0;0.0022773249621511156;0.21218467403542268;0.0;0.0;0.0;0.0;0.0;-0.059749066512254236
5840.0;0.003176365211476381;-0.253719083;0.0;0.0;0.2617848877100878;0.0;0.0021762068790075893;0.20883111209184974;0.0;0.0;0.0;0.0;0.0;-0.2190813412276383
5841.0;-3.669807047075856e-5;-0.27060423200000006;0.0;0.0;0.4820871716769891;0.0;0.0020428564905109114;0.21214176807093416;0.0;0.0;0.0;0.0;0.0;-0.4256676165013387
5842.0;-0.0001038920360095944;-0.284768715;0.0;0.0;0.6664544303364598;0.0;0.001870970399220672;0.21179876218385085;0.0;0.0;0.0;0.0;0.0;-0.5953554039401469
5843.0;-3.801011297934028e-5;-0.29436236800000004;0.0;0.0;0.755695431123441;0.0;0.0020395432081461618;0.21383469691261173;0.0;0.0;0.0;0.0;0.0;-0.6772073520775995
5844.0;-3.1462669343526044e-5;-0.299137973;0.0;0.0;0.7889203136454892;0.0;0.0020561087658517354;0.1852657375365877;0.0;0.0;0.0;0.0;0.0;-0.6771042521794874
5845.0;-3.3863911697660404e-5;-0.29953222100000004;0.0;0.0;0.7824162410765095;0.0;0.0020500349764839415;0.19225157467264414;0.0;0.0;0.0;0.0;0.0;-0.6771856888856638
5846.0;-9.614546583546003e-5;-0.29814060100000006;0.0;0.0;0.7670252049580173;0.0;0.0018908818513314208;0.2067948084702135;0.0;0.0;0.0;0.0;0.0;-0.6775702558488763
5847.0;1.3448755697070928e-5;-0.295426575;0.0;0.0;0.7465882504730483;0.0;0.002169805059431092;0.22356426499107232;0.0;0.0;0.0;0.0;0.0;-0.676895928442172
5848.0;1.148958435434848e-5;-0.29155342100000003;0.0;0.0;0.681871644846465;0.0;0.002164839562231752;0.28414735663637675;0.0;0.0;0.0;0.0;0.0;-0.6766305977190361
5849.0;6.15319020127666e-5;-0.285842902;0.0;0.0;0.5311327061781024;0.0;0.0022916901533125006;0.31800355833308946;0.0;0.0;0.0;0.0;0.0;-0.5655853685332134
5850.0;2.1944448912905152e-5;-0.2827124630000001;0.0;0.0;0.3573417833792172;0.0;0.0021913204167041856;0.32508560397383107;0.0;0.0;0.0;0.0;0.0;-0.40190645107382833
5851.0;-6.95593959157974e-5;-0.27510547300000004;0.0;0.0;0.17294073386570638;0.0;0.001870461195833772;0.3149954097447881;0.0;0.0;0.0;0.0;0.0;-0.21470286367687716
5852.0;0.00036271868061271706;-0.274448913;0.0;0.0;0.04528527409970155;0.0;0.0021441426586081536;0.3081164468021287;0.0;0.0;0.0;0.0;0.0;-0.08110407340276572
5853.0;-9.73180807180913e-5;-0.273186113;0.0;0.0;0.014316294460886869;0.0;0.0018842402769563072;0.30446236031255725;0.0;0.0;0.0;0.0;0.0;-0.04747691151640714
5854.0;-0.00011077431111739845;-0.27112668100000004;0.0;0.0;0.010826275116887043;0.0;0.0018521590728550609;0.3022094952454479;0.0;0.0;0.0;0.0;0.0;-0.04376126069407181
5855.0;-6.510877589292134e-5;-0.26717171900000003;0.0;0.0;0.010856348158657337;0.0;0.0019688266836931584;0.3075631789318188;0.0;0.0;0.0;0.0;0.0;-0.053216721145336626
5856.0;-2.1713369540889995e-5;-0.26069588600000004;0.0;0.0;0.010851217941171628;0.0;0.002077637342621564;0.307580550292875;0.0;0.0;0.0;0.0;0.0;-0.059813757109458014
5857.0;385.04481709992683;-0.26284139100000004;0.0322661148445785;1.4408920395768693e-15;0.010304936789461693;2.7385180238844913e-18;0.0003866603657163663;0.23267234997917866;2.9076560933860534e-13;0.0;2.4121761341287044e-13;1.8246894591429477e-13;1.8817502606400354e-14;-2.4328353494625864e-12
5858.0;318.5830378664709;-0.256912381;0.032266114844576275;1.3402246693060764e-15;0.009074251084027872;2.591839062434054e-18;0.00038556190525376635;0.23130368855685182;2.8128281561882957e-13;0.0;1.7132778365492582e-13;1.711947038675404e-13;1.6300522723156022e-14;-2.9402471730381567e-12
5859.0;249.12379251925265;-0.254013572;0.03226611484457237;1.249019105898052e-15;0.007613836130967969;2.454425980706614e-18;0.0005481350099439886;0.2314000729153336;2.680984211639029e-13;0.0;1.3150808028801724e-13;1.6077083064620966e-13;1.4301410140925783e-14;-3.759742876407334e-12
5860.0;188.55970623054887;-0.25558231600000003;0.03226611484456576;1.1790550868087287e-15;0.0067113358522362014;0.0;0.0009232614805062778;0.23224825703591223;2.526685504361918e-13;0.0;1.0934952097268627e-13;1.5264138437892723e-13;1.291991374228337e-14;-4.966675932005085e-12
5861.0;163.53614909528446;-0.26147358600000004;0.032266114844560975;1.1523818361300508e-15;0.013685216004579974;0.0;0.0010314604735555738;0.23112055827549452;2.448958090184578e-13;0.0;1.0223204585079534e-13;1.495119310287986e-13;1.2424026326706788e-14;-5.726199937710992e-12
5862.0;31.842444316728493;-0.27643375700000006;0.0;1.0297848039163827e-15;0.0633064303543678;0.0;0.0011852458427827877;0.2173472016597239;1.8794704255608245e-13;0.0;0.0;0.0;0.0;-2.931974049737392e-11
5863.0;-0.000530044803467999;-0.29092102100000006;0.0;0.0;0.20404873348192473;0.0;0.0013860642300752163;0.15745548121339673;0.0;0.0;0.0;0.0;0.0;-0.07196942637502834
5864.0;-0.0004865873459864236;-0.31610692100000004;0.0;0.0;0.4470929909577334;0.0;0.0014879876956392175;0.1514849682619919;0.0;0.0;0.0;0.0;0.0;-0.28395894035685293
5865.0;-0.00044731913568115295;-0.33381699200000003;0.0;0.0;0.7235308540250233;0.0;0.0015863633798339713;0.1541430006637281;0.0;0.0;0.0;0.0;0.0;-0.5454430056099752
5866.0;-0.0004170861122036843;-0.3488870490000001;0.0;0.0;0.8924426639355946;0.0;0.0016632296188654962;0.12172696782046893;0.0;0.0;0.0;0.0;0.0;-0.6669455356108477
5867.0;-0.0003554961781494055;-0.3601928810000001;0.0;0.0;0.8908227292779295;0.0;0.0018209445407865459;0.1334307413027988;0.0;0.0;0.0;0.0;0.0;-0.6658812045589501
5868.0;-0.0003039431692345243;-0.362549977;0.0;0.0;0.8810826216508284;0.0;0.0019527764102409046;0.14450398259037797;0.0;0.0;0.0;0.0;0.0;-0.6649890939934427
5869.0;-0.0002984783374165303;-0.360503654;0.0;0.0;0.8707338351324367;0.0;0.0019666095488040445;0.15269881643310834;0.0;0.0;0.0;0.0;0.0;-0.6648953058343238
5870.0;-0.00029431792472456607;-0.3592007450000001;0.0;0.0;0.8515353647075897;0.0;0.001977120649686217;0.17051042244050682;0.0;0.0;0.0;0.0;0.0;-0.6648218686235201
5871.0;-0.00017181169022471233;-0.3550548850000001;0.0;0.0;0.829122522523325;0.0;0.0022869892951264104;0.1863654699386705;0.0;0.0;0.0;0.0;0.0;-0.6627200697848942
5872.0;3.302806490977865e-5;-0.348102389;0.0;0.0;0.8012488100533696;0.0;0.002807115786491329;0.2032309359083737;0.0;0.0;0.0;0.0;0.0;-0.6591849653115596
5873.0;2.546235882864386e-5;-0.338946114;0.0;0.0;0.6697540493507187;0.0;0.0027878492334550715;0.2661727127442946;0.0;0.0;0.0;0.0;0.0;-0.5997689708058348
5874.0;-1.4135178543422339e-5;-0.330717401;0.0;0.0;0.4745331952498862;0.0;0.0026870949346042153;0.2710637894330197;0.0;0.0;0.0;0.0;0.0;-0.4175670515586801
5875.0;-5.3561886730016174e-5;-0.31929696900000004;0.0;0.0;0.26632561450589604;0.0;0.0025868580773527336;0.2728578010193359;0.0;0.0;0.0;0.0;0.0;-0.22247357756815775
5876.0;0.001045398366600896;-0.30559457400000006;0.0;0.0;0.10587055133926628;0.0;0.0027444227942765545;0.2418956518837174;0.0;0.0;0.0;0.0;0.0;-0.044923623509328894
5877.0;-3.2878083273152215e-5;-0.296806488;0.0;0.0;0.027069676187868486;0.0;0.0025885247912278532;0.26831358445679804;0.0;0.0;0.0;0.0;0.0;-0.0011665864935387171
5878.0;-0.00015095845721081231;-0.2930910660000001;0.0;0.0;0.010179804675116293;0.0;0.0023399406233925186;0.28222647869767925;0.0;0.0;0.0;0.0;0.0;-0.0016551992886534696
5879.0;-0.0002643280615869807;-0.284244056;0.0;0.0;0.009811312015930768;0.0;0.002052873780940966;0.27447825464005354;0.0;0.0;0.0;0.0;0.0;-0.002098152433086988
5880.0;-0.0002540501913387026;-0.2665993400000001;0.0;0.0;0.00935084147855659;0.0;0.0020788483536495162;0.25722276634993835;0.0;0.0;0.0;0.0;0.0;-0.002052905000571376
5881.0;547.9444083649067;-0.26163114100000007;0.032266114844580064;2.1674661933084278e-15;0.008696839404895794;3.856681308373768e-18;0.0007085111851034932;0.1942823752287055;2.9781344378618096e-13;0.0;0.023284343760624295;2.5130636705094415e-13;3.716222002109638e-14;-2.49286363138925e-12
5882.0;547.9444470334408;-0.25947553900000003;0.032266114844580064;2.167466308303547e-15;0.0067769714681530655;3.856681452494711e-18;0.0007601391283585034;0.1928462465210424;2.978134468883939e-13;0.0;0.02443303948969332;2.5130637734675784e-13;3.716222534545119e-14;-2.492863417688173e-12
5883.0;547.9445663114956;-0.25737541700000005;0.032266114844580064;2.1674666606688818e-15;0.005349377078706954;3.856681894104568e-18;0.0007722222709807567;0.18082708876299963;2.9781345639410936e-13;0.0;0.03576727726285347;2.513064088949611e-13;3.716224166021229e-14;-2.4928627628715272e-12
5884.0;547.944566564682;-0.255454886;0.032266114844580064;2.167466659079548e-15;0.005415012694346335;3.856681892111905e-18;0.0007222420270340393;0.17584400683350443;2.978134563512353e-13;0.0;0.03881406284442343;2.5130640875268605e-13;3.716224158662553e-14;-2.492862765824562e-12
5885.0;553.3966044969852;-0.25801422000000007;0.03226611484458015;2.183925473950374e-15;0.006432378515332859;3.877262895981822e-18;0.000732128222883864;0.16480797482925633;2.9825077503987704e-13;0.0;0.0572306015202606;2.527767440786092e-13;3.7934274060527665e-14;-2.4628817783626482e-12
5886.0;601.701249959207;-0.26919386400000006;0.032266114844580786;2.341689571751274e-15;0.026664840415529287;4.069938212285878e-18;0.0007238897177260774;0.15021535116733165;3.0185771521732646e-13;0.0;0.057230601528265104;2.665417706955274e-13;4.6507461700328515e-14;-2.2260302492865916e-12
5887.0;285.74041673496464;-0.28731712500000006;0.032266114844571814;1.590109341158179e-15;0.124496085930374;3.0709680847191764e-18;0.0005508811783292437;0.13498658897339436;2.648021564488436e-13;0.0;1.8396560049693356e-13;1.955142500061815e-13;1.8767654702387473e-14;-6.32090617406773e-12
5888.0;142.08383072299844;-0.3074453530000001;0.03226611484454738;1.3875475579676047e-15;0.3237521760599161;0.0;0.0004921131989805254;0.1305239843453254;2.281031356802061e-13;0.0;1.1885648836854414e-13;1.7396563276079775e-13;1.4764153994072892e-14;-0.1799359382230543
5889.0;142.08819827290603;-0.32429676900000004;0.03226611484454738;1.387552969132756e-15;0.5675262402366682;0.0;0.00045860994811673845;0.1251071710368523;2.281045820162296e-13;0.0;1.188577760368405e-13;1.739662221710057e-13;1.476425040196036e-14;-0.40140472301847996
5890.0;142.09148395160992;-0.3353841310000001;0.03226611484454738;1.3875570427014437e-15;0.7583644464615442;0.0;0.0004069820134785918;0.1305336210155735;2.2810567080802915e-13;0.0;1.1885874541570178e-13;1.739666658832491e-13;1.4764322978931093e-14;-0.5865273867475219
5891.0;142.0934225622363;-0.3451634810000001;0.03226611484454738;1.3875594463880364e-15;0.8756405099548122;0.0;0.00030811997742924766;0.1337914193962187;2.2810631326161223e-13;0.0;1.188593174208729e-13;1.7396692770390414e-13;1.4764365804486708e-14;-0.6971813476727313
5892.0;22.9847703132086;-0.350766161;0.0;1.2549753275292306e-15;0.9261642282557581;0.0;0.0002515489361133196;0.14281301653930512;1.82095090086513e-13;0.0;0.0;0.0;0.0;-0.7162694270963346
5893.0;0.002700601506687572;-0.35147986900000006;0.0;0.0;0.9323176330343926;0.0;4.425703138636699e-5;0.13535445620184566;0.0;0.0;0.0;0.0;0.0;-0.7162694270973412
5894.0;-0.006429325981296748;-0.350369398;0.0;0.0;0.9191544904548942;0.0;0.0;0.1474613788364399;0.0;0.0;0.0;0.0;0.0;-0.7162694270973414
5895.0;50.000337036607114;-0.34557948100000013;0.01876883814171691;1.2827805841888102e-15;0.8531600002011122;0.0;0.00021035641902623927;0.18967519229630372;1.934691657470032e-13;0.0;0.0;1.6241646078199555e-13;0.0;-0.7162694270944919
5896.0;142.09023108050715;-0.33862934800000005;0.03226611484454738;1.3875555068993483e-15;0.7350798889355536;0.0;0.00022298879192731195;0.18859568748162656;2.2810526031790816e-13;0.0;1.1885837994284e-13;1.7396649859651675e-13;1.4764295616193864e-14;-0.6178746393171815
5897.0;142.08694955834153;-0.33014350600000003;0.03226611484454738;1.387551440496774e-15;0.5519867919104309;0.0;0.0002142010565385069;0.18927037975692307;2.281041734344912e-13;0.0;1.1885741227306977e-13;1.7396605566469243e-13;1.476422316700638e-14;-0.44393601304136276
5898.0;142.08368905143732;-0.32184811;0.03226611484454738;1.387547399860669e-15;0.36848346999113285;0.0;0.00021914415446338514;0.1888077313047822;2.2810309341974236e-13;0.0;1.1885645074489707e-13;1.7396561553902664e-13;1.4764151177172324e-14;-0.2682731580654551
5899.0;142.08044930285658;-0.31159619200000005;0.03226611484454738;1.387543383877969e-15;0.184619143918674;0.0;0.00020925795861362684;0.18427765762597054;2.281020199764051e-13;0.0;1.188554950931868e-13;1.7396517809833742e-13;1.47640796268539e-14;-0.09012364602615869
5900.0;547.9448664550214;-0.302285122;0.032266114844580064;2.1674675780888962e-15;0.05999178675721157;3.8566830438843255e-18;0.00016641775076686418;0.1810680514249228;2.978134811432096e-13;0.0;0.026400338142228127;2.5130649103394424e-13;3.7162284137423087e-14;-2.4928610579887986e-12
5901.0;681.876517556438;-0.298785556;0.03226611484458164;2.6604806843762154e-15;0.016277858647019073;4.435440518715253e-18;0.00017905011500406802;0.1956606750868798;3.069247006081134e-13;0.0;0.05723060152880263;2.92585606176764e-13;7.441305308187385e-14;-1.9211798896016975e-12
5902.0;598.9942644253198;-0.29309196600000004;0.03226611484458076;2.3321886784777177e-15;0.011273072683765694;4.058565544011667e-18;0.00018673938131429926;0.20146302582944955;3.016665242451687e-13;0.0;0.05723060152821714;2.6572952501153413e-13;4.592211733427158e-14;-2.238141914901995e-12
5903.0;547.9437718019572;-0.283254978;0.032266114844580064;2.1674642837627663e-15;0.010895662841678123;3.856678915185929e-18;0.00015982694491682934;0.20049918047856086;2.978133922724824e-13;0.0;0.037041500099597745;2.5130619608429207e-13;3.716213160800647e-14;-2.4928671799988342e-12
5904.0;547.943740948115;-0.27297387700000003;0.032266114844580064;2.167464191537631e-15;0.01087925531562569;3.8566787996028184e-18;0.00014280070436969712;0.2015690486238198;2.978133897845262e-13;0.0;0.02572399240132611;2.513061878271684e-13;3.7162127337932126e-14;-2.492867351385694e-12
5905.0;0.005256372522461007;-0.305995958;0.0;0.0;0.003405572749642544;0.0;0.006388122160558458;0.4454788778658417;0.0;0.0;0.0;0.0;0.0;-0.14928071008366092
5906.0;0.00516693651719751;-0.30316534400000006;0.0;0.0;0.0017183305187498878;0.0;0.0063112283523787715;0.43674753459377635;0.0;0.0;0.0;0.0;0.0;-0.14161479368273958
5907.0;0.004943286564032443;-0.3005720640000001;0.0;0.0;0.0008507873690107085;0.0;0.005973444806730857;0.4348015054905331;0.0;0.0;0.0;0.0;0.0;-0.1410552456714334
5908.0;0.004741608686551186;-0.30008258000000004;0.0;0.0;0.000834246817386977;0.0;0.005603254812268833;0.4283012766109363;0.0;0.0;0.0;0.0;0.0;-0.1346577696087385
5909.0;0.004454937949925646;-0.30805957100000003;0.0;0.0;0.0008503089073081281;0.0;0.005073780090915517;0.4232092067798727;0.0;0.0;0.0;0.0;0.0;-0.12107537100179575
5910.0;0.003966007525246354;-0.32608626900000004;0.0;0.0;0.002027484220651123;0.0;0.004085661333323176;0.4137520448429925;0.0;0.0;0.0;0.0;0.0;-0.09378258452278412
5911.0;0.004128052477913056;-0.34367458900000003;0.0;0.0;0.01928402242700187;0.0;0.0040395309084683495;0.4009652898734202;0.0;0.0;0.0;0.0;0.0;-0.08062077694938662
5912.0;0.005370787086906806;-0.35686243300000003;0.0;0.0;0.13417111628574518;0.0;0.0045547673084926545;0.3957002745210568;0.0;0.0;0.0;0.0;0.0;-0.17756522947644998
5913.0;0.007550468588721584;-0.3692994260000001;0.0;0.0;0.39468755275769213;0.0;0.004627287140280379;0.3715010886159416;0.0;0.0;0.0;0.0;0.0;-0.4015081818563893
5914.0;0.008305401121808356;-0.37979518500000004;0.0;0.0;0.677418169373589;0.0;0.004767342372742297;0.36202485098824466;0.0;0.0;0.0;0.0;0.0;-0.6643711112554136
5915.0;0.002707866451540003;-0.38802414300000004;0.0;0.0;0.7449537792173451;0.0;0.004542004984057588;0.32256409912044753;0.0;0.0;0.0;0.0;0.0;-0.684034569388686
5916.0;0.0026817974335969965;-0.3925710990000001;0.0;0.0;0.7355403954019732;0.0;0.004472244515115974;0.33691605801637914;0.0;0.0;0.0;0.0;0.0;-0.6843564054275025
5917.0;0.0030406319020019564;-0.38874600000000004;0.0;0.0;0.7239392787338199;0.0;0.005436778212495064;0.3393713155399251;0.0;0.0;0.0;0.0;0.0;-0.680000455201515
5918.0;0.003232222409939537;-0.3888961060000001;0.0;0.0;0.7093149678607966;0.0;0.005955279322065904;0.3514063973951958;0.0;0.0;0.0;0.0;0.0;-0.6777797343109879
5919.0;0.0032949730327675292;-0.38408269700000003;0.0;0.0;0.7177323696875696;0.0;0.006125548361419716;0.3373045692026165;0.0;0.0;0.0;0.0;0.0;-0.6770790193578318
5920.0;0.010530833838591252;-0.37511018500000004;0.0;0.0;0.6340816605026367;0.0;0.006127247547955234;0.35829392419686823;0.0;0.0;0.0;0.0;0.0;-0.6233792892649336
5921.0;0.008349081776397965;-0.36410844500000006;0.0;0.0;0.39258743458423195;0.0;0.006058592363636231;0.33352072817504497;0.0;0.0;0.0;0.0;0.0;-0.36805081099808595
5922.0;0.006640474482016912;-0.351547661;0.0;0.0;0.1610182908703912;0.0;0.006505665769726545;0.3056191188251589;0.0;0.0;0.0;0.0;0.0;-0.12159547820314087
5923.0;0.00862432158073598;-0.35072902000000006;0.0;0.0;0.03463460402692623;0.0;0.006611121721186343;0.3095594292421718;0.0;0.0;0.0;0.0;0.0;-8.54498152287746e-5
5924.0;0.008402034779279569;-0.349785995;0.0;0.0;0.008690381436151182;0.0;0.006764906999263603;0.33441136366179547;0.0;0.0;0.0;0.0;0.0;-8.580438954653954e-5
5925.0;0.00552015797148289;-0.34225906800000006;0.0;0.0;0.00579884550951292;0.0;0.00678302519257368;0.3554285122667146;0.0;0.0;0.0;0.0;0.0;-0.025756808397190644
5926.0;0.005401280243515619;-0.33047802400000004;0.0;0.0;0.0048802944133121825;0.0;0.006577609934044689;0.36430562627716184;0.0;0.0;0.0;0.0;0.0;-0.04529070837803629
5927.0;0.005418410761948333;-0.31952992599999996;0.0;0.0;0.0032420243560703937;0.0;0.0066984423137597905;0.37665358551929384;0.0;0.0;0.0;0.0;0.0;-0.06706804492451168
5928.0;0.0052837272357761375;-0.3097795390000001;0.0;0.0;0.001702100282800832;0.0;0.006529276570077766;0.383942761157339;0.0;0.0;0.0;0.0;0.0;-0.08239757990630632
5929.0;0.003315890529054849;-0.28918732700000005;0.0;0.0;0.0002753843676885009;0.0;0.0032850044140908005;0.3844633452138173;0.0;0.0;0.0;0.0;0.0;-0.09883693901989161
5930.0;0.0030976237552409907;-0.22158722600000003;0.0;0.0;0.00032393901219209106;0.0;0.002894868788128204;0.34482314996629254;0.0;0.0;0.0;0.0;0.0;-0.12645496909329745
5931.0;0.003300694349715964;-0.22126075800000003;0.0;0.0;0.0002753625489222726;0.0;0.0032580811408954437;0.34532678987641824;0.0;0.0;0.0;0.0;0.0;-0.1275999972528002
5932.0;0.003078248165308186;-0.27719803700000006;0.0;0.0;0.0002750257132219273;0.0;0.0028646441970608875;0.3646237964808803;0.0;0.0;0.0;0.0;0.0;-0.09056577129960025
5933.0;0.0030981083092083673;-0.27546598;0.0;0.0;0.0002750571529513362;0.0;0.002899813988771175;0.3589290535427599;0.0;0.0;0.0;0.0;0.0;-0.0866383052655775
5934.0;0.00304558142999635;-0.277002803;0.0;0.0;0.00034014305427772224;0.0;0.0028008985555735234;0.358881935597164;0.0;0.0;0.0;0.0;0.0;-0.08502032239638849
5935.0;0.0033450038360664145;-0.28175027300000005;0.0;0.0;0.0017617467755334365;0.0;0.0032009502945916936;0.3685218465823798;0.0;0.0;0.0;0.0;0.0;-0.09173717407558969
5936.0;0.003818712306838075;-0.28922507700000005;0.0;0.0;0.023510676462388438;0.0;0.003562521072977536;0.37533774958100635;0.0;0.0;0.0;0.0;0.0;-0.11319317492361183
5937.0;0.005183412500998692;-0.30089854600000004;0.0;0.0;0.1558932888187474;0.0;0.004057056577204628;0.3761986968506767;0.0;0.0;0.0;0.0;0.0;-0.23525287558133826
5938.0;0.006987762802205445;-0.31594437400000003;0.0;0.0;0.35218510806479913;0.0;0.004404815314802718;0.3794034229658744;0.0;0.0;0.0;0.0;0.0;-0.4200434848890661
5939.0;0.008369239156018535;-0.32580827;0.0;0.0;0.5284053401280204;0.0;0.004430651940903041;0.37041290110738273;0.0;0.0;0.0;0.0;0.0;-0.577430819734417
5940.0;0.008891750824068645;-0.33141490200000007;0.0;0.0;0.6226929755149342;0.0;0.004655294062272746;0.37604903666632067;0.0;0.0;0.0;0.0;0.0;-0.67200357826279
5941.0;0.0027499291116953955;-0.3368527480000001;0.0;0.0;0.6169701812006173;0.0;0.004788971832531449;0.38971292001288627;0.0;0.0;0.0;0.0;0.0;-0.6746192095760574
5942.0;0.009491172436859346;-0.33525950800000004;0.0;0.0;0.570429752058742;0.0;0.00554230926495277;0.4223753989023663;0.0;0.0;0.0;0.0;0.0;-0.6630787755621055
5943.0;0.008497398170343323;-0.329888025;0.0;0.0;0.4411737163675155;0.0;0.005839442885032026;0.44111777815478187;0.0;0.0;0.0;0.0;0.0;-0.5582338228934786
5944.0;0.006897867897179655;-0.32107784100000003;0.0;0.0;0.25888130173097057;0.0;0.0056521371499334465;0.4398848363426498;0.0;0.0;0.0;0.0;0.0;-0.38333895027581627
5945.0;0.005563187509902217;-0.3246868590000001;0.0;0.0;0.0780137771358072;0.0;0.0059404585206913356;0.4821426165956081;0.0;0.0;0.0;0.0;0.0;-0.24141494796170906
5946.0;0.00514775850104409;-0.340874573;0.0;0.0;0.01317628303223036;0.0;0.006149157617552604;0.5253917767661488;0.0;0.0;0.0;0.0;0.0;-0.20385048201605205
5947.0;0.004968584003456166;-0.34227508600000006;0.0;0.0;0.0005549396701556891;0.0;0.006266693501896692;0.5642118683870173;0.0;0.0;0.0;0.0;0.0;-0.2287596578280386
5948.0;0.0048882808824845985;-0.33935712;0.0;0.0;0.0003587218019806356;0.0;0.0061233377464930475;0.5628191820900627;0.0;0.0;0.0;0.0;0.0;-0.22994507266354333
5949.0;0.004911977607134143;-0.3332870240000001;0.0;0.0;0.0003260657978738686;0.0;0.006168926129842054;0.560974561416452;0.0;0.0;0.0;0.0;0.0;-0.23418347117759486
5950.0;0.004824856233809501;-0.325679638;0.0;0.0;0.0002933214241547353;0.0;0.006011289005862901;0.5573350985792332;0.0;0.0;0.0;0.0;0.0;-0.23796102893108873
5951.0;0.004887223089447289;-0.31985778100000006;0.0;0.0;0.0002933700499379395;0.0;0.006126084058604849;0.544800110922845;0.0;0.0;0.0;0.0;0.0;-0.231362744297385
5952.0;0.004916273076873656;-0.312492158;0.0;0.0;0.00030973254169311073;0.0;0.006178263493698099;0.5369565011246249;0.0;0.0;0.0;0.0;0.0;-0.23095328947752283
5953.0;0.009527175371710344;-0.38137034000000003;0.0;0.0;0.00028757506484234524;0.0;0.009011943296546865;0.6405187568831386;0.0;0.0;0.0;0.0;0.0;-0.2684712173648397
5954.0;0.00944929794133036;-0.378003272;0.0;0.0;0.00027065026303773427;0.0;0.00887558433222937;0.6424183463437654;0.0;0.0;0.0;0.0;0.0;-0.2735845987799162
5955.0;0.009476777671967463;-0.375439946;0.0;0.0;0.00027065376974770106;0.0;0.008923846208799883;0.6421065249414266;0.0;0.0;0.0;0.0;0.0;-0.275884365586639
5956.0;0.009282001935301197;-0.371947268;0.0;0.0;0.00028754152901795573;0.0;0.008581416312318516;0.6347072410397416;0.0;0.0;0.0;0.0;0.0;-0.2716522418751047
5957.0;0.009106124296892674;-0.373506208;0.0;0.0;0.00028751548429898304;0.0;0.0082726929964956;0.6422558029516312;0.0;0.0;0.0;0.0;0.0;-0.27733313611822236
5958.0;0.009494025780589676;-0.37978332;0.0;0.0;0.0002875707105084723;0.0;0.008953722617560741;0.6518222091269359;0.0;0.0;0.0;0.0;0.0;-0.2813034683172621
5959.0;0.009296100433425955;-0.39653301;0.0;0.0;0.000372088420127587;0.0;0.008605930326595998;0.6662123248598236;0.0;0.0;0.0;0.0;0.0;-0.2786806916857889
5960.0;0.009365733075676137;-0.418712624;0.0;0.0;0.009034102625919267;0.0;0.008505576146215704;0.6691798507487049;0.0;0.0;0.0;0.0;0.0;-0.2680349832950071
5961.0;0.008747583937784562;-0.42940376;0.0;0.0;0.04881081024762578;0.0;0.006908335431274377;0.6404890020066233;0.0;0.0;0.0;0.0;0.0;-0.26683045734740063
5962.0;0.005628682645835791;-0.43633382600000004;0.0;0.0;0.11511690600559606;0.0;0.006906012985974546;0.6288501785379578;0.0;0.0;0.0;0.0;0.0;-0.31455327200712085
5963.0;0.005669816375487759;-0.44353856999999997;0.0;0.0;0.20372012792315627;0.0;0.0070124974093929105;0.6327206692230731;0.0;0.0;0.0;0.0;0.0;-0.39992873952382635
5964.0;0.005698211455715317;-0.44879231399999997;0.0;0.0;0.23716751016399748;0.0;0.007086040556814478;0.6115247910354953;0.0;0.0;0.0;0.0;0.0;-0.40700005252513594
5965.0;0.005717134638638702;-0.44900420399999996;0.0;0.0;0.256651851674672;0.0;0.00713506929833012;0.5920907208363703;0.0;0.0;0.0;0.0;0.0;-0.4068874691475135
5966.0;0.005760285998565751;-0.44513119;0.0;0.0;0.22010966045679342;0.0;0.007246916049087459;0.6247638263068892;0.0;0.0;0.0;0.0;0.0;-0.4070032587949879
5967.0;0.005673366403266316;-0.44119631800000003;0.0;0.0;0.19889222291934744;0.0;0.007021690311155875;0.6318276871984075;0.0;0.0;0.0;0.0;0.0;-0.3965592986343323
5968.0;0.005706195384057134;-0.434455916;0.0;0.0;0.11634198157489681;0.0;0.007106724557903881;0.616781875915239;0.0;0.0;0.0;0.0;0.0;-0.30578869363271116
5969.0;0.00881314016718038;-0.43174743800000004;0.0;0.0;0.0512323733098948;0.0;0.006990304081466478;0.6190205845475486;0.0;0.0;0.0;0.0;0.0;-0.24552173207247707
5970.0;0.00848094150172692;-0.43472114599999995;0.0;0.0;0.012402695748571538;0.0;0.006930550982233499;0.635423379077316;0.0;0.0;0.0;0.0;0.0;-0.22006408949616146
5971.0;0.00821551282866267;-0.43577720799999997;0.0;0.0;0.0010143700778527565;0.0;0.006706094182308756;0.6419963183499559;0.0;0.0;0.0;0.0;0.0;-0.21396382558105337
5972.0;0.007286878055995494;-0.429682678;0.0;0.0;0.0003546809790199726;0.0;0.0050988819603655635;0.6303283273949424;0.0;0.0;0.0;0.0;0.0;-0.20612276467751398
5973.0;0.007159372128836556;-0.41880218999999996;0.0;0.0;0.00032085800770824884;0.0;0.004879018535090778;0.6182356044177261;0.0;0.0;0.0;0.0;0.0;-0.2046568172436564
5974.0;0.007104087547164676;-0.40529328800000003;0.0;0.0;0.00032083910999157727;0.0;0.00478402505017052;0.6154160790847865;0.0;0.0;0.0;0.0;0.0;-0.21525118083867986
5975.0;0.007441890525282296;-0.394702114;0.0;0.0;0.0003209488995669117;0.0;0.005366241288628767;0.608808849106098;0.0;0.0;0.0;0.0;0.0;-0.2198174462588587
5976.0;0.007639537478588454;-0.38520972000000003;0.0;0.0;0.00032100719187755307;0.0;0.0057086747561414615;0.6055196811964896;0.0;0.0;0.0;0.0;0.0;-0.2263631530895639
5977.0;38.47753814073333;-0.34208231000000006;0.0;1.0726062810337547e-15;0.00028786523426005574;0.0;0.005868029578166584;0.4637970171691575;1.937200817996116e-13;0.0;0.0;0.0;0.0;-0.12922940861530363
5978.0;38.478724298246775;-0.33706166800000004;0.0;1.0726072266130742e-15;0.00028786523426013846;0.0;0.006988777261490858;0.4756988625773884;1.9372064302225118e-13;0.0;0.0;0.0;0.0;-0.1472712461352344
5979.0;38.479414253792264;-0.33808757;0.0;1.072607778081941e-15;0.00030479669920133206;0.0;0.007721131864597206;0.49265754956163693;1.937209703306272e-13;0.0;0.0;0.0;0.0;-0.16395112095152556
5980.0;38.47983954476198;-0.33976315400000007;0.0;1.0726081189210586e-15;0.00028786523426021647;0.0;0.008222135963706474;0.5092509141535622;1.9372117262551835e-13;0.0;0.0;0.0;0.0;-0.1793507811503215
5981.0;38.48026607305898;-0.342972014;0.0;1.0726084595718593e-15;0.00027092997770227363;0.0;0.008659556965938014;0.5177975529953102;1.9372137480842145e-13;0.0;0.0;0.0;0.0;-0.1851079584673116
5982.0;38.4803592061246;-0.35155974200000006;0.0;1.0726085370532978e-15;0.0002709299777022804;0.0;0.008926146309915022;0.5409667329766257;1.9372142079508423e-13;0.0;0.0;0.0;0.0;-0.19995283233074687
5983.0;38.48010330174361;-0.371982888;0.0;1.072608337704108e-15;0.0004063949678903206;0.0;0.008944531768651474;0.5709520773097378;1.937213024775419e-13;0.0;0.0;0.0;0.0;-0.20966468059249638
5984.0;38.480047154337676;-0.396775992;0.0;1.0726082913387895e-15;0.007518306004858961;0.0;0.00898589908686445;0.590564163795158;1.9372127495882962e-13;0.0;0.0;0.0;0.0;-0.21163291612015595
5985.0;38.48030715896736;-0.410070896;0.0;1.072608478723206e-15;0.04047016155043842;0.0;0.008982068766936155;0.6011104690918448;1.937213861750778e-13;0.0;0.0;0.0;0.0;-0.2418248493029101
5986.0;38.481217279663234;-0.41706320999999996;0.0;1.07260915293498e-15;0.11805772851926914;0.0;0.009006582739961614;0.5980629024346863;1.9372178633220508e-13;0.0;0.0;0.0;0.0;-0.30938329921011753
5987.0;38.48237348546747;-0.4211555340000001;0.0;1.072610006238614e-15;0.22199323323596387;0.0;0.008998922124142326;0.5957171446039218;1.937222927823538e-13;0.0;0.0;0.0;0.0;-0.40685438923855793
5988.0;38.48308070731265;-0.42586567000000003;0.0;1.0726105150283893e-15;0.3078610941753985;0.0;0.008841879547921486;0.6016969076689953;1.937225947570001e-13;0.0;0.0;0.0;0.0;-0.4938182706616521
5989.0;38.483537359227974;-0.42508222400000006;0.0;1.0726108448260165e-15;0.36208095128469414;0.0;0.008779062531855534;0.6089072338935316;1.9372279049675106e-13;0.0;0.0;0.0;0.0;-0.55595815576866
5990.0;38.48303486184715;-0.42066281800000005;0.0;1.0726104528078753e-15;0.35136228559489663;0.0;0.00850098227616824;0.6156657122401658;1.93722557828201e-13;0.0;0.0;0.0;0.0;-0.5561402476974383
5991.0;38.48183831133337;-0.415773986;0.0;1.0726095365894411e-15;0.2956523135935325;0.0;0.008014533351923083;0.617915334360349;1.9372201403781242e-13;0.0;0.0;0.0;0.0;-0.5070920363607034
5992.0;38.48099346227747;-0.40815754800000004;0.0;1.0726089194122348e-15;0.2054157062465808;0.0;0.008002276371419677;0.6004951857510314;1.937216477322536e-13;0.0;0.0;0.0;0.0;-0.40705837943818624
5993.0;38.48037870552866;-0.40322451800000003;0.0;1.0726084922247307e-15;0.10628920773365798;0.0;0.008340875460830868;0.5914774732981297;1.93721394188497e-13;0.0;0.0;0.0;0.0;-0.30420525070981713
5994.0;38.47976322984093;-0.4019594760000001;0.0;1.0726080467087944e-15;0.03332438379197063;0.0;0.008372283980882494;0.575259044845694;1.937211297660975e-13;0.0;0.0;0.0;0.0;-0.2163340510720898
5995.0;38.47941152637947;-0.40311922600000005;0.0;1.0726077868797975e-15;0.003911551352030129;0.0;0.008416715526193342;0.5838249129428568;1.9372097555233619e-13;0.0;0.0;0.0;0.0;-0.19437595932723895
5996.0;38.479104414819716;-0.39942622999999994;0.0;1.072607544880887e-15;0.000948254928642472;0.0;0.008206048675293424;0.5871320490124257;1.9372083192096422e-13;0.0;0.0;0.0;0.0;-0.19820216086422773
5997.0;38.47836531855194;-0.3904474640000001;0.0;1.0726069591337925e-15;0.0005249284931371108;0.0;0.007686659105429052;0.6014854052313344;1.9372048426742874e-13;0.0;0.0;0.0;0.0;-0.22058952627974274
5998.0;38.477273357145954;-0.378263416;0.0;1.0726060930422308e-15;0.00042332643283126954;0.0;0.00689455172537327;0.6202322527106966;1.93719970222187e-13;0.0;0.0;0.0;0.0;-0.2506239377034643
5999.0;38.47599441615628;-0.366985466;0.0;1.072605074573956e-15;0.0002878652342599502;0.0;0.005741629465222899;0.6141371229185442;1.937193657359205e-13;0.0;0.0;0.0;0.0;-0.25451898450259813
6000.0;38.47493171433079;-0.356221634;0.0;1.0726042290313878e-15;0.0003047966992010216;0.0;0.0048269522681144315;0.6146178120379462;1.937188638837988e-13;0.0;0.0;0.0;0.0;-0.2648654804308678
6001.0;73.64096549110099;-0.326221144;0.03915917226736763;1.84067542246756e-15;0.009245484156143225;0.0;0.005078220380464227;0.3121975070190038;1.982187310307708e-13;0.0;1.4305611819324078e-13;2.1704202826061149e-13;0.0;-0.04255178470376565
6002.0;73.6412889875675;-0.31947599400000004;0.039159172267367634;1.840675876745267e-15;0.007213511199130843;0.0;0.005329488480784002;0.3062754264369285;1.9821882138864977e-13;0.0;1.4305620718130644e-13;2.1704207122739688e-13;0.0;-0.04159540117948129
6003.0;73.64123002224063;-0.317384218;0.039159172267367634;1.8406757946681646e-15;0.005486333048185258;0.0;0.005253648415421524;0.30118012811116346;1.9821880506315582e-13;0.0;1.430561911032945e-13;2.1704206346430683e-13;0.0;-0.03678984879709571
6004.0;73.64140803920944;-0.31700513399999997;0.039159172267367634;1.8406760447779914e-15;0.003640621371992771;0.0;0.005379282471590737;0.29557530294666146;1.9821885481111224e-13;0.0;1.4305624009712361e-13;2.1704208712037988e-13;0.0;-0.0298451376440086
6005.0;73.64123180864657;-0.318945406;0.039159172267367634;1.8406758012629156e-15;0.0015578464369232809;0.0;0.005284290866680032;0.30023798088885656;1.9821880637487606e-13;0.0;1.4305619239512988e-13;2.1704206408807856e-13;0.0;-0.030389489146662462
6006.0;73.6410286571161;-0.327324894;0.03915917226736763;1.840675517259257e-15;0.001337718434604255;0.0;0.005131078598368835;0.302881766642862;1.9821874988527264e-13;0.0;1.4305613676189962e-13;2.1704203722626705e-13;0.0;-0.024280030309779693
6007.0;73.64102168626079;-0.34564051800000006;0.03915917226736763;1.840675486215826e-15;0.019760955204371166;0.0;0.004934200853539909;0.30097823942066915;1.9821874371056374e-13;0.0;1.4305613068080097e-13;2.1704203429008607e-13;0.0;-0.022284067347718917
6008.0;73.64216919137407;-0.36698899;0.03915917226736764;1.8406769637583096e-15;0.13600683877162045;0.0;0.004795543748074172;0.29729616721161073;1.982190376001891e-13;0.0;1.4305642011566747e-13;2.1704217403992411e-13;0.0;-0.11334021467627212
6009.0;73.64497212480131;-0.38620938200000005;0.03915917226736767;1.840680582904872e-15;0.40930742898679723;0.0;0.004527422302566883;0.28571157545987086;1.9821975746088094e-13;0.0;1.430571290709134e-13;2.1704251634801865e-13;0.0;-0.35551933252579526
6010.0;73.6481793735385;-0.397814632;0.039159172267367696;1.840684746406303e-15;0.699473411428291;0.0;0.004338971218313066;0.2605235032903657;1.9822058558998844e-13;0.0;1.430579446651845e-13;2.170429101421868e-13;0.0;-0.6086539978586647
6011.0;-0.0029135709642751154;-0.40199454;0.0;0.0;0.9173829646165587;0.0;0.002976908547722277;0.23266711304556018;0.0;0.0;0.0;0.0;0.0;-0.7509995530934571
6012.0;-0.0029135649141587257;-0.40575433600000005;0.0;0.0;0.9118176993629992;0.0;0.0034976782645480607;0.24147140479959545;0.0;0.0;0.0;0.0;0.0;-0.7509995530934571
6013.0;-0.0029135707083126263;-0.409281124;0.0;0.0;0.9006348237006385;0.0;0.003078534203178796;0.25660021242817727;0.0;0.0;0.0;0.0;0.0;-0.7509995530934571
6014.0;-0.002913561245379021;-0.408052652;0.0;0.0;0.8849655718611175;0.0;0.0036896090493699365;0.2704299175936087;0.0;0.0;0.0;0.0;0.0;-0.7509995530934571
6015.0;-0.0029135449741129467;-0.400731084;0.0;0.0;0.8702243971907115;0.0;0.004092277724719517;0.2774468558916884;0.0;0.0;0.0;0.0;0.0;-0.7509995530934571
6016.0;-0.0029135561844283093;-0.39078456200000006;0.0;0.0;0.8612921986291242;0.0;0.003857836853938737;0.2766669730377864;0.0;0.0;0.0;0.0;0.0;-0.7509995530934571
6017.0;73.64665669666509;-0.379359378;0.03915917226736768;1.8406827147005445e-15;0.6190580149220694;0.0;0.004179630459750167;0.30935183257450405;1.9822018148023353e-13;0.0;1.4305754667072405e-13;2.170427179785404e-13;0.0;-0.5953706970579797
6018.0;73.64346546604956;-0.37166731399999997;0.039159172267367655;1.8406785674134742e-15;0.32357503114174224;0.0;0.004049400038896837;0.2868459993865878;1.9821935657327623e-13;0.0;1.4305673425543063e-13;2.1704232571778414e-13;0.0;-0.28500080393260924
6019.0;73.64141214940682;-0.367475102;0.039159172267367634;1.8406759426470856e-15;0.09382643053250386;0.0;0.004320585747557954;0.2699161554049206;1.9821883449683362e-13;0.0;1.4305622009078368e-13;2.170420774605647e-13;0.0;-0.04283004589401862
6020.0;595.4218567976318;-0.37082284200000004;0.03915917226759868;3.0504310166947974e-15;0.018829631740042183;5.405361346046251e-18;0.004368847612865754;0.2735886138679912;2.8795009159745375e-13;0.0;0.03229977099017162;3.143365015267323e-13;5.3804189154862084e-14;-3.203761500994028e-12
6021.0;595.4208264043255;-0.36601828;0.03915917226759868;3.050427087707855e-15;0.009533349395123574;5.4053564800350654e-18;0.0036288323819214678;0.28131808420059545;2.879500025550638e-13;0.0;0.029801584314416447;3.1433623684423914e-13;5.380399660771405e-14;-3.2037674418169748e-12
6022.0;595.420301160314;-0.356725616;0.03915917226759868;3.050425067709575e-15;0.00990587764418862;5.405353978284978e-18;0.0031868150270244673;0.28324083715603904;2.8794995677579796e-13;0.0;0.018656094270272507;3.143361007637226e-13;5.3803897614376643e-14;-3.2037704961693925e-12
6023.0;591.900833495144;-0.34576373400000004;0.03915917226759861;3.0370537895419e-15;0.009905877644186913;5.388771585787222e-18;0.0027716098034576224;0.2848078814663249;2.876444009439623e-13;0.0;2.1256221425510905e-11;3.134335697746539e-13;5.31536903386764e-14;-3.2242079109132318e-12
6024.0;457.9270161457546;-0.33463822200000004;0.039159172267595146;2.600224537255998e-15;0.009685745850166029;4.8215213207303235e-18;0.002197063809306433;0.28700943485062724;2.7386749936702497e-13;0.0;5.427723811810117e-13;2.819443679106098e-13;3.633092225011705e-14;-4.27017327274274e-12
6025.0;0.003539774912024905;-0.24294531800000002;0.0;0.0;0.00709345765371575;0.0;0.0026693384260971557;0.2365882638112726;0.0;0.0;0.0;0.0;0.0;-0.003431687852454746
6026.0;0.0036312435276161575;-0.23965007400000002;0.0;0.0;0.003947934963071924;0.0;0.0028777697570145544;0.23560154179468576;0.0;0.0;0.0;0.0;0.0;-0.0028020388594617936
6027.0;14.067515500293997;-0.236775248;0.0;0.0;0.0022013046610416184;0.0;0.0028168074173144497;0.23651792554142467;1.819959897346315e-13;0.0;0.0;0.0;0.0;-7.650623146602268e-11
6028.0;50.001426479364305;-0.23398026200000002;0.006347508329165991;1.1313872706265466e-15;0.00081278993897611;0.0;0.0030228778916962878;0.22382775110763908;1.982960830066569e-13;0.0;0.0;1.4704822699973382e-13;0.0;-2.2036404284559153e-11
6029.0;0.004806475192453011;-0.23452332599999998;0.0;0.0;0.0006745756371337231;0.0;0.0032640622332246053;0.23073718286035036;0.0;0.0;0.0;0.0;0.0;-0.00017347041916647806
6030.0;0.004004977904100304;-0.23631792200000004;0.0;0.0;0.01778058345626785;0.0;0.0033091775909110796;0.21720981717652785;0.0;0.0;0.0;0.0;0.0;-0.0020081608986135626
6031.0;0.0028704706643552344;-0.24205897399999998;0.0;0.0;0.08839376740269624;0.0;0.0031787143740352347;0.20271279540471757;0.0;0.0;0.0;0.0;0.0;-0.052250622031072544
6032.0;0.0025435435306081235;-0.25547264599999997;0.0;0.0;0.2665974632143902;0.0;0.0030353664313229117;0.19890595262391814;0.0;0.0;0.0;0.0;0.0;-0.21307864888680209
6033.0;0.002469376864700898;-0.27245038400000005;0.0;0.0;0.4915870979339541;0.0;0.0028552593557737774;0.20432379159278344;0.0;0.0;0.0;0.0;0.0;-0.42632817339897927
6034.0;0.0023705559585717223;-0.28668983;0.0;0.0;0.6789487934694374;0.0;0.002616883450211653;0.20938798019571303;0.0;0.0;0.0;0.0;0.0;-0.6042760852236132
6035.0;0.002467477925723784;-0.29634381600000004;0.0;0.0;0.7699159380662693;0.0;0.0028506607088504277;0.212100371112245;0.0;0.0;0.0;0.0;0.0;-0.6885355595610942
6036.0;0.0024769679263566486;-0.301139826;0.0;0.0;0.8059486730387501;0.0;0.0028736538679462035;0.18287312957942475;0.0;0.0;0.0;0.0;0.0;-0.6905680498626583
6037.0;0.002473488710787529;-0.30152920200000005;0.0;0.0;0.78987138405794;0.0;0.0028652230690666826;0.1993637120689845;0.0;0.0;0.0;0.0;0.0;-0.6905835315416976
6038.0;0.002382040991176794;-0.30014276200000006;0.0;0.0;0.7743539007351405;0.0;0.002644478183567338;0.21422424372900392;0.0;0.0;0.0;0.0;0.0;-0.6910921370029086
6039.0;0.0025419657105320444;-0.29741615;0.0;0.0;0.753671545928018;0.0;0.0030315345065175655;0.23097943000374563;0.0;0.0;0.0;0.0;0.0;-0.6902788707003429
6040.0;0.0025391316346869463;-0.29352660199999997;0.0;0.0;0.6943296883150984;0.0;0.0030246370021611464;0.28412626832497717;0.0;0.0;0.0;0.0;0.0;-0.6879664980785225
6041.0;0.002611520735981719;-0.287782924;0.0;0.0;0.5414739863792203;0.0;0.0032009011178255977;0.3062304583043046;0.0;0.0;0.0;0.0;0.0;-0.5631350212884205
6042.0;0.0025542551472786603;-0.28464620600000007;0.0;0.0;0.36448645847545935;0.0;0.0030614234544049626;0.3142710635717711;0.0;0.0;0.0;0.0;0.0;-0.39718526631826123
6043.0;0.0023702383521151654;-0.277005826;0.0;0.0;0.17647285720625713;0.0;0.002616116928115172;0.30538338461017217;0.0;0.0;0.0;0.0;0.0;-0.20747879057672186
6044.0;0.004070663299721099;-0.27637810599999996;0.0;0.0;0.04675571429395104;0.0;0.002995065537609314;0.29911762119802265;0.0;0.0;0.0;0.0;0.0;-0.07251466279578729
6045.0;0.0035581036819926234;-0.275126506;0.0;0.0;0.014899851349464454;0.0;0.002635629939820742;0.29585329349523826;0.0;0.0;0.0;0.0;0.0;-0.038288363283530455
6046.0;0.0034997690631685396;-0.273036722;0.0;0.0;0.011326298650170059;0.0;0.002591174427897166;0.2935709293010934;0.0;0.0;0.0;0.0;0.0;-0.03447782856899937
6047.0;0.0036027203797230475;-0.269022078;0.0;0.0;0.011343693286927312;0.0;0.0027528695391031274;0.2989588457250158;0.0;0.0;0.0;0.0;0.0;-0.044059647732164524
6048.0;0.003697921216553411;-0.262477932;0.0;0.0;0.011327167190146443;0.0;0.0029038291067576467;0.2989701580103253;0.0;0.0;0.0;0.0;0.0;-0.050749680267017254
6049.0;304.0381497550247;-0.264613742;0.039159172267596125;1.2924861911914408e-15;0.01063400267733871;2.5661783364925814e-18;0.0005393071541574165;0.23207636378827953;2.805385373335526e-13;0.0;1.4833486110048615e-13;1.6676751310872807e-13;1.5432297129156776e-14;-3.3844564563413583e-12
6050.0;237.3309106327554;-0.258648122;0.03915917226759148;1.217616396066708e-15;0.009364017683305408;2.4476998172634186e-18;0.0005377750406053871;0.23071120816843388;2.6671888781854174e-13;0.0;1.207044914075442e-13;1.5803544217163155e-13;1.383373621890755e-14;-4.333923339364749e-12
6051.0;166.7879104273434;-0.255732464;0.039159172267580804;1.1473323840623978e-15;0.007856967534501174;0.0;0.0007645291799123938;0.23080734563999553;2.4706162519017863e-13;0.0;1.0084210351539361e-13;1.4972247020055885e-13;1.2468071755407419e-14;-6.161800332312017e-12
6052.0;103.7767473425353;-0.257314592;0.03915917226754754;1.0910800249917883e-15;0.006925647859379749;0.0;0.001287749057674228;0.2316533571515115;2.2383117815775183e-13;0.0;8.792084698657152e-14;1.4298947580752223e-13;0.0;-9.885517816066324e-12
6053.0;75.79109591275379;-0.263249332;0.03915917226748051;1.067824381406046e-15;0.014122223803932727;0.0;0.0014386631316128053;0.23052854697175648;2.1169793312381593e-13;0.0;8.318636776681738e-14;1.4018548797256716e-13;0.0;-1.3512851873796077e-11
6054.0;35.94854705585847;-0.27832943400000004;0.0;1.0364163189264071e-15;0.06532798440613517;0.0;0.0016531602903734916;0.21679047057065817;1.9291996756051492e-13;0.0;0.0;0.0;0.0;-2.8254506437237367e-11
6055.0;0.002186391777896663;-0.29294880200000006;0.0;0.0;0.2048588801760281;0.0;0.0019516339738632185;0.14368916124948994;0.0;0.0;0.0;0.0;0.0;-0.057565143642234425
6056.0;0.002246636522889633;-0.31831460200000006;0.0;0.0;0.45441326484491523;0.0;0.0020904092587810713;0.1460023109526498;0.0;0.0;0.0;0.0;0.0;-0.2842057780689979
6057.0;0.0023046023399212073;-0.33609350400000004;0.0;0.0;0.7397034051237606;0.0;0.002225337628432224;0.14873476417565573;0.0;0.0;0.0;0.0;0.0;-0.5545845104118041
6058.0;0.002349678158379849;-0.35120353800000004;0.0;0.0;0.8978837763825035;0.0;0.0023311257307029425;0.12210817364005565;0.0;0.0;0.0;0.0;0.0;-0.671134127066717
6059.0;0.002441614755512942;-0.36254812200000003;0.0;0.0;0.8949783998457517;0.0;0.0025488155000372944;0.1351279023457176;0.0;0.0;0.0;0.0;0.0;-0.670121735845607
6060.0;0.0025179468701536137;-0.364908074;0.0;0.0;0.8849734866824842;0.0;0.002731228494502458;0.14644324596036556;0.0;0.0;0.0;0.0;0.0;-0.6692547357194026
6061.0;0.0025259290955973925;-0.36284754799999996;0.0;0.0;0.8745314867540139;0.0;0.0027503887033684636;0.15471300166155463;0.0;0.0;0.0;0.0;0.0;-0.6691621885486496
6062.0;0.0025319915524005085;-0.3615396900000001;0.0;0.0;0.855012390257269;0.0;0.0027649503661823054;0.17283794486329335;0.0;0.0;0.0;0.0;0.0;-0.6690904630956935
6063.0;0.0027097893387774937;-0.35737437000000005;0.0;0.0;0.8323523727094195;0.0;0.0031948688714293293;0.18885717794009374;0.0;0.0;0.0;0.0;0.0;-0.6670451314853207
6064.0;0.003004017596697718;-0.35038261800000003;0.0;0.0;0.8043053863140551;0.0;0.003918189310817668;0.20574818043071574;0.0;0.0;0.0;0.0;0.0;-0.6636045156294317
6065.0;0.002993203432359187;-0.341182068;0.0;0.0;0.6840662897547644;0.0;0.003891372935038454;0.26170278514848605;0.0;0.0;0.0;0.0;0.0;-0.6084937471595356
6066.0;0.002936550706503509;-0.332925362;0.0;0.0;0.48269449483982413;0.0;0.003751159957587234;0.26680272034156494;0.0;0.0;0.0;0.0;0.0;-0.4203383256415837
6067.0;0.0028800129936822987;-0.32146757800000003;0.0;0.0;0.2689405766270324;0.0;0.0036117100362148538;0.261562486170825;0.0;0.0;0.0;0.0;0.0;-0.21266245199817252
6068.0;0.002968151499502515;-0.307708588;0.0;0.0;0.10699597460655925;0.0;0.0038293118086764966;0.22318963763136138;0.0;0.0;0.0;0.0;0.0;-0.026321679686720372
6069.0;0.004382178626348901;-0.29885625599999993;0.0;0.0;0.02801141246236659;0.0;0.003614163898901162;0.26767369257576124;0.0;0.0;0.0;0.0;0.0;-0.0004728695243359876
6070.0;0.004004590333146229;-0.29509109200000005;0.0;0.0;0.010719777043846433;0.0;0.0032686106832908596;0.28296173971333477;0.0;0.0;0.0;0.0;0.0;-0.0018896638415747664
6071.0;0.0037501471897174463;-0.286165472;0.0;0.0;0.010413969136248175;0.0;0.002870179664629316;0.275537268226863;0.0;0.0;0.0;0.0;0.0;-0.0026861938030282913
6072.0;0.0037709713417651467;-0.26840408000000004;0.0;0.0;0.009939899373589398;0.0;0.0029061926535561117;0.25813855341955527;0.0;0.0;0.0;0.0;0.0;-0.0026108391194944462
6073.0;595.418578148037;-0.263363242;0.03915917226760171;2.1686602890937865e-15;0.008974554177896893;3.946213711235066e-18;0.0009882190801219948;0.19378472429264998;3.042549734651188e-13;0.0;0.017867613791526547;2.5349884345804283e-13;3.8249167772989724e-14;-2.435120072302223e-12
6074.0;595.4186529893008;-0.261191918;0.03915917226760171;2.1686604973837617e-15;0.006993379407324764;3.946213984243259e-18;0.0010602288375748288;0.19235227420377474;3.0425497922644136e-13;0.0;0.019037326365348075;2.5349886242188215e-13;3.8249177979416206e-14;-2.43511970687761e-12
6075.0;595.4187676898016;-0.259090354;0.03915917226760171;2.1686608082782368e-15;0.0055201978760057325;3.946214391738037e-18;0.0010770821947809967;0.1803639033099641;3.0425498782580727e-13;0.0;0.03037851654728565;2.5349889072727893e-13;3.824919321358862e-14;-2.4351191614431925e-12
6076.0;595.4187339573208;-0.257159932;0.03915917226760171;2.168660713400585e-15;0.0055879294231955525;3.946214267381215e-18;0.0010073706196702195;0.1753935854584442;3.042549852014835e-13;0.0;0.03341972777182622;2.534988820891869e-13;3.824918856447815e-14;-2.435119327896954e-12
6077.0;595.4188592455698;-0.25972964000000004;0.03915917226760171;2.1686610554261875e-15;0.006637782623200863;3.946214715677457e-18;0.0010211597137225609;0.16438582205885233;3.042549946619355e-13;0.0;0.045931334464711045;2.5349891322896974e-13;3.824920532411379e-14;-2.4351187278460755e-12
6078.0;595.5091194502428;-0.27101156800000004;0.03915917226760171;2.1689114461663037e-15;0.02751632447291071;3.946542895873897e-18;0.0010096687899936267;0.14983057714944953;3.0426191886397417e-13;0.0;0.05265491187284286;2.53521709371103e-13;3.8261477271611965e-14;-2.4346795732630266e-12
6079.0;158.19076074509437;-0.28929024999999997;0.039159172267571596;1.3984213719214357e-15;0.12847159940489988;0.0;0.0007683594878161466;0.13464082316565534;2.344905615185025e-13;0.0;1.2134916268200094e-13;1.7613145266760013e-13;1.5122098893605986e-14;-3.068035740915792e-11
6080.0;129.2237429230164;-0.30955038600000007;0.03915917226755788;1.366303016736411e-15;0.3340905021913586;0.0;0.0006863909321961576;0.13018964942210332;2.2524052199146036e-13;0.0;1.1381906324106828e-13;1.7258834826286985e-13;1.4540428065792974e-14;-0.19255557079621685
6081.0;129.22650602522097;-0.326484178;0.039159172267557885;1.3663057984607248e-15;0.585648964325065;0.0;0.0006396611805059496;0.12478671118701358;2.2524137774330567e-13;0.0;1.1381968931494345e-13;1.72588656219963e-13;1.4540477643695015e-14;-0.42168534120261847
6082.0;129.22853832405744;-0.33761862200000003;0.039159172267557885;1.3663078359636893e-15;0.7825811762747199;0.0;0.000567651435071767;0.13019926140818763;2.2524200454146643e-13;0.0;1.1382014789202048e-13;1.7258888178624824e-13;1.454051395763315e-14;-0.6127868965269249
6083.0;129.2296715252736;-0.34744732200000006;0.039159172267557885;1.366308963274221e-15;0.9036021974284334;0.0;0.0004297603863804997;0.1334487149947583;2.2524235133438006e-13;0.0;1.1382040161474606e-13;1.7258900658758845e-13;1.4540534049452793e-14;-0.7270686245674095
6084.0;39.52949562860803;-0.35307548200000005;0.0;1.275499310587417e-15;0.955739281496326;0.0;0.00035085608182950615;0.1424472034742553;1.9201204244084973e-13;0.0;0.0;0.0;0.0;-0.7509995530979072
6085.0;-0.0033605969693545497;-0.35378137800000004;0.0;0.0;0.9562634456643142;0.0;0.0;0.14856040574250207;0.0;0.0;0.0;0.0;0.0;-0.7509995531006832
6086.0;-0.003265362227409661;-0.35265667599999995;0.0;0.0;0.9491228844695552;0.0;0.0;0.15457749209312732;0.0;0.0;0.0;0.0;0.0;-0.7509995531006832
6087.0;50.00493791023898;-0.3478423220000001;0.029127006702104077;1.2854632501998228e-15;0.8804038211748972;0.0;0.0002934014752251771;0.18918934257932962;1.9615727600907188e-13;0.0;0.0;1.6355897906159855e-13;0.0;-0.750999553096679
6088.0;129.22743863348248;-0.340852576;0.039159172267557885;1.3663066736191003e-15;0.7585530767208029;0.0;0.0003110208892561075;0.18811260289755646;2.2524164696939845e-13;0.0;1.1381988628495715e-13;1.725887531063357e-13;1.454049324142785e-14;-0.6431778235663036
6089.0;129.22534035851461;-0.332333372;0.039159172267557885;1.3663045586622884e-15;0.5696132972964343;0.0;0.0002987639087527034;0.1887855669602863;2.2524099634087299e-13;0.0;1.1381941027691088e-13;1.7258851896528943e-13;1.4540455547093296e-14;-0.46345237175006226
6090.0;129.2232697271391;-0.32402882;0.03915917226755788;1.3663024739252611e-15;0.38025019333236887;0.0;0.00030565845577887346;0.1883241035741351;2.252403550033905e-13;0.0;1.1381894107279704e-13;1.7258828816969762e-13;1.454041839143588e-14;-0.2819739262053161
6091.0;129.22120926818187;-0.313757904;0.03915917226755788;1.3663003997228464e-15;0.19051455732762176;0.0;0.0002918693617265319;0.183805633600518;2.252397169012911e-13;0.0;1.1381847424208884e-13;1.7258805854027537e-13;1.4540381423609857e-14;-0.09801222810253682
6092.0;595.418408039841;-0.304400564;0.03915917226760171;2.168659701158051e-15;0.06190749482830992;3.946212940618936e-18;0.0002321165848019615;0.18060424875020614;3.0425495720274866e-13;0.0;0.01991658739414761;2.5349878992927253e-13;3.824913896352976e-14;-2.4351211037807304e-12
6093.0;667.0172345222192;-0.30086447199999994;0.03915917226760257;2.383350463740808e-15;0.016797656887326914;4.219990141178393e-18;0.00024973598676468695;0.19515949365962165;3.0919899869121586e-13;0.0;0.057230601528425025;2.7249771519470704e-13;5.1019638877957e-14;-2.135286925385031e-12
6094.0;595.3512116498695;-0.295089892;0.039159172267601704;2.1684695108566505e-15;0.011633053899409263;3.945963649143869e-18;0.0002604608416997624;0.2009469817813546;3.042496955786054e-13;0.0;0.039624684749824994;2.534814735615328e-13;3.823982090187739e-14;-2.4354548509465645e-12
6095.0;595.4176599397913;-0.285145636;0.03915917226760171;2.1686577763180048e-15;0.011243592289594689;3.946210417700555e-18;0.00022292384341508344;0.19998560530363285;3.042549039613249e-13;0.0;0.03194683933614805;2.534986146815472e-13;3.824904464458353e-14;-2.4351244807424792e-12
6096.0;595.4176223568758;-0.274783874;0.03915917226760171;2.168657674116922e-15;0.01122666082465354;3.946210283744873e-18;0.00019917593918274484;0.20105273300018497;3.042549011344219e-13;0.0;0.020558780097563626;2.5349860537664417e-13;3.8249039636644694e-14;-2.4351246600456643e-12
6097.0;0.009583322469477693;-0.307918396;0.0;0.0;0.003518345899827061;0.0;0.008910057808725272;0.44315008418053264;0.0;0.0;0.0;0.0;0.0;-0.14768440018231743
6098.0;0.0094853973659416;-0.30508132800000004;0.0;0.0;0.0017760849450388012;0.0;0.008802809184349414;0.43440810734327057;0.0;0.0;0.0;0.0;0.0;-0.13992908098724408
6099.0;0.009194786314400249;-0.30247796800000004;0.0;0.0;0.0008797770986762987;0.0;0.008331681319084053;0.43259395513700916;0.0;0.0;0.0;0.0;0.0;-0.13934995794450816
6100.0;0.008900458602972405;-0.30198196000000005;0.0;0.0;0.000862791515497896;0.0;0.007815355771820166;0.42618446928305204;0.0;0.0;0.0;0.0;0.0;-0.13290320276759643
6101.0;0.008480554285218241;-0.31001490200000004;0.0;0.0;0.0008795722174779726;0.0;0.0070768716804120125;0.4212562445352429;0.0;0.0;0.0;0.0;0.0;-0.11922043499772811
6102.0;0.007727193854365749;-0.32813717800000003;0.0;0.0;0.002096325162826622;0.0;0.005698724883623847;0.4120777397546555;0.0;0.0;0.0;0.0;0.0;-0.09175981713335175
6103.0;0.007847655343423262;-0.345903018;0.0;0.0;0.01990586992335828;0.0;0.005634375760383421;0.3988702702336126;0.0;0.0;0.0;0.0;0.0;-0.07853366951924287
6104.0;0.009164154183435797;-0.359190346;0.0;0.0;0.13845800856617124;0.0;0.006352943913131915;0.391200270414911;0.0;0.0;0.0;0.0;0.0;-0.17684034153492856
6105.0;0.005518462403187534;-0.371672412;0.0;0.0;0.405616480041146;0.0;0.006454049363685503;0.36232734470533395;0.0;0.0;0.0;0.0;0.0;-0.4027391781405077
6106.0;0.0055937262089795275;-0.38219097;0.0;0.0;0.6915743410892796;0.0;0.0066493973531453286;0.35438494240043855;0.0;0.0;0.0;0.0;0.0;-0.6704314496699063
6107.0;0.0054726742661936065;-0.390445366;0.0;0.0;0.7482198203269198;0.0;0.006335308310099028;0.32617263488391574;0.0;0.0;0.0;0.0;0.0;-0.6902960984578197
6108.0;0.005435139605944025;-0.39501463800000003;0.0;0.0;0.738856921170073;0.0;0.006238017175795495;0.34063975496274534;0.0;0.0;0.0;0.0;0.0;-0.6907337441576827
6109.0;0.005952733387086672;-0.39116799999999996;0.0;0.0;0.7262611469668881;0.0;0.007583234296460575;0.3416856466082766;0.0;0.0;0.0;0.0;0.0;-0.6843758569820163
6110.0;0.006230104727976488;-0.391315572;0.0;0.0;0.7107416290223343;0.0;0.0083063981043819;0.35327487042955075;0.0;0.0;0.0;0.0;0.0;-0.6810212098928657
6111.0;0.006321102957793524;-0.386465714;0.0;0.0;0.7190927351009502;0.0;0.008543877582904973;0.3387524566452941;0.0;0.0;0.0;0.0;0.0;-0.6799372548782389
6112.0;0.006321984342441926;-0.37744997;0.0;0.0;0.6488635346465463;0.0;0.008546175772707226;0.3442164338048615;0.0;0.0;0.0;0.0;0.0;-0.6241900740488845
6113.0;0.0062854127927675675;-0.36642009;0.0;0.0;0.4048349371194067;0.0;0.008450417801211687;0.3227675462293338;0.0;0.0;0.0;0.0;0.0;-0.3696467112308601
6114.0;0.010919608603657243;-0.353846482;0.0;0.0;0.16616188634521564;0.0;0.00907399522394372;0.2989681468224142;0.0;0.0;0.0;0.0;0.0;-0.1203749877647749
6115.0;0.012497695073493641;-0.35307024;0.0;0.0;0.0357426841054282;0.0;0.00922107924592487;0.30819749495707155;0.0;0.0;0.0;0.0;0.0;-0.00010685256910525737
6116.0;0.012259447965137171;-0.35210219;0.0;0.0;0.008970526589556025;0.0;0.0094355764008872;0.33378805638613274;0.0;0.0;0.0;0.0;0.0;-0.00011111785197485624
6117.0;0.009935388614051058;-0.344479216;0.0;0.0;0.005988905414403286;0.0;0.009460856064358349;0.3521260747359671;0.0;0.0;0.0;0.0;0.0;-0.023121943784217974
6118.0;0.009765562108686562;-0.33257348800000003;0.0;0.0;0.005040885416807842;0.0;0.009174349047195043;0.36120867978920057;0.0;0.0;0.0;0.0;0.0;-0.042875574705787824
6119.0;0.009824516009255373;-0.32152141199999995;0.0;0.0;0.003349374215842688;0.0;0.009342882585500057;0.3736287496534877;0.0;0.0;0.0;0.0;0.0;-0.06482371454573
6120.0;0.009657628380976072;-0.31171991800000004;0.0;0.0;0.001759250126135651;0.0;0.009106935628399404;0.38108129087948844;0.0;0.0;0.0;0.0;0.0;-0.08025090129715257
6121.0;0.0068040812820876415;-0.29101377400000006;0.0;0.0;0.00028670156420912884;0.0;0.004582514116993208;0.3838210307162321;0.0;0.0;0.0;0.0;0.0;-0.09769871351159343
6122.0;0.006483785642495297;-0.22303901200000004;0.0;0.0;0.00033718474454440234;0.0;0.0040385793773796645;0.3441692729392201;0.0;0.0;0.0;0.0;0.0;-0.12552815296884176
6123.0;0.006782033139841974;-0.22270299600000001;0.0;0.0;0.0002866921335799593;0.0;0.004544975371962169;0.3445305836413886;0.0;0.0;0.0;0.0;0.0;-0.12668149212240667
6124.0;0.006458124597627262;-0.27897779400000006;0.0;0.0;0.0002865449460038095;0.0;0.003996443057430196;0.3640660955443298;0.0;0.0;0.0;0.0;0.0;-0.08939345218885116
6125.0;0.006487207620469886;-0.27723376;0.0;0.0;0.00028655884776084987;0.0;0.004045474501333195;0.3583300417600658;0.0;0.0;0.0;0.0;0.0;-0.08545048575013747
6126.0;0.006405970237717965;-0.27878128599999996;0.0;0.0;0.00035401746177089684;0.0;0.003907573042106062;0.35831846217877666;0.0;0.0;0.0;0.0;0.0;-0.08382087018392811
6127.0;0.006767531161804672;-0.28356242600000003;0.0;0.0;0.0018235065649247842;0.0;0.004465300630917267;0.367818498777402;0.0;0.0;0.0;0.0;0.0;-0.09056926969091648
6128.0;0.007272272267227307;-0.291102274;0.0;0.0;0.024269504868734193;0.0;0.004969393500189388;0.37410752302041933;0.0;0.0;0.0;0.0;0.0;-0.11227165441409685
6129.0;0.008723269015479098;-0.302842852;0.0;0.0;0.16087440212621168;0.0;0.005658879292058886;0.3721937258923494;0.0;0.0;0.0;0.0;0.0;-0.2359043431533586
6130.0;0.005230459408704122;-0.317970188;0.0;0.0;0.3619514480662026;0.0;0.006143728681879132;0.37211159216270934;0.0;0.0;0.0;0.0;0.0;-0.42224972104043623
6131.0;0.005244515138574154;-0.32788174;0.0;0.0;0.5401088901687217;0.0;0.006179735140662163;0.3744929298931911;0.0;0.0;0.0;0.0;0.0;-0.5929129629419446
6132.0;0.005366694678425169;-0.333515924;0.0;0.0;0.624246918765144;0.0;0.006493066830412623;0.37066477486538685;0.0;0.0;0.0;0.0;0.0;-0.6679020511141517
6133.0;0.005439437790193263;-0.33897937600000005;0.0;0.0;0.611830526333437;0.0;0.006679992415251828;0.3880350432471701;0.0;0.0;0.0;0.0;0.0;-0.6675794383284345
6134.0;0.005846427797081761;-0.33738249600000003;0.0;0.0;0.5778624163376707;0.0;0.007730289662876466;0.41414564980056695;0.0;0.0;0.0;0.0;0.0;-0.6623692934016912
6135.0;0.006006359816815262;-0.33198504999999995;0.0;0.0;0.4530872240478169;0.0;0.008144736499980694;0.4429848165932167;0.0;0.0;0.0;0.0;0.0;-0.5722452200176161
6136.0;0.010797845408670447;-0.323125642;0.0;0.0;0.2671495002932144;0.0;0.007883533463993966;0.43345431999752937;0.0;0.0;0.0;0.0;0.0;-0.38537521744475106
6137.0;0.009611027320092051;-0.32676275800000004;0.0;0.0;0.08050952836787428;0.0;0.008285713689968855;0.47935922490647737;0.0;0.0;0.0;0.0;0.0;-0.24141526256292195
6138.0;0.009269827292604692;-0.34306402599999997;0.0;0.0;0.013604137579263207;0.0;0.00857681680989867;0.523934717158724;0.0;0.0;0.0;0.0;0.0;-0.20307929302443592
6139.0;0.009196684023552748;-0.344474332;0.0;0.0;0.000574777459391464;0.0;0.00874075419248153;0.5631023265219814;0.0;0.0;0.0;0.0;0.0;-0.22796592220831244
6140.0;0.00908391417852403;-0.34152543999999996;0.0;0.0;0.00037188723714771574;0.0;0.008540811868335035;0.5617652786303149;0.0;0.0;0.0;0.0;0.0;-0.22917475167269055
6141.0;0.009120030531518641;-0.33541048800000006;0.0;0.0;0.0003380899279922487;0.0;0.008604395015532998;0.5598954157301739;0.0;0.0;0.0;0.0;0.0;-0.23344960166878145
6142.0;0.008994308746716561;-0.327739556;0.0;0.0;0.00030425933335945167;0.0;0.008384535205168952;0.5563049499419829;0.0;0.0;0.0;0.0;0.0;-0.2372763876944472
6143.0;0.009085565666428819;-0.321874922;0.0;0.0;0.0003042779971353304;0.0;0.008544642181159398;0.543672323193829;0.0;0.0;0.0;0.0;0.0;-0.23066851066671132
6144.0;0.009127338894325853;-0.314467796;0.0;0.0;0.0003211904392224664;0.0;0.008617418065577465;0.5357751735389751;0.0;0.0;0.0;0.0;0.0;-0.23026817054252188
6145.0;0.00643582435638747;-0.38378261000000014;0.0;0.0;0.0002884949597728778;0.0;0.012242534609647875;0.6497150508812876;0.0;0.0;0.0;0.0;0.0;-0.27847108886836036
6146.0;0.006317816429795505;-0.38039508800000005;0.0;0.0;0.00027144688893021736;0.0;0.012057293803758334;0.6493107752086988;0.0;0.0;0.0;0.0;0.0;-0.2812520824177259
6147.0;0.006359375623058381;-0.3778161590000001;0.0;0.0;0.00027146631910705425;0.0;0.012122856574677555;0.6483164710343965;0.0;0.0;0.0;0.0;0.0;-0.2829022785702313
6148.0;0.006065106620778972;-0.3743043220000001;0.0;0.0;0.00028831109645140136;0.0;0.011657672593730784;0.6432228997076079;0.0;0.0;0.0;0.0;0.0;-0.28087227419784844
6149.0;0.005799179515284907;-0.375873832;0.0;0.0;0.00028816444757988655;0.0;0.01123827811938646;0.6490680554089955;0.0;0.0;0.0;0.0;0.0;-0.2847284458971649
6150.0;0.006385696305916013;-0.38218628;0.0;0.0;0.00028847140105276196;0.0;0.01216344304578052;0.6621493352446248;0.0;0.0;0.0;0.0;0.0;-0.29242260078131
6151.0;0.006087805863876722;-0.39904891500000006;0.0;0.0;0.0003732415442169795;0.0;0.011690974382109488;0.6748278415921689;0.0;0.0;0.0;0.0;0.0;-0.28785088622559224
6152.0;0.006136647579868591;-0.42140899600000004;0.0;0.0;0.009089417479137137;0.0;0.011554645254613775;0.6805208280569703;0.0;0.0;0.0;0.0;0.0;-0.279769263780719
6153.0;0.003122173160170604;-0.4322215400000001;0.0;0.0;0.04593363294259295;0.0;0.009384798837584436;0.6507902662967646;0.0;0.0;0.0;0.0;0.0;-0.2738918686470917
6154.0;0.0031208361563689;-0.43918967900000005;0.0;0.0;0.10106927453941711;0.0;0.009381676720401667;0.6400153698250504;0.0;0.0;0.0;0.0;0.0;-0.31128135197950213
6155.0;0.0031827451868483366;-0.44639915500000005;0.0;0.0;0.17228969930632898;0.0;0.009526334731220668;0.6362810540601954;0.0;0.0;0.0;0.0;0.0;-0.37170266604065816
6156.0;0.0032254856379796367;-0.4516646310000001;0.0;0.0;0.2296987785763219;0.0;0.009626242218974448;0.5838559930680768;0.0;0.0;0.0;0.0;0.0;-0.3715211310705299
6157.0;0.0032539720210052673;-0.451862066;0.0;0.0;0.2419914066523604;0.0;0.009692847123480045;0.5722245064538468;0.0;0.0;0.0;0.0;0.0;-0.3720514523252003
6158.0;0.0033189354234516633;-0.4479513850000001;0.0;0.0;0.2151635160801992;0.0;0.009844789320471836;0.5942529020536753;0.0;0.0;0.0;0.0;0.0;-0.371314602249712
6159.0;0.003188088482958064;-0.4439983970000001;0.0;0.0;0.16469537018311428;0.0;0.009538823184214198;0.6404518498188788;0.0;0.0;0.0;0.0;0.0;-0.3706923810670641
6160.0;0.0032375039627715947;-0.43722941400000004;0.0;0.0;0.10464271096601563;0.0;0.009654341169322728;0.6294102527277068;0.0;0.0;0.0;0.0;0.0;-0.3064826432842718
6161.0;0.0031698316305297292;-0.434528377;0.0;0.0;0.04777171420827774;0.0;0.00949615431008295;0.6289743116267211;0.0;0.0;0.0;0.0;0.0;-0.25171853152304097
6162.0;0.00477155152551531;-0.43756145900000004;0.0;0.0;0.012478307953979511;0.0;0.009414997998776873;0.6450858858960469;0.0;0.0;0.0;0.0;0.0;-0.22943197842902013
6163.0;0.004453172213073229;-0.4386348320000001;0.0;0.0;0.0010174125495509923;0.0;0.009110073534716604;0.6522807948353727;0.0;0.0;0.0;0.0;0.0;-0.22378240846010602
6164.0;0.0030480723178822845;-0.4324948370000001;0.0;0.0;0.00035303695704756635;0.0;0.006926627178365036;0.6413129985874301;0.0;0.0;0.0;0.0;0.0;-0.21610585395478413
6165.0;0.0028531499959219;-0.42151038500000004;0.0;0.0;0.00031883695839282026;0.0;0.006627922351849123;0.6290868768168352;0.0;0.0;0.0;0.0;0.0;-0.21453123430397542
6166.0;0.0027688997645073064;-0.40787665200000006;0.0;0.0;0.00031866369165739646;0.0;0.006498863112374056;0.6262483167249743;0.0;0.0;0.0;0.0;0.0;-0.2251971430595268
6167.0;0.0032825607914349648;-0.397194331;0.0;0.0;0.0003196100615315175;0.0;0.007289853077937079;0.6191335764628036;0.0;0.0;0.0;0.0;0.0;-0.22955679423478542
6168.0;0.0035821832541705076;-0.38763438000000006;0.0;0.0;0.0003200606912774613;0.0;0.007755064871340219;0.6155636266392374;0.0;0.0;0.0;0.0;0.0;-0.2360124822192031
6169.0;34.73346348930545;-0.34435636500000005;0.0;1.0746599959185055e-15;0.0002898345286250503;0.0;0.00797159379500414;0.4635623756349734;1.9402398700298723e-13;0.0;0.0;0.0;0.0;-0.12831083851936906
6170.0;34.735158921514056;-0.3393074220000001;0.0;1.0746612378259393e-15;0.000289834528625211;0.0;0.009494105765867513;0.4754581997296581;1.940247489198224e-13;0.0;0.0;0.0;0.0;-0.14678411059968766
6171.0;34.73606311337205;-0.34036015500000005;0.0;1.0746619096263612e-15;0.0003068818222394386;0.0;0.010488993970176828;0.49240830707199706;1.9402516107172643e-13;0.0;0.0;0.0;0.0;-0.1637017090776593
6172.0;34.73657036980643;-0.3420569910000001;0.0;1.0746622927745504e-15;0.0002898345286253475;0.0;0.011169597418834394;0.5089932768438277;1.9402539613410164e-13;0.0;0.0;0.0;0.0;-0.17926144020746965
6173.0;34.737145248276676;-0.345291681;0.0;1.0746627178699575e-15;0.00027278341745586715;0.0;0.011763824578179661;0.5175355918189426;1.9402565693090258e-13;0.0;0.0;0.0;0.0;-0.18515043386150706
6174.0;34.73709677313648;-0.35391659300000006;0.0;1.074662703299583e-15;0.00027278341745586525;0.0;0.012125980550972488;0.5406930501812578;1.9402564799195146e-13;0.0;0.0;0.0;0.0;-0.2000562411197578
6175.0;34.736464854177896;-0.374474552;0.0;1.0746622712816248e-15;0.0004091751278128146;0.0;0.012150956806942104;0.5706632245004915;1.940253829481615e-13;0.0;0.0;0.0;0.0;-0.20964412345233763
6176.0;34.73620510505215;-0.3994469680000001;0.0;1.0746621110690742e-15;0.007569738967166458;0.0;0.012207153431854998;0.5902653889513048;1.9402528465737478e-13;0.0;0.0;0.0;0.0;-0.21150118537963034
6177.0;34.73644353632771;-0.41286308400000005;0.0;1.074662344406418e-15;0.040747019171145774;0.0;0.012201950023425221;0.6008063587215445;1.940254278103825e-13;0.0;0.0;0.0;0.0;-0.24180872838893566
6178.0;34.73768291526141;-0.4199102150000001;0.0;1.0746633613707833e-15;0.11886536507459017;0.0;0.01223525173614791;0.5977603338718762;1.9402605171912312e-13;0.0;0.0;0.0;0.0;-0.30987894895251916
6179.0;34.739233830228564;-0.4240007610000001;0.0;1.0746646458258403e-15;0.2235118957793046;0.0;0.01222484495194252;0.5954157627934947;1.9402683973090452e-13;0.0;0.0;0.0;0.0;-0.40809648200992066
6180.0;34.74007563943535;-0.4287133050000001;0.0;1.0746653948566914e-15;0.30996718139936236;0.0;0.012011505941040213;0.6013925006110447;1.94027299259068e-13;0.0;0.0;0.0;0.0;-0.4956200002210994
6181.0;34.740594309004386;-0.42790039600000007;0.0;1.074665861521269e-15;0.36455795822061304;0.0;0.011926170356271791;0.6085991790285832;1.9402758555587409e-13;0.0;0.0;0.0;0.0;-0.5581576476429478
6182.0;34.73980188217091;-0.42344214700000005;0.0;1.0746652755120834e-15;0.3537659658087958;0.0;0.011548404223497951;0.6153542381645128;1.9402722604159795e-13;0.0;0.0;0.0;0.0;-0.5582025129062309
6183.0;34.738090746968744;-0.418525819;0.0;1.0746639489351104e-15;0.29767488017361804;0.0;0.01088757367136147;0.6176027221687416;1.9402641218957047e-13;0.0;0.0;0.0;0.0;-0.5086068789129331
6184.0;34.73714343287488;-0.4108689420000001;0.0;1.0746631063602496e-15;0.20682096141735246;0.0;0.010870922823163664;0.6001913866613593;1.9402589527005584e-13;0.0;0.0;0.0;0.0;-0.4079582370295843
6185.0;34.736493683522966;-0.4059271970000001;0.0;1.0746624736769662e-15;0.1070163354759229;0.0;0.011330902508709719;0.5911782363979574;1.9402550711809047e-13;0.0;0.0;0.0;0.0;-0.3045211642269261
6186.0;34.735847417826825;-0.40469965400000013;0.0;1.0746618774344118e-15;0.033552356927008385;0.0;0.011373570317421013;0.5749680130800692;1.940251413218871e-13;0.0;0.0;0.0;0.0;-0.21609707590679325
6187.0;34.735306990647715;-0.4058847790000001;0.0;1.0746614472502207e-15;0.003938310394702882;0.0;0.011433929629892732;0.5835295475822438;1.940248774024323e-13;0.0;0.0;0.0;0.0;-0.19391889417702377
6188.0;34.73482195155637;-0.40215654500000003;0.0;1.0746610933652244e-15;0.0009547419692406685;0.0;0.011147743178533889;0.5868350105244504;1.9402466029253059e-13;0.0;0.0;0.0;0.0;-0.19768384569602845
6189.0;34.7335884887056;-0.39308685600000004;0.0;1.0746602096835287e-15;0.0005285195445554104;0.0;0.010442163457579617;0.6011811051754871;1.9402411814918058e-13;0.0;0.0;0.0;0.0;-0.2199744352082619
6190.0;34.73178515706586;-0.3807971640000001;0.0;1.0746589165431636e-15;0.0004262224214265209;0.0;0.009366102372387785;0.6199184683570109;1.9402332479810221e-13;0.0;0.0;0.0;0.0;-0.2498318061059515
6191.0;34.72990220905396;-0.36943573900000004;0.0;1.0746575434086676e-15;0.00028983452862473295;0.0;0.007799881920923407;0.6138264221780567;1.9402248236662389e-13;0.0;0.0;0.0;0.0;-0.2533953160277573
6192.0;34.728292059589094;-0.35859191100000004;0.0;1.0746563744890428e-15;0.0003068818222387223;0.0;0.006557312337426468;0.6143068681099688;1.9402176522010107e-13;0.0;0.0;0.0;0.0;-0.2634940322616187
6193.0;51.26389054453324;-0.32831607600000007;0.04836222968551567;1.816413824441985e-15;0.009308732796591888;0.0;0.0068986547417940235;0.3120395618413494;1.9400359815760568e-13;0.0;0.0;2.160131770592696e-13;0.0;-0.04958616051480645
6194.0;51.2654252385014;-0.32152035100000004;0.048362229685521736;1.8164157715170036e-15;0.0072628590500147016;0.0;0.007239997129848976;0.30612047732440595;1.9400401631471806e-13;0.0;0.0;2.1601336470588948e-13;0.0;-0.04874855265136545
6195.0;51.26540796058028;-0.319415247;0.04836222968552163;1.8164157366829507e-15;0.005523865220157377;0.0;0.00713697000866596;0.30102775678282295;1.9400400883367993e-13;0.0;0.0;2.1601336134880281e-13;0.0;-0.043915595461940106
6196.0;51.26628766774285;-0.319041161;0.04836222968552504;1.816416832046837e-15;0.003665526973557258;0.0;0.007307641210856977;0.29542576717940666;1.9400424407535502e-13;0.0;0.0;2.1601346691289465e-13;0.0;-0.036991039161953856
6197.0;51.265663774431374;-0.32099324900000004;0.048362229685522604;1.816416048804313e-15;0.0015685037110267025;0.0;0.007178597129160465;0.3000860862062494;1.940040758652991e-13;0.0;0.0;2.1601339142904484e-13;0.0;-0.037478406845095846
6198.0;51.26484192364453;-0.329424201;0.04836222968551937;1.816415010677624e-15;0.0013468698062658504;0.0;0.006970461510360852;0.30272853443128955;1.9400385291572167e-13;0.0;0.0;2.1601329138108447e-13;0.0;-0.031265579456143715
6199.0;51.263626203656806;-0.34789519700000004;0.048362229685514596;1.8164134804366827e-15;0.019896140506040036;0.0;0.006703007267306306;0.3008259702307;1.9400352427830743e-13;0.0;0.0;2.1601314390625838e-13;0.0;-0.029183934795447345
6200.0;51.26115327690336;-0.36943258500000004;0.048362229685504625;1.8164102919870963e-15;0.13693726574207124;0.0;0.006514644528700693;0.29714576083455074;1.940028395184971e-13;0.0;0.0;2.16012836623731e-13;0.0;-0.12083477633503396
6201.0;51.260636187106584;-0.3887591530000001;0.04836222968550246;1.816409602557602e-15;0.4121075137100416;0.0;0.006150407228455538;0.28556702989320193;1.9400269145436208e-13;0.0;0.0;2.160127701809136e-13;0.0;-0.3647284008119314
6202.0;51.26252244633288;-0.40038802800000006;0.048362229685510794;1.8164122624481425e-15;0.7042585305718474;0.0;0.005894400425169021;0.26039170072908435;1.9400326270028337e-13;0.0;0.0;2.1601302652431467e-13;0.0;-0.61983403379997
6203.0;-0.003477859590404594;-0.4045699100000001;0.0;0.0;0.9233200916119727;0.0;0.0033456163052394267;0.2239291404254529;0.0;0.0;0.0;0.0;0.0;-0.7460534164922383
6204.0;-0.003477858300336734;-0.4083313440000001;0.0;0.0;0.9238701163411084;0.0;0.003687087399771535;0.22679907868283938;0.0;0.0;0.0;0.0;0.0;-0.7460534164922383
6205.0;-0.0034778596113466953;-0.41186374600000003;0.0;0.0;0.9104774801909654;0.0;0.0034148361937627785;0.24399636804436425;0.0;0.0;0.0;0.0;0.0;-0.7460534164922383
6206.0;-0.0034778577853552765;-0.4106283580000001;0.0;0.0;0.8925999623359453;0.0;0.0038118694776438054;0.2602414646119507;0.0;0.0;0.0;0.0;0.0;-0.7460534164922383
6207.0;-0.0034778561210153654;-0.40325658600000003;0.0;0.0;0.8768676305558035;0.0;0.004182950090406136;0.26823094377033446;0.0;0.0;0.0;0.0;0.0;-0.7460534164922383
6208.0;-0.0034778571654733802;-0.3932466230000001;0.0;0.0;0.8678514385704363;0.0;0.003923086840873148;0.2674970359586816;0.0;0.0;0.0;0.0;0.0;-0.7460534164922383
6209.0;51.2614249402888;-0.38176938700000007;0.048362229685505055;1.8164104291602384e-15;0.6232930098620759;0.0;0.005677939382270506;0.30919532706418623;1.940028689782208e-13;0.0;0.0;2.1601284984362816e-13;0.0;-0.6060116358962693
6210.0;51.25908375730113;-0.37408813100000005;0.04836222968549532;1.816407328551109e-15;0.32578861789156327;0.0;0.005501024116087079;0.2867008798986551;1.9400220308017123e-13;0.0;0.0;2.160125510263638e-13;0.0;-0.293523811857296
6211.0;51.261215257734946;-0.369936533;0.0483622296855047;1.816410317371883e-15;0.09446830003142423;0.0;0.005869424152872314;0.2697796009668108;1.94002844970194e-13;0.0;0.0;2.1601283907016937e-13;0.0;-0.049831739320229204
6212.0;647.9072960149665;-0.3733627430000001;0.04836222969043449;3.0622772981271987e-15;0.018958445830553127;5.558368891139575e-18;0.00593498687388782;0.27345020148148264;2.9274132969609354e-13;0.0;0.027194217677590095;3.179734298129125e-13;5.562429390868254e-14;-3.1518714188517285e-12
6213.0;647.6394060178504;-0.36850412000000005;0.04836222969043449;3.0613235608728935e-15;0.009598567331873302;5.5571290004483095e-18;0.0049296918690460295;0.2811757613646714;2.9271936962565734e-13;0.0;0.021437691841643722;3.179081985492605e-13;5.557475348982719e-14;-3.153251883436629e-12
6214.0;625.818237768374;-0.3590934640000001;0.048362229690434085;2.9866529159280373e-15;0.009973644058150466;5.459359706030994e-18;0.004329220662035101;0.28309754157193273;2.909159243363991e-13;0.0;3.769004162884077e-12;3.1274527882629755e-13;5.1866686709654336e-14;-3.2681639997865668e-12
6215.0;472.411718850715;-0.34801256100000005;0.04836222969043012;2.548335933673909e-15;0.00997364405805227;4.856432338468202e-18;0.0037651731670859437;0.2846637930920697;2.7550142144345436e-13;0.0;4.685230997691119e-13;2.801218474085228e-13;3.5274385740452964e-14;-4.3996834914912394e-12
6216.0;340.2252905263245;-0.3367845130000001;0.04836222969042334;2.262155211972256e-15;0.009752006335580392;4.4339353244230276e-18;0.0029846646129092626;0.28686423267903666;2.5715205504862633e-13;0.0;2.670230933997514e-13;2.565541868530391e-13;2.765159560204578e-14;-6.279503967190425e-12
6217.0;-0.001688814954267505;-0.2446063970000001;0.0;0.0;0.0069043484180723765;0.0;0.00362228590421967;0.2357931924771782;0.0;0.0;0.0;0.0;0.0;-0.001714496227268149
6218.0;-0.0015571332851796423;-0.24129417100000003;0.0;0.0;0.003750850617548264;0.0;0.0039064565526538185;0.23502909739706457;0.0;0.0;0.0;0.0;0.0;-0.0013937070475405456
6219.0;24.47104913294946;-0.238405492;0.0;1.1161372153454025e-15;0.002216363856876652;0.0;0.00382657316762548;0.23639826774712006;1.8914741532226642e-13;0.0;0.0;0.0;0.0;-4.940264004915565e-11
6220.0;50.0003271396837;-0.23559567300000003;0.0068487569205289206;1.1355741614838005e-15;0.0008183502597745202;0.0;0.004106515538747817;0.22371451345204627;1.999912280730876e-13;0.0;0.0;0.0;0.0;-2.4326861640060647e-11
6221.0;0.006328763514237604;-0.23614192900000003;0.0;0.0;0.0006799304939660629;0.0;0.0044342897007376035;0.23106366475975576;0.0;0.0;0.0;0.0;0.0;-4.5836029730223206e-5
6222.0;-0.0012911926457573645;-0.23794656300000003;0.0;0.0;0.017725253391819715;0.0;0.004493715326490885;0.21656516390289746;0.0;0.0;0.0;0.0;0.0;-0.0008399367083059661
6223.0;-0.0013823498891868185;-0.24373002100000002;0.0;0.0;0.0888710526740617;0.0;0.004316461645847455;0.19373826014837436;0.0;0.0;0.0;0.0;0.0;-0.043197863822509466
6224.0;-0.0014574359898771637;-0.25722620900000004;0.0;0.0;0.27006837832314207;0.0;0.00412144634745014;0.18985715942708606;0.0;0.0;0.0;0.0;0.0;-0.20682252828513145
6225.0;-0.0015708457833907103;-0.2742965360000001;0.0;0.0;0.4968134422766323;0.0;0.0038761787641367;0.19622026769713513;0.0;0.0;0.0;0.0;0.0;-0.4226147504898904
6226.0;-0.0017212030672919343;-0.288610945;0.0;0.0;0.6853565461129854;0.0;0.003551173880782374;0.20130657601909627;0.0;0.0;0.0;0.0;0.0;-0.6016042941459184
6227.0;-0.0015737454329780047;-0.29832526400000003;0.0;0.0;0.7767179185867915;0.0;0.0038699136582881176;0.2107040436955993;0.0;0.0;0.0;0.0;0.0;-0.6929680005709856
6228.0;-0.0015592494372316914;-0.303141679;0.0;0.0;0.8122464043004515;0.0;0.003901237572593936;0.19089749272636272;0.0;0.0;0.0;0.0;0.0;-0.703904889497119
6229.0;-0.001564564487874253;-0.30352618300000006;0.0;0.0;0.8135112681536638;0.0;0.00388975261266694;0.1948268419008708;0.0;0.0;0.0;0.0;0.0;-0.7087030969230902
6230.0;-0.0017038077388222671;-0.30214492300000007;0.0;0.0;0.7954043870298645;0.0;0.0035888269947358196;0.21269779247401058;0.0;0.0;0.0;0.0;0.0;-0.709547076762753
6231.0;-0.0014598474553777646;-0.299405725;0.0;0.0;0.7714728069904391;0.0;0.004116229985303346;0.23143567855576225;0.0;0.0;0.0;0.0;0.0;-0.70762073587787
6232.0;-0.001464183854095301;-0.295499783;0.0;0.0;0.7008763016353364;0.0;0.004106840284847349;0.2907865486002084;0.0;0.0;0.0;0.0;0.0;-0.7002716393545844
6233.0;-0.0013535747548625305;-0.28972294600000004;0.0;0.0;0.5474638932393677;0.0;0.004346725866461612;0.29817692714863625;0.0;0.0;0.0;0.0;0.0;-0.5602666733120185
6234.0;-0.0014410619975598932;-0.28657994900000006;0.0;0.0;0.3690282537785092;0.0;0.004156915679178073;0.30556010466539935;0.0;0.0;0.0;0.0;0.0;-0.39216712918810626
6235.0;-0.0017473324712636007;-0.27890617900000003;0.0;0.0;0.17959924902976238;0.0;0.003550022382144977;0.29595884522615246;0.0;0.0;0.0;0.0;0.0;-0.2002032323490399
6236.0;-0.0014906402181834647;-0.278307299;0.0;0.0;0.046901104489006494;0.0;0.004066131394489252;0.29012141569855404;0.0;0.0;0.0;0.0;0.0;-0.06278310729827516
6237.0;-0.0017111610189514711;-0.277066899;0.0;0.0;0.014775094175882499;0.0;0.0035762702944236668;0.2867009392206804;0.0;0.0;0.0;0.0;0.0;-0.027986420645677444
6238.0;-0.0017385601532031274;-0.27494676300000004;0.0;0.0;0.011167710741545996;0.0;0.003515598588407583;0.2845393634465306;0.0;0.0;0.0;0.0;0.0;-0.024276838271003992
6239.0;-0.0016369994389154466;-0.270872437;0.0;0.0;0.011197529747542265;0.0;0.003736210124507172;0.28985672514930094;0.0;0.0;0.0;0.0;0.0;-0.03391926338213752
6240.0;-0.0015422658052763254;-0.26425997800000006;0.0;0.0;0.011192058485957774;0.0;0.003941947603975557;0.2898507442267551;0.0;0.0;0.0;0.0;0.0;-0.040726310025903344
6241.0;189.94038561097938;-0.26638609300000005;0.048362229690418965;1.1619031493659874e-15;0.010706750216835963;0.0;0.0007326373370110115;0.23195895304172495;2.538999585294209e-13;0.0;1.0386935548801608e-13;1.523239835635769e-13;1.2856794810824375e-14;-5.960826745248628e-12
6242.0;122.71520830354879;-0.26038386300000005;0.048362229690394845;1.1058859584060815e-15;0.009428077216130776;0.0;0.000730555993220972;0.23059448807347205;2.3154151232050686e-13;0.0;9.056824419610055e-14;1.455606261452893e-13;1.181467393269144e-14;-9.220530382679165e-12
6243.0;50.701139246786184;-0.257451356;0.048362229683878995;1.051579228310475e-15;0.007910717289760553;0.0;0.0010385966848375776;0.23069057690708267;2.0158114969904378e-13;0.0;0.0;0.0;0.0;-2.2258667970744343e-11
6244.0;49.99751535113377;-0.25904686800000004;0.018693666031431938;1.0511834137549708e-15;0.006973026428407149;0.0;0.0017493797978937386;0.23153616040948943;2.0133240580528812e-13;0.0;0.0;0.0;0.0;-2.250265918859593e-11
6245.0;49.99759801104776;-0.265025078;0.018327271481333934;1.0511835311466496e-15;0.014218834370942263;0.0;0.0019543933683700645;0.23041191928747057;2.01332479636642e-13;0.0;0.0;0.0;0.0;-2.2502586004482757e-11
6246.0;39.914632070046025;-0.2802251110000001;0.0;1.0439927217313053e-15;0.06577489515899988;0.0;0.0022457832118129785;0.21668079317591757;1.967470879178928e-13;0.0;0.0;0.0;0.0;-2.814905210008818e-11
6247.0;-0.0027095197787923;-0.29497658300000007;0.0;0.0;0.200805172736829;0.0;0.0026266593769355526;0.13267764851612585;0.0;0.0;0.0;0.0;0.0;-0.04113526540948714
6248.0;-0.002652819386423756;-0.3205222830000001;0.0;0.0;0.45446039772702723;0.0;0.0028220157076812085;0.13318442924235874;0.0;0.0;0.0;0.0;0.0;-0.2699464387859906
6249.0;-0.0025846946028456183;-0.33837001600000005;0.0;0.0;0.7394003314759868;0.0;0.0030099432363354865;0.14401349256608173;0.0;0.0;0.0;0.0;0.0;-0.5480553919758437
6250.0;-0.0025251854820706396;-0.35352002700000007;0.0;0.0;0.9136408529366525;0.0;0.003156298411443313;0.12150613747641684;0.0;0.0;0.0;0.0;0.0;-0.6847848637777131
6251.0;-0.0023933197167435964;-0.3649033630000001;0.0;0.0;0.9101564722788592;0.0;0.0034556794047921643;0.1350193975201885;0.0;0.0;0.0;0.0;0.0;-0.6837299847762527
6252.0;-0.0022784253308010113;-0.36726617100000003;0.0;0.0;0.8983529733691867;0.0;0.00370537857130828;0.1480186112443933;0.0;0.0;0.0;0.0;0.0;-0.6828129148604096
6253.0;-0.002266254596392877;-0.36519144200000003;0.0;0.0;0.8864640133142667;0.0;0.0037315649343225557;0.15765133109316717;0.0;0.0;0.0;0.0;0.0;-0.682657628844892
6254.0;-0.0022569973672276985;-0.36387863500000006;0.0;0.0;0.864376304451634;0.0;0.0037514621168781765;0.17824934420290087;0.0;0.0;0.0;0.0;0.0;-0.6825006672016463
6255.0;-0.001983186169306312;-0.35969385500000006;0.0;0.0;0.8413841856635299;0.0;0.004337731003110573;0.1945021200492195;0.0;0.0;0.0;0.0;0.0;-0.6805333205950868
6256.0;-0.001529793006649917;-0.35266284700000006;0.0;0.0;0.8131025230831034;0.0;0.005321779940477649;0.21143096966661715;0.0;0.0;0.0;0.0;0.0;-0.6771969636696101
6257.0;-0.001546388236738559;-0.34341802200000004;0.0;0.0;0.6841363018993198;0.0;0.0052853196372841926;0.2521661813108218;0.0;0.0;0.0;0.0;0.0;-0.5981742747490033
6258.0;-0.0016334104069688129;-0.3351333230000001;0.0;0.0;0.4825066376787932;0.0;0.0050946633126913;0.25165015691373477;0.0;0.0;0.0;0.0;0.0;-0.4041223875156146
6259.0;-0.0017204498417165168;-0.3236381870000001;0.0;0.0;0.2676835715715005;0.0;0.004905006861235018;0.2475624304383711;0.0;0.0;0.0;0.0;0.0;-0.19651681941507707
6260.0;-0.00158485804168342;-0.30982260200000006;0.0;0.0;0.09783877640086118;0.0;0.005200935340004813;0.21451947757130294;0.0;0.0;0.0;0.0;0.0;-0.007740977022741334
6261.0;-0.001711836195460523;-0.300906024;0.0;0.0;0.027979489840930447;0.0;0.004908136248032754;0.26835663384975694;0.0;0.0;0.0;0.0;0.0;-0.0003426653656846812
6262.0;-0.001936202131679813;-0.2970911180000001;0.0;0.0;0.010513337082227866;0.0;0.004437896355252422;0.2828917157243192;0.0;0.0;0.0;0.0;0.0;-0.0007551735164139592
6263.0;-0.002189955020730344;-0.28808688800000004;0.0;0.0;0.0101675546173349;0.0;0.0038948295904151207;0.27534095766460054;0.0;0.0;0.0;0.0;0.0;-0.0013188887335113249
6264.0;-0.002166972409392706;-0.27020882;0.0;0.0;0.009691804608706531;0.0;0.003943978019955777;0.2578343177072097;0.0;0.0;0.0;0.0;0.0;-0.0012637947218581233
6265.0;647.6367238656758;-0.26509534300000004;0.048362229690437526;2.1764192119225638e-15;0.009035949379360222;4.054019500438649e-18;0.0013424746726767738;0.19368668583345003;3.092397334923843e-13;0.0;0.009710349918006235;2.5640472509197123e-13;3.950794697441498e-14;-2.434930042829345e-12
6266.0;647.6368527852;-0.262908297;0.048362229690437526;2.176419519834766e-15;0.007041221331180753;4.0540199234077225e-18;0.0014402984017570914;0.19225496044152968;3.092397421401223e-13;0.0;0.010852930610836451;2.564047535649755e-13;3.950796295701783e-14;-2.4349295082411267e-12
6267.0;647.637127085034;-0.26080529100000005;0.048362229690437526;2.176420162085001e-15;0.005557961719645604;4.05402080564846e-18;0.0014631933302743812;0.18027265463574402;3.0923976017774836e-13;0.0;0.02219854563247232;2.564048129545789e-13;3.950799629391517e-14;-2.434928393186565e-12
6268.0;647.6371165441888;-0.2588649780000001;0.048362229690437526;2.176420120780976e-15;0.005626156620435254;4.054020748911217e-18;0.0013684916331902657;0.17530485133899962;3.092397590177253e-13;0.0;0.025254917026912554;2.5640480913517583e-13;3.9507994149966417e-14;-2.43492846489692e-12
6269.0;647.6374004175968;-0.26144506000000006;0.048362229690437526;2.1764208034247014e-15;0.00668319189850757;4.0540216866372745e-18;0.001387223825167482;0.16430265692409868;3.092397781897828e-13;0.0;0.03776648248546743;2.56404872259965e-13;3.9508029583592124e-14;-2.434927279714193e-12
6270.0;647.6380068044884;-0.27282927200000007;0.048362229690437526;2.1764223881520763e-15;0.02770456449587721;4.054023863526553e-18;0.0013716136488593866;0.14975477572093937;3.092398226967808e-13;0.0;0.042696192938959744;2.564050188014729e-13;3.950811184133383e-14;-2.4349245283710616e-12
6271.0;130.92543461155543;-0.291263375;0.04836222969038979;1.3655258916091065e-15;0.12935047757191687;0.0;0.0010438000769785385;0.13457270645044483;2.2614969826886772e-13;0.0;1.1295975418738053e-13;1.734914485193939e-13;1.4648814298996526e-14;-0.021182167784369967
6272.0;130.92837047900738;-0.3116554190000001;0.04836222969038979;1.3655292131141579e-15;0.3363760256036723;0.0;0.0009324475316966218;0.13012378461935056;2.2615077592377873e-13;0.0;1.129604913412607e-13;1.7349182065293298e-13;1.4648874451496354e-14;-0.20328821307330666
6273.0;130.93206848800912;-0.32867158700000004;0.048362229690389794;1.3655333823499134e-15;0.5896554069225091;0.0;0.0008689661545745344;0.12472357980786601;2.2615212860258878e-13;0.0;1.1296141664368278e-13;1.734922877638153e-13;1.4648949956692918e-14;-0.4341278630150791
6274.0;130.9346864332689;-0.3398531130000001;0.048362229690389794;1.365536384496151e-15;0.7879348381978022;0.0;0.0007711424418212996;0.13013339174259386;2.2615310261344248e-13;0.0;1.1296208293311872e-13;1.7349262411659716e-13;1.4649004326001498e-14;-0.626573749205806
6275.0;116.30249031515342;-0.34973116300000007;0.04836222969037764;1.3512963544468503e-15;0.9097837678834273;0.0;0.0005838203751010719;0.13338120138411969;2.2139947421519325e-13;0.0;1.098561990131259e-13;1.7189478989051474e-13;1.4392954130836166e-14;-0.7460534164501128
6276.0;21.36299256657957;-0.3553848030000001;0.0;0.0;0.9622775233458092;0.0;0.0004766305498595313;0.14237513739807175;1.8723217953410515e-13;0.0;0.0;0.0;0.0;-0.7460534165047719
6277.0;-0.0058696653579034174;-0.35608288700000007;0.0;0.0;0.9631133650875;0.0;0.0;0.13898362570626002;0.0;0.0;0.0;0.0;0.0;-0.7460534165060859
6278.0;-0.005869681860694897;-0.354943954;0.0;0.0;0.9466185135055977;0.0;0.0;0.1543395445033051;0.0;0.0;0.0;0.0;0.0;-0.7460534165060859
6279.0;49.99656599680676;-0.35010516300000005;0.02002426928703026;1.290214027883077e-15;0.8864266908236227;0.0;0.0003985796847672891;0.1890936289892186;1.97975842017971e-13;0.0;0.0;0.0;0.0;-0.7460534165018269
6280.0;130.93260077265742;-0.34307580400000004;0.048362229690389794;1.3655343461626231e-15;0.7637423616749935;0.0;0.0004225152852300762;0.1880174340455207;2.2615244130151307e-13;0.0;1.1296163054952311e-13;1.7349239574691928e-13;1.4648967411465616e-14;-0.6567174086588059
6281.0;130.9298172930799;-0.33452323800000006;0.048362229690389794;1.3655312048241634e-15;0.5735100394019852;0.0;0.00040586443703227314;0.18869005764612154;2.2615142212269103e-13;0.0;1.1296093337168564e-13;1.7349204379922378e-13;1.4648910521484062e-14;-0.4756618576944189
6282.0;130.92708464341305;-0.32620952999999997;0.04836222969038979;1.3655281113008477e-15;0.3828514966130698;0.0;0.00041523053302088036;0.1882288277208869;2.261504184445008e-13;0.0;1.1296024681109212e-13;1.7349169720837577e-13;1.4648854497620386e-14;-0.29283279301659715
6283.0;130.9244016724242;-0.315919616;0.04836222969038979;1.3655250611875e-15;0.19181787328031158;0.0;0.0003964983410436636;0.18371264370575163;2.2614942883818688e-13;0.0;1.1295956988979976e-13;1.7349135548088447e-13;1.4648799260082355e-14;-0.10751979613892487
6284.0;647.6364646150018;-0.306516006;0.048362229690437526;2.1764188035283644e-15;0.06233100590660765;4.054018939441005e-18;0.0003153254601886502;0.18051287848179576;3.0923972202259827e-13;0.0;0.01203442124366531;2.5640468732729886e-13;3.950792577617341e-14;-2.4349307518718157e-12
6285.0;647.6316934174137;-0.302943388;0.048362229690437526;2.176410377223212e-15;0.016912570175282464;4.054007364468377e-18;0.0003392610442685645;0.1950607596849551;3.09239485367095e-13;0.0;0.03897279733829239;2.5640390813613823e-13;3.9507488400902543e-14;-2.4349453815434324e-12
6286.0;647.6353307112643;-0.29708781800000006;0.048362229690437526;2.1764157593052454e-15;0.011712635979324681;4.054014757682247e-18;0.00035383053235987105;0.20084531983381665;3.092396365250386e-13;0.0;0.03285250140824151;2.564044058243464e-13;3.950776776218744e-14;-2.434936037189489e-12
6287.0;647.6352807526813;-0.2870362940000001;0.048362229690437526;2.176415629180203e-15;0.011320510050645525;4.054014578933465e-18;0.00030283731587675745;0.19988442973018303;3.0923963287044176e-13;0.0;0.02420552106442301;2.5640439379145345e-13;3.9507761007915234e-14;-2.4349362631113325e-12
6288.0;647.6352152708231;-0.27659387100000005;0.048362229690437526;2.176415468388414e-15;0.011303462757031386;4.054014358058723e-18;0.00027057629137085975;0.20095101755159528;3.092396283545609e-13;0.0;0.012745320532565014;2.5640437892288194e-13;3.9507752661856724e-14;-2.4349365422754835e-12
6289.0;0.006740459262363152;-0.309840834;0.0;0.0;0.003538877173814409;0.0;0.012104125182007751;0.43874939389689854;0.0;0.0;0.0;0.0;0.0;-0.14456813127719978
6290.0;0.0066212015356626975;-0.3069973120000001;0.0;0.0;0.0017857468208381437;0.0;0.01195843020051307;0.4299797623847098;0.0;0.0;0.0;0.0;0.0;-0.13674206012796503
6291.0;0.006191001270857684;-0.30438387200000006;0.0;0.0;0.0008841237524535242;0.0;0.011318412955756517;0.428295610031649;0.0;0.0;0.0;0.0;0.0;-0.13612836995810854
6292.0;0.005738626377187856;-0.30388134000000006;0.0;0.0;0.000866786443563435;0.0;0.0106169954977189;0.42198806498583685;0.0;0.0;0.0;0.0;0.0;-0.1296047524182111
6293.0;0.00508881792270804;-0.31197023300000004;0.0;0.0;0.0008831801798345456;0.0;0.009613779157934809;0.4172392733911545;0.0;0.0;0.0;0.0;0.0;-0.11578056035299253
6294.0;0.0038672104200675934;-0.3301880870000001;0.0;0.0;0.0021045574421675608;0.0;0.00774157723030665;0.40839020287791533;0.0;0.0;0.0;0.0;0.0;-0.0880651685440168
6295.0;0.0038379903617480255;-0.34813144700000004;0.0;0.0;0.020031720468296994;0.0;0.007654157817553629;0.3949978422332487;0.0;0.0;0.0;0.0;0.0;-0.07457167172282538
6296.0;0.004918914977673395;-0.361518259;0.0;0.0;0.1393965319394124;0.0;0.008630335082292762;0.38641114084475825;0.0;0.0;0.0;0.0;0.0;-0.17293377711133404
6297.0;0.005669659345003354;-0.37404539800000014;0.0;0.0;0.4100680358183989;0.0;0.0087677076321957;0.35532690905124154;0.0;0.0;0.0;0.0;0.0;-0.400121898606549
6298.0;0.003135133176031676;-0.38458675500000006;0.0;0.0;0.6973636514849815;0.0;0.009033068157674809;0.3557727417516784;0.0;0.0;0.0;0.0;0.0;-0.6775896228650286
6299.0;0.0029526406044397837;-0.39286658900000004;0.0;0.0;0.7517852870699335;0.0;0.008606382074271545;0.32878448476419564;0.0;0.0;0.0;0.0;0.0;-0.6963164259299445
6300.0;0.0028960550253024036;-0.3974581770000001;0.0;0.0;0.7417628594684289;0.0;0.008474212872557922;0.3438932966348682;0.0;0.0;0.0;0.0;0.0;-0.6966790339045061
6301.0;0.003676511344030599;-0.39359000000000005;0.0;0.0;0.7290891008250686;0.0;0.010301666957306688;0.3447571629070357;0.0;0.0;0.0;0.0;0.0;-0.690564966672959
6302.0;0.004094992650348089;-0.3937350380000001;0.0;0.0;0.7137202814572295;0.0;0.011284069183274894;0.3559742342643295;0.0;0.0;0.0;0.0;0.0;-0.6872506476259296
6303.0;0.0042323186910477;-0.38884873100000006;0.0;0.0;0.7224674759430498;0.0;0.011606680068986179;0.34106291983541914;0.0;0.0;0.0;0.0;0.0;-0.6862954623852305
6304.0;0.004233647780564675;-0.37978975500000006;0.0;0.0;0.6553376159772922;0.0;0.011609802106724224;0.3450847355598164;0.0;0.0;0.0;0.0;0.0;-0.6322495165151957
6305.0;0.007623410193535736;-0.36873173500000006;0.0;0.0;0.4078886587544576;0.0;0.011479718400925432;0.31563408107146124;0.0;0.0;0.0;0.0;0.0;-0.3662609756977187
6306.0;0.007419827699816911;-0.356145303;0.0;0.0;0.1672931546326714;0.0;0.012326830459425703;0.2926340726305568;0.0;0.0;0.0;0.0;0.0;-0.11611746375833168
6307.0;0.017566187296437115;-0.35541146;0.0;0.0;0.03598854506673288;0.0;0.012526641475040996;0.306920883186528;0.0;0.0;0.0;0.0;0.0;-3.4714749771853226e-5
6308.0;0.017301995685139668;-0.35441838500000006;0.0;0.0;0.009033617110843288;0.0;0.012818031319653788;0.33259332593082314;0.0;0.0;0.0;0.0;0.0;-3.5360452019343844e-5
6309.0;0.007248047769283521;-0.346699364;0.0;0.0;0.006025946007968101;0.0;0.012852372934814544;0.34681332603888854;0.0;0.0;0.0;0.0;0.0;-0.019009983620957287
6310.0;0.006998869116328987;-0.3346689520000001;0.0;0.0;0.0050713829340793245;0.0;0.012463159228596738;0.356037378357008;0.0;0.0;0.0;0.0;0.0;-0.038920555303115056
6311.0;0.007113551353175301;-0.323512898;0.0;0.0;0.003369148424052755;0.0;0.012692108470113397;0.3685567246263674;0.0;0.0;0.0;0.0;0.0;-0.06112130224232895
6312.0;0.006885547825536917;-0.3136602970000001;0.0;0.0;0.0017689811701328104;0.0;0.012371579534518918;0.37614105341011017;0.0;0.0;0.0;0.0;0.0;-0.07663658903782165
6313.0;0.0025645537764005287;-0.29284022100000007;0.0;0.0;0.0002835879620596579;0.0;0.00622502922379857;0.3841379780638362;0.0;0.0;0.0;0.0;0.0;-0.09782079362732157
6314.0;0.0020313338867001627;-0.22449079800000005;0.0;0.0;0.0003323432689220432;0.0;0.005485944165743029;0.34433317130532964;0.0;0.0;0.0;0.0;0.0;-0.12567384559986974
6315.0;0.0025284253616771986;-0.224145234;0.0;0.0;0.0002834910996492963;0.0;0.0061740252302007964;0.3445312826123165;0.0;0.0;0.0;0.0;0.0;-0.12685793529782155
6316.0;0.001990762503523519;-0.28075755100000005;0.0;0.0;0.00028171763887778966;0.0;0.005428686140822218;0.36441362853203313;0.0;0.0;0.0;0.0;0.0;-0.08937981238581348
6317.0;0.0020395521785335088;-0.27900154;0.0;0.0;0.00028190990132269335;0.0;0.005495313968180739;0.3586161511666415;0.0;0.0;0.0;0.0;0.0;-0.08540528824947687
6318.0;0.0019011530950792219;-0.280559769;0.0;0.0;0.00034858360912958685;0.0;0.005307919506814219;0.3586511390830142;0.0;0.0;0.0;0.0;0.0;-0.0837606377245893
6319.0;0.0024344859501990285;-0.2853745790000001;0.0;0.0;0.0018238584859656215;0.0;0.0060657642844834095;0.36802842680935266;0.0;0.0;0.0;0.0;0.0;-0.09055937743388501
6320.0;0.0029641653284830215;-0.29297947100000005;0.0;0.0;0.024417531876347237;0.0;0.006750659226471849;0.3739808644704841;0.0;0.0;0.0;0.0;0.0;-0.11218956833572785
6321.0;0.004076305735806013;-0.30478715800000006;0.0;0.0;0.16196054754186312;0.0;0.007687394654535544;0.37054920200593694;0.0;0.0;0.0;0.0;0.0;-0.23542737077208784
6322.0;0.005282536181684331;-0.319996002;0.0;0.0;0.3659051581526619;0.0;0.008346197576930576;0.36774270460703257;0.0;0.0;0.0;0.0;0.0;-0.422011349847352
6323.0;0.0027228564870199865;-0.32995521;0.0;0.0;0.5455914400706893;0.0;0.008395027924319377;0.3677251623815052;0.0;0.0;0.0;0.0;0.0;-0.5917633567308732
6324.0;0.0029065673886244188;-0.3356169460000001;0.0;0.0;0.6199501728260487;0.0;0.008820693390718679;0.3700307550362185;0.0;0.0;0.0;0.0;0.0;-0.6631917165889679
6325.0;0.003015927097480216;-0.3411060040000001;0.0;0.0;0.6076413177131851;0.0;0.0090746328114121;0.3870697784699423;0.0;0.0;0.0;0.0;0.0;-0.6626868226883591
6326.0;0.0036280362048435903;-0.3395054840000001;0.0;0.0;0.5738132243796468;0.0;0.010501451880294659;0.41329331643530226;0.0;0.0;0.0;0.0;0.0;-0.658109850515868
6327.0;0.007501587533185772;-0.334082075;0.0;0.0;0.45836643125191096;0.0;0.011064484166726184;0.4347617381749935;0.0;0.0;0.0;0.0;0.0;-0.5701026563184564
6328.0;0.006466458939537591;-0.32517344300000006;0.0;0.0;0.2689672035612231;0.0;0.010709611274569231;0.43064995479246565;0.0;0.0;0.0;0.0;0.0;-0.3851631217592349
6329.0;0.006209055095692419;-0.3288386570000001;0.0;0.0;0.08105228901304135;0.0;0.011255967675817793;0.47848928168936544;0.0;0.0;0.0;0.0;0.0;-0.24197650790156358
6330.0;0.006233019884961373;-0.34525347900000003;0.0;0.0;0.013690043207641476;0.0;0.011651425652456538;0.5240029188174512;0.0;0.0;0.0;0.0;0.0;-0.20411219388715196
6331.0;0.006288038053731233;-0.34667357800000004;0.0;0.0;0.000576895865529556;0.0;0.011874131093600642;0.5635823590908254;0.0;0.0;0.0;0.0;0.0;-0.22937471946590215
6332.0;0.00611995296694611;-0.34369376;0.0;0.0;0.00037291843503907114;0.0;0.011602513760747312;0.5623013266397353;0.0;0.0;0.0;0.0;0.0;-0.23059773253842428
6333.0;0.006175522161884289;-0.3375339520000001;0.0;0.0;0.0003389976931238341;0.0;0.011688890138845928;0.560395066818097;0.0;0.0;0.0;0.0;0.0;-0.2349037078871258
6334.0;0.005983781621283063;-0.329799474;0.0;0.0;0.0003049248741316465;0.0;0.011390215167339564;0.5568463547241556;0.0;0.0;0.0;0.0;0.0;-0.23875679977669606
6335.0;0.006123097416315947;-0.32389206300000006;0.0;0.0;0.0003050102803199901;0.0;0.011607717161968428;0.5440539491968418;0.0;0.0;0.0;0.0;0.0;-0.2320893549781698
6336.0;0.006186614462800486;-0.316443434;0.0;0.0;0.0003220279220839361;0.0;0.011706581680140027;0.5360657164862499;0.0;0.0;0.0;0.0;0.0;-0.2316656040332525
6337.0;0.01881539045773662;-0.38619488;0.0;0.0;0.00028788785194497834;0.0;0.016748508927450587;0.6594944560023739;0.0;0.0;0.0;0.0;0.0;-0.2903287599038684
6338.0;0.018637833099858142;-0.382786904;0.0;0.0;0.0002709490931134025;0.0;0.01649508880002629;0.658829592742502;0.0;0.0;0.0;0.0;0.0;-0.29280152926386055
6339.0;0.018700421438811333;-0.38019237200000006;0.0;0.0;0.00027094984658487516;0.0;0.016584782432636034;0.6538894730971906;0.0;0.0;0.0;0.0;0.0;-0.2905456299128213
6340.0;0.01825706190786275;-0.37666137600000005;0.0;0.0;0.0002878803813998202;0.0;0.015948384601764464;0.6542466823812044;0.0;0.0;0.0;0.0;0.0;-0.2938144135922177
6341.0;0.01785669934133519;-0.378241456;0.0;0.0;0.0002878742092120695;0.0;0.015374629976156608;0.6571726742343202;0.0;0.0;0.0;0.0;0.0;-0.2945866052248935
6342.0;0.018739886659083535;-0.38458924;0.0;0.0;0.00028788691220413444;0.0;0.016640307079349045;0.6777949249677202;0.0;0.0;0.0;0.0;0.0;-0.31012667347353157
6343.0;0.018292279185661328;-0.40156482;0.0;0.0;0.0003725478198119288;0.0;0.015993943304069825;0.676884230485911;0.0;0.0;0.0;0.0;0.0;-0.29167875766393053
6344.0;0.018562975863956076;-0.424105368;0.0;0.0;0.009041358062072959;0.0;0.015807437471600613;0.6846879363144595;0.0;0.0;0.0;0.0;0.0;-0.28542672266252306
6345.0;0.010637399233261107;-0.43503932;0.0;0.0;0.04463694771959935;0.0;0.012839003926915343;0.6582374783541943;0.0;0.0;0.0;0.0;0.0;-0.2806695395450011
6346.0;0.010635409126675514;-0.44204553199999996;0.0;0.0;0.09708061230224954;0.0;0.012834732802579548;0.6476972412850168;0.0;0.0;0.0;0.0;0.0;-0.31556248369191825
6347.0;0.010727587297130851;-0.44925974;0.0;0.0;0.17153640661945208;0.0;0.013032628355616561;0.6143784775504867;0.0;0.0;0.0;0.0;0.0;-0.34968320862848323
6348.0;0.010791249444312572;-0.454536948;0.0;0.0;0.22580131861393843;0.0;0.013169304421659228;0.5649280502312515;0.0;0.0;0.0;0.0;0.0;-0.3493571659740267
6349.0;0.010833690452202366;-0.45471992800000005;0.0;0.0;0.23812859535602848;0.0;0.013260421798449178;0.5529883876653819;0.0;0.0;0.0;0.0;0.0;-0.34965292055282254
6350.0;0.010930507413185894;-0.45077158000000006;0.0;0.0;0.21303999119627487;0.0;0.013468283318166659;0.5734377219180783;0.0;0.0;0.0;0.0;0.0;-0.34916986693999746
6351.0;0.010735545103003;-0.44680047600000006;0.0;0.0;0.16213136272034656;0.0;0.0130497128750971;0.6204372432880843;0.0;0.0;0.0;0.0;0.0;-0.34881327956653796
6352.0;0.010809154359788329;-0.4400029120000001;0.0;0.0;0.09959737850716248;0.0;0.013207744562255628;0.6356395962781342;0.0;0.0;0.0;0.0;0.0;-0.308437249343931
6353.0;0.010708356406922633;-0.437309316;0.0;0.0;0.04639843810677055;0.0;0.012991340791001525;0.6361751396300417;0.0;0.0;0.0;0.0;0.0;-0.2582510373100702
6354.0;0.016664028320589715;-0.440401772;0.0;0.0;0.012411246148426348;0.0;0.012880292100802566;0.6524797581402766;0.0;0.0;0.0;0.0;0.0;-0.23736554383012862
6355.0;0.015852142259160703;-0.441492456;0.0;0.0;0.0010158858389454734;0.0;0.012463145339594868;0.6599363266332803;0.0;0.0;0.0;0.0;0.0;-0.2319163100788274
6356.0;0.013741993198343122;-0.43530699600000006;0.0;0.0;0.00035551211322490606;0.0;0.009476203786413177;0.6497300214134659;0.0;0.0;0.0;0.0;0.0;-0.2242481344414106
6357.0;0.013455479444614452;-0.42421858;0.0;0.0;0.0003216473832254308;0.0;0.009067599259648638;0.6374498522276275;0.0;0.0;0.0;0.0;0.0;-0.2226139391710023
6358.0;0.013332249175827619;-0.41046001600000004;0.0;0.0;0.0003216390239079359;0.0;0.00889105931435402;0.6344416171925128;0.0;0.0;0.0;0.0;0.0;-0.23318774141642193
6359.0;0.014087518594426163;-0.399686548;0.0;0.0;0.0003216824690459608;0.0;0.009973078260754751;0.6270984151128326;0.0;0.0;0.0;0.0;0.0;-0.23769993958557553
6360.0;0.014531906800400314;-0.39005904;0.0;0.0;0.0003216910466587252;0.0;0.01060947623488828;0.6233118192621289;0.0;0.0;0.0;0.0;0.0;-0.24417720282608332
6361.0;30.559853509464425;-0.34663042000000005;0.0;1.0787769979860124e-15;0.0002879396681518624;0.0;0.010905608584102947;0.4651700423168579;1.9356298701307087e-13;0.0;0.0;0.0;0.0;-0.13030609213150457
6362.0;30.562264946592208;-0.341553176;0.0;1.0787785861701379e-15;0.0002879396681521811;0.0;0.012988494396628083;0.4771071219600111;1.935639801996019e-13;0.0;0.0;0.0;0.0;-0.14939918276110664
6363.0;30.563428728857286;-0.34263274;0.0;1.0787793359426319e-15;0.0003048755111786633;0.0;0.014349559902490325;0.49411601345798634;1.9356444907572702e-13;0.0;0.0;0.0;0.0;-0.16670013607847675
6364.0;30.563997572470083;-0.34435082800000005;0.0;1.0787796900689565e-15;0.0002879396681524026;0.0;0.015280665400702356;0.5107585010628669;1.935646705310162e-13;0.0;0.0;0.0;0.0;-0.1825323418931302
6365.0;30.564761619918592;-0.347611348;0.0;1.0787801861792505e-15;0.0002710000325289187;0.0;0.016093603061163246;0.519330441382698;1.9356498077659226e-13;0.0;0.0;0.0;0.0;-0.18863658875267372
6366.0;30.564419338639322;-0.35627344400000005;0.0;1.0787799237408531e-15;0.0002710000325288661;0.0;0.01658905370594448;0.5425682114273533;1.9356481665917548e-13;0.0;0.0;0.0;0.0;-0.20369857391420887
6367.0;30.563129239630356;-0.376966216;0.0;1.0787790199043292e-15;0.0004065000508297169;0.0;0.016623222691282313;0.5726423244034963;1.9356425143877664e-13;0.0;0.0;0.0;0.0;-0.21323756027883983
6368.0;30.56297792084421;-0.402117944;0.0;1.0787788874403964e-15;0.007520250063484154;0.0;0.016700102975301685;0.5923124705291517;1.9356416860145193e-13;0.0;0.0;0.0;0.0;-0.21493854572882362
6369.0;30.565379558541142;-0.4156552720000001;0.0;1.078780459528705e-15;0.04048062619668596;0.0;0.01669298440690777;0.6028899971184735;1.9356515171714292e-13;0.0;0.0;0.0;0.0;-0.24492675066212458
6370.0;30.572378118773372;-0.42275722;0.0;1.0787850975279005e-15;0.11808825551562786;0.0;0.016738543106143207;0.5998334084419685;1.9356805209509788e-13;0.0;0.0;0.0;0.0;-0.31242024339451
6371.0;30.581568635937877;-0.426845988;0.0;1.0787911850325919e-15;0.22205063554967133;0.0;0.016724306014028207;0.5974807062274013;1.9357185886586358e-13;0.0;0.0;0.0;0.0;-0.40992464409731255
6372.0;30.588408537859646;-0.43156094000000006;0.0;1.0787957011037672e-15;0.30794069993170325;0.0;0.01643244571501556;0.6034781717889696;1.9357468291181396e-13;0.0;0.0;0.0;0.0;-0.4968002187651532
6373.0;30.592668289319732;-0.4307185680000001;0.0;1.0787985081738663e-15;0.36217457704186756;0.0;0.016315701622214202;0.6107098434703953;1.9357643824592358e-13;0.0;0.0;0.0;0.0;-0.5589867896782061
6374.0;30.59069357125056;-0.42622147600000004;0.0;1.0787971867547436e-15;0.35145313975306;0.0;0.0157988953615968;0.6174883296230131;1.935756119298118e-13;0.0;0.0;0.0;0.0;-0.5590215797620991
6375.0;30.584432639432613;-0.42127765200000006;0.0;1.0787930333820847e-15;0.2957287624415843;0.0;0.014894840347337889;0.6197446115267464;1.9357301470314596e-13;0.0;0.0;0.0;0.0;-0.5095937859564366
6376.0;30.577279970782868;-0.413580336;0.0;1.078788327609072e-15;0.20546882199526947;0.0;0.014872061008888354;0.6022728922922501;1.9357007200772118e-13;0.0;0.0;0.0;0.0;-0.40954643143139763
6377.0;30.569892857193302;-0.40862987600000006;0.0;1.0787834563652397e-15;0.10631669166276342;0.0;0.01550134023913986;0.5932284837944803;1.9356702579650188e-13;0.0;0.0;0.0;0.0;-0.3069365093494093
6378.0;30.56431402522147;-0.40743983200000006;0.0;1.0787797909240912e-15;0.03333300070538146;0.0;0.015559712307876937;0.5769620422904073;1.9356473360140411e-13;0.0;0.0;0.0;0.0;-0.2189435726592459
6379.0;30.561468549864657;-0.408650332;0.0;1.0787778935682365e-15;0.003912562787331175;0.0;0.01564228739300405;0.5855532687919597;1.9356354707477408e-13;0.0;0.0;0.0;0.0;-0.19698393465990827
6380.0;30.5605059398568;-0.40488686;0.0;1.0787772486261177e-15;0.0009485001240334668;0.0;0.01525076751619532;0.5888701953104208;1.9356314375362167e-13;0.0;0.0;0.0;0.0;-0.20070739095552226
6381.0;30.558456370260245;-0.395726248;0.0;1.0787758624677933e-15;0.0005250642261037806;0.0;0.014285493010309035;0.6032660432192809;1.9356227690291036e-13;0.0;0.0;0.0;0.0;-0.22286908783208084
6382.0;30.55551986774386;-0.383330912;0.0;1.0787738790002356e-15;0.00042343589385501615;0.0;0.01281337823508957;0.6220683888844687;1.9356103651186725e-13;0.0;0.0;0.0;0.0;-0.25248504059203875
6383.0;30.552750221229637;-0.371886012;0.0;1.0787720436544017e-15;0.0002879396681508678;0.0;0.010670696653550395;0.6159552150640489;1.9355988874483147e-13;0.0;0.0;0.0;0.0;-0.2555403598562721
6384.0;30.550324377965904;-0.360962188;0.0;1.078770427428707e-15;0.00030487551117687494;0.0;0.008970788471499527;0.6164373272159954;1.9355887800370737e-13;0.0;0.0;0.0;0.0;-0.26526259155347326
6385.0;50.02698486245625;-0.330411008;0.05797618327526568;1.8248951925573066e-15;0.009247874822660922;0.0;0.009437764932047813;0.31312173682662015;1.9496672382504533e-13;0.0;0.0;0.0;0.0;-0.059364910041627396
6386.0;50.02738027267435;-0.32356470800000003;0.058591134042923626;1.8248956445663507e-15;0.00721537644444423;0.0;0.009904741370262567;0.30718212451133053;1.9496682238074068e-13;0.0;0.0;0.0;0.0;-0.059321205808174515
6387.0;50.02734265934915;-0.321446276;0.05861114493727271;1.8248956041902533e-15;0.005487751685180837;0.0;0.009763794216398336;0.3020717420593606;1.9496681357718192e-13;0.0;0.0;0.0;0.0;-0.05448087852299628
6388.0;50.027574796651834;-0.32107718799999996;0.05900334640633875;1.8248958705247906e-15;0.0036415627506427716;0.0;0.009997282446673915;0.29645032436489627;1.9496687164853592e-13;0.0;0.0;0.0;0.0;-0.04800823000973647
6389.0;50.02723880482191;-0.323041092;0.058749195630886236;1.8248954878962272e-15;0.0015582492581525233;0.0;0.009820742562522083;0.30112680570348466;1.949667882205262e-13;0.0;0.0;0.0;0.0;-0.0482067025760832
6390.0;50.02696069163464;-0.33152350799999997;0.05842940334666394;1.8248951710672967e-15;0.0013380643358239465;0.0;0.009536000809566925;0.303778418123452;1.9496671913936968e-13;0.0;0.0;0.0;0.0;-0.04155111918982289
6391.0;50.02754614669416;-0.350149876;0.057882544185655846;1.8248958304223586e-15;0.019766064928464548;0.0;0.009170107694097988;0.30186925569738726;1.9496686290464534e-13;0.0;0.0;0.0;0.0;-0.03853065427522798
6392.0;50.032451009886486;-0.37187618;0.05608995152925576;1.8249013636764704e-15;0.1360420069922761;0.0;0.008912416402759573;0.2981762830781183;1.9496806936550701e-13;0.0;0.0;0.0;0.0;-0.12733552589648062
6393.0;50.04413524358722;-0.391308924;0.05218201268039815;1.8249145471460455e-15;0.4094132664182616;0.0;0.008414118379760896;0.28655739628949545;1.9497094382594559e-13;0.0;0.0;0.0;0.0;-0.3652454397181246
6394.0;50.05700635550019;-0.402961424;0.04856851595872784;1.824929078108338e-15;0.6996542790708735;0.0;0.008063886034347566;0.26129475732621954;1.9497411202237709e-13;0.0;0.0;0.0;0.0;-0.6146042664432986
6395.0;-0.015664742223741836;-0.40714528000000005;0.0;0.0;0.9219520277111906;0.0;0.00759168099649568;0.2242053217874618;0.0;0.0;0.0;0.0;0.0;-0.7465676349696603
6396.0;-0.01569121143120835;-0.41090835200000003;0.0;0.0;0.9252690540566599;0.0;0.007930891253355252;0.2243125623480914;0.0;0.0;0.0;0.0;0.0;-0.7465676349696604
6397.0;-0.015670906899928373;-0.414446368;0.0;0.0;0.911685999203536;0.0;0.00766054282014958;0.24170362743861645;0.0;0.0;0.0;0.0;0.0;-0.7465676349696603
6398.0;-0.015698150950722696;-0.41320406400000004;0.0;0.0;0.8935957877887524;0.0;0.008054564958255453;0.2581581175198731;0.0;0.0;0.0;0.0;0.0;-0.7465676349696604
6399.0;-0.01570811530302778;-0.405782088;0.0;0.0;0.8777277133021852;0.0;0.008421601469150481;0.2662382713237944;0.0;0.0;0.0;0.0;0.0;-0.7465676349696603
6400.0;-0.0157028982138744;-0.39570868400000003;0.0;0.0;0.8686947987982251;0.0;0.008164681565849636;0.2654538822758493;0.0;0.0;0.0;0.0;0.0;-0.7465676349696604
6401.0;50.05205754516247;-0.38417939600000006;0.04811209137385416;1.8249234666631663e-15;0.6192180890032349;0.0;0.0077677546121676455;0.31026763804468055;1.9497288856290737e-13;0.0;0.0;0.0;0.0;-0.6011701209968529
6402.0;50.03980714354775;-0.376508948;0.05244043233644975;1.8249096593245473e-15;0.3236587001582329;0.0;0.007525724135557571;0.28769517856592725;1.9496987811532764e-13;0.0;0.0;0.0;0.0;-0.29479988229030385
6403.0;50.030749972659464;-0.37239796399999997;0.0565229157725573;1.82489945522648e-15;0.09385069187528014;0.0;0.008029717026673242;0.2707152154573862;1.9496765325157477e-13;0.0;0.0;0.0;0.0;-0.056713084362365454
6404.0;524.5841246931207;-0.37590264400000006;0.059875287113064654;2.590926640136456e-15;0.01883450064714681;5.0438054181316644e-18;0.008119410680320531;0.2743985458711102;2.798494624412898e-13;0.0;5.00571410203147e-13;2.8598057741718683e-13;3.703665229496828e-14;-4.3227776584127986e-12
6405.0;625.0118476446878;-0.37098996;0.059875287113067194;2.8433126180580804e-15;0.009535814498713492;5.413552555499495e-18;0.006744108060008994;0.2821508985353712;2.896072378751402e-13;0.0;1.1287194762233744e-12;3.0538552293142285e-13;4.628385215364983e-14;-3.5956235699022446e-12
6406.0;496.6426902233667;-0.36146131200000003;0.05987528711306374;2.5282719116076417e-15;0.009908439074880546;4.949397006604503e-18;0.005922628175547168;0.28407934361051684;2.767441307123802e-13;0.0;4.3326401541714897e-13;2.809494273989199e-13;3.5080167088897924e-14;-4.5816491076041654e-12
6407.0;343.77168173838726;-0.350261388;0.059875287113055675;2.2335056020236304e-15;0.009908439074694074;4.490505741751816e-18;0.005150978068811798;0.28565102700022293;2.561034782963256e-13;0.0;2.499052830968847e-13;2.560934492423538e-13;2.723079945765036e-14;-6.81307864350855e-12
6408.0;214.0640683832094;-0.3389308040000001;0.05987528711303704;2.0323979036537063e-15;0.009688250359400881;4.1627699649974e-18;0.004083196517554044;0.28785909786517977;2.3260092927730033e-13;0.0;1.838731821251251e-13;2.379778484900316e-13;2.2885487639862122e-14;-1.1688047408038843e-11
6409.0;0.0077045633507071285;-0.24626747600000004;0.0;0.0;0.007104169000459736;0.0;0.004961601615398503;0.2378930863782773;0.0;0.0;0.0;0.0;0.0;-0.0036939262992538016
6410.0;0.007824538986828888;-0.24293826799999999;0.0;0.0;0.003956056538044881;0.0;0.005348855453892081;0.23702211943280066;0.0;0.0;0.0;0.0;0.0;-0.0033901387175738107
6411.0;33.085955179966106;-0.240035736;0.0;1.1299198701093496e-15;0.002201873871228345;0.0;0.005234976876440446;0.23721811344436097;1.9417774239498354e-13;0.0;0.0;0.0;0.0;-4.028833254393222e-11
6412.0;49.99794260436189;-0.23721108400000004;0.006377806181159412;1.1418476929787725e-15;0.0008130001072017479;0.0;0.005617954484623083;0.22449037100321398;2.0085466663412012e-13;0.0;0.0;0.0;0.0;-2.673917381366749e-11
6413.0;0.008076996570318894;-0.23776053200000002;0.0;0.0;0.0006760814040162525;0.0;0.006066411876049865;0.23255923839855314;0.0;0.0;0.0;0.0;0.0;-0.0015392867603927084
6414.0;0.008959188443836481;-0.239575204;0.0;0.0;0.0177941972578218;0.0;0.0061504151737511855;0.21838543995887297;0.0;0.0;0.0;0.0;0.0;-0.00275654474514736
6415.0;0.011775446174323837;-0.245401068;0.0;0.0;0.0884458306763949;0.0;0.005908388684760143;0.19423614202284517;0.0;0.0;0.0;0.0;0.0;-0.04318670146500546
6416.0;0.02528517594855039;-0.258979772;0.0;0.0;0.27022086988222277;0.0;0.005642157390980504;0.19081858457132753;0.0;0.0;0.0;0.0;0.0;-0.20768318671395272
6417.0;0.0049832971188544595;-0.276142688;0.0;0.0;0.49694668739168946;0.0;0.00530751057591207;0.19832165376922425;0.0;0.0;0.0;0.0;0.0;-0.42443073116217506
6418.0;0.004773885284073359;-0.29053206;0.0;0.0;0.6852378989388561;0.0;0.004864711681711128;0.20534759663741134;0.0;0.0;0.0;0.0;0.0;-0.6049155959889432
6419.0;0.00497926419293971;-0.30030671200000003;0.0;0.0;0.7764420845233383;0.0;0.0052989679044083225;0.21605177790899416;0.0;0.0;0.0;0.0;0.0;-0.6974836835773978
6420.0;0.00499942560007932;-0.305143532;0.0;0.0;0.8140664361297514;0.0;0.00534168126186279;0.1936580736665956;0.0;0.0;0.0;0.0;0.0;-0.7079202348921125
6421.0;0.004992033502317928;-0.305523164;0.0;0.0;0.8175876131994179;0.0;0.005326019704805554;0.19596153864873392;0.0;0.0;0.0;0.0;0.0;-0.713349579486147
6422.0;0.004798165802027832;-0.30414708400000007;0.0;0.0;0.7992739731629794;0.0;0.004915968551596614;0.2140633793648089;0.0;0.0;0.0;0.0;0.0;-0.7141037003073268
6423.0;0.005137694838045089;-0.3013953;0.0;0.0;0.7751285791866969;0.0;0.005634978285986413;0.23287638060664806;0.0;0.0;0.0;0.0;0.0;-0.7122422833556095
6424.0;0.0051316608557105394;-0.297472964;0.0;0.0;0.7008528693678554;0.0;0.005622164372877569;0.2951243976335198;0.0;0.0;0.0;0.0;0.0;-0.70412410975798
6425.0;0.00528571777687919;-0.291662968;0.0;0.0;0.547199140661898;0.0;0.005949629511477238;0.30135914495881944;0.0;0.0;0.0;0.0;0.0;-0.5628426604379885
6426.0;0.005163840574833008;-0.28851369200000004;0.0;0.0;0.36910127810261706;0.0;0.00569050512183481;0.3078842675213812;0.0;0.0;0.0;0.0;0.0;-0.3941600167645326
6427.0;0.014920759755955543;-0.28080653200000005;0.0;0.0;0.1785887168103894;0.0;0.004863387659578536;0.2980781524202985;0.0;0.0;0.0;0.0;0.0;-0.20071773406266705
6428.0;0.009771444037496966;-0.280236492;0.0;0.0;0.04677724959047555;0.0;0.005566695773287871;0.29099988402284815;0.0;0.0;0.0;0.0;0.0;-0.06310688406028366
6429.0;0.007630832527146792;-0.27900729199999996;0.0;0.0;0.01491294705291057;0.0;0.004898955925083066;0.2873043026744898;0.0;0.0;0.0;0.0;0.0;-0.028109537153404435
6430.0;0.007578698926427397;-0.276856804;0.0;0.0;0.01133861150228602;0.0;0.004816380262999592;0.2855539965359095;0.0;0.0;0.0;0.0;0.0;-0.024859494368139955
6431.0;0.00797563409790561;-0.272722796;0.0;0.0;0.011356061509092049;0.0;0.005116790449197817;0.2904988363665756;0.0;0.0;0.0;0.0;0.0;-0.03425190172522428
6432.0;0.00816959201016361;-0.26604202400000004;0.0;0.0;0.011339345431339428;0.0;0.005397264846892607;0.29045609644689246;0.0;0.0;0.0;0.0;0.0;-0.04115307119625102
6433.0;69.22666730802767;-0.268158444;0.0598752871128683;1.0696432172648867e-15;0.010636752383032149;0.0;0.001002290914055771;0.23276340288443506;2.0998628786000055e-13;0.0;0.0;1.4201161445187628e-13;0.0;-1.7977944885903897e-11
6434.0;49.993565942120526;-0.262119604;0.019720241507677642;1.056994028275699e-15;0.009366438999684753;0.0;0.000999443513479633;0.23139420585621281;2.0210831783113802e-13;0.0;0.0;0.0;0.0;-2.4750019486945804e-11
6435.0;49.992317912507126;-0.259170248;0.018492126962476183;1.0569895263778552e-15;0.00785899916274959;0.0;0.0014208612747953707;0.2314906279333428;2.0210544124449267e-13;0.0;0.0;0.0;0.0;-2.475337782901951e-11
6436.0;49.993562234959995;-0.260779144;0.019211703159416768;1.0569903464404054e-15;0.006927438670266073;0.0;0.0023932543267391653;0.23233914397838423;2.0210596524520366e-13;0.0;0.0;0.0;0.0;-2.4752766005733084e-11
6437.0;49.99464025886184;-0.26680082400000005;0.018882297617683747;1.0569910575185525e-15;0.014125875483246664;0.0;0.0026737249341906855;0.2312110039096653;2.0210641960604135e-13;0.0;0.0;0.0;0.0;-2.475223551767038e-11
6438.0;45.56017323453395;-0.28212078800000007;0.0;1.0540623593866953e-15;0.06534487671190133;0.0;0.0030723633570490126;0.21743225729430252;2.002247372998809e-13;0.0;0.0;0.0;0.0;-2.7155944381036637e-11
6439.0;0.0029093564091912695;-0.297004364;0.0;0.0;0.20293248014811213;0.0;0.0036286559143027006;0.13634537060688734;0.0;0.0;0.0;0.0;0.0;-0.04589433527748488
6440.0;0.0030325467225671716;-0.32272996400000004;0.0;0.0;0.4552506154104932;0.0;0.0038864129766029267;0.13444933477049045;0.0;0.0;0.0;0.0;0.0;-0.270848721753849
6441.0;0.003152316388462314;-0.34064652800000006;0.0;0.0;0.7404753107636421;0.0;0.004137037295819362;0.1432242942189296;0.0;0.0;0.0;0.0;0.0;-0.5471825534934823
6442.0;0.0032460141981451025;-0.3558365160000001;0.0;0.0;0.9132880225467676;0.0;0.004333542760696973;0.12622709370854743;0.0;0.0;0.0;0.0;0.0;-0.6880046686138468
6443.0;0.003438257837782977;-0.36725860400000004;0.0;0.0;0.910229220502234;0.0;0.004737931163057011;0.13939397807997495;0.0;0.0;0.0;0.0;0.0;-0.6870952134752801
6444.0;0.0035988164590486462;-0.369624268;0.0;0.0;0.8989161602638258;0.0;0.005076809144147357;0.151981697467042;0.0;0.0;0.0;0.0;0.0;-0.6863432064630359
6445.0;0.003615654379143368;-0.367535336;0.0;0.0;0.887314395049287;0.0;0.005112405107187329;0.1614057613872649;0.0;0.0;0.0;0.0;0.0;-0.6862900449076258
6446.0;0.003628447849109491;-0.36621758000000004;0.0;0.0;0.8647648129512644;0.0;0.005139457991334577;0.18245781336985192;0.0;0.0;0.0;0.0;0.0;-0.686137332525593
6447.0;0.00400499085226254;-0.36201334;0.0;0.0;0.8415988023159096;0.0;0.005938213922169843;0.19900686705277912;0.0;0.0;0.0;0.0;0.0;-0.6845235986594053
6448.0;0.004634955385817569;-0.3549430760000001;0.0;0.0;0.8136964897513075;0.0;0.007282242804115366;0.21611927543445705;0.0;0.0;0.0;0.0;0.0;-0.682148245633179
6449.0;0.004611653786102269;-0.34565397600000003;0.0;0.0;0.6831479471235766;0.0;0.00723241183770863;0.2529448802697189;0.0;0.0;0.0;0.0;0.0;-0.5976645695023617
6450.0;0.0044897647982901565;-0.3373412840000001;0.0;0.0;0.48164934230335094;0.0;0.006971866507820402;0.2537297494645623;0.0;0.0;0.0;0.0;0.0;-0.40500293948493804
6451.0;0.004368439498970873;-0.325808796;0.0;0.0;0.26674847103215205;0.0;0.006712743737981355;0.25111825942012905;0.0;0.0;0.0;0.0;0.0;-0.19876389812585935
6452.0;0.004557713233315563;-0.311936616;0.0;0.0;0.09848458474650337;0.0;0.007117088624275583;0.21741100842336758;0.0;0.0;0.0;0.0;0.0;-0.011069354467473645
6453.0;0.007903325593825094;-0.30295579199999995;0.0;0.0;0.028025242036485577;0.0;0.0067170511581938295;0.2709353858706868;0.0;0.0;0.0;0.0;0.0;-0.0027146896589084002
6454.0;0.006747196928426259;-0.29909114400000003;0.0;0.0;0.010728436491658153;0.0;0.006074946619450232;0.28544823716157297;0.0;0.0;0.0;0.0;0.0;-0.0031550902307921885
6455.0;0.006222107491623181;-0.290008304;0.0;0.0;0.010422746117988135;0.0;0.0053346017725489645;0.27794332446744247;0.0;0.0;0.0;0.0;0.0;-0.0036871895653458726
6456.0;0.0062505692975114;-0.27201356;0.0;0.0;0.00994846836468051;0.0;0.005401517614332922;0.2603068088615783;0.0;0.0;0.0;0.0;0.0;-0.0036380596697234437
6457.0;595.5800911975599;-0.266827444;0.059875287113070205;1.9651833726101872e-15;0.008976874789970344;3.849977050379909e-18;0.0018365842127395099;0.19435840478215008;3.0470438458882216e-13;0.0;5.862411069942325e-13;2.384689886587905e-13;3.065434969995009e-14;-2.90439802686365e-12
6458.0;598.9628929116747;-0.264624676;0.05987528711307026;1.9714870194755564e-15;0.006995187733431284;3.859555188650671e-18;0.0019704128205462667;0.1929217140666153;3.0498711649283014e-13;0.0;6.049669192395629e-13;2.390946257718506e-13;3.089699966866215e-14;-2.8855061750697325e-12
6459.0;705.0746763701296;-0.262520228;0.05987528711307171;2.1914758250261837e-15;0.00552162527148217;4.185375013718902e-18;0.002001734427667882;0.18089785278777087;3.12789998170163e-13;0.0;0.011160660181167008;2.6033554591625045e-13;4.107298779530515e-14;-2.3986006409203012e-12
6460.0;705.074722789801;-0.26057002399999996;0.05987528711307171;2.1914759578673057e-15;0.005589374332483366;4.185375205631405e-18;0.0018721769430284022;0.17591282080236575;3.1279000192050075e-13;0.0;0.014255345769853841;2.6033555839571755e-13;4.1072995144953525e-14;-2.398600421536493e-12
6461.0;705.0753467215155;-0.26316048000000003;0.05987528711307171;2.191477455108416e-15;0.0066394990002416315;4.185377368668286e-18;0.0018978036820317841;0.16487247000911476;3.1279004419017514e-13;0.0;0.02680600931691855;2.6033569905126667e-13;4.107307798232266e-14;-2.398597948882711e-12
6462.0;705.0778010150132;-0.27464697600000004;0.05987528711307171;2.191483175782651e-15;0.027523439557924;4.185385633212158e-18;0.0018764480438592252;0.1502741357382813;3.127902056934933e-13;0.0;0.03202306576425637;2.603362364685978e-13;4.10733944902403e-14;-2.3985885014213246e-12
6463.0;118.2700592139788;-0.2932365;0.05987528711300723;1.3549753575635706e-15;0.12850481918830126;0.0;0.001427979820891815;0.13503941399149333;2.2158122632781275e-13;0.0;1.0941264022352139e-13;1.734262620244627e-13;1.4557578913511137e-14;-0.031248762414990704
6464.0;118.28805082727348;-0.313760452;0.05987528711300725;1.3549911762882542e-15;0.33417689026694203;0.0;0.0012756429978028414;0.13057506298888705;2.215868338637566e-13;0.0;1.0941598534870867e-13;1.7342806190069037e-13;1.4557866249542537e-14;-0.21177549191963144
6465.0;118.31020820120162;-0.330858996;0.05987528711300727;1.3550106600230148e-15;0.5858003996000584;0.0;0.0011887967448356725;0.12515612989010058;2.21593740137777e-13;0.0;1.0942010567339616e-13;1.7343027877885321e-13;1.455822016428e-14;-0.44078904859707374
6466.0;118.32702593497368;-0.34208760400000005;0.05987528711300728;1.3550254270692629e-15;0.7827835336644072;0.0;0.001054968159365376;0.13058470343030468;2.2159897417845738e-13;0.0;1.0942322866377135e-13;1.7343195898176934e-13;1.4558488406829286e-14;-0.6318300119462749
6467.0;73.2549940239014;-0.3520150040000001;0.059875287112867916;1.3164175393619684e-15;0.9038358480540385;0.0;0.0007987005682780797;0.13384377670204484;2.0692427674901376e-13;0.0;1.016182911034786e-13;1.6902192148257067e-13;0.0;-0.7465676349708572
6468.0;50.03378274250705;-0.357694124;0.004971025742623809;1.2973712181274917e-15;0.9559864135670756;0.0;0.000652058590938228;0.14286890431643903;1.989877292931366e-13;0.0;0.0;0.0;0.0;-0.7465676349785845
6469.0;-0.02344479432587406;-0.35838439600000005;0.0;0.0;0.9585957850583524;0.0;0.0;0.14641172511039388;0.0;0.0;0.0;0.0;0.0;-0.7465676349848092
6470.0;-0.023407613056045502;-0.35723123199999995;0.0;0.0;0.949925808591368;0.0;0.0;0.15392806978285653;0.0;0.0;0.0;0.0;0.0;-0.7465676349848092
6471.0;50.02492634654679;-0.352368004;0.0282425594281434;1.2973639868533612e-15;0.880631473237576;0.0;0.0005452804224118227;0.18974941889599226;1.9898463599607233e-13;0.0;0.0;0.0;0.0;-0.7465676349785864
6472.0;118.32163735787312;-0.345299032;0.05987528711300728;1.3550205591917587e-15;0.7587492209997488;0.0;0.0005780257298664098;0.18866949163311741;2.2159724883735788e-13;0.0;1.0942219917458039e-13;1.7343140511246207e-13;1.455839998166609e-14;-0.6621694619179884
6473.0;118.30502470993629;-0.336713104;0.05987528711300726;1.355005957920023e-15;0.5697605861188615;0.0;0.0005552463914169042;0.1893444479393243;2.2159207346020122e-13;0.0;1.094191112781418e-13;1.7342974376985845e-13;1.4558134751697288e-14;-0.4824245110158946
6474.0;118.2884750460275;-0.32839023999999994;0.05987528711300725;1.3549914148525147e-15;0.38034851723634344;0.0;0.0005680597609185892;0.18888161843650805;2.2158691842918772e-13;0.0;1.0941603579795733e-13;1.7342808904482897e-13;1.455787058293174e-14;-0.30089132723261913
6475.0;118.27202181234222;-0.318081328;0.05987528711300723;1.3549769656760139e-15;0.19056381998497496;0.0;0.0005424330219152017;0.18434977197991043;2.2158179639848346e-13;0.0;1.0941298027914183e-13;1.7342644499800326e-13;1.4557608123533313e-14;-0.11686574469558803
6476.0;705.0773829880314;-0.308631448;0.05987528711307171;2.1914820089372634e-15;0.0619235026744614;4.1853839474952896e-18;0.0004313837525929239;0.18113890974689198;3.127901727518168e-13;0.0;0.0022016297808054677;2.60336126851657e-13;4.1073329931882494e-14;-2.398590428408872e-12
6477.0;705.0728221462394;-0.30502230399999997;0.05987528711307171;2.1914714504356214e-15;0.016802000372818288;4.1853686938244464e-18;0.0004641290376538253;0.19573724401772544;3.1278987466729513e-13;0.0;0.029087343848696434;2.6033513495338e-13;4.107274576508196e-14;-2.398607865490749e-12
6478.0;705.0721372741834;-0.29908574400000004;0.05987528711307171;2.191469844343571e-15;0.011636061938054491;4.185366373530511e-18;0.00048406095321303576;0.20154186542503277;3.1278982932406274e-13;0.0;0.0224943268290305;2.6033498407186225e-13;4.107265690631618e-14;-2.398610517945472e-12
6479.0;705.0720477220638;-0.28892695200000007;0.05987528711307171;2.191469642861074e-15;0.011246499622476383;4.185366082451881e-18;0.0004142992375875952;0.20057764288743518;3.127898236357958e-13;0.0;0.013758705808793778;2.603349651440053e-13;4.1072645759101e-14;-2.3986108506937627e-12
6480.0;705.0719356490084;-0.278403868;0.05987528711307171;2.1914693784079637e-15;0.011229563779450055;4.185365700400234e-18;0.0003701642609655364;0.20164792970987597;3.1278981616973167e-13;0.0;0.002226848522836234;2.6033494030035936e-13;4.107263112797556e-14;-2.3986112874385087e-12
6481.0;0.024719753713496582;-0.311763272;0.0;0.0;0.0035226148997829906;0.0;0.01655915571110209;0.43806100472401355;0.0;0.0;0.0;0.0;0.0;-0.14639683199671136
6482.0;0.02450343304139998;-0.30891329600000006;0.0;0.0;0.0017783464438331446;0.0;0.01635983648759575;0.4293221119531694;0.0;0.0;0.0;0.0;0.0;-0.13856407458896117
6483.0;0.02385490243373073;-0.306289776;0.0;0.0;0.0008807179596491427;0.0;0.015484255653932633;0.4278215080705356;0.0;0.0;0.0;0.0;0.0;-0.13791374890318053
6484.0;0.02318438278964671;-0.30578072000000006;0.0;0.0;0.0008637768319760211;0.0;0.014524675967236859;0.4217194290458717;0.0;0.0;0.0;0.0;0.0;-0.13134426686501444
6485.0;0.02222704787923711;-0.31392556400000005;0.0;0.0;0.0008807041439718933;0.0;0.013152220807654574;0.41726587980921803;0.0;0.0;0.0;0.0;0.0;-0.1173904419339939
6486.0;0.020490964753766147;-0.332238996;0.0;0.0;0.002099908874064588;0.0;0.01059096879103971;0.40897460803393765;0.0;0.0;0.0;0.0;0.0;-0.08944418590041345
6487.0;0.0211725543772459;-0.350359876;0.0;0.0;0.0199173127933012;0.0;0.010471377270113002;0.3957254868046013;0.0;0.0;0.0;0.0;0.0;-0.0757725099347114
6488.0;0.027186463017655756;-0.363846172;0.0;0.0;0.1384978941763357;0.0;0.011806816079016735;0.3875663617786217;0.0;0.0;0.0;0.0;0.0;-0.17404024250136482
6489.0;0.03881337929652915;-0.37641838400000005;0.0;0.0;0.40739770197089736;0.0;0.011994745652848004;0.35809371194964495;0.0;0.0;0.0;0.0;0.0;-0.40107881572439097
6490.0;0.06609597970047233;-0.38698254;0.0;0.0;0.6992308385504643;0.0;0.012357791396022109;0.3580788993779179;0.0;0.0;0.0;0.0;0.0;-0.6829934919669913
6491.0;0.014205457037577961;-0.395287812;0.0;0.0;0.7523686228732903;0.0;0.011774070472148053;0.33200242487346177;0.0;0.0;0.0;0.0;0.0;-0.7008683553723559
6492.0;0.014121245845630962;-0.3999017160000001;0.0;0.0;0.7425619974788455;0.0;0.011593259439879117;0.347030555354162;0.0;0.0;0.0;0.0;0.0;-0.7012951404396857
6493.0;0.015285637915128407;-0.396012;0.0;0.0;0.7299038112704765;0.0;0.014093292170870592;0.3474804240735465;0.0;0.0;0.0;0.0;0.0;-0.6954766347056947
6494.0;0.0159116351533745;-0.396154504;0.0;0.0;0.714517434192854;0.0;0.015437273233268668;0.3585415931773096;0.0;0.0;0.0;0.0;0.0;-0.692352935633635
6495.0;0.01611721302580641;-0.391231748;0.0;0.0;0.7232630017050438;0.0;0.015878622936290124;0.3434110645047192;0.0;0.0;0.0;0.0;0.0;-0.6913320906738448
6496.0;0.05305651127836842;-0.38212954000000005;0.0;0.0;0.6544989003261988;0.0;0.01588289411328242;0.33528501327962484;0.0;0.0;0.0;0.0;0.0;-0.6235394695738472
6497.0;0.04135622076713882;-0.37104338;0.0;0.0;0.40522970369936107;0.0;0.015704930540548938;0.3175689936520074;0.0;0.0;0.0;0.0;0.0;-0.36747147284152626
6498.0;0.03190669287732792;-0.35844412400000003;0.0;0.0;0.1662076686450813;0.0;0.016863829391593164;0.2928366054328704;0.0;0.0;0.0;0.0;0.0;-0.11747859922917407
6499.0;0.026502926622144683;-0.35775268;0.0;0.0;0.035754702248066754;0.0;0.01713718146782863;0.3061682064986341;0.0;0.0;0.0;0.0;0.0;-0.00132416835339805
6500.0;0.025637630116022676;-0.35673458;0.0;0.0;0.008976074527026692;0.0;0.01753581989018612;0.3312914664837155;0.0;0.0;0.0;0.0;0.0;-0.0010862729302771354
6501.0;0.025544251848779186;-0.348919512;0.0;0.0;0.005995125014063633;0.0;0.01758280226731999;0.3459760387189988;0.0;0.0;0.0;0.0;0.0;-0.020651983065135653
6502.0;0.025132156408662173;-0.336764416;0.0;0.0;0.005046668195654159;0.0;0.017050335212335378;0.3552814360714943;0.0;0.0;0.0;0.0;0.0;-0.04063155480242907
6503.0;0.02527328102054955;-0.325504384;0.0;0.0;0.0033533146858019717;0.0;0.017363551128197287;0.36767034946583993;0.0;0.0;0.0;0.0;0.0;-0.06290004945866241
6504.0;0.024897243591223528;-0.3156006760000001;0.0;0.0;0.0017614202758416777;0.0;0.016925048850159326;0.3753473485068735;0.0;0.0;0.0;0.0;0.0;-0.07845016625965248
6505.0;0.01732982672709923;-0.294666668;0.0;0.0;0.0002878330402780226;0.0;0.008516624092017568;0.3853557906723417;0.0;0.0;0.0;0.0;0.0;-0.09947668418730522
6506.0;0.016625757712724773;-0.225942584;0.0;0.0;0.0003386294370348266;0.0;0.0075057906771142345;0.345723869711438;0.0;0.0;0.0;0.0;0.0;-0.12760892722470651
6507.0;0.017281125495506585;-0.22558747199999998;0.0;0.0;0.00028783256050519376;0.0;0.008446862336402058;0.34570848571533125;0.0;0.0;0.0;0.0;0.0;-0.12883882029532986
6508.0;0.016569243495181244;-0.28253730800000004;0.0;0.0;0.00028782477111138286;0.0;0.007427486671991211;0.36584420092129044;0.0;0.0;0.0;0.0;0.0;-0.0910054197738885
6509.0;0.0166329030696182;-0.28076932;0.0;0.0;0.00028782553221903785;0.0;0.007518604049439113;0.3600160527085224;0.0;0.0;0.0;0.0;0.0;-0.08703636800323099
6510.0;0.0164561800495498;-0.28233825199999996;0.0;0.0;0.00035556259211757754;0.0;0.007262336413204166;0.3601097403184723;0.0;0.0;0.0;0.0;0.0;-0.08537264147197768
6511.0;0.01724325717222663;-0.28718673200000006;0.0;0.0;0.0018282111192736436;0.0;0.00829879660759206;0.36927493426155955;0.0;0.0;0.0;0.0;0.0;-0.09219929786495028
6512.0;0.01887295777200231;-0.294856668;0.0;0.0;0.02428504285112636;0.0;0.009235597288317519;0.3751727773237818;0.0;0.0;0.0;0.0;0.0;-0.11382234658069545
6513.0;0.025603603394823385;-0.306731464;0.0;0.0;0.1609229647100214;0.0;0.01051693578302699;0.37236615392184946;0.0;0.0;0.0;0.0;0.0;-0.23705539703600256
6514.0;0.03490760199311455;-0.322021816;0.0;0.0;0.3635295680730034;0.0;0.011418143598166066;0.3707106836833347;0.0;0.0;0.0;0.0;0.0;-0.4236138395748698
6515.0;0.04032795815587329;-0.33202867999999996;0.0;0.0;0.5454213955591942;0.0;0.011485057902769609;0.3710419828415712;0.0;0.0;0.0;0.0;0.0;-0.5959425794162887
6516.0;0.01299099894404365;-0.33771796800000004;0.0;0.0;0.6206137671145288;0.0;0.012067353500908654;0.37044706479540745;0.0;0.0;0.0;0.0;0.0;-0.6654003224142473
6517.0;0.013152752813971349;-0.34323263200000004;0.0;0.0;0.6079680376164502;0.0;0.012414738525190594;0.3874391355850405;0.0;0.0;0.0;0.0;0.0;-0.6645793975591909
6518.0;0.014061757592019403;-0.341628472;0.0;0.0;0.5744607729272487;0.0;0.014366643619565519;0.4132111652109105;0.0;0.0;0.0;0.0;0.0;-0.6604002938204518
6519.0;0.04141298483741878;-0.33617909999999995;0.0;0.0;0.45538164050303986;0.0;0.015136870723592129;0.43767022081185886;0.0;0.0;0.0;0.0;0.0;-0.5719835607513396
6520.0;0.03305260385044097;-0.327221244;0.0;0.0;0.2672229218663332;0.0;0.01465138605331432;0.4323212946243804;0.0;0.0;0.0;0.0;0.0;-0.38695307970258214
6521.0;0.025568391838179983;-0.3309145560000001;0.0;0.0;0.08053714807701531;0.0;0.015398833083080675;0.47879751867110343;0.0;0.0;0.0;0.0;0.0;-0.2438010516411747
6522.0;0.02309370206473244;-0.347442932;0.0;0.0;0.013615265339901542;0.0;0.015939842369755295;0.5237979458291993;0.0;0.0;0.0;0.0;0.0;-0.20589475360665932
6523.0;0.022733053959586004;-0.348872824;0.0;0.0;0.0005758064847457242;0.0;0.016244516041648723;0.5632764147422549;0.0;0.0;0.0;0.0;0.0;-0.2312064518002269
6524.0;0.022466174916701116;-0.34586207999999996;0.0;0.0;0.0003725811048685102;0.0;0.015872928057997428;0.5620772668489282;0.0;0.0;0.0;0.0;0.0;-0.2324432224705228
6525.0;0.022547246053421302;-0.33965741600000005;0.0;0.0;0.00033870880356385354;0.0;0.015991095880687107;0.5601413384784312;0.0;0.0;0.0;0.0;0.0;-0.23679624215923478
6526.0;0.022260694770161394;-0.331859392;0.0;0.0;0.0003048370995153384;0.0;0.015582491462519072;0.5566808841803987;0.0;0.0;0.0;0.0;0.0;-0.24069135989762588
6527.0;0.02246833960483229;-0.325909204;0.0;0.0;0.00030483862487882385;0.0;0.015880046604425914;0.5438036229565546;0.0;0.0;0.0;0.0;0.0;-0.2340618233375655
6528.0;0.022563433079874212;-0.318419072;0.0;0.0;0.0003217751222186977;0.0;0.01601529892086402;0.5357739996675285;0.0;0.0;0.0;0.0;0.0;-0.23367451344080525
6529.0;0.03346423480925597;-0.38860715;0.0;0.0;0.00028848555096280104;0.0;0.022869777204472676;0.6616669809214296;0.0;0.0;0.0;0.0;0.0;-0.29621320224440023
6530.0;0.03319692131402261;-0.38517872;0.0;0.0;0.0002715133403118628;0.0;0.022523736743002867;0.6647741616995392;0.0;0.0;0.0;0.0;0.0;-0.3023858206866364
6531.0;0.03329125713063242;-0.382568585;0.0;0.0;0.00027151340265914233;0.0;0.022646211726828777;0.6613521231821206;0.0;0.0;0.0;0.0;0.0;-0.30169638467019727
6532.0;0.0326226980715336;-0.37901843;0.0;0.0;0.0002884849429327671;0.0;0.021777222378619423;0.6614419354047548;0.0;0.0;0.0;0.0;0.0;-0.3044843886652498
6533.0;0.03201924780369644;-0.38060907999999993;0.0;0.0;0.0002884844499639423;0.0;0.02099377117328422;0.6635160023798983;0.0;0.0;0.0;0.0;0.0;-0.3041844023383618
6534.0;0.033350432376642286;-0.38699219999999995;0.0;0.0;0.0002884854736343535;0.0;0.022722029597196665;0.6644948044362983;0.0;0.0;0.0;0.0;0.0;-0.3005082371785257
6535.0;0.03267447271797963;-0.404080725;0.0;0.0;0.0003733334573699606;0.0;0.02183943193441091;0.6861505366534079;0.0;0.0;0.0;0.0;0.0;-0.30427775455089834
6536.0;0.032886530159707265;-0.42680173999999993;0.0;0.0;0.009061267416661786;0.0;0.02158476169461194;0.6876589364190708;0.0;0.0;0.0;0.0;0.0;-0.2914995215648223
6537.0;0.019443436904347487;-0.4378571;0.0;0.0;0.04460668263365889;0.0;0.017531422162122702;0.6636596088986784;0.0;0.0;0.0;0.0;0.0;-0.2879368515438372
6538.0;0.019440447310916646;-0.444901385;0.0;0.0;0.09593614460162027;0.0;0.017525590022925128;0.6528806252569834;0.0;0.0;0.0;0.0;0.0;-0.3214372125314355
6539.0;0.019578918537035087;-0.452120325;0.0;0.0;0.1666939039163665;0.0;0.017795812645228233;0.5892435776184634;0.0;0.0;0.0;0.0;0.0;-0.3216092129241068
6540.0;0.0196745536137007;-0.4574092649999999;0.0;0.0;0.2116675446050483;0.0;0.017982441221517653;0.5501188005731978;0.0;0.0;0.0;0.0;0.0;-0.3223557693428698
6541.0;0.019738310465103052;-0.45757779;0.0;0.0;0.22435474251104323;0.0;0.018106860272368165;0.5374573357067778;0.0;0.0;0.0;0.0;0.0;-0.3223373992263072
6542.0;0.019883756134756892;-0.45359177500000003;0.0;0.0;0.198947859836983;0.0;0.01839069123971942;0.5582694850623924;0.0;0.0;0.0;0.0;0.0;-0.3220125182334341
6543.0;0.019590872923220377;-0.449602555;0.0;0.0;0.15752439742102398;0.0;0.0178191412325153;0.5950277260362457;0.0;0.0;0.0;0.0;0.0;-0.3207649539596857
6544.0;0.01970145108119545;-0.44277641;0.0;0.0;0.09545272346710967;0.0;0.018034930504783594;0.6371479007317618;0.0;0.0;0.0;0.0;0.0;-0.30785539383070265
6545.0;0.019550029615448425;-0.440090255;0.0;0.0;0.04615330181887937;0.0;0.017739435258991697;0.6411510982268748;0.0;0.0;0.0;0.0;0.0;-0.26494982283773305
6546.0;0.0299640117786348;-0.443242085;0.0;0.0;0.0124380448628771;0.0;0.017587799571232157;0.6573884579149835;0.0;0.0;0.0;0.0;0.0;-0.24416915354195926
6547.0;0.02898970068163196;-0.44435008;0.0;0.0;0.0010181644542794918;0.0;0.01701819356937916;0.6650950819413805;0.0;0.0;0.0;0.0;0.0;-0.23877690699449344
6548.0;0.02581859198899836;-0.43811915500000004;0.0;0.0;0.00035634733066348707;0.0;0.012939581455217107;0.6554661755983028;0.0;0.0;0.0;0.0;0.0;-0.23063868865098125
6549.0;0.025387332546642122;-0.426926775;0.0;0.0;0.00032240913968974925;0.0;0.012381639731597284;0.6433309429145005;0.0;0.0;0.0;0.0;0.0;-0.2291039893379533
6550.0;0.025201652945707843;-0.41304337999999996;0.0;0.0;0.00032240840146783645;0.0;0.012140577790252967;0.640610201976703;0.0;0.0;0.0;0.0;0.0;-0.24002559678969093
6551.0;0.026339677770007574;-0.40217876499999994;0.0;0.0;0.0003224124585696894;0.0;0.013618054100529454;0.6327608694383788;0.0;0.0;0.0;0.0;0.0;-0.24451826229022688
6552.0;0.027009015400770147;-0.3924837;0.0;0.0;0.0003224143915047272;0.0;0.014487043451151371;0.6288342442628245;0.0;0.0;0.0;0.0;0.0;-0.2511556372264302
6553.0;16.180094673587877;-0.348904475;0.0;0.0;0.00028849394894807405;0.0;0.014891405481510198;0.4630170718225137;1.8881582654028443e-13;0.0;0.0;0.0;0.0;-0.1294396907574036
6554.0;16.183695093433183;-0.34379893;0.0;0.0;0.00028849394894996057;0.0;0.017735547279466652;0.47489890246445954;1.8881721810580423e-13;0.0;0.0;0.0;0.0;-0.14927026497007376
6555.0;16.18541490699411;-0.34490532500000004;0.0;0.0;0.00030546239355250953;0.0;0.019594056887483304;0.491829070832908;1.8881787931016058e-13;0.0;0.0;0.0;0.0;-0.16696691162162453
6556.0;16.186243892612122;-0.346644665;0.0;0.0;0.0002884939489512849;0.0;0.02086546411002394;0.5083945311542925;1.8881819541086292e-13;0.0;0.0;0.0;0.0;-0.18304460703720685
6557.0;16.187377968506603;-0.34993101499999996;0.0;0.0;0.00027152170445220484;0.0;0.021975515350157317;0.5169267975207579;1.8881863224737324e-13;0.0;0.0;0.0;0.0;-0.18938239023664702
6558.0;16.186829038876205;-0.358630295;0.0;0.0;0.0002715217044519069;0.0;0.022652043981334864;0.540057014996137;1.8881841232145166e-13;0.0;0.0;0.0;0.0;-0.2044852264013062
6559.0;16.184841980608006;-0.37945787999999997;0.0;0.0;0.000407282560907136;0.0;0.022698701094657468;0.5699919344045199;1.8881763294635714e-13;0.0;0.0;0.0;0.0;-0.213768512240764
6560.0;16.184298833144666;-0.40478892;0.0;0.0;0.0075347265748859395;0.0;0.022803679691133262;0.5895710401786362;1.8881741552260885e-13;0.0;0.0;0.0;0.0;-0.2152449111070685
6561.0;16.18656110045023;-0.41844746;0.0;0.0;0.04055855158296106;0.0;0.02279395941852449;0.6000996102562499;1.8881828500416236e-13;0.0;0.0;0.0;0.0;-0.24512720529921758
6562.0;16.193946559446772;-0.425604225;0.0;0.0;0.1183155759434523;0.0;0.02285616897412136;0.597057168546721;1.8882113876463925e-13;0.0;0.0;0.0;0.0;-0.31274898779113397
6563.0;16.203560204893076;-0.429691215;0.0;0.0;0.22247808403476338;0.0;0.022836728489903795;0.5947153554651251;1.8882485264514808e-13;0.0;0.0;0.0;0.0;-0.4104651691694601
6564.0;16.210360803885248;-0.434408575;0.0;0.0;0.3085334871837386;0.0;0.02243819868544013;0.6006850626475966;1.8882747595239475e-13;0.0;0.0;0.0;0.0;-0.4973740367101136
6565.0;16.214561068462032;-0.43353674;0.0;0.0;0.36287176475549815;0.0;0.02227878680025464;0.6078832636101031;1.888290949449037e-13;0.0;0.0;0.0;0.0;-0.5596220218789001
6566.0;16.212018848658303;-0.42900080499999993;0.0;0.0;0.35212968865085076;0.0;0.021573097473250393;0.61463037654575;1.888281089403876e-13;0.0;0.0;0.0;0.0;-0.5594552866272268
6567.0;16.20486142767617;-0.424029485;0.0;0.0;0.29629804165807083;0.0;0.02033862718292332;0.6168762155836088;1.888253411961295e-13;0.0;0.0;0.0;0.0;-0.5096043706001813
6568.0;16.197784695175734;-0.41629172999999997;0.0;0.0;0.20586435041339385;0.0;0.0203075224203748;0.5994853616081153;1.8882261495282366e-13;0.0;0.0;0.0;0.0;-0.4094889998508659
6569.0;16.19070094229488;-0.41133255500000004;0.0;0.0;0.10652135177630684;0.0;0.02116679149339912;0.5904828138125392;1.8881988443634095e-13;0.0;0.0;0.0;0.0;-0.3069629923793437
6570.0;16.185289136143926;-0.41018001;0.0;0.0;0.03339716687988006;0.0;0.021246497466491758;0.5742916591184033;1.8881780096394303e-13;0.0;0.0;0.0;0.0;-0.21888246880530704
6571.0;16.182189301812326;-0.41141588500000004;0.0;0.0;0.0039200944842178445;0.0;0.021359252207854677;0.5828431224033597;1.8881660054231227e-13;0.0;0.0;0.0;0.0;-0.19683154838703418
6572.0;16.18085910472874;-0.407617175;0.0;0.0;0.0009503259867301082;0.0;0.020824639105366586;0.5861446970197889;1.8881608437387026e-13;0.0;0.0;0.0;0.0;-0.20042638570256172
6573.0;16.17777905207802;-0.39836563999999997;0.0;0.0;0.0005260749727580367;0.0;0.019506574739003312;0.6004739158834972;1.888148863402155e-13;0.0;0.0;0.0;0.0;-0.2222609469558194
6574.0;16.17334854572847;-0.38586465999999997;0.0;0.0;0.0004242510055027268;0.0;0.017496429421188165;0.6191892376827611;1.8881316355788907e-13;0.0;0.0;0.0;0.0;-0.25136005570964265
6575.0;16.16920762218654;-0.37433628499999994;0.0;0.0;0.0002884939489422859;0.0;0.01457063761391717;0.613104357779939;1.8881156072127852e-13;0.0;0.0;0.0;0.0;-0.2537416328283212
6576.0;16.16556639919762;-0.363332465;0.0;0.0;0.0003054623935420222;0.0;0.012249444640118125;0.6135842385473533;1.8881014947282369e-13;0.0;0.0;0.0;0.0;-0.2629196658520736
6577.0;50.0284726019633;-0.33250594;0.05731722601460597;1.8482492608645057e-15;0.00926567702360162;0.0;0.012887092302990635;0.3116724993467373;1.9565084577171107e-13;0.0;0.0;0.0;0.0;-0.058634837041715765
6578.0;50.02910707216848;-0.325609065;0.05796202648568028;1.8482499340811538e-15;0.00722926607670691;0.0;0.013524739935232755;0.3057603776453829;1.9565099127157417e-13;0.0;0.0;0.0;0.0;-0.05886569457038585
6579.0;50.029083153101766;-0.32347730499999994;0.0579673225403973;1.848249909245086e-15;0.005498315631876951;0.0;0.013332279220777048;0.3006736478400152;1.9565098590383732e-13;0.0;0.0;0.0;0.0;-0.05399271319416053
6580.0;50.029468017818054;-0.32311321499999995;0.058365706471110786;1.848250317868901e-15;0.0036485727751924234;0.0;0.01365110305214808;0.29507824804291577;1.956510742181669e-13;0.0;0.0;0.0;0.0;-0.04762895221634866
6581.0;50.028997902212;-0.325088935;0.05811201799039921;1.848249816653339e-15;0.0015612488946966277;0.0;0.013410041127148034;0.2997330849817977;1.9565096589234446e-13;0.0;0.0;0.0;0.0;-0.04772577587389589
6582.0;50.028581957147715;-0.33362281499999996;0.05774379879869878;1.848249374712861e-15;0.0013406401153850669;0.0;0.013021231564793137;0.3023724248072801;1.9565087037734323e-13;0.0;0.0;0.0;0.0;-0.04085352842299093
6583.0;50.029132059839135;-0.352404555;0.05714529550383207;1.8482499703263967e-15;0.01980411469348636;0.0;0.012521611327797012;0.30047209865611146;1.956509991051227e-13;0.0;0.0;0.0;0.0;-0.03753765617274812
6584.0;50.03442508635495;-0.37431977499999997;0.05531458864712866;1.8482556573999537e-15;0.13630388847780744;0.0;0.012169738667155856;0.2967962184124322;1.956522282260823e-13;0.0;0.0;0.0;0.0;-0.1262686338408402
6585.0;50.04710052333271;-0.393858695;0.05155330914229191;1.848269274319339e-15;0.41020138882903606;0.0;0.011489321994034721;0.2852311079166224;1.9565517114754629e-13;0.0;0.0;0.0;0.0;-0.36463197270952513
6586.0;50.06126422561411;-0.40553481999999996;0.048123029233071414;1.8482844844300844e-15;0.7010011167590425;0.0;0.011011086246978217;0.260085393327844;1.9565845832577816e-13;0.0;0.0;0.0;0.0;-0.6147140201291126
6587.0;-0.007347651573029782;-0.40972065;0.0;0.0;0.9231470541460717;0.0;0.010548425278612146;0.22161951265667723;0.0;0.0;0.0;0.0;0.0;-0.7455472759752798
6588.0;-0.007010227406609339;-0.41348535999999997;0.0;0.0;0.9258656161161551;0.0;0.010990183497153149;0.22222371276842903;0.0;0.0;0.0;0.0;0.0;-0.7455472759752796
6589.0;-0.007279487245849549;-0.41702899;0.0;0.0;0.912991440855535;0.0;0.010637954759346823;0.23899389521223402;0.0;0.0;0.0;0.0;0.0;-0.7455472759752797
6590.0;-0.006886474990133844;-0.41577977;0.0;0.0;0.895216600334608;0.0;0.011151679065739998;0.25500558409065627;0.0;0.0;0.0;0.0;0.0;-0.7455472759752795
6591.0;-0.006517437628298609;-0.40830758999999994;0.0;0.0;0.8793415554587702;0.0;0.011632202808926006;0.26292776600617684;0.0;0.0;0.0;0.0;0.0;-0.7455472759752793
6592.0;-0.006776052385876103;-0.398170745;0.0;0.0;0.8702525370531603;0.0;0.011295652167270239;0.2622165988316662;0.0;0.0;0.0;0.0;0.0;-0.7455472759752794
6593.0;50.0552435721457;-0.386589405;0.047521651892410186;1.848278034305485e-15;0.6204100866574765;0.0;0.010606724303349104;0.30883161033735246;1.9565706434667114e-13;0.0;0.0;0.0;0.0;-0.6008040693081551
6594.0;50.0421260256639;-0.378929765;0.05165828736632038;1.8482639452050114e-15;0.3242817446365748;0.0;0.010276236193647368;0.28636362413667815;1.9565401941330896e-13;0.0;0.0;0.0;0.0;-0.29366220565112505
6595.0;50.03263189341685;-0.37485939499999993;0.05564602699167498;1.8482537380556047e-15;0.09403135488615903;0.0;0.010964429103155534;0.26946225026690745;1.9565181340818597e-13;0.0;0.0;0.0;0.0;-0.055247864837642505
6596.0;498.82661958709025;-0.378442545;0.05987528711314625;2.4895670627570086e-15;0.018870757147011023;4.985598110981165e-18;0.011086904117265399;0.2731285329327731;2.7427157347208654e-13;0.0;3.688616474488751e-13;2.7892752683808427e-13;3.3729846695502323e-14;-5.0078516293260904e-12
6597.0;604.966468928697;-0.37347579999999997;0.05987528711314949;2.7120089139477265e-15;0.009554170985211184;5.331902292405418e-18;0.009208953994533843;0.2808450049834837;2.8524159429654103e-13;0.0;6.086954156731337e-13;2.9675704300977003e-13;4.0875926359614916e-14;-4.0873280381828035e-12
6598.0;477.6524464992111;-0.36382916;0.0598752871131454;2.44927623153697e-15;0.009927512865377712;4.921470913694811e-18;0.008087238506566414;0.28276452453684553;2.717856624031807e-13;0.0;3.4184812792714614e-13;2.755812867628127e-13;3.25872686373336e-14;-5.245003657193186e-12
6599.0;325.8752894455086;-0.352510215;0.05987528711313561;2.195698213750544e-15;0.0099275128651543;4.507594840143833e-18;0.00703356465235705;0.2843289336232587;2.5068823957616054e-13;0.0;2.2451672176044413e-13;2.536746650946882e-13;2.6243572307862483e-14;-7.932934566877413e-12
6600.0;198.9130449941106;-0.34107709500000005;0.059875287113112054;2.0206675124984063e-15;0.00970690028549548;4.2111698056040736e-18;0.005575528824011065;0.28652678475993115;2.278577461383757e-13;0.0;1.7442902892203985e-13;2.376820951766778e-13;2.2568045633838268e-14;-1.4006845275044113e-11
6601.0;0.014331666965075925;-0.247928555;0.0;0.0;0.007122572231341841;0.0;0.006775004865079864;0.23594354370894557;0.0;0.0;0.0;0.0;0.0;-0.0019159974073454026
6602.0;0.014578121752546053;-0.244582365;0.0;0.0;0.003967690454212607;0.0;0.007303785969089528;0.23507218941107472;0.0;0.0;0.0;0.0;0.0;-0.0017636130873816174
6603.0;37.418477043099415;-0.24166597999999995;0.0;1.1481565431393958e-15;0.0022061124886209953;0.0;0.007148263460336825;0.23612018461859774;1.9650723672075382e-13;0.0;0.0;0.0;0.0;-3.8468835830238754e-11
6604.0;49.996537285236684;-0.238826495;0.006933409238515439;1.1564659822283999e-15;0.0008145651358726167;0.0;0.007671212254026688;0.22345135064384603;2.0109963360752686e-13;0.0;0.0;0.0;0.0;-2.897368896321332e-11
6605.0;0.014978586900957352;-0.23937913499999997;0.0;0.0;0.0006785437256230667;0.0;0.008283586253933311;0.23186395268861917;0.0;0.0;0.0;0.0;0.0;-0.0014450921601139705
6606.0;0.016053552828774447;-0.241203845;0.0;0.0;0.01783215110022796;0.0;0.008398285223025846;0.21641220110804574;0.0;0.0;0.0;0.0;0.0;-0.0014418303279744125
6607.0;0.019053573285004115;-0.24707211499999998;0.0;0.0;0.08861706736388857;0.0;0.008067797393341555;0.19431589425728196;0.0;0.0;0.0;0.0;0.0;-0.04393257041153893
6608.0;0.009774207781743136;-0.26073333499999995;0.0;0.0;0.2689586258677276;0.0;0.007704256987229704;0.19122053432090166;0.0;0.0;0.0;0.0;0.0;-0.20715095873907455
6609.0;0.009539797468898527;-0.27798884;0.0;0.0;0.4945044430005262;0.0;0.007247405042457173;0.19889407829113132;0.0;0.0;0.0;0.0;0.0;-0.4226579319394282
6610.0;0.009229339396246814;-0.29245317499999995;0.0;0.0;0.6826873495142621;0.0;0.006642804574863487;0.20472752519703416;0.0;0.0;0.0;0.0;0.0;-0.6016053026776639
6611.0;0.009533810233270735;-0.3022881599999999;0.0;0.0;0.7740125432335976;0.0;0.0072357407529015936;0.215181366933438;0.0;0.0;0.0;0.0;0.0;-0.694142335607092
6612.0;0.009563741424712544;-0.30714538499999994;0.0;0.0;0.8111270728101458;0.0;0.007294062230713908;0.19242182227185425;0.0;0.0;0.0;0.0;0.0;-0.7036984212112221
6613.0;0.009552770666470303;-0.307520145;0.0;0.0;0.8172795343682817;0.0;0.007272677689975162;0.193777229038718;0.0;0.0;0.0;0.0;0.0;-0.7108101390052998
6614.0;0.009280222391873469;-0.306149245;0.0;0.0;0.7998051183011402;0.0;0.006712790630714867;0.21135727252880868;0.0;0.0;0.0;0.0;0.0;-0.7117234545224109
6615.0;0.009769218607413196;-0.303384875;0.0;0.0;0.7760932048201772;0.0;0.007694536746016778;0.22968191318057382;0.0;0.0;0.0;0.0;0.0;-0.7100856553726138
6616.0;0.009760241683588326;-0.29944614499999994;0.0;0.0;0.6983859576734487;0.0;0.007677040244227677;0.2924147604633544;0.0;0.0;0.0;0.0;0.0;-0.699032488032619
6617.0;0.009989560958986165;-0.29360298999999995;0.0;0.0;0.5447797264617175;0.0;0.008124172419159378;0.303623181267412;0.0;0.0;0.0;0.0;0.0;-0.5629249907257615
6618.0;0.009808107775966093;-0.29044743500000003;0.0;0.0;0.3667243379509139;0.0;0.007770354811509866;0.3108172580906242;0.0;0.0;0.0;0.0;0.0;-0.39486539627180195
6619.0;0.02531712920640385;-0.282706885;0.0;0.0;0.1789327357335989;0.0;0.006640866794007887;0.3000884894699042;0.0;0.0;0.0;0.0;0.0;-0.20308636464667046
6620.0;0.016760974297951595;-0.28216568499999994;0.0;0.0;0.046869466829133;0.0;0.0076012256571813324;0.29323274768161034;0.0;0.0;0.0;0.0;0.0;-0.06554216823430793
6621.0;0.009253329065594371;-0.28094768499999995;0.0;0.0;0.014453404384069522;0.0;0.0066894620139308515;0.29058110392507025;0.0;0.0;0.0;0.0;0.0;-0.03077708824884874
6622.0;0.009195383443100114;-0.278766845;0.0;0.0;0.010006281428713504;0.0;0.00657670658918752;0.2878900814618751;0.0;0.0;0.0;0.0;0.0;-0.025707017662748317
6623.0;0.009406105109349572;-0.274573155;0.0;0.0;0.011034083904450598;0.0;0.006986902370749801;0.2932550862926565;0.0;0.0;0.0;0.0;0.0;-0.036703745026394834
6624.0;0.015843261648667117;-0.26782407;0.0;0.0;0.011366362631275516;0.0;0.007369883925233342;0.29286134777121275;0.0;0.0;0.0;0.0;0.0;-0.04383960667603374
6625.0;61.67672698836833;-0.26993079499999995;0.059875287112776183;1.077561669462993e-15;0.010657228179629882;0.0;0.0013686095825568797;0.23168609202495455;2.066708353580013e-13;0.0;0.0;1.432361066516722e-13;0.0;-2.1936710168861947e-11
6626.0;49.982034043315196;-0.26385534499999996;0.022664661318706012;1.0705176173616392e-15;0.009384469437379313;0.0;0.001364721510096773;0.23032323212203273;2.0225588821325157e-13;0.0;0.0;0.0;0.0;-2.6826535993513783e-11
6627.0;49.98778555333614;-0.26088914;0.02070441368413095;1.0705204067485818e-15;0.007874127771861122;0.0;0.0019401596172421048;0.23041920792389184;2.022576596759379e-13;0.0;0.0;0.0;0.0;-2.6824152326821215e-11
6628.0;49.98970686895889;-0.26251142;0.02108709736686148;1.0705215922756598e-15;0.0069407740211671325;0.0;0.0032679442257141614;0.23126379673837114;2.0225841256609537e-13;0.0;0.0;0.0;0.0;-2.682313936844103e-11
6629.0;49.991036661280724;-0.26857657;0.020679331515601907;1.070522412137486e-15;0.014153067857950168;0.0;0.0036509216184037814;0.23014087809850103;2.0225893323212284e-13;0.0;0.0;0.0;0.0;-2.682243889412221e-11
6630.0;48.71050996560783;-0.284016465;0.0;1.0697252527709585e-15;0.06547066589849537;0.0;0.004195254962998335;0.21642590436664783;2.0175196024275603e-13;0.0;0.0;0.0;0.0;-2.752179143693539e-11
6631.0;0.008217509871013629;-0.299032145;0.0;0.0;0.20180892675720755;0.0;0.004955355579508833;0.13679195209561834;0.0;0.0;0.0;0.0;0.0;-0.04449938937820365
6632.0;0.008656049791887655;-0.324937645;0.0;0.0;0.4538404344083024;0.0;0.00530723729071845;0.1339106543371844;0.0;0.0;0.0;0.0;0.0;-0.2681122744722694
6633.0;0.008832132180716061;-0.34292303999999996;0.0;0.0;0.7389044073278512;0.0;0.0056493927204091495;0.1399881875217633;0.0;0.0;0.0;0.0;0.0;-0.5416105741898454
6634.0;0.004427325645654178;-0.358153005;0.0;0.0;0.9156553709950953;0.0;0.005783867148935118;0.12448825647206516;0.0;0.0;0.0;0.0;0.0;-0.6877685122881133
6635.0;0.009255073513382697;-0.369613845;0.0;0.0;0.9121026903860582;0.0;0.006469785801819356;0.13791765338903908;0.0;0.0;0.0;0.0;0.0;-0.6868680851532062
6636.0;0.009491125948125519;-0.371982365;0.0;0.0;0.9003459891037257;0.0;0.0069324696166083435;0.15078182054991546;0.0;0.0;0.0;0.0;0.0;-0.6860696389662322
6637.0;0.009516043893890666;-0.36987922999999995;0.0;0.0;0.8884684231665687;0.0;0.006981070839893536;0.1603854569714245;0.0;0.0;0.0;0.0;0.0;-0.6859474495341564
6638.0;0.00953501004240817;-0.368556525;0.0;0.0;0.86585462398337;0.0;0.007018007774011795;0.18148564008256657;0.0;0.0;0.0;0.0;0.0;-0.6857934778064132
6639.0;0.01009419569698011;-0.364332825;0.0;0.0;0.8405412232280071;0.0;0.008108621010123723;0.19965359893012247;0.0;0.0;0.0;0.0;0.0;-0.683962407063798
6640.0;0.011034619551531887;-0.357223305;0.0;0.0;0.8098486084681864;0.0;0.009943802981185858;0.2186224446006684;0.0;0.0;0.0;0.0;0.0;-0.6811834041445852
6641.0;0.010999758891012087;-0.34788992999999996;0.0;0.0;0.6818199665896576;0.0;0.009875761265359344;0.25099857835452755;0.0;0.0;0.0;0.0;0.0;-0.594796227213584
6642.0;0.010817481628582115;-0.33954924500000006;0.0;0.0;0.4803361520193414;0.0;0.009520000416709737;0.2539038625781186;0.0;0.0;0.0;0.0;0.0;-0.4042026099642781
6643.0;0.01063619038666366;-0.327979405;0.0;0.0;0.2654867180587478;0.0;0.009166183625770116;0.2534982888539812;0.0;0.0;0.0;0.0;0.0;-0.20016361480325728
6644.0;0.01091908372263842;-0.31405063;0.0;0.0;0.10011118219789869;0.0;0.009718293335887532;0.22061520738912993;0.0;0.0;0.0;0.0;0.0;-0.01638589915708491
6645.0;0.01747439794977316;-0.30500555999999995;0.0;0.0;0.028083464248563058;0.0;0.009172016586837006;0.26931693797528033;0.0;0.0;0.0;0.0;0.0;-0.0015575322728325802
6646.0;0.016009133181955664;-0.3010911700000001;0.0;0.0;0.010755540675203836;0.0;0.00829525081757974;0.2838626802564696;0.0;0.0;0.0;0.0;0.0;-0.0018133834592712202
6647.0;0.015218685234277456;-0.29192971999999995;0.0;0.0;0.010449701912090327;0.0;0.007284345787225611;0.2762921584152255;0.0;0.0;0.0;0.0;0.0;-0.0020878471043243967
6648.0;0.015268104451138987;-0.27381829999999996;0.0;0.0;0.009974529937848557;0.0;0.007375716059529387;0.2585398559543727;0.0;0.0;0.0;0.0;0.0;-0.0020631363173039823
6649.0;584.574259361347;-0.268559545;0.059875287113153076;1.8954005438566036e-15;0.008994155314986464;3.8108169570757585e-18;0.002507821549079955;0.19345884575583663;3.017085446464263e-13;0.0;3.8447231715396006e-13;2.3218447318541503e-13;2.791722545322809e-14;-3.2167770413329844e-12
6650.0;587.1917197934567;-0.266341055;0.059875287113153125;1.8995301495027663e-15;0.007008653501795921;3.817425856632538e-18;0.0026905620214268343;0.1920288045500186;3.01943263719188e-13;0.0;3.900491166942914e-13;2.3260401694284274e-13;2.805856949876119e-14;-3.2004669964515413e-12
6651.0;761.2854855799866;-0.264235165;0.05987528711315559;2.220362745683443e-15;0.005532254425391225;4.313387473169309e-18;0.0027333310928079673;0.18006059392831655;3.1479401116215633e-13;0.0;1.0259639661055284e-11;2.639617678619526e-13;4.224276196259353e-14;-2.3973625644267186e-12
6652.0;768.253330537328;-0.26227506999999994;0.05987528711315566;2.2352117935537907e-15;0.0056001339036467505;4.335534206864655e-18;0.0025564227596265236;0.1750986344234871;3.15208717078988e-13;0.0;0.015768407443319338;2.6535415498514396e-13;4.3099710835028733e-14;-2.3740001658303736e-12
6653.0;768.254306032077;-0.2648759;0.05987528711315566;2.235214010298928e-15;0.006652280066195441;4.3355375078933445e-18;0.0025914155946185078;0.16410938225507135;3.1520877815464686e-13;0.0;0.028266632650516328;2.6535436246091165e-13;4.309984049313406e-14;-2.3739967353951205e-12
6654.0;768.2571711368064;-0.27646468;0.05987528711315566;2.235220301551485e-15;0.027576422305008678;4.3355468763912554e-18;0.002562254868291906;0.149578614207458;3.1520895148960913e-13;0.0;0.033487777107448304;2.653549512887069e-13;4.310020847328943e-14;-2.373986999710301e-12
6655.0;107.75554070046815;-0.2952096249999999;0.05987528711306958;1.3589913370826805e-15;0.12875219155297324;0.0;0.00194987985938929;0.13441440410870714;2.1731036680628623e-13;0.0;1.0692399126976931e-13;1.742673033303607e-13;0.0;-0.029475853193193405
6656.0;107.77428473248608;-0.315865485;0.059875287113069615;1.3590064754890494e-15;0.33482018230952126;0.0;0.0017418667636593954;0.1299707156920356;2.1731597904384057e-13;0.0;1.0692702937503028e-13;1.7426903244973972e-13;0.0;-0.210239781982301
6657.0;107.79742280030838;-0.333046405;0.05987528711306965;1.3590251649701002e-15;0.5869280680494421;0.0;0.0016232798221312047;0.12457686332071954;2.1732290735940964e-13;0.0;1.0693078028525081e-13;1.7427116716808482e-13;0.0;-0.4396588416387476
6658.0;107.81473052915908;-0.34432209500000005;0.05987528711306968;1.3590391369506292e-15;0.7842903955481881;0.0;0.0014405393802843234;0.12998031151410128;2.1732808657265294e-13;0.0;1.0693358451494991e-13;1.7427276304686514e-13;0.0;-0.6309675779377198
6659.0;72.2203361284274;-0.35429884500000003;0.05987528711291992;1.3309216793028272e-15;0.9055757361969377;0.0;0.0010906107558399849;0.1332243006489871;2.0640733064259326e-13;0.0;0.0;1.7105216733840296e-13;0.0;-0.7455472759703471
6660.0;50.049066133500624;-0.36000344500000003;0.004717952054556429;1.313989846233589e-15;0.9578266917871507;0.0;0.0008903738659636644;0.1422076567998554;1.9937595476047218e-13;0.0;0.0;0.0;0.0;-0.7455472759824959
6661.0;-0.015352500599865171;-0.360685905;0.0;0.0;0.96222025413077;0.0;0.0;0.1440616366231006;0.0;0.0;0.0;0.0;0.0;-0.7455472759913844
6662.0;-0.01557313835302034;-0.35951851;0.0;0.0;0.9533195719135737;0.0;0.0;0.15178993851412473;0.0;0.0;0.0;0.0;0.0;-0.7455472759913844
6663.0;50.03873859629411;-0.354630845;0.028338903494725107;1.3139820120621744e-15;0.8823266928527197;0.0;0.0007445702648305809;0.1888711918765427;1.9937262862461143e-13;0.0;0.0;0.0;0.0;-0.7455472759824994
6664.0;107.8075241801726;-0.34752225999999997;0.05987528711306967;1.359033265715588e-15;0.7602098167216781;0.0;0.0007892833724898532;0.1877962628967267;2.1732591022041504e-13;0.0;1.0693240612482674e-13;1.7427209243533497e-13;0.0;-0.6608382646388996
6665.0;107.79019237780074;-0.33890296999999997;0.059875287113069636;1.359019268494615e-15;0.5708573778539013;0.0;0.0007581786099414493;0.18846809526785968;2.1732072154501384e-13;0.0;1.0692959686699537e-13;1.7427049367168472e-13;0.0;-0.4807431335328349
6666.0;107.77297629496489;-0.3305709499999999;0.05987528711306961;1.35900536594465e-15;0.3810806898721035;0.0;0.0007756750274374332;0.18800740790269552;2.1731556771422689e-13;0.0;1.0692680669859251e-13;1.7426890571698448e-13;0.0;-0.2988528008637948
6667.0;107.75592472177048;-0.32024304;0.05987528711306958;1.3589915998393486e-15;0.19093065621014005;0.0;0.0007406821924454413;0.1834965364247225;2.173104642201564e-13;0.0;1.0692404400113204e-13;1.7426733334261882e-13;0.0;-0.11448320151394217
6668.0;768.2438331582144;-0.31074688999999994;0.05987528711315566;2.235202796263214e-15;0.06204270570044763;4.335520808695635e-18;0.0005890464826905672;0.18030053519108558;3.1520846918353004e-13;0.0;0.0039162619788950855;2.653533128845196e-13;4.309918458608345e-14;-2.3740140894003536e-12
6669.0;768.2500622477946;-0.30710121999999995;0.05987528711315566;2.2352046478755618e-15;0.016834344300414226;4.335523565995635e-18;0.0006337595597914183;0.19483130323869893;3.1520852019991915e-13;0.0;0.03155327730957789;2.6535348618614746e-13;4.3099292885661574e-14;-2.374011223953447e-12
6670.0;768.249233446688;-0.30108366999999997;0.05987528711315566;2.2352028246134866e-15;0.011658461410526053;4.335520850913893e-18;0.0006609762193962775;0.2006090588174509;3.1520846996465187e-13;0.0;0.024907947396772868;2.653533155379599e-13;4.3099186244276846e-14;-2.3740140455271075e-12
6671.0;768.2491162126074;-0.29081760999999995;0.05987528711315566;2.2352025696139086e-15;0.011268149185707958;4.335520471184652e-18;0.000565717895529296;0.19964929904074097;3.152084629387843e-13;0.0;0.016087069628709243;2.653532916712143e-13;4.309917132954478e-14;-2.374014440150369e-12
6672.0;768.2489487627216;-0.280213865;0.05987528711315566;2.235202200938086e-15;0.011251180741106308;4.335519922174538e-18;0.0005054524066542984;0.2007146321994957;3.152084527808515e-13;0.0;0.0044954946276079275;2.6535325716506485e-13;4.309914976599311e-14;-2.3740150106930267e-12
6673.0;0.04034548955010445;-0.31368570999999995;0.0;0.0;0.0035297360851037573;0.0;0.022611218884741126;0.4340259735233798;0.0;0.0;0.0;0.0;0.0;-0.1464889798875711
6674.0;0.040054801168002384;-0.31082928000000004;0.0;0.0;0.0017818451800875755;0.0;0.022339052196606018;0.4253289756687943;0.0;0.0;0.0;0.0;0.0;-0.13862826253527463
6675.0;0.03909244249110406;-0.30819568;0.0;0.0;0.0008824401958270878;0.0;0.021143462872286235;0.4240329796819902;0.0;0.0;0.0;0.0;0.0;-0.1378708914635524
6676.0;0.03808237568606468;-0.3076801;0.0;0.0;0.0008654694731213988;0.0;0.019833174678466296;0.41815875778368833;0.0;0.0;0.0;0.0;0.0;-0.13118507081317735
6677.0;0.03663961231269319;-0.315880895;0.0;0.0;0.0008824387363370527;0.0;0.0179591127151477;0.414029951995975;0.0;0.0;0.0;0.0;0.0;-0.11699849468261242
6678.0;0.034001602609785804;-0.334289905;0.0;0.0;0.0021042458072225746;0.0;0.014461770862958469;0.40635718439955315;0.0;0.0;0.0;0.0;0.0;-0.08864150465734598
6679.0;0.03450101736446821;-0.352588305;0.0;0.0;0.01995660530988868;0.0;0.014298470844688922;0.39320224306143603;0.0;0.0;0.0;0.0;0.0;-0.07488096947234099
6680.0;0.041632367213322315;-0.366174085;0.0;0.0;0.13876453307147366;0.0;0.01612198759949866;0.38512723817139743;0.0;0.0;0.0;0.0;0.0;-0.17385329438710967
6681.0;0.05438101386619768;-0.37879136999999996;0.0;0.0;0.4081819446562609;0.0;0.01637860191734534;0.35654091277616085;0.0;0.0;0.0;0.0;0.0;-0.4023336267271713
6682.0;0.023615075363676585;-0.38937832499999997;0.0;0.0;0.6987493408013471;0.0;0.016874334046447927;0.3563436592379964;0.0;0.0;0.0;0.0;0.0;-0.6825893563360945
6683.0;0.02320662249177476;-0.397709035;0.0;0.0;0.7436959853804369;0.0;0.016077274495355294;0.3342040728052694;0.0;0.0;0.0;0.0;0.0;-0.6962686272428266
6684.0;0.023080104109313403;-0.402345255;0.0;0.0;0.7337927694270412;0.0;0.015830380430165155;0.34938593526020834;0.0;0.0;0.0;0.0;0.0;-0.6966641542521324
6685.0;0.024829465157835746;-0.39843399999999995;0.0;0.0;0.7210585545125031;0.0;0.019244128239090406;0.3493871990746944;0.0;0.0;0.0;0.0;0.0;-0.6912562806053418
6686.0;0.02576990713061503;-0.39857397;0.0;0.0;0.7055824092832101;0.0;0.021079309265433662;0.3602790039323807;0.0;0.0;0.0;0.0;0.0;-0.6883671909590211
6687.0;0.026078739562608935;-0.393614765;0.0;0.0;0.7143664964772455;0.0;0.021681964064336208;0.34495698329571717;0.0;0.0;0.0;0.0;0.0;-0.6873911303116472
6688.0;0.07432943264780376;-0.384469325;0.0;0.0;0.6557588137452154;0.0;0.021687796238049794;0.33647955816982905;0.0;0.0;0.0;0.0;0.0;-0.6292702858574774
6689.0;0.05815963016527328;-0.37335502499999995;0.0;0.0;0.40600977297891905;0.0;0.021444790300127005;0.31513197915041635;0.0;0.0;0.0;0.0;0.0;-0.36925525524121305
6690.0;0.04824327444162076;-0.3607429449999999;0.0;0.0;0.16652763669083706;0.0;0.023027245113045033;0.2893082454865408;0.0;0.0;0.0;0.0;0.0;-0.11813450263102956
6691.0;0.04246572296159511;-0.36009389999999997;0.0;0.0;0.03582384648293007;0.0;0.02340050229041144;0.3017995732714738;0.0;0.0;0.0;0.0;0.0;-0.0009390223828197434
6692.0;0.04163777388657097;-0.359050775;0.0;0.0;0.008994038920789054;0.0;0.023944835635002354;0.32695863881449566;0.0;0.0;0.0;0.0;0.0;-0.0008547032172988429
6693.0;0.04153804224693272;-0.35113965999999996;0.0;0.0;0.006007314302380173;0.0;0.024008989196317818;0.34161877168274496;0.0;0.0;0.0;0.0;0.0;-0.020503258080706892
6694.0;0.040933721270313424;-0.33885988;0.0;0.0;0.005056996614485784;0.0;0.02328191534755177;0.351102955039557;0.0;0.0;0.0;0.0;0.0;-0.04058982173734653
6695.0;0.041183797519547094;-0.3274958699999999;0.0;0.0;0.00336003947929353;0.0;0.023709605848545957;0.363455679394655;0.0;0.0;0.0;0.0;0.0;-0.0630371358843425
6696.0;0.040648548767949114;-0.317541055;0.0;0.0;0.0017648761982162599;0.0;0.023110839153101637;0.3712214263519572;0.0;0.0;0.0;0.0;0.0;-0.0785637061788711
6697.0;0.028194832975913183;-0.29649311500000003;0.0;0.0;0.0002884737295820646;0.0;0.011629293173319177;0.38631529997552483;0.0;0.0;0.0;0.0;0.0;-0.10174676460508178
6698.0;0.027133789000879722;-0.22739437;0.0;0.0;0.00033937419146966795;0.0;0.010249019187662354;0.34673312212741453;0.0;0.0;0.0;0.0;0.0;-0.12993405918308337
6699.0;0.028121433032668394;-0.22702970999999997;0.0;0.0;0.00028847352552884177;0.0;0.011534034811283737;0.3464719935629955;0.0;0.0;0.0;0.0;0.0;-0.13127161115652253
6700.0;0.027049160744145477;-0.28431706500000004;0.0;0.0;0.0002884701464465173;0.0;0.010142096544019196;0.3669909628050405;0.0;0.0;0.0;0.0;0.0;-0.09311138045380592
6701.0;0.027145017272971545;-0.28253709999999993;0.0;0.0;0.00028847048162662875;0.0;0.010266515606804359;0.36110823877709974;0.0;0.0;0.0;0.0;0.0;-0.08913303199629816
6702.0;0.026878453909834343;-0.284116735;0.0;0.0;0.0003563420727313825;0.0;0.009916586977119952;0.3612662262153418;0.0;0.0;0.0;0.0;0.0;-0.08742935971769364
6703.0;0.0280336100261658;-0.28899888500000004;0.0;0.0;0.0018325763034915564;0.0;0.011331853840564031;0.37021182456161394;0.0;0.0;0.0;0.0;0.0;-0.09438450852660943
6704.0;0.030015199071921024;-0.296733865;0.0;0.0;0.024333907013111212;0.0;0.012611037359026892;0.37590394614304995;0.0;0.0;0.0;0.0;0.0;-0.11612349482643233
6705.0;0.037770173289975714;-0.30867576999999996;0.0;0.0;0.16123290683539235;0.0;0.014360680336911508;0.3728581481536747;0.0;0.0;0.0;0.0;0.0;-0.23978916083220128
6706.0;0.04817764179479654;-0.32404763;0.0;0.0;0.3642293668854074;0.0;0.015591262574445295;0.37104190403629195;0.0;0.0;0.0;0.0;0.0;-0.4268359485352356
6707.0;0.047742215770708904;-0.33410214999999993;0.0;0.0;0.5464713341548506;0.0;0.015682632800092543;0.35386317220950464;0.0;0.0;0.0;0.0;0.0;-0.5824703789836296
6708.0;0.021244449700377865;-0.33981899;0.0;0.0;0.6044366605685283;0.0;0.01647774816945439;0.3695526824805035;0.0;0.0;0.0;0.0;0.0;-0.6506534169751198
6709.0;0.02148751375350214;-0.34535926;0.0;0.0;0.5906802452968524;0.0;0.016952095846437126;0.38687537654103055;0.0;0.0;0.0;0.0;0.0;-0.6491537839445329
6710.0;0.022853285270588268;-0.34375146;0.0;0.0;0.5568350778142507;0.0;0.019617385345142777;0.4123948709405307;0.0;0.0;0.0;0.0;0.0;-0.6451012604114122
6711.0;0.056399010047903896;-0.3382761249999999;0.0;0.0;0.4562582531197952;0.0;0.02066911521501248;0.42059642380053125;0.0;0.0;0.0;0.0;0.0;-0.5592715277537426
6712.0;0.04707523491006259;-0.329269045;0.0;0.0;0.26773734263618737;0.0;0.020006194948955832;0.43208903467063065;0.0;0.0;0.0;0.0;0.0;-0.3905806838705174
6713.0;0.03916619456551157;-0.332990455;0.0;0.0;0.08069268026375809;0.0;0.021026819965936094;0.4785318798935244;0.0;0.0;0.0;0.0;0.0;-0.24727060818636512
6714.0;0.03662286012559916;-0.34963238499999993;0.0;0.0;0.0136432347083244;0.0;0.021765558089716603;0.5235839392449179;0.0;0.0;0.0;0.0;0.0;-0.209367810741685
6715.0;0.03633565672921172;-0.35107206999999996;0.0;0.0;0.0005769695262812433;0.0;0.022181584312172417;0.5631872104757254;0.0;0.0;0.0;0.0;0.0;-0.2348798596736899
6716.0;0.03593574742051827;-0.3480303999999999;0.0;0.0;0.0003733333719737849;0.0;0.02167418786762795;0.5620783261297101;0.0;0.0;0.0;0.0;0.0;-0.23610162905586776
6717.0;0.036058489515105235;-0.34178088;0.0;0.0;0.0003393913931496029;0.0;0.021835543820063284;0.5601010823408181;0.0;0.0;0.0;0.0;0.0;-0.240501307127136
6718.0;0.035627189292264445;-0.33391930999999997;0.0;0.0;0.0003054527635797993;0.0;0.021277602128553896;0.5567284368679015;0.0;0.0;0.0;0.0;0.0;-0.2443983837314157
6719.0;0.03594014546992178;-0.327926345;0.0;0.0;0.00030545299118390465;0.0;0.02168390810976448;0.5437037266983817;0.0;0.0;0.0;0.0;0.0;-0.23777291968105255
6720.0;0.03608317282809419;-0.32039470999999997;0.0;0.0;0.00032242320770460803;0.0;0.02186859261894029;0.5355952983851267;0.0;0.0;0.0;0.0;0.0;-0.23739777070467735
6721.0;0.0424121597105287;-0.39101942;0.0;0.0;0.00028962446007300426;0.0;0.031244031748501034;0.6535727982274298;0.0;0.0;0.0;0.0;0.0;-0.29409401761484316
6722.0;0.04201079476195887;-0.387570536;0.0;0.0;0.0002725853334856492;0.0;0.03077128122542309;0.6503470029911296;0.0;0.0;0.0;0.0;0.0;-0.29382733475237777
6723.0;0.04215280769818134;-0.38494479800000003;0.0;0.0;0.0002725853749586466;0.0;0.030938603024791546;0.6470973770973933;0.0;0.0;0.0;0.0;0.0;-0.29337076278938706
6724.0;0.04114531253019248;-0.3813754840000001;0.0;0.0;0.00028962405950320086;0.0;0.02975141477761568;0.6467160965203403;0.0;0.0;0.0;0.0;0.0;-0.29538868730149004
6725.0;0.04023687788197974;-0.382976704;0.0;0.0;0.0002896237326913136;0.0;0.02868108628040767;0.6499345324516501;0.0;0.0;0.0;0.0;0.0;-0.2959356123020247
6726.0;0.04224084249525821;-0.38939515999999996;0.0;0.0;0.00028962440925845345;0.0;0.03104218321805122;0.6507681904799133;0.0;0.0;0.0;0.0;0.0;-0.292711828420242
6727.0;0.04121803868278926;-0.40659663;0.0;0.0;0.0003748075610347396;0.0;0.02983640368299426;0.6709033412350424;0.0;0.0;0.0;0.0;0.0;-0.2945249490264569
6728.0;0.04099176330425855;-0.429498112;0.0;0.0;0.00909725536674732;0.0;0.029488480527425788;0.6899098071266102;0.0;0.0;0.0;0.0;0.0;-0.2990042082946273
6729.0;0.024068425941153593;-0.4406748800000001;0.0;0.0;0.04067967684089035;0.0;0.02395092468657101;0.6703410638083981;0.0;0.0;0.0;0.0;0.0;-0.2942994451584647
6730.0;0.024063936675359436;-0.447757238;0.0;0.0;0.09133917026151968;0.0;0.023942956985794777;0.6429528634226875;0.0;0.0;0.0;0.0;0.0;-0.31048041235702045
6731.0;0.02427191819616275;-0.45498090999999996;0.0;0.0;0.16309481622419242;0.0;0.024312127357864425;0.5769701920120403;0.0;0.0;0.0;0.0;0.0;-0.30939889077472843
6732.0;0.0244155602710801;-0.460281582;0.0;0.0;0.20703160399572385;0.0;0.02456709394934782;0.5397149402307218;0.0;0.0;0.0;0.0;0.0;-0.31103472514666164
6733.0;0.024511321719901055;-0.46043565200000003;0.0;0.0;0.2175374648256253;0.0;0.02473707167699543;0.5312800189381759;0.0;0.0;0.0;0.0;0.0;-0.3131215749367576
6734.0;0.02472977769007352;-0.45641197;0.0;0.0;0.19542687308489468;0.0;0.025124833378585308;0.5456648107324596;0.0;0.0;0.0;0.0;0.0;-0.30980722444823044
6735.0;0.024289873466563843;-0.4524046340000001;0.0;0.0;0.15310954171966462;0.0;0.02434399820263472;0.5842975146176228;0.0;0.0;0.0;0.0;0.0;-0.30934908619477913
6736.0;0.024455959682093326;-0.44554990800000005;0.0;0.0;0.09051068819525683;0.0;0.024638803297991403;0.641026512646266;0.0;0.0;0.0;0.0;0.0;-0.31062876617836166
6737.0;0.02422852672049325;-0.4428711940000001;0.0;0.0;0.0420944961900106;0.0;0.024235106194809085;0.6475107683440217;0.0;0.0;0.0;0.0;0.0;-0.27097184078221903
6738.0;0.03638353182672266;-0.446082398;0.0;0.0;0.012487299777582993;0.0;0.024027945865315738;0.6623790374148163;0.0;0.0;0.0;0.0;0.0;-0.25281884392081605
6739.0;0.03563160140260396;-0.447207704;0.0;0.0;0.0010221933929524737;0.0;0.023249766534343994;0.6706554560327226;0.0;0.0;0.0;0.0;0.0;-0.24772694055135536
6740.0;0.030898096767719502;-0.440931314;0.0;0.0;0.00035775839066420055;0.0;0.017677684012998948;0.6618556329403996;0.0;0.0;0.0;0.0;0.0;-0.23896722824549013
6741.0;0.03025093209730297;-0.42963497000000006;0.0;0.0;0.00032368593644506054;0.0;0.01691544012402581;0.6497133591965738;0.0;0.0;0.0;0.0;0.0;-0.23732501245052623
6742.0;0.029971402427393896;-0.41562674400000005;0.0;0.0;0.0003236853155571941;0.0;0.016586108255402434;0.6468449552643167;0.0;0.0;0.0;0.0;0.0;-0.2481355144661268
6743.0;0.0316846319598982;-0.404670982;0.0;0.0;0.00032368863405287816;0.0;0.018604593815132738;0.6381618849979094;0.0;0.0;0.0;0.0;0.0;-0.25242661948310263
6744.0;0.032692277045514063;-0.39490836000000007;0.0;0.0;0.00032369013310415336;0.0;0.0197917820646529;0.6340769353703967;0.0;0.0;0.0;0.0;0.0;-0.25929143790037346
6745.0;0.2790878024323365;-0.35117853000000004;0.0;0.0;0.0002896298977050259;0.0;0.020344209757386898;0.4588017276069994;0.0;0.0;0.0;0.0;0.0;-0.12758331795994052
6746.0;0.28443589277624404;-0.34604468400000005;0.0;0.0;0.00028962990852278783;0.0;0.02422979446222682;0.47057539801165643;0.0;0.0;0.0;0.0;0.0;-0.14838120302466956
6747.0;0.28710693372951795;-0.3471779100000001;0.0;0.0;0.0003066652040631961;0.0;0.026768836823517;0.4873514374281359;0.0;0.0;0.0;0.0;0.0;-0.1665845367236395
6748.0;0.28848553013394984;-0.34893850200000004;0.0;0.0;0.00028962991652705186;0.0;0.02850579679536897;0.5037660881813347;0.0;0.0;0.0;0.0;0.0;-0.1829622810821815
6749.0;0.2902221428635021;-0.352250682;0.0;0.0;0.00027259081474550914;0.0;0.030022316865931483;0.512220678484993;0.0;0.0;0.0;0.0;0.0;-0.1896066032712309
6750.0;0.2896688285545621;-0.36098714600000004;0.0;0.0;0.00027259081377919607;0.0;0.030946570819547083;0.5351403204223179;0.0;0.0;0.0;0.0;0.0;-0.20471808562218338
6751.0;0.28708565660217367;-0.38194954400000003;0.0;0.0;0.0004088864830373783;0.0;0.031010312425428184;0.5648027139022371;0.0;0.0;0.0;0.0;0.0;-0.2136224327050802
6752.0;0.28570925477786135;-0.4074598960000001;0.0;0.0;0.007564408410586665;0.0;0.031153731163862188;0.5842035726415782;0.0;0.0;0.0;0.0;0.0;-0.21481308020373713
6753.0;0.285422402590216;-0.421239648;0.0;0.0;0.04071832776350608;0.0;0.031140451607039262;0.594636291422836;0.0;0.0;0.0;0.0;0.0;-0.24460019899979543
6754.0;0.28744115483356514;-0.42845123;0.0;0.0;0.11878166882984782;0.0;0.031225440512344348;0.5916215487580279;0.0;0.0;0.0;0.0;0.0;-0.31250302610514913
6755.0;0.2897576768589854;-0.432536442;0.0;0.0;0.2233545156201422;0.0;0.031198881482160802;0.5893010563630913;0.0;0.0;0.0;0.0;0.0;-0.4106180569093718
6756.0;0.29009823009568003;-0.4372562100000001;0.0;0.0;0.30974892617646194;0.0;0.03065442152815556;0.5952164159750036;0.0;0.0;0.0;0.0;0.0;-0.4976432089511445
6757.0;0.2902127152023699;-0.4363549120000001;0.0;0.0;0.3643012644334435;0.0;0.030436637596552397;0.6023490852078903;0.0;0.0;0.0;0.0;0.0;-0.5599994386946636
6758.0;0.28779290117529716;-0.43178013400000004;0.0;0.0;0.3535168708963116;0.0;0.0294725451390548;0.6090347718459914;0.0;0.0;0.0;0.0;0.0;-0.5595142255696961
6759.0;0.2836542937941882;-0.426781318;0.0;0.0;0.2974652802185853;0.0;0.027786047341272387;0.6112601628470443;0.0;0.0;0.0;0.0;0.0;-0.509012843200787
6760.0;0.2832810768903593;-0.41900312400000006;0.0;0.0;0.2066753336997158;0.0;0.027743552909486748;0.5940276334939776;0.0;0.0;0.0;0.0;0.0;-0.408745413153711
6761.0;0.28397824082123496;-0.41403523400000003;0.0;0.0;0.10694098238636263;0.0;0.02891746159777708;0.5851070445483116;0.0;0.0;0.0;0.0;0.0;-0.3062559371425453
6762.0;0.2841042398585527;-0.412920188;0.0;0.0;0.033528731436199735;0.0;0.02902635360526027;0.5690632927663595;0.0;0.0;0.0;0.0;0.0;-0.21803932371957616
6763.0;0.2829812907274713;-0.41418143800000007;0.0;0.0;0.003935536801204301;0.0;0.029180395889149623;0.5775369037823669;0.0;0.0;0.0;0.0;0.0;-0.19582101235239957
6764.0;0.28141731667064296;-0.41034749;0.0;0.0;0.0009540691681264991;0.0;0.028450022848122584;0.5808084203440786;0.0;0.0;0.0;0.0;0.0;-0.19921525079303465
6765.0;0.27714738883013723;-0.40100503200000004;0.0;0.0;0.0005281468470618025;0.0;0.026649321228452757;0.5950071849707297;0.0;0.0;0.0;0.0;0.0;-0.2205305841667204
6766.0;0.27092871593565493;-0.38839840800000003;0.0;0.0;0.00042592174031932825;0.0;0.02390311852245567;0.6135521205023471;0.0;0.0;0.0;0.0;0.0;-0.24883425477901583
6767.0;0.264873404859723;-0.376786558;0.0;0.0;0.0002896298675400022;0.0;0.019905985923682423;0.607522632736998;0.0;0.0;0.0;0.0;0.0;-0.2502791918847259
6768.0;0.2595947256379941;-0.365702742;0.0;0.0;0.0003066651454908596;0.0;0.016734838858199045;0.6079981393777425;0.0;0.0;0.0;0.0;0.0;-0.25868195486899065
6769.0;49.99295479804148;-0.334600872;0.054255796316471906;1.873839986829922e-15;0.00930217831160757;0.0;0.01760597476906594;0.30883503226147635;1.959252410075649e-13;0.0;0.0;0.0;0.0;-0.055276415966363374
6770.0;49.9939375155039;-0.327653422;0.05609526913315172;1.87384096218893e-15;0.007257745109762244;0.0;0.018477110620415294;0.3029767345284385;1.9592544856256634e-13;0.0;0.0;0.0;0.0;-0.05703180983799537
6771.0;49.99392390920433;-0.325508334;0.05519793489774871;1.8738409495709673e-15;0.005519975743733423;0.0;0.01821417632902752;0.2979363143218423;1.9592544587748799e-13;0.0;0.0;0.0;0.0;-0.051238530790757776
6772.0;49.9945245207499;-0.325149242;0.055933007157097196;1.873841545966624e-15;0.0036629459939922374;0.0;0.018649744275536267;0.29239185505618154;1.9592557278947767e-13;0.0;0.0;0.0;0.0;-0.04536684425665083
6773.0;49.994024746202264;-0.3271367780000001;0.05370825097436192;1.8738410531956853e-15;0.001567399291693465;0.0;0.01832041240846036;0.29700431434985036;1.9592546792866313e-13;0.0;0.0;0.0;0.0;-0.043342384914810954
6774.0;49.9934565134273;-0.335722122;0.05607119297245053;1.8738404904490737e-15;0.00134592144424282;0.0;0.01778923196962797;0.2996196256200494;1.9592534817704539e-13;0.0;0.0;0.0;0.0;-0.03898270892413179
6775.0;49.99310387269134;-0.3546592340000001;0.05477543297272485;1.8738401227903135e-15;0.019882131194273026;0.0;0.017106665174897485;0.29773660004212976;1.9592526993976153e-13;0.0;0.0;0.0;0.0;-0.03471887053026937
6776.0;49.99376151779894;-0.37676337;0.053785638722997534;1.873840662225997e-15;0.13684084519810913;0.0;0.01662594686858718;0.2940941850198656;1.9592538473091427e-13;0.0;0.0;0.0;0.0;-0.12445049319906658
6777.0;49.99560620723522;-0.396408466;0.04882930766086505;1.873842226149936e-15;0.41181733973836115;0.0;0.015696381183966813;0.28263436331416253;1.9592571753125711e-13;0.0;0.0;0.0;0.0;-0.3624125625909384
6778.0;49.99841190511128;-0.408108216;0.04563415228943552;1.8738447245197293e-15;0.7037626466393464;0.0;0.015043029264203697;0.25771757536351575;1.9592624917855655e-13;0.0;0.0;0.0;0.0;-0.6138675755747457
6779.0;0.024435171855848745;-0.41229602000000004;0.0;0.0;0.9276328530564039;0.0;0.014413580167243794;0.2149066724162351;0.0;0.0;0.0;0.0;0.0;-0.7449689706047252
6780.0;0.029851516057808877;-0.416062368;0.0;0.0;0.9240910542877109;0.0;0.015016470050366906;0.221831814185221;0.0;0.0;0.0;0.0;0.0;-0.744968970604723
6781.0;0.027016390342709667;-0.419611612;0.0;0.0;0.9107454507282384;0.0;0.014535751744751975;0.23901419733526788;0.0;0.0;0.0;0.0;0.0;-0.7449689706047234
6782.0;0.028860987889827206;-0.418355476;0.0;0.0;0.8928964642277303;0.0;0.015236909883650522;0.25511298361464013;0.0;0.0;0.0;0.0;0.0;-0.7449689706047239
6783.0;0.027888767491009984;-0.410833092;0.0;0.0;0.8769393561127228;0.0;0.015892917728902656;0.2628916892171443;0.0;0.0;0.0;0.0;0.0;-0.7449689706047248
6784.0;0.02861554913635014;-0.40063280600000006;0.0;0.0;0.8678315475188234;0.0;0.015433446640947422;0.26226078444160933;0.0;0.0;0.0;0.0;0.0;-0.7449689706047242
6785.0;49.99518039146375;-0.38899941400000004;0.04487741764552546;1.8738416056617354e-15;0.622854135534648;0.0;0.014490601609484727;0.3060200067115648;1.9592558549250872e-13;0.0;0.0;0.0;0.0;-0.5990687089668895
6786.0;49.99348286144663;-0.381350582;0.048530136826113734;1.8738402036658986e-15;0.3255592229541904;0.0;0.014039098261478084;0.2837565691041858;1.9592528714998573e-13;0.0;0.0;0.0;0.0;-0.29038552342207957
6787.0;49.99323400808593;-0.377320826;0.051759546673223224;1.8738401755910837e-15;0.09440178282090338;0.0;0.01497928761654397;0.26700906537742397;1.9592528117569325e-13;0.0;0.0;0.0;0.0;-0.05069942912989957
6788.0;503.8024630616069;-0.38098244600000003;0.05987528711314933;2.4661253423628796e-15;0.018945096771386356;5.050536196690412e-18;0.015146609457428423;0.27064197019850694;2.713138076619091e-13;0.0;3.2736364604003116e-13;2.7902523190874167e-13;3.299000980657457e-14;-5.448371965083551e-12
6789.0;612.0065685981167;-0.37596164;0.059875287113152875;2.6670506507398085e-15;0.009591808769244084;5.3787999956781464e-18;0.01258100802454072;0.27828819147155714;2.8244232498351575e-13;0.0;4.843330026453296e-13;2.9554116638284965e-13;3.9202669120245114e-14;-4.440097413036545e-12
6790.0;483.841734342489;-0.36619700800000005;0.059875287113148476;2.4321087801442773e-15;0.009966621395644451;4.993938361144022e-18;0.011048552594343806;0.28019023571489104;2.689994064837572e-13;0.0;3.0878361671795095e-13;2.7614064966583644e-13;3.2047096160293423e-14;-5.688443631906762e-12
6791.0;331.213706636144;-0.354759042;0.059875287113138;2.20122286271939e-15;0.009966621395404393;4.601686738714721e-18;0.009609053686769568;0.28174040241770343;2.4840578531715643e-13;0.0;2.156900349934742e-13;2.5586864318537494e-13;2.6325255175409422e-14;-8.566258264977074e-12
6792.0;204.24759741842215;-0.3432233860000001;0.059875287113113455;2.0400935972029317e-15;0.009745139732612772;4.319318029769563e-18;0.007617127082800382;0.28391824431302126;2.2682129056529454e-13;0.0;1.7243653099389918e-13;2.4099232748550396e-13;2.292041922640727e-14;-1.491078321271704e-11
6793.0;0.01620180949975403;-0.24958963400000006;0.0;0.0;0.007150588311298446;0.0;0.009255817743073205;0.23325205757761655;0.0;0.0;0.0;0.0;0.0;-8.328809641880403e-5
6794.0;0.017548401781463142;-0.246226462;0.0;0.0;0.003983787973650604;0.0;0.009978223335890385;0.23232718217736908;0.0;0.0;0.0;0.0;0.0;-7.608306167005252e-5
6795.0;40.52971508832966;-0.243296224;0.0;1.1666481253451074e-15;0.002214803267253457;0.0;0.00976575189861953;0.2339705459646463;1.977692076945297e-13;0.0;0.0;0.0;0.0;-3.927792208060257e-11
6796.0;49.997229515871766;-0.240441906;0.00768671266287827;1.1725099995287777e-15;0.000817774040560344;0.0;0.010480189496370574;0.22141704908073326;2.0095178628279938e-13;0.0;0.0;0.0;0.0;-3.1952318875602716e-11
6797.0;0.0199243414397873;-0.24099773800000002;0.0;0.0;0.0006813846913188957;0.0;0.011316798294959183;0.22905389374520055;0.0;0.0;0.0;0.0;0.0;-6.608272051345857e-5
6798.0;0.020603904795330117;-0.24283248600000004;0.0;0.0;0.01790293368695183;0.0;0.011473496549967812;0.21350819913834845;0.0;0.0;0.0;0.0;0.0;-6.373931249433537e-5
6799.0;0.013298353226225244;-0.24874316199999996;0.0;0.0;0.08896172989785248;0.0;0.011021992577956847;0.1865764210295938;0.0;0.0;0.0;0.0;0.0;-0.037817167083623884
6800.0;0.00814198483112742;-0.262486898;0.0;0.0;0.2685762135559539;0.0;0.01052533754777426;0.1896844888921113;0.0;0.0;0.0;0.0;0.0;-0.20629436303521748
6801.0;0.007790251192400655;-0.27983499200000006;0.0;0.0;0.4970938435657247;0.0;0.009901199007198378;0.19790268211198014;0.0;0.0;0.0;0.0;0.0;-0.42505793077818144
6802.0;0.007324554772692667;-0.29437429;0.0;0.0;0.6879513684324966;0.0;0.009075211815437906;0.19956646063198227;0.0;0.0;0.0;0.0;0.0;-0.6022139077143952
6803.0;0.007781270667147596;-0.304269608;0.0;0.0;0.7804431077199557;0.0;0.009885263553793969;0.20980640687114427;0.0;0.0;0.0;0.0;0.0;-0.6958603674999759
6804.0;0.007826179254552581;-0.309147238;0.0;0.0;0.8174356871776138;0.0;0.009964940855901872;0.19059189582479893;0.0;0.0;0.0;0.0;0.0;-0.708840486409108
6805.0;0.007199828721678207;-0.30951712600000003;0.0;0.0;0.8176715029460554;0.0;0.009935724900073353;0.19601667104132633;0.0;0.0;0.0;0.0;0.0;-0.7140955570593399
6806.0;0.001658143161093674;-0.30815140600000007;0.0;0.0;0.8002800044747322;0.0;0.007632527836027391;0.2146462650170131;0.0;0.0;0.0;0.0;0.0;-0.7144038057619673
6807.0;0.008133736378727394;-0.30537445;0.0;0.0;0.7757845160511443;0.0;0.01051205804368;0.23252861164313138;0.0;0.0;0.0;0.0;0.0;-0.713445645455737
6808.0;0.008121034933125795;-0.301419326;0.0;0.0;0.7037315351751011;0.0;0.010488154857594516;0.291482271209389;0.0;0.0;0.0;0.0;0.0;-0.7042778549248668
6809.0;0.008465213557967206;-0.295543012;0.0;0.0;0.5479274428850199;0.0;0.011099013063535066;0.3035767814063926;0.0;0.0;0.0;0.0;0.0;-0.5670554626721512
6810.0;0.008192863230269165;-0.2923811780000001;0.0;0.0;0.36764796997840116;0.0;0.010615638393237432;0.31254560596070935;0.0;0.0;0.0;0.0;0.0;-0.3984232602057408
6811.0;0.00732305999785943;-0.28460723800000004;0.0;0.0;0.1780801509729135;0.0;0.009072555913022265;0.2966653899194401;0.0;0.0;0.0;0.0;0.0;-0.19920601561510798
6812.0;0.00806266920350607;-0.284094878;0.0;0.0;0.0438256041849619;0.0;0.01038457444923771;0.28633546754274364;0.0;0.0;0.0;0.0;0.0;-0.05644598464410596
6813.0;0.007360494734032304;-0.282888078;0.0;0.0;0.00850859632810807;0.0;0.009138953839421452;0.28495188409200006;0.0;0.0;0.0;0.0;0.0;-0.019706516785890985
6814.0;0.00727362162277742;-0.280676886;0.0;0.0;0.004980872302063222;0.0;0.008984910614733692;0.28061915429243794;0.0;0.0;0.0;0.0;0.0;-0.0139032033376861
6815.0;0.007589628607217411;-0.27642351400000004;0.0;0.0;0.005203519733474345;0.0;0.00954530728992281;0.28692973129986654;0.0;0.0;0.0;0.0;0.0;-0.02525022653636051
6816.0;0.007884553434839498;-0.26960611600000006;0.0;0.0;0.005404510671146818;0.0;0.010068521312431434;0.2863478901183638;0.0;0.0;0.0;0.0;0.0;-0.03221001096262249
6817.0;70.77137603575588;-0.271703146;0.059875287112930664;1.0972375639263202e-15;0.010699211356873283;0.0;0.001869755039616771;0.22957682135933047;2.0929704658591475e-13;0.0;0.0;1.463620472034245e-13;0.0;-2.113150364872467e-11
6818.0;49.990306935883524;-0.26559108600000003;0.026235724284966365;1.0853732297415312e-15;0.00942143869743949;0.0;0.0018644432668678357;0.22822636893560436;2.0201971033064232e-13;0.0;0.0;0.0;0.0;-2.961860579224964e-11
6819.0;49.983821618413586;-0.26260803200000005;0.023697538507672006;1.0853704752247398e-15;0.007905147178860978;0.0;0.0026505902546708937;0.22832147097356256;2.0201798407309789e-13;0.0;0.0;0.0;0.0;-2.962139937172921e-11
6820.0;49.98672151302885;-0.26424369600000003;0.023617575749214654;1.085372149037432e-15;0.006968116566304452;0.0;0.0044645713891145475;0.22915837064971095;2.0201903305460167e-13;0.0;0.0;0.0;0.0;-2.961970175751939e-11
6821.0;49.98783513686886;-0.27035231600000004;0.023076464226248223;1.0853727795553365e-15;0.014208822575996875;0.0;0.0049877840855298405;0.22804567506348344;2.0201942819973742e-13;0.0;0.0;0.0;0.0;-2.9619062325658925e-11
6822.0;49.987945707221705;-0.28591214200000004;4.358800608320761e-5;1.0853725084715032e-15;0.06572858160752923;0.0;0.005731436641559768;0.2144555624811687;2.0201925831178429e-13;0.0;0.0;0.0;0.0;-2.961933723847211e-11
6823.0;0.0012705175571970828;-0.30105992600000003;0.0;0.0;0.1985684594984676;0.0;0.0011315853946154278;0.12773337398941662;0.0;0.0;0.0;0.0;0.0;-0.026370067237157502
6824.0;0.0012705360429712924;-0.32714532600000007;0.0;0.0;0.45620067640396184;0.0;0.006657506394807194;0.12334066003664222;0.0;0.0;0.0;0.0;0.0;-0.2590500907812553
6825.0;0.0060267628455798194;-0.3451995520000001;0.0;0.0;0.7457759316337864;0.0;0.007718033668914144;0.13365531232480915;0.0;0.0;0.0;0.0;0.0;-0.5419455702461157
6826.0;0.0012705450829412668;-0.36046949400000006;0.0;0.0;0.918741816045697;0.0;0.00776683143214886;0.12533135229496037;0.0;0.0;0.0;0.0;0.0;-0.6913670795327633
6827.0;0.006675229616430378;-0.37196908600000006;0.0;0.0;0.9153495866673914;0.0;0.008838836194274747;0.138413893485386;0.0;0.0;0.0;0.0;0.0;-0.6906290405028152
6828.0;0.007015740028102571;-0.374340462;0.0;0.0;0.90372130410206;0.0;0.009470942319879848;0.15106561827212783;0.0;0.0;0.0;0.0;0.0;-0.6899132827396938
6829.0;0.0070530968510201025;-0.37222312399999996;0.0;0.0;0.8919223217261293;0.0;0.00953733991878458;0.16058179903516204;0.0;0.0;0.0;0.0;0.0;-0.6898142233392267
6830.0;0.007081577038935197;-0.37089547;0.0;0.0;0.8692975643353519;0.0;0.009587802211097072;0.18168325483004016;0.0;0.0;0.0;0.0;0.0;-0.6896690410543079
6831.0;0.007921250981979775;-0.36665231000000004;0.0;0.0;0.8438127685868454;0.0;0.011077766003372555;0.1997189868587031;0.0;0.0;0.0;0.0;0.0;-0.6879531506249472
6832.0;0.009333655470404437;-0.359503534;0.0;0.0;0.8129529498929794;0.0;0.013584938351076764;0.21878539624660473;0.0;0.0;0.0;0.0;0.0;-0.6858157432786273
6833.0;0.009281290082783007;-0.350125884;0.0;0.0;0.687477136125035;0.0;0.013491981724192683;0.24425131297552127;0.0;0.0;0.0;0.0;0.0;-0.5950905378442216
6834.0;0.009007494097074591;-0.34175720600000004;0.0;0.0;0.4833368789421568;0.0;0.013005951527083308;0.2438170393288947;0.0;0.0;0.0;0.0;0.0;-0.3983986450077722
6835.0;0.008735185307594834;-0.33015001400000005;0.0;0.0;0.26591587086426666;0.0;0.012522577242869407;0.2397034098226679;0.0;0.0;0.0;0.0;0.0;-0.18798781466889808
6836.0;0.009160659905147694;-0.316164644;0.0;0.0;0.0935890716168415;0.0;0.013276853586923307;0.20988346216035444;0.0;0.0;0.0;0.0;0.0;-0.0005807431074421028
6837.0;0.022674097214324215;-0.30705532799999996;0.0;0.0;0.028194378708744323;0.0;0.012530545767923918;0.26636909033730366;0.0;0.0;0.0;0.0;0.0;-4.9332465713459965e-5
6838.0;0.02022295053699982;-0.303091196;0.0;0.0;0.010798583436860226;0.0;0.01133273379333416;0.2810010181518961;0.0;0.0;0.0;0.0;0.0;-5.571885207633795e-5
6839.0;0.017727436539212868;-0.293851136;0.0;0.0;0.010490978966041524;0.0;0.009951664487667095;0.27345692949687134;0.0;0.0;0.0;0.0;0.0;-6.377946004487104e-5
6840.0;0.017948415123590244;-0.27562304000000004;0.0;0.0;0.010014022242343728;0.0;0.010076491927557914;0.25558018713032266;0.0;0.0;0.0;0.0;0.0;-6.298307493803235e-5
6841.0;594.5573982591338;-0.270291646;0.05987528711315684;1.871397051278575e-15;0.009029586968439716;3.846599901539188e-18;0.0034261136554525453;0.19169759602002825;2.995635174950721e-13;0.0;3.194606520148806e-13;2.313224438825483e-13;2.7043032551674703e-14;-3.4313898800665102e-12
6842.0;596.9748722000652;-0.268057434;0.059875287113156886;1.8747803741537676e-15;0.007036263452181447;3.852259379431368e-18;0.003675768431702737;0.19028057391233463;2.9978319575817146e-13;0.0;3.2268208519868134e-13;2.3167302434621156e-13;2.7154382832600727e-14;-3.4158326359177375e-12
6843.0;772.2170593236988;-0.265950102;0.05987528711315952;2.1564013882171048e-15;0.005554048236451383;4.310210137810279e-18;0.003734198306644201;0.17842132190513077;3.129900824735527e-13;0.0;1.187901222781444e-12;2.5991179104570694e-13;3.8648762510322526e-14;-2.5750913319525387e-12
6844.0;828.0684567469151;-0.26398011600000004;0.05987528711316011;2.2648418946405015e-15;0.0056221951197261465;4.479871212424434e-18;0.0034925112311435186;0.1735045360900041;3.1631373562732835e-13;0.0;8.163812698073892e-12;2.702885813167377e-13;4.467532973528336e-14;-2.3882790581769302e-12
6845.0;837.7507982558362;-0.26659132;0.05987528711316021;2.2843248574756687e-15;0.006678486115997706;4.509974370206342e-18;0.003540317435637268;0.16261533009628176;3.168436962287075e-13;0.0;0.030151573287709857;2.7212375083288283e-13;4.5888839729873403e-14;-2.359268639992273e-12
6846.0;837.7524690776027;-0.27828238400000005;0.05987528711316021;2.2843281711118767e-15;0.027685057102269692;4.5099794804031096e-18;0.003500478890224393;0.14821685019132091;3.1684378481646075e-13;0.0;0.03528155257314599;2.7212406220165657e-13;4.5889049918147264e-14;-2.359263807874036e-12
6847.0;98.44470125608548;-0.29718275000000005;0.05987528711304504;1.3672249898890113e-15;0.12925939905303854;0.0;0.0026638697698454085;0.13319069509279594;2.1335742704745088e-13;0.0;1.0507903885103892e-13;1.7611376700561876e-13;0.0;-0.028516103694416713
6848.0;98.44889486893942;-0.31797051800000004;0.059875287113045045;1.3672277322332372e-15;0.33613917584007386;0.0;0.0023796882625710643;0.12878746202475017;2.1335846833419537e-13;0.0;1.0507956387977083e-13;1.761140830617407e-13;0.0;-0.20986990234498973
6849.0;98.4543158986834;-0.335233814;0.05987528711304506;1.3672313040561221e-15;0.589240217572189;0.0;0.002217678194559305;0.12344271529668732;2.1335982456609137e-13;0.0;1.0508024771898154e-13;1.7611449471528111e-13;0.0;-0.4401390050091462
6850.0;98.45749261908131;-0.34655658600000006;0.059875287113045066;1.3672333185896028e-15;0.7873800359360603;0.0;0.0019680234599773073;0.12879697048643146;2.1336058948378222e-13;0.0;1.050806334115067e-13;1.761147268907136e-13;0.0;-0.6320134791900366
6851.0;74.46000369697529;-0.35658268600000004;0.05987528711292456;1.3496334928065304e-15;0.9091431691081071;0.0;0.0014899610400075883;0.1320114263375451;2.0649612457682397e-13;0.0;1.0177450519335286e-13;1.740828947208938e-13;0.0;-0.7449689705835038
6852.0;50.035182612721485;-0.36231276600000006;0.003502490432608249;1.3322049416530767e-15;0.9615999625658918;0.0;0.001216403161471245;0.14091299799514834;1.9935916446817014e-13;0.0;0.0;0.0;0.0;-0.7449689706089699
6853.0;0.009461857917183293;-0.362987414;0.0;0.0;0.967286622306519;0.0;0.00017222823639959878;0.14042510771972638;0.0;0.0;0.0;0.0;0.0;-0.7449689706216694
6854.0;0.009498777622388765;-0.36180578799999996;0.0;0.0;0.9577349160264031;0.0;0.0001709779992951054;0.1487958794202348;0.0;0.0;0.0;0.0;0.0;-0.7449689706216696
6855.0;50.029103584595624;-0.35689368600000004;0.027816441265943095;1.3322008349053285e-15;0.8858025382806739;0.0;0.0010172104760750097;0.1871517081510423;1.9935744580310086e-13;0.0;0.0;0.0;0.0;-0.7449689706089735
6856.0;98.45032946701126;-0.34974548800000005;0.059875287113045045;1.3672281060604605e-15;0.7632045938684149;0.0;0.001078296237433502;0.1860865653269226;2.1335861027822107e-13;0.0;1.0507963545017332e-13;1.7611412614541705e-13;0.0;-0.6610624148798722
6857.0;98.44628867444578;-0.341092836;0.05987528711304504;1.3672254415871305e-15;0.5731062183602741;0.0;0.001035801805660361;0.1867522813347458;2.1335759856089157e-13;0.0;1.0507912532955644e-13;1.7611381906397212e-13;0.0;-0.4802857961974516
6858.0;98.44245258815043;-0.33275166;0.05987528711304503;1.3672229288105662e-15;0.3825819224474715;0.0;0.0010597049079071922;0.18629578806831631;2.1335664443601282e-13;0.0;1.0507864425442166e-13;1.7611352946550642e-13;0.0;-0.29771594455650835
6859.0;98.43885327568383;-0.322404752;0.05987528711304502;1.367220587474984e-15;0.19168281009329233;0.0;0.0010118987034135236;0.1818259835736997;2.133557554021123e-13;0.0;1.0507819600432835e-13;1.7611325962551628e-13;0.0;-0.11269145107636744
6860.0;788.1749478477798;-0.31286233199999997;0.0598752871131597;2.1861372875888444e-15;0.062287117273508504;4.357092598203782e-18;0.000804738358989903;0.17865907874214404;3.1397043287556e-13;0.0;1.5687244034415378e-12;2.6278468509606905e-13;4.018896515527507e-14;-2.5190912981280227e-12
6861.0;837.7438254292576;-0.309180136;0.05987528711316021;2.284310412356917e-15;0.016900661662393214;4.509952093310015e-18;0.0008658240786216447;0.1930575586471126;3.1684331004248233e-13;0.0;0.03475065241450311;2.7212239348161e-13;4.588792347242958e-14;-2.3592897050198675e-12
6862.0;837.7432653117415;-0.303081596;0.05987528711316021;2.2843092967206433e-15;0.011704388854546287;4.5099503727996474e-18;0.0009030066960061028;0.198782713527009;3.168432802158495e-13;0.0;0.028083928793379054;2.7212228864944376e-13;4.5887852708388336e-14;-2.3592913319567466e-12
6863.0;837.7431289266598;-0.29270826800000005;0.05987528711316021;2.2843090110489417e-15;0.011312539030363672;4.509949932243709e-18;0.0007728675143264228;0.19783169140531062;3.1684327257838167e-13;0.0;0.01918375988369942;2.721222618059336e-13;4.588783458844772e-14;-2.359291748553234e-12
6864.0;821.1232578006083;-0.282023862;0.05987528711316004;2.2505431228592925e-15;0.011295503740119851;4.457705320555696e-18;0.0006905345371402652;0.19888732576876064;3.1591286663217636e-13;0.0;4.686726298294818e-12;2.689360822261432e-13;4.381224162964556e-14;-2.410361066085207e-12
6865.0;0.045799354648630344;-0.315608148;0.0;0.0;0.0035436430738947293;0.0;0.030890796793937;0.4278644166866323;0.0;0.0;0.0;0.0;0.0;-0.14669629574831947
6866.0;0.045470267674016726;-0.3127452640000001;0.0;0.0;0.0017888664204613392;0.0;0.030518970494575172;0.41932535980786645;0.0;0.0;0.0;0.0;0.0;-0.13889365137456894
6867.0;0.04407721359653904;-0.31010158400000004;0.0;0.0;0.0008859168308351528;0.0;0.028885590755318165;0.41823339534260334;0.0;0.0;0.0;0.0;0.0;-0.13790916063260186
6868.0;0.04255774045359989;-0.30957948;0.0;0.0;0.000868879105466835;0.0;0.027095512720294774;0.4126407965781964;0.0;0.0;0.0;0.0;0.0;-0.13103161507171415
6869.0;0.0403847784405338;-0.31783622600000005;0.0;0.0;0.0008859148913163832;0.0;0.02453522318054187;0.40886020877651563;0.0;0.0;0.0;0.0;0.0;-0.11645111781562585
6870.0;0.036338256326511206;-0.33634081400000004;0.0;0.0;0.0021125319943480114;0.0;0.019757255356585696;0.40182099019801887;0.0;0.0;0.0;0.0;0.0;-0.08735607366168772
6871.0;0.0343516682074817;-0.354816734;0.0;0.0;0.020034964520801436;0.0;0.019534159566229833;0.3888148990320655;0.0;0.0;0.0;0.0;0.0;-0.07359049177173954
6872.0;0.039328427168829505;-0.368501998;0.0;0.0;0.1393110560015888;0.0;0.022025395690130123;0.38052659710386266;0.0;0.0;0.0;0.0;0.0;-0.1733554625419188
6873.0;0.0415991237284981;-0.3811643560000001;0.0;0.0;0.4097898936405281;0.0;0.022375974775256345;0.35208675491533103;0.0;0.0;0.0;0.0;0.0;-0.40305781029213816
6874.0;0.04413856907313034;-0.39177411;0.0;0.0;0.7033367115511969;0.0;0.02305322980287982;0.34779475292087675;0.0;0.0;0.0;0.0;0.0;-0.6826660525534277
6875.0;0.025398189365770978;-0.400130258;0.0;0.0;0.7325844685204311;0.0;0.021964309955601936;0.33357582691259813;0.0;0.0;0.0;0.0;0.0;-0.6879967602819289
6876.0;0.02520816203175159;-0.40478879400000006;0.0;0.0;0.7220837921716;0.0;0.021627010386774462;0.3494776430857095;0.0;0.0;0.0;0.0;0.0;-0.6884020595451261
6877.0;0.02783563328893025;-0.400856;0.0;0.0;0.7089004788996925;0.0;0.02629077443172479;0.34907306338773825;0.0;0.0;0.0;0.0;0.0;-0.683410793373115
6878.0;0.02924812662811072;-0.40099343600000004;0.0;0.0;0.6925266974949751;0.0;0.028797945953133;0.3603973477746447;0.0;0.0;0.0;0.0;0.0;-0.6807310687069821
6879.0;0.029711975286119567;-0.395997782;0.0;0.0;0.7019896673364243;0.0;0.02962127560151377;0.3441692169661012;0.0;0.0;0.0;0.0;0.0;-0.6797849034748845
6880.0;0.05008628513727319;-0.38680911000000007;0.0;0.0;0.6583421078690416;0.0;0.029629243314863038;0.3221004508461626;0.0;0.0;0.0;0.0;0.0;-0.6231872356029684
6881.0;0.047616150316912874;-0.37566667000000004;0.0;0.0;0.40760918531411255;0.0;0.029297255601764743;0.31043329461546687;0.0;0.0;0.0;0.0;0.0;-0.37164390235601213
6882.0;0.04754756821011242;-0.36304176600000004;0.0;0.0;0.16718362047377142;0.0;0.03145915985147533;0.28486028770105626;0.0;0.0;0.0;0.0;0.0;-0.12045288680096318
6883.0;0.05519226961199524;-0.36243512;0.0;0.0;0.03596498174343373;0.0;0.03196909307846672;0.2945362542915961;0.0;0.0;0.0;0.0;0.0;-5.6293348052496707e-5
6884.0;0.05583732064142825;-0.36136697;0.0;0.0;0.009029546185663501;0.0;0.03271274563531756;0.3196528752338158;0.0;0.0;0.0;0.0;0.0;-5.4552675196003304e-5
6885.0;0.04743974456325627;-0.353359808;0.0;0.0;0.006030995093362577;0.0;0.03280039038149981;0.33648175315253587;0.0;0.0;0.0;0.0;0.0;-0.02195868827924368
6886.0;0.04658927461131862;-0.34095534400000005;0.0;0.0;0.005076931222236484;0.0;0.031807083006300974;0.3459126271904516;0.0;0.0;0.0;0.0;0.0;-0.04184676068636974
6887.0;0.04707171514621183;-0.32948735599999995;0.0;0.0;0.0033732795474148997;0.0;0.032391381464751505;0.35804000487003845;0.0;0.0;0.0;0.0;0.0;-0.06432285529865028
6888.0;0.04636507835131124;-0.31948143400000006;0.0;0.0;0.001771830717108119;0.0;0.031573363631234946;0.3658121262686257;0.0;0.0;0.0;0.0;0.0;-0.07968156855023473
6889.0;0.02790475720244781;-0.29831956200000004;0.0;0.0;0.0002895995326395502;0.0;0.015887605979343102;0.38918024221519115;0.0;0.0;0.0;0.0;0.0;-0.10704394999056098
6890.0;0.02630429373016895;-0.22884615600000002;0.0;0.0;0.00034069149518046527;0.0;0.01400191539479443;0.34932633906249133;0.0;0.0;0.0;0.0;0.0;-0.13482893487883374
6891.0;0.027794287692958643;-0.228471948;0.0;0.0;0.0002895990100109231;0.0;0.01575746674823287;0.3487552048937085;0.0;0.0;0.0;0.0;0.0;-0.13633639199192638
6892.0;0.0261799953450725;-0.28609682200000003;0.0;0.0;0.00028958978481757235;0.0;0.01385584075569995;0.3699099290336912;0.0;0.0;0.0;0.0;0.0;-0.09796468971503917
6893.0;0.02632430296850108;-0.28430488;0.0;0.0;0.00028959074650177874;0.0;0.01402581849932235;0.3639090824731314;0.0;0.0;0.0;0.0;0.0;-0.09392575633001436
6894.0;0.025918790348648222;-0.28589521799999995;0.0;0.0;0.0003577227399414396;0.0;0.013547756072770386;0.36415760279557646;0.0;0.0;0.0;0.0;0.0;-0.09217403022569856
6895.0;0.02756773367553173;-0.2908110380000001;0.0;0.0;0.0018396354373628881;0.0;0.015481252924306162;0.3728534109127811;0.0;0.0;0.0;0.0;0.0;-0.09936954845303562
6896.0;0.019327288689773268;-0.29861106200000004;0.0;0.0;0.024336252233569666;0.0;0.017228836310787;0.3777781680149852;0.0;0.0;0.0;0.0;0.0;-0.12073600734349348
6897.0;0.02064598292007919;-0.310620076;0.0;0.0;0.15739490179756205;0.0;0.0196191483432679;0.3727194201762309;0.0;0.0;0.0;0.0;0.0;-0.23911534218330122
6898.0;0.021593083549509243;-0.326073444;0.0;0.0;0.3525487839580789;0.0;0.02130033439918703;0.36945593774326785;0.0;0.0;0.0;0.0;0.0;-0.4172335857858043
6899.0;0.021663406242722172;-0.33617561999999995;0.0;0.0;0.517277712602093;0.0;0.02142516176711594;0.35316920546801644;0.0;0.0;0.0;0.0;0.0;-0.5556984354024861
6900.0;0.022275366409170806;-0.34192001200000005;0.0;0.0;0.5695745835741748;0.0;0.022511425710657194;0.36962817866298486;0.0;0.0;0.0;0.0;0.0;-0.6197961680245331
6901.0;0.022640450092346616;-0.347485888;0.0;0.0;0.5568903571220084;0.0;0.023159465818988194;0.38730043523777086;0.0;0.0;0.0;0.0;0.0;-0.6198663720627866
6902.0;0.02469181847354675;-0.34587444800000006;0.0;0.0;0.5222507004241469;0.0;0.026800707575597084;0.41294264590963964;0.0;0.0;0.0;0.0;0.0;-0.6161216625284642
6903.0;0.025501301248911427;-0.34037314999999996;0.0;0.0;0.4376328660987272;0.0;0.028237550601559486;0.41392507685895985;0.0;0.0;0.0;0.0;0.0;-0.5394244215702414
6904.0;0.024991078052005154;-0.331316846;0.0;0.0;0.2668360694825985;0.0;0.027331888016237354;0.4274251030209876;0.0;0.0;0.0;0.0;0.0;-0.39027827924568687
6905.0;0.03942756702311638;-0.33506635400000007;0.0;0.0;0.0810101464503197;0.0;0.028726236584218585;0.4783726978294983;0.0;0.0;0.0;0.0;0.0;-0.2530419481226793
6906.0;0.039764195862496396;-0.351821838;0.0;0.0;0.01369685803982359;0.0;0.02973547936167371;0.525762940408155;0.0;0.0;0.0;0.0;0.0;-0.21737866145468773
6907.0;0.040142659505683125;-0.353271316;0.0;0.0;0.0005792426904527825;0.0;0.030303842419145733;0.5662294335173136;0.0;0.0;0.0;0.0;0.0;-0.24384670938627526
6908.0;0.039553109781293075;-0.35019871999999996;0.0;0.0;0.000374804154993689;0.0;0.029610651994012412;0.5652309994912019;0.0;0.0;0.0;0.0;0.0;-0.24502327996372392
6909.0;0.03973998268985331;-0.34390434400000003;0.0;0.0;0.0003407284987833627;0.0;0.029831091854150373;0.5631856333265907;0.0;0.0;0.0;0.0;0.0;-0.24945864842875032
6910.0;0.03909279350344936;-0.33597922799999996;0.0;0.0;0.00030665605538999433;0.0;0.029068847966755712;0.5598962716547681;0.0;0.0;0.0;0.0;0.0;-0.25329811603087865
6911.0;0.039563922542345566;-0.329943486;0.0;0.0;0.0003066563675634649;0.0;0.029623931509181415;0.5465741613472714;0.0;0.0;0.0;0.0;0.0;-0.24656681176130035
6912.0;0.03977818861481841;-0.32237034800000003;0.0;0.0;0.00032369347345576126;0.0;0.029876242172390124;0.5382965445644363;0.0;0.0;0.0;0.0;0.0;-0.24613167054300608
6913.0;0.02876182461406477;-0.3934316900000001;0.0;0.0;0.0002962237941887563;0.0;0.03999563453048128;0.6399881429511526;0.0;0.0;0.0;0.0;0.0;-0.28685357578569165
6914.0;0.02850909619299729;-0.38996235200000007;0.0;0.0;0.0002787956265143449;0.0;0.0393904643232691;0.6374211367341626;0.0;0.0;0.0;0.0;0.0;-0.28713331471309766
6915.0;0.02859857972423429;-0.3873210110000001;0.0;0.0;0.00027879599771368817;0.0;0.03960465375945634;0.6343254107070321;0.0;0.0;0.0;0.0;0.0;-0.28689311742186835
6916.0;0.027963564759382085;-0.38373253800000007;0.0;0.0;0.0002962200927604085;0.0;0.038084928402249314;0.6334742079662531;0.0;0.0;0.0;0.0;0.0;-0.2881281016257971
6917.0;0.02739113252174753;-0.385344328;0.0;0.0;0.0002962170318638746;0.0;0.03671479577023833;0.6373974724644689;0.0;0.0;0.0;0.0;0.0;-0.2890694541201506
6918.0;0.028653876422164597;-0.39179812;0.0;0.0;0.0002962233286567252;0.0;0.03973724726059066;0.6384511252882757;0.0;0.0;0.0;0.0;0.0;-0.286691742884764
6919.0;0.02800841768728911;-0.40911253500000005;0.0;0.0;0.0003833418194469531;0.0;0.038193723106788646;0.658645990865874;0.0;0.0;0.0;0.0;0.0;-0.28811580518913754
6920.0;0.02781208143306937;-0.43219448400000005;0.0;0.0;0.009303065478646311;0.0;0.03774834500995898;0.6769875967013818;0.0;0.0;0.0;0.0;0.0;-0.2918514208985114
6921.0;0.016577452579370634;-0.4434926600000001;0.0;0.0;0.03884029835637708;0.0;0.030659692794876237;0.6759334171028271;0.0;0.0;0.0;0.0;0.0;-0.301942393407252
6922.0;0.01657462569546082;-0.450613091;0.0;0.0;0.08704093601360831;0.0;0.030649493302208595;0.6348453988005085;0.0;0.0;0.0;0.0;0.0;-0.3019243822542653
6923.0;0.016705581992681143;-0.45784149500000004;0.0;0.0;0.1577758018324716;0.0;0.031122070097142615;0.5700210833824786;0.0;0.0;0.0;0.0;0.0;-0.3010791060774562
6924.0;0.016796026217466883;-0.46315389900000004;0.0;0.0;0.2024019027092719;0.0;0.03144845407415074;0.5301345809240438;0.0;0.0;0.0;0.0;0.0;-0.30083268489401416
6925.0;0.01685632220237942;-0.4632935140000001;0.0;0.0;0.2140038630306435;0.0;0.03166604339168398;0.5193688309766489;0.0;0.0;0.0;0.0;0.0;-0.3017468698613907
6926.0;0.01699387193791562;-0.4592321650000001;0.0;0.0;0.1905792875073469;0.0;0.032162419034276184;0.536530210210805;0.0;0.0;0.0;0.0;0.0;-0.3000413988296202
6927.0;0.016716887552981147;-0.45520671300000015;0.0;0.0;0.147584157633568;0.0;0.031162868120985704;0.5777348948893168;0.0;0.0;0.0;0.0;0.0;-0.3012768534625028
6928.0;0.016821463666777125;-0.4483234060000001;0.0;0.0;0.08741982557995435;0.0;0.031540249560863036;0.6309671461728376;0.0;0.0;0.0;0.0;0.0;-0.30160546161799345
6929.0;0.016678260872690358;-0.44565213300000006;0.0;0.0;0.042937313734563616;0.0;0.031023474930583134;0.6605719964377511;0.0;0.0;0.0;0.0;0.0;-0.28888229774167296
6930.0;0.024881123617245357;-0.4489227110000001;0.0;0.0;0.012770147467584352;0.0;0.030758288359842886;0.6745120024662093;0.0;0.0;0.0;0.0;0.0;-0.2691250229468209
6931.0;0.02447711091235382;-0.4500653280000001;0.0;0.0;0.0010453954628455281;0.0;0.02976213723860701;0.6829168459459757;0.0;0.0;0.0;0.0;0.0;-0.2636645156863731
6932.0;0.02150369734388202;-0.4437434730000001;0.0;0.0;0.00036585210146675265;0.0;0.022629287247912952;0.6755610113645756;0.0;0.0;0.0;0.0;0.0;-0.2548181566417435
6933.0;0.021096223484958043;-0.43234316500000003;0.0;0.0;0.0003310004255341036;0.0;0.02165353508859255;0.6648081191099495;0.0;0.0;0.0;0.0;0.0;-0.2544549809794549
6934.0;0.020919877745482148;-0.4182101080000001;0.0;0.0;0.0003309988178236588;0.0;0.02123195573595157;0.6604661274116671;0.0;0.0;0.0;0.0;0.0;-0.2638244714644911
6935.0;0.022000515444465622;-0.40716319900000003;0.0;0.0;0.0003310077355984974;0.0;0.023815829037442275;0.6515903690891116;0.0;0.0;0.0;0.0;0.0;-0.2685794679697221
6936.0;0.02263585222596906;-0.3973330200000001;0.0;0.0;0.000331012081791338;0.0;0.025335554521962473;0.6479133050499439;0.0;0.0;0.0;0.0;0.0;-0.27625229369827153
6937.0;0.026517936251952912;-0.3534525850000001;0.0;0.0;0.00029622730557121366;0.0;0.026042720162266664;0.45406128402496615;0.0;0.0;0.0;0.0;0.0;-0.1269483229425545
6938.0;0.028595876990644656;-0.3482904380000001;0.0;0.0;0.0002962341791402691;0.0;0.031016675759444255;0.46708433971374624;0.0;0.0;0.0;0.0;0.0;-0.1501074431859779
6939.0;0.0299535811519804;-0.34945049500000014;0.0;0.0;0.0003136612885183422;0.0;0.03426691604323871;0.48411530244082734;0.0;0.0;0.0;0.0;0.0;-0.16924598801310337
6940.0;0.03088254095421532;-0.3512323390000001;0.0;0.0;0.00029623893825545623;0.0;0.03649040681937435;0.5003946620319282;0.0;0.0;0.0;0.0;0.0;-0.185949553390788
6941.0;0.0316936059487223;-0.35457034900000006;0.0;0.0;0.00027881201252838705;0.0;0.038431711422121206;0.5090993053203574;0.0;0.0;0.0;0.0;0.0;-0.19324004845871315
6942.0;0.03218786092234782;-0.3633439970000001;0.0;0.0;0.00027881262562518217;0.0;0.039614853333027604;0.5310563475748306;0.0;0.0;0.0;0.0;0.0;-0.20760657547536768
6943.0;0.03222115574203754;-0.38444120800000003;0.0;0.0;0.0004182207134246752;0.0;0.0396964492680211;0.5588896647537489;0.0;0.0;0.0;0.0;0.0;-0.2145636825148987
6944.0;0.032278551473455826;-0.4101308720000001;0.0;0.0;0.007736288123893434;0.0;0.039880040281720194;0.5771973937955808;0.0;0.0;0.0;0.0;0.0;-0.21468398975654657
6945.0;0.03214038920654969;-0.42403183600000016;0.0;0.0;0.041648448555031206;0.0;0.03986304105728028;0.5871868136543111;0.0;0.0;0.0;0.0;0.0;-0.24466609068205175
6946.0;0.03188728721578637;-0.43129823500000003;0.0;0.0;0.12149658228080108;0.0;0.03997183576126861;0.5849146779905673;0.0;0.0;0.0;0.0;0.0;-0.31508138611811515
6947.0;0.031477878288531935;-0.43538166900000014;0.0;0.0;0.22846025211423196;0.0;0.03993783741883379;0.583266106834877;0.0;0.0;0.0;0.0;0.0;-0.4162747948353516
6948.0;0.030915479948292718;-0.44010384500000005;0.0;0.0;0.3168298344674614;0.0;0.03924087162462186;0.588928997802104;0.0;0.0;0.0;0.0;0.0;-0.5048835244463961
6949.0;0.030862190827907053;-0.4391730840000001;0.0;0.0;0.3726294222644094;0.0;0.038962085371304925;0.5957496199602001;0.0;0.0;0.0;0.0;0.0;-0.5681571045720014
6950.0;0.030363203862107;-0.43455946300000003;0.0;0.0;0.36159838238034425;0.0;0.03772794600088979;0.6014806825233818;0.0;0.0;0.0;0.0;0.0;-0.5662361956188059
6951.0;0.02943972248180903;-0.42953315100000006;0.0;0.0;0.3042651142937192;0.0;0.035569052095481744;0.6024525876701633;0.0;0.0;0.0;0.0;0.0;-0.5127420078897598
6952.0;0.02969750475520332;-0.42171451800000004;0.0;0.0;0.21139948601474226;0.0;0.03551465477047308;0.5858261132584723;0.0;0.0;0.0;0.0;0.0;-0.41101888281104654
6953.0;0.030700049435037253;-0.4167379130000001;0.0;0.0;0.10938503990823514;0.0;0.037017380903410786;0.5775472399412592;0.0;0.0;0.0;0.0;0.0;-0.30720885926955094
6954.0;0.031038486219642697;-0.41566036600000006;0.0;0.0;0.03429433381563304;0.0;0.037156774083998895;0.5620979585778753;0.0;0.0;0.0;0.0;0.0;-0.2178887301856128
6955.0;0.031233465696170564;-0.4169469910000001;0.0;0.0;0.004024847960228868;0.0;0.03735396434937033;0.5699101148764697;0.0;0.0;0.0;0.0;0.0;-0.19434292011822868
6956.0;0.030848993032928172;-0.4130778050000001;0.0;0.0;0.0009758335152617125;0.0;0.03641901032289111;0.572576219432906;0.0;0.0;0.0;0.0;0.0;-0.1968938481243296
6957.0;0.02988813086035769;-0.4036444240000001;0.0;0.0;0.0005401980208112214;0.0;0.03411392355837915;0.584933041581137;0.0;0.0;0.0;0.0;0.0;-0.2159433420706761
6958.0;0.028420267969443587;-0.3909321560000001;0.0;0.0;0.0004356336700779595;0.0;0.03059849632558517;0.6012524560467214;0.0;0.0;0.0;0.0;0.0;-0.24135506494605016
6959.0;0.026283595089765993;-0.37923683100000005;0.0;0.0;0.0002962263117419883;0.0;0.0254817477209731;0.5916487948493504;0.0;0.0;0.0;0.0;0.0;-0.23819061929348892
6960.0;0.024587489732667236;-0.36807301900000006;0.0;0.0;0.00031363975578757597;0.0;0.02142234702267797;0.5878738498500432;0.0;0.0;0.0;0.0;0.0;-0.24153753932012506
6961.0;50.015157828455045;-0.33669580400000004;0.01599832970869613;1.9206308273884993e-15;0.009514859601349183;0.0;0.022537492554262205;0.3258673093757268;1.9616318893501373e-13;0.0;0.0;0.0;0.0;-0.03733673030677823
6962.0;50.015634969109314;-0.3296977790000001;0.01739849813084478;1.9206312493862705e-15;0.007423683295213372;0.0;0.023652637726343576;0.3196859260468709;1.9616327532635872e-13;0.0;0.0;0.0;0.0;-0.03857540011857701
6963.0;50.01550397475226;-0.32753936300000003;0.01745109879901363;1.9206310994669284e-15;0.005646182264371185;0.0;0.02331605428168159;0.3143675262564723;1.9616324463489857e-13;0.0;0.0;0.0;0.0;-0.03335212746683353
6964.0;50.01574723281313;-0.327185269;0.018356465700207616;1.9206313014602537e-15;0.00374669412802959;0.0;0.023873626894392073;0.308517289611961;1.9616328598695158e-13;0.0;0.0;0.0;0.0;-0.02741744152255536
6965.0;50.015576539135;-0.329184621;0.017614072586033615;1.9206311658807115e-15;0.0016032356827780344;0.0;0.023452047595350044;0.3133841264103232;1.9616325823111979e-13;0.0;0.0;0.0;0.0;-0.02697929871437289
6966.0;50.015291715009674;-0.337821429;0.01687630706874836;1.920630910222277e-15;0.0013766940542696354;0.0;0.02277208097366815;0.3161436723095027;1.9616320589273903e-13;0.0;0.0;0.0;0.0;-0.01945875193633035
6967.0;50.01485618832164;-0.3569139130000001;0.01988186411836265;1.9206304750578493e-15;0.020336708301660227;0.0;0.021898323953350653;0.31415679771801175;1.9616311680584882e-13;0.0;0.0;0.0;0.0;-0.019469782076369214
6968.0;50.014149681638784;-0.37920696500000006;0.017729493641927174;1.9206297073946084e-15;0.1399695196354659;0.0;0.02128295414899382;0.3103135032114141;1.961629596497063e-13;0.0;0.0;0.0;0.0;-0.11019253708701561
6969.0;50.012596846682555;-0.39895823700000005;0.021457770742467977;1.9206279895601455e-15;0.421232966936077;0.0;0.020093012667729695;0.298221671407816;1.9616260797375032e-13;0.0;0.0;0.0;0.0;-0.36213611034967114
6970.0;50.011133949631756;-0.4106816120000001;0.026737918939097848;1.920626273401627e-15;0.719853194746807;0.0;0.019256653748663966;0.27193072057782214;1.9616225664008062e-13;0.0;0.0;0.0;0.0;-0.6271650135909076
6971.0;0.014817191378207147;-0.41487139000000006;0.0;0.0;0.9497710424748216;0.0;0.018450886927953897;0.21716241498702116;0.0;0.0;0.0;0.0;0.0;-0.7706267388105458
6972.0;0.015058125155245971;-0.41863937600000006;0.0;0.0;0.9439536464073249;0.0;0.019222649405383277;0.2259769618898571;0.0;0.0;0.0;0.0;0.0;-0.7706267388105456
6973.0;0.014864062878947587;-0.42219423400000006;0.0;0.0;0.9307271659482877;0.0;0.01860727931647009;0.24337298570192878;0.0;0.0;0.0;0.0;0.0;-0.7706267388105458
6974.0;0.015151957824274634;-0.42093118200000007;0.0;0.0;0.9125615525236264;0.0;0.019504835669014182;0.25937888483854243;0.0;0.0;0.0;0.0;0.0;-0.7706267388105457
6975.0;0.01544619158658435;-0.413358594;0.0;0.0;0.8963919055448362;0.0;0.020344595633751034;0.26713658151763153;0.0;0.0;0.0;0.0;0.0;-0.7706267388105454
6976.0;0.015237917746510116;-0.4030948670000001;0.0;0.0;0.8872799355546249;0.0;0.019756423464667692;0.26657274754300364;0.0;0.0;0.0;0.0;0.0;-0.7706267388105456
6977.0;50.01112311249372;-0.3914094230000001;0.021438374278408605;1.9206265764304143e-15;0.6370948237547147;0.0;0.018549488464248382;0.3228970349380864;1.9616231867650156e-13;0.0;0.0;0.0;0.0;-0.6086596168770539
6978.0;50.012043258050554;-0.38377139900000007;0.018201729647605476;1.920627529325693e-15;0.33300267901660136;0.0;0.017971516867822532;0.29940576693831045;1.9616251375418179e-13;0.0;0.0;0.0;0.0;-0.28490305618344697
6979.0;50.01344868402893;-0.379782257;0.01722763248743914;1.920628926873692e-15;0.0965601474839445;0.0;0.0191750577604629;0.2817346370207001;1.9616279986115124e-13;0.0;0.0;0.0;0.0;-0.03501085754801126
6980.0;408.15511982526516;-0.3835223470000001;0.05987528711314378;2.3324963840400626e-15;0.019378249898147792;4.892046014238065e-18;0.019389247249656072;0.2855678968377886;2.559690761745658e-13;0.0;2.5168835387916e-13;2.689784803555246e-13;2.91219906610365e-14;-7.510945490312631e-12
6981.0;516.4539300598814;-0.37844748000000006;0.05987528711314974;2.4942673108930543e-15;0.009811112054376321;5.170378953258861e-18;0.01610500857788367;0.293635807835141;2.6898832639928687e-13;0.0;3.254854668722597e-13;2.8299586331038976e-13;3.336972612354203e-14;-5.843607678893777e-12
6982.0;386.10966497898323;-0.36856485600000005;0.05987528711314208;2.3019035979266195e-15;0.010194494246916918;4.83865931008724e-18;0.014143305048212419;0.29564274997295026;2.530093831073343e-13;0.0;2.4051331730787366e-13;2.6626141238450584e-13;2.8381628545623318e-14;-7.978336458572469e-12
6983.0;231.55110863170844;-0.3570078690000001;0.059875287113118694;2.109068371132696e-15;0.01019449424643672;4.496507631777845e-18;0.012300595607983994;0.2972784084952046;2.294380985686546e-13;0.0;1.8366292632131028e-13;2.486425581669536e-13;2.410872158860341e-14;-1.4156632516832632e-11
6984.0;103.12331660348356;-0.3453696770000001;0.059875287112994724;1.9717988272605918e-15;0.009967948714338903;0.0;0.009750720829966149;0.29957635854736836;2.062692849857931e-13;0.0;1.5350718218909012e-13;2.3557641147233234e-13;0.0;-4.297359510359103e-11
6985.0;0.009909452143518975;-0.25125071300000007;0.0;0.0;0.0073082609596763605;0.0;0.011848371869270081;0.23324655207090425;0.0;0.0;0.0;0.0;0.0;-0.0011572893001916907
6986.0;0.01027921147055576;-0.24787055900000002;0.0;0.0;0.004069769696338961;0.0;0.012773142333263156;0.23197942278944345;0.0;0.0;0.0;0.0;0.0;-0.0009555441054296634
6987.0;0.010124524586863281;-0.244926468;0.0;0.0;0.0022602794114694124;0.0;0.012501151726138306;0.23118258917616955;0.0;0.0;0.0;0.0;0.0;-0.0010200504655802417
6988.0;43.10053659195908;-0.24205731700000002;0.0;1.1976595461908154e-15;0.0008364712988433324;0.0;0.0134157407266308;0.23362821732175337;1.9863119237340356e-13;0.0;0.0;0.0;0.0;-4.0711245248573586e-11
6989.0;0.010922861420161382;-0.242616341;0.0;0.0;0.000695640155672281;0.0;0.01448667531290004;0.2280403490797485;0.0;0.0;0.0;0.0;0.0;-0.0006069334717301438
6990.0;0.011029900419734269;-0.24446112700000003;0.0;0.0;0.018305636678763976;0.0;0.014687266255198521;0.21206576244126432;0.0;0.0;0.0;0.0;0.0;-0.0006015660520849532
6991.0;0.007144878756585692;-0.250414209;0.0;0.0;0.07811427011359108;0.0;0.014109248943676964;0.1697531092259172;0.0;0.0;0.0;0.0;0.0;-0.011561480972330512
6992.0;0.006967711996342502;-0.264240461;0.0;0.0;0.27598552513414876;0.0;0.013473463910129022;0.1675418729666654;0.0;0.0;0.0;0.0;0.0;-0.19275943002543944
6993.0;0.0067448507912391585;-0.2816811440000001;0.0;0.0;0.5162159636249937;0.0;0.012674476814663712;0.1794644752815799;0.0;0.0;0.0;0.0;0.0;-0.4266727526423717
6994.0;0.006449522751446857;-0.29629540500000007;0.0;0.0;0.7167320286447468;0.0;0.011617080862443506;0.18991376413163774;0.0;0.0;0.0;0.0;0.0;-0.6219663713482693
6995.0;0.006739159497033937;-0.306251056;0.0;0.0;0.8133010693711367;0.0;0.012654077058026401;0.2058566139757284;0.0;0.0;0.0;0.0;0.0;-0.7255596839821696
6996.0;0.006767623185050308;-0.31114909100000004;0.0;0.0;0.8489444118243024;0.0;0.012756075842634681;0.1893761513301585;0.0;0.0;0.0;0.0;0.0;-0.7399265342066228
6997.0;0.006757185655981962;-0.3115141070000001;0.0;0.0;0.830038456463004;0.0;0.012718676305483784;0.20868770614531226;0.0;0.0;0.0;0.0;0.0;-0.7399297157007987
6998.0;0.006483733796374493;-0.3101535670000001;0.0;0.0;0.8122951248679956;0.0;0.011739481295200456;0.22680637383317412;0.0;0.0;0.0;0.0;0.0;-0.7406863257149865
6999.0;0.006962973114850843;-0.30736402500000004;0.0;0.0;0.7882153227312525;0.0;0.01345646430456486;0.24503619990634082;0.0;0.0;0.0;0.0;0.0;-0.7393429899967336
7000.0;0.006954431711512239;-0.30339250700000003;0.0;0.0;0.7331627890408611;0.0;0.013425864888690079;0.28683928242679274;0.0;0.0;0.0;0.0;0.0;-0.7300344558926352
7001.0;0.007172363048445354;-0.29748303400000004;0.0;0.0;0.5695664768554348;0.0;0.014207846367702889;0.28390319975618256;0.0;0.0;0.0;0.0;0.0;-0.5701935553623506
7002.0;0.006999937670224468;-0.29431492100000006;0.0;0.0;0.3800593442265187;0.0;0.013589061484308808;0.28782692581288294;0.0;0.0;0.0;0.0;0.0;-0.3871594458263086
7003.0;0.0064485673755852084;-0.28650759100000006;0.0;0.0;0.17747844847152253;0.0;0.011613680867406906;0.2755471378379272;0.0;0.0;0.0;0.0;0.0;-0.17813057855668574
7004.0;0.006917461530463496;-0.286024071;0.0;0.0;0.030748803047128476;0.0;0.013293267434708907;0.26929584966492204;0.0;0.0;0.0;0.0;0.0;-0.027312868023325675
7005.0;0.00647227421609993;-0.284828471;0.0;0.0;0.004465704117699045;0.0;0.011698681209478898;0.2720285430553462;0.0;0.0;0.0;0.0;0.0;-0.003363366727149612
7006.0;0.0064171506365775805;-0.28258692700000004;0.0;0.0;0.00438819207652843;0.0;0.011501480280209532;0.27012053149203297;0.0;0.0;0.0;0.0;0.0;-0.0034221697516327227
7007.0;0.006617661735530615;-0.27827387300000006;0.0;0.0;0.0030459785822541646;0.0;0.01221888057535672;0.2676791410294456;0.0;0.0;0.0;0.0;0.0;-0.004669075763717223
7008.0;0.006804334613055681;-0.2713881620000001;0.0;0.0;0.0023439173317502887;0.0;0.012888674063190442;0.2639508321351847;0.0;0.0;0.0;0.0;0.0;-0.007794297513152918
7009.0;50.01314793159983;-0.273475497;0.017434143783166444;1.112487282933024e-15;0.010943833851558685;0.0;0.0023934823737968604;0.24223800170410964;2.0177477749266969e-13;0.0;0.0;0.0;0.0;-3.252748173518797e-11
7010.0;50.00337846371676;-0.26732682700000004;0.014346192466882603;1.112478814431866e-15;0.0096368467091783;0.0;0.0023866827481181054;0.24081307172003877;2.0176966191386112e-13;0.0;0.0;0.0;0.0;-3.253733216176402e-11
7011.0;50.00422386074843;-0.2643269240000001;0.011790038384884974;1.1124792822484962e-15;0.00808588730684456;0.0;0.0033930332692647023;0.24091341864311525;2.0176994451208076e-13;0.0;0.0;0.0;0.0;-3.2536787845112555e-11
7012.0;50.006121610837624;-0.26597597200000006;0.011191158672621385;1.1124803314295621e-15;0.007127432800562077;0.0;0.005715119200165393;0.24179647340438049;2.0177057829878557e-13;0.0;0.0;0.0;0.0;-3.2535567164074847e-11
7013.0;50.0065945307409;-0.27212806200000006;0.01044230359614168;1.1124805810972355e-15;0.014533687420911863;0.0;0.0063848862766500035;0.24062241256619366;2.017707291171086e-13;0.0;0.0;0.0;0.0;-3.253527669936121e-11
7014.0;27.216831409713514;-0.2878078190000001;0.0;1.1000202078150675e-15;0.06723137364599772;0.0;0.007336839472237774;0.22628280416953603;1.9410476235984113e-13;0.0;0.0;0.0;0.0;-5.924803400360534e-11
7015.0;0.0025053159000234387;-0.3030877070000001;0.0;0.0;0.18814830721545747;0.0;0.0014711096959910937;0.1215679587788168;0.0;0.0;0.0;0.0;0.0;-0.008098827672587855
7016.0;0.0025053157666119446;-0.3293530070000001;0.0;0.0;0.4635163105405328;0.0;0.0014408064321699858;0.1128687969441551;0.0;0.0;0.0;0.0;0.0;-0.24847206560877266
7017.0;0.002505315801936913;-0.3474760640000001;0.0;0.0;0.7749668965186677;0.0;0.0014403061712145984;0.11043915830757099;0.0;0.0;0.0;0.0;0.0;-0.5393694556865205
7018.0;0.006272042305445439;-0.3627859830000001;0.0;0.0;0.9192654332111292;0.0;0.010348915876773846;0.13350522029341838;0.0;0.0;0.0;0.0;0.0;-0.7003311272425025
7019.0;0.006476424577704905;-0.37432432700000007;0.0;0.0;0.9156746891904425;0.0;0.011314518603977782;0.14679035279147232;0.0;0.0;0.0;0.0;0.0;-0.699453958076442
7020.0;0.0067039199291472175;-0.37669855900000004;0.0;0.0;0.9038117038722383;0.0;0.012123712529872929;0.1594911238572353;0.0;0.0;0.0;0.0;0.0;-0.6987267248743609
7021.0;0.006727727171020792;-0.37456701800000003;0.0;0.0;0.8918831264740382;0.0;0.012208711346105905;0.16904723544713188;0.0;0.0;0.0;0.0;0.0;-0.6985708034005935
7022.0;0.006745793640012841;-0.3732344150000001;0.0;0.0;0.8691908225934759;0.0;0.01227331039367092;0.1900875137500411;0.0;0.0;0.0;0.0;0.0;-0.6983159827888296
7023.0;0.0072772496706778565;-0.3689717950000001;0.0;0.0;0.8435945627647476;0.0;0.014180663531931337;0.20788444956050464;0.0;0.0;0.0;0.0;0.0;-0.6966867258066319
7024.0;0.008169566359987357;-0.36178376300000004;0.0;0.0;0.8119379316202253;0.0;0.017390136386014467;0.22639031408256574;0.0;0.0;0.0;0.0;0.0;-0.6939335498812801
7025.0;0.008136516687364308;-0.35236183800000004;0.0;0.0;0.7129542155985218;0.0;0.017271141625435193;0.2192858206814891;0.0;0.0;0.0;0.0;0.0;-0.5971482686066412
7026.0;0.007963674345301089;-0.3439651670000001;0.0;0.0;0.49305823198883403;0.0;0.016648968746277144;0.22845360730424555;0.0;0.0;0.0;0.0;0.0;-0.3941945578052954
7027.0;0.007791682147296233;-0.33232062300000004;0.0;0.0;0.2585463277000906;0.0;0.016030194758370576;0.23471814205310024;0.0;0.0;0.0;0.0;0.0;-0.17697294826943874
7028.0;0.008059930236558013;-0.31827865800000005;0.0;0.0;0.09146359020994872;0.0;0.016995753712947464;0.211908761392164;0.0;0.0;0.0;0.0;0.0;-0.002088370901364927
7029.0;0.011797730573281649;-0.309105096;0.0;0.0;0.028833030273117375;0.0;0.016040407270915987;0.26453166506478815;0.0;0.0;0.0;0.0;0.0;-0.00030311545830256963
7030.0;0.011125664615978562;-0.30509122200000005;0.0;0.0;0.01103938890483446;0.0;0.014507079100633294;0.2800548025429661;0.0;0.0;0.0;0.0;0.0;-0.0005141247245212162
7031.0;0.01039032900067787;-0.2957725520000001;0.0;0.0;0.01072497784559842;0.0;0.01273915325895341;0.27313232626549716;0.0;0.0;0.0;0.0;0.0;-0.0008281630280610933
7032.0;0.010460307006898917;-0.27742778;0.0;0.0;0.010237098093736161;0.0;0.012898947058024725;0.2550848653703468;0.0;0.0;0.0;0.0;0.0;-0.0007973991769644311
7033.0;531.8290545091262;-0.27202374700000004;0.059875287113155894;1.790892910989045e-15;0.00923603583889274;3.758287468071445e-18;0.004385784485809467;0.20226973401115905;2.898748626474392e-13;0.0;2.414137244071484e-13;2.2392849650352348e-13;2.4223055484469404e-14;-4.214069898285802e-12
7034.0;535.0479448562677;-0.26977381300000003;0.059875287113155984;1.7946454411716613e-15;0.007197137769785847;3.764830432514886e-18;0.004705368759595519;0.20077456301912888;2.902194736115567e-13;0.0;2.436382850198835e-13;2.2432826961811608e-13;2.4331215963512713e-14;-4.185749183425965e-12
7035.0;716.4729891247794;-0.26766503900000005;0.059875287113159655;2.034132165157288e-15;0.005681033777303948;4.172904684416684e-18;0.004780165122121001;0.18826127230047116;3.062380056109473e-13;0.0;5.051403286716756e-13;2.4916739861887005e-13;3.2478588593342405e-14;-3.0412187170967173e-12
7036.0;774.4059402399596;-0.26568516200000003;0.05987528711316044;2.12468580219286e-15;0.005750738743708285;4.3224668315492345e-18;0.0044707803401933975;0.18307332534827617;3.1024159064919433e-13;0.0;7.685164408025271e-13;2.582118833239349e-13;3.6366826495768286e-14;-2.7976543495196706e-12
7037.0;885.5836867272183;-0.26830674000000004;0.05987528711316164;2.3231093009615916e-15;0.0068311803555222445;4.641493939567949e-18;0.0045319772913405745;0.17158357875954008;3.168234750957333e-13;0.0;0.010441720685439127;2.7736225769378664e-13;4.720695363051592e-14;-2.425495892220844e-12
7038.0;885.5833655357316;-0.2801000880000001;0.05987528711316164;2.3231083516504172e-15;0.028318037191930573;4.641492441158214e-18;0.004480979778712552;0.15639102151830264;3.16823449032061e-13;0.0;0.016002321250971445;2.773621682643438e-13;4.720689207398363e-14;-2.4254973028239366e-12
7039.0;86.72655621456595;-0.29915587500000007;0.05987528711299142;1.3906199219719847e-15;0.13221473433333036;0.0;0.0034100324401721755;0.14053617274538877;2.0915467350027222e-13;0.0;1.069547583604467e-13;1.7944711399545688e-13;0.0;-0.03731810107436856
7040.0;86.724441823184;-0.32007555100000007;0.05987528711299141;1.3906182451448089e-15;0.3438245277201772;0.0;0.003046250332776496;0.13589010101598714;2.0915403896686343e-13;0.0;1.069544369362022e-13;1.79446920151057e-13;0.0;-0.22298123133060568
7041.0;86.72203791849792;-0.3374212230000001;0.05987528711299139;1.3906163209956785e-15;0.6027123705955229;0.0;0.0028388604694250426;0.13025059107174397;2.0915331083994773e-13;0.0;1.0695406810523542e-13;1.7944669771570209e-13;0.0;-0.4586555869261271
7042.0;86.7200942372799;-0.3487910770000001;0.059875287112991386;1.3906148363551887e-15;0.8053823786400875;0.0;0.0025192762489786645;0.13590013387010233;2.091527490270122e-13;0.0;1.0695378352260757e-13;1.7944652608833949e-13;0.0;-0.655275310291715
7043.0;64.16927931233333;-0.3588665270000001;0.05987528711270733;1.3750250994881293e-15;0.9299294554631412;0.0;0.0019073062574343832;0.13929186722239564;2.03129000960233e-13;0.0;0.0;1.7764166239002192e-13;0.0;-0.7706267387835549
7044.0;50.01067557761045;-0.3646220870000001;0.0011858432840225906;1.3654439854741405e-15;0.9835856000984596;0.0;0.0015571235080462493;0.1486843612801604;1.993096099177608e-13;0.0;0.0;0.0;0.0;-0.7706267388066589
7045.0;0.004504612019057567;-0.3652889230000001;0.0;0.0;0.9837091009120749;0.0;0.0004068168187903043;0.15172803689769473;0.0;0.0;0.0;0.0;0.0;-0.7706267388277525
7046.0;0.0045041343376735965;-0.364093066;0.0;0.0;0.9746640606680566;0.0;0.00027771559599865873;0.15970630553450618;0.0;0.0;0.0;0.0;0.0;-0.7706267388277525
7047.0;50.011439843213104;-0.3591565270000001;0.024682560168396282;1.3654448634057723e-15;0.9060551737737962;0.0;0.0013021359982457413;0.19747314005689628;1.9930996374497272e-13;0.0;0.0;0.0;0.0;-0.7706267388066573
7048.0;86.71976826813967;-0.35196871600000007;0.059875287112991386;1.3906150168934916e-15;0.7806541989193777;0.0;0.0013803321736633716;0.19634925451939983;2.09152817345883e-13;0.0;1.0695381812896906e-13;1.7944654695895937e-13;0.0;-0.6867171940906384
7049.0;86.7213780382204;-0.34328270200000005;0.05987528711299139;1.390616301940005e-15;0.5862094900686776;0.0;0.00132593484819599;0.19705168481912738;2.0915330362896651e-13;0.0;1.069540644525475e-13;1.7944669551284257e-13;0.0;-0.5016200561998819
7050.0;86.72305557952184;-0.33493237;0.05987528711299141;1.3906176274606869e-15;0.3913291227392734;0.0;0.001356533323769044;0.19657001591197568;2.0915380522634324e-13;0.0;1.0695431853511412e-13;1.7944684874559535e-13;0.0;-0.3146518317654485
7051.0;86.72463363620729;-0.32456646400000005;0.059875287112991414;1.390618856215121e-15;0.19606536931505827;0.0;0.0012953363726229403;0.19185370133642068;2.0915427020422432e-13;0.0;1.0695455406967092e-13;1.7944699079191942e-13;0.0;-0.12498681527332338
7052.0;724.1929458437512;-0.314977774;0.059875287113159766;2.0455887548557122e-15;0.06371122504868833;4.191967484427704e-18;0.0010301494243714021;0.1885121414463564;3.067897983684186e-13;0.0;5.289637805355799e-13;2.503222428246502e-13;3.294144427158896e-14;-3.0068021288841228e-12
7053.0;885.5810252203268;-0.311259052;0.05987528711316164;2.3231046464114885e-15;0.01728707164142383;4.6414865927462e-18;0.001108345546395179;0.2037046986876223;3.168233473030186e-13;0.0;0.014223105851755529;2.7736181921366743e-13;4.7206651814870456e-14;-2.425502808549054e-12
7054.0;885.5811478180029;-0.30507952200000005;0.05987528711316164;2.3231050070578937e-15;0.011971993327209968;4.6414871619984846e-18;0.0011559431928442393;0.20974559632417125;3.168233572047619e-13;0.0;0.007266163011598798;2.7736185318824993e-13;4.720667520022926e-14;-2.4255022726516155e-12
7055.0;883.1618358136119;-0.29459892600000004;0.05987528711316162;2.3183484391984264e-15;0.011571184405130351;4.633976014819376e-18;0.0009893514036027073;0.20874212525521404;3.166922198656461e-13;0.0;3.51331188415318e-11;2.7691349968299906e-13;4.689962123133152e-14;-2.432605589919864e-12
7056.0;757.6630741930867;-0.283833859;0.059875287113160224;2.097478345599885e-15;0.011553759626780805;4.2777961612298224e-18;0.0008839565655060609;0.20985597793953367;3.0912012891573647e-13;0.0;6.671637493288531e-13;2.555144967775238e-13;3.5141056465623724e-14;-2.8644738658705583e-12
7057.0;0.030191146194212745;-0.31753058600000006;0.0;0.0;0.00362408954579548;0.0;0.03954345677977655;0.42432741617253017;0.0;0.0;0.0;0.0;0.0;-0.1499713539746265
7058.0;0.029994438191231845;-0.31466124800000006;0.0;0.0;0.001829612159352727;0.0;0.03906748015444051;0.4158827444692863;0.0;0.0;0.0;0.0;0.0;-0.14212528063434943
7059.0;0.029125533598434287;-0.31200748800000006;0.0;0.0;0.0009061231295619205;0.0;0.03697658293289698;0.4150429983178815;0.0;0.0;0.0;0.0;0.0;-0.140924833096217
7060.0;0.028168042303080218;-0.3114788600000001;0.0;0.0;0.0008886893182150256;0.0;0.03468509547288537;0.40970388170427413;0.0;0.0;0.0;0.0;0.0;-0.13380544874206327
7061.0;0.02679805185640174;-0.31979155700000006;0.0;0.0;0.0009061093686791847;0.0;0.031407656579208194;0.40628283033077367;0.0;0.0;0.0;0.0;0.0;-0.11881171545651448
7062.0;0.024238582932427945;-0.3383917230000001;0.0;0.0;0.00216027794195242;0.0;0.02529135701981343;0.39989451435009504;0.0;0.0;0.0;0.0;0.0;-0.08896155169353441
7063.0;0.01609398110373697;-0.35704516300000005;0.0;0.0;0.01948420336729659;0.0;0.025005770608156595;0.38701609609519866;0.0;0.0;0.0;0.0;0.0;-0.07446256444997235
7064.0;0.02650368040168395;-0.37082991100000007;0.0;0.0;0.14249455250372864;0.0;0.02819481439523571;0.3750646170518167;0.0;0.0;0.0;0.0;0.0;-0.17487659139594705
7065.0;0.017102077071736208;-0.3835373420000001;0.0;0.0;0.41838400962069844;0.0;0.028643592096951033;0.340550875679738;0.0;0.0;0.0;0.0;0.0;-0.40404279690697326
7066.0;0.01734230527011004;-0.39416989500000005;0.0;0.0;0.7036133368011723;0.0;0.029510549537106058;0.3416996426758015;0.0;0.0;0.0;0.0;0.0;-0.6806552956770837
7067.0;0.016956024257216724;-0.4025514810000001;0.0;0.0;0.7243022471344277;0.0;0.02811661798296082;0.33171953812004296;0.0;0.0;0.0;0.0;0.0;-0.6815885830802418
7068.0;0.016836374540933636;-0.4072323330000001;0.0;0.0;0.7138668289725684;0.0;0.027684839165796726;0.34770026186802183;0.0;0.0;0.0;0.0;0.0;-0.6820212574476241
7069.0;0.01849077002719366;-0.403278;0.0;0.0;0.7001296263716245;0.0;0.03365494608413855;0.3469320314032273;0.0;0.0;0.0;0.0;0.0;-0.6774402682801508
7070.0;0.019380133698694568;-0.4034129020000001;0.0;0.0;0.6835900098614257;0.0;0.036864388397272456;0.3580532272805478;0.0;0.0;0.0;0.0;0.0;-0.6750963909412308
7071.0;0.019672191584597362;-0.39838079900000006;0.0;0.0;0.6929773703664772;0.0;0.03791833662077037;0.34164406342462533;0.0;0.0;0.0;0.0;0.0;-0.6741606398724321
7072.0;0.03178644152107826;-0.3891488950000001;0.0;0.0;0.6733932342585525;0.0;0.03792853613339577;0.31488931448373364;0.0;0.0;0.0;0.0;0.0;-0.637008703599859
7073.0;0.027407250542346103;-0.37797831500000006;0.0;0.0;0.4169269065026748;0.0;0.03750355706791966;0.29758180563117015;0.0;0.0;0.0;0.0;0.0;-0.37404651041090053
7074.0;0.02987530217887117;-0.36534058700000005;0.0;0.0;0.17100494391957646;0.0;0.04027102104813429;0.27739428793239196;0.0;0.0;0.0;0.0;0.0;-0.12333040531920986
7075.0;0.03247508898970778;-0.36477634000000003;0.0;0.0;0.036786486406661933;0.0;0.04092378901149321;0.28718364173817523;0.0;0.0;0.0;0.0;0.0;-0.00013702699017937697
7076.0;0.03536074871827676;-0.36368316500000003;0.0;0.0;0.009235262137740926;0.0;0.04187574221149638;0.3126512196934108;0.0;0.0;0.0;0.0;0.0;-9.559078795161052e-5
7077.0;0.031210393964280644;-0.35557995600000003;0.0;0.0;0.006167855876608178;0.0;0.04198793667038631;0.33271196553736154;0.0;0.0;0.0;0.0;0.0;-0.025295049404429705
7078.0;0.030682682619296596;-0.34305080800000004;0.0;0.0;0.005192033124855536;0.0;0.04071639914550658;0.3422349318332721;0.0;0.0;0.0;0.0;0.0;-0.04509980087014675
7079.0;0.03099296246728646;-0.331478842;0.0;0.0;0.0034499419087531268;0.0;0.04146436239860127;0.3543015415114204;0.0;0.0;0.0;0.0;0.0;-0.06774388604488611
7080.0;0.030558460590861845;-0.3214218130000001;0.0;0.0;0.0018122056334801153;0.0;0.040417213854957626;0.36222228324516703;0.0;0.0;0.0;0.0;0.0;-0.0830365522461774
7081.0;0.019661658263635508;-0.30014600900000005;0.0;0.0;0.0002961086752068831;0.0;0.02033779886209071;0.3916703605017196;0.0;0.0;0.0;0.0;0.0;-0.11216289942912727
7082.0;0.018649611352284143;-0.23029794200000003;0.0;0.0;0.00034830469115218357;0.0;0.017923916255319812;0.3516732453548083;0.0;0.0;0.0;0.0;0.0;-0.13965225628346015
7083.0;0.01959188142265372;-0.22991418600000005;0.0;0.0;0.0002961075610169196;0.0;0.020171206982727674;0.3507931771686594;0.0;0.0;0.0;0.0;0.0;-0.14135094945072402
7084.0;0.018571715183839495;-0.2878765790000001;0.0;0.0;0.00029607236883162603;0.0;0.01773692520971706;0.3725276205222068;0.0;0.0;0.0;0.0;0.0;-0.10268875128510377
7085.0;0.018662922404396275;-0.28607266000000003;0.0;0.0;0.00029607707346278957;0.0;0.017954514766940825;0.3664215922081842;0.0;0.0;0.0;0.0;0.0;-0.09860422914698852
7086.0;0.01840567931927509;-0.287673701;0.0;0.0;0.00036569862989383503;0.0;0.01734254404915007;0.36674368810870095;0.0;0.0;0.0;0.0;0.0;-0.09678299043325524
7087.0;0.019441713097376908;-0.29262319100000006;0.0;0.0;0.001880289927792726;0.0;0.019817624279737052;0.37518410895409277;0.0;0.0;0.0;0.0;0.0;-0.10426448335774788
7088.0;0.013582639239244836;-0.30048825900000004;0.0;0.0;0.022304023504075295;0.0;0.022054711634388578;0.38051825141052337;0.0;0.0;0.0;0.0;0.0;-0.12438989217779411
7089.0;0.014431239671714438;-0.31256438200000003;0.0;0.0;0.1510276415999777;0.0;0.025114563931583973;0.3748814483140023;0.0;0.0;0.0;0.0;0.0;-0.23846045487885395
7090.0;0.015027875343350783;-0.328099258;0.0;0.0;0.33973012153529264;0.0;0.027266658611558994;0.37102147170130895;0.0;0.0;0.0;0.0;0.0;-0.40992018132253066
7091.0;0.015072168116668018;-0.33824909;0.0;0.0;0.5074293402895774;0.0;0.027426450747986192;0.35879255437666085;0.0;0.0;0.0;0.0;0.0;-0.5554004430451662
7092.0;0.015457571967027428;-0.34402103400000006;0.0;0.0;0.537306092966675;0.0;0.028816982623740384;0.37301638677605686;0.0;0.0;0.0;0.0;0.0;-0.5951196183360862
7093.0;0.015687479482701053;-0.3496125160000001;0.0;0.0;0.5242892906097467;0.0;0.02964654197555697;0.38986187374840653;0.0;0.0;0.0;0.0;0.0;-0.5941863817010371
7094.0;0.01697924663006001;-0.34799743600000005;0.0;0.0;0.4893812779533177;0.0;0.034307713437751935;0.41532556243781393;0.0;0.0;0.0;0.0;0.0;-0.5910183181781804
7095.0;0.017488934375287202;-0.342470175;0.0;0.0;0.4302550896510186;0.0;0.03614702320243519;0.42043231465877057;0.0;0.0;0.0;0.0;0.0;-0.5443654552590852
7096.0;0.017167671838441614;-0.33336464700000007;0.0;0.0;0.2565736015133825;0.0;0.03498768011314207;0.42947001974010546;0.0;0.0;0.0;0.0;0.0;-0.38766785564054496
7097.0;0.026151238873596046;-0.3371422530000001;0.0;0.0;0.0828593783501756;0.0;0.036772592823240385;0.47740547493009866;0.0;0.0;0.0;0.0;0.0;-0.25989775298626905
7098.0;0.027051067135375778;-0.354011291;0.0;0.0;0.014007089886074367;0.0;0.03806452937883073;0.5270349792869542;0.0;0.0;0.0;0.0;0.0;-0.22510182351800853
7099.0;0.027374252883882736;-0.35547056200000005;0.0;0.0;0.0005924038631410777;0.0;0.03879209366222806;0.5682289323647008;0.0;0.0;0.0;0.0;0.0;-0.25214725198358784
7100.0;0.027006456212629454;-0.35236704;0.0;0.0;0.0003833107224202129;0.0;0.037904737266506124;0.567344608495366;0.0;0.0;0.0;0.0;0.0;-0.25326999522403015
7101.0;0.02712459604263164;-0.3460278080000001;0.0;0.0;0.00034846426424705256;0.0;0.03818692339324901;0.5652387850843203;0.0;0.0;0.0;0.0;0.0;-0.25775073697867396
7102.0;0.02671712276676621;-0.338039146;0.0;0.0;0.00031361568574272004;0.0;0.03721117132045069;0.5620453942745123;0.0;0.0;0.0;0.0;0.0;-0.2615354167068057
7103.0;0.02701400995892184;-0.33196062700000006;0.0;0.0;0.00031361865043075693;0.0;0.03792173643786298;0.5484747717455523;0.0;0.0;0.0;0.0;0.0;-0.25475387273594263
7104.0;0.027148853652542906;-0.32434598600000003;0.0;0.0;0.0003310432983933804;0.0;0.0382447205330716;0.54005876117161;0.0;0.0;0.0;0.0;0.0;-0.25429290926658504
7105.0;0.031015600381710345;-0.3958439600000001;0.0;0.0;0.00029513911273913024;0.0;0.03999563452939801;0.6438962757505794;0.0;0.0;0.0;0.0;0.0;-0.2883463058251991
7106.0;0.030737867926279878;-0.392354168;0.0;0.0;0.00027777464028866746;0.0;0.039390464322158425;0.6413065709907199;0.0;0.0;0.0;0.0;0.0;-0.28862385467612095
7107.0;0.030836305417972838;-0.38969722400000006;0.0;0.0;0.0002777750606257847;0.0;0.0396046537583558;0.638204465589758;0.0;0.0;0.0;0.0;0.0;-0.28839288484587283
7108.0;0.030137468689350085;-0.38608959200000004;0.0;0.0;0.0002951349202419756;0.0;0.03808492840107187;0.6373960939303315;0.0;0.0;0.0;0.0;0.0;-0.2896897665190325
7109.0;0.029507764494697775;-0.38771195199999997;0.0;0.0;0.00029513144628719043;0.0;0.036714795768984884;0.6413819175421035;0.0;0.0;0.0;0.0;0.0;-0.2906830835069894
7110.0;0.03089685075105589;-0.39420108;0.0;0.0;0.0002951385860169208;0.0;0.03973724725949557;0.6425319221228056;0.0;0.0;0.0;0.0;0.0;-0.28836644232325903
7111.0;0.03018541363253583;-0.41162844;0.0;0.0;0.00038193722798922277;0.0;0.038193723105614065;0.6628054384041862;0.0;0.0;0.0;0.0;0.0;-0.28975585570007234
7112.0;0.029823863523930426;-0.434890856;0.0;0.0;0.009268827836396227;0.0;0.037748345008457994;0.682741244075002;0.0;0.0;0.0;0.0;0.0;-0.2948717852525793
7113.0;0.017878332310673813;-0.4463104400000001;0.0;0.0;0.04263132045253626;0.0;0.03065969276902208;0.67992251643107;0.0;0.0;0.0;0.0;0.0;-0.3069030435785516
7114.0;0.017875219863628035;-0.45346894400000004;0.0;0.0;0.0890901430529958;0.0;0.03064949327632677;0.6384210094916696;0.0;0.0;0.0;0.0;0.0;-0.3046916557729511
7115.0;0.01801935879447879;-0.46070208;0.0;0.0;0.15929639132166212;0.0;0.03112207007251538;0.576032911504276;0.0;0.0;0.0;0.0;0.0;-0.3057492460625446
7116.0;0.018118907065915527;-0.46602621600000005;0.0;0.0;0.20601272943626595;0.0;0.03144845405035772;0.532725913473951;0.0;0.0;0.0;0.0;0.0;-0.30416083357238216
7117.0;0.018185272185946184;-0.466151376;0.0;0.0;0.2185911596219606;0.0;0.031666043368432914;0.5198527635128427;0.0;0.0;0.0;0.0;0.0;-0.30395854274369405
7118.0;0.018336666534791764;-0.46205236000000005;0.0;0.0;0.19360565374334437;0.0;0.032162419012220334;0.540037622028123;0.0;0.0;0.0;0.0;0.0;-0.30375328616854386
7119.0;0.018031802385335263;-0.4580087920000001;0.0;0.0;0.14822430162578046;0.0;0.031162868096464163;0.5846081780005538;0.0;0.0;0.0;0.0;0.0;-0.3059865088182504
7120.0;0.018146904997124187;-0.451096904;0.0;0.0;0.0898223292465314;0.0;0.031540249537300016;0.6338226426132862;0.0;0.0;0.0;0.0;0.0;-0.3040882698526613
7121.0;0.017989288152123046;-0.44843307200000004;0.0;0.0;0.04417581072539687;0.0;0.031023474905698782;0.6622216066492986;0.0;0.0;0.0;0.0;0.0;-0.2889877736007532
7122.0;0.026544444425755955;-0.45176302399999996;0.0;0.0;0.012723117286998906;0.0;0.03075828833347171;0.6740469712396218;0.0;0.0;0.0;0.0;0.0;-0.265769629051899
7123.0;0.02629083909702918;-0.452922952;0.0;0.0;0.0010415502642288723;0.0;0.02976213721607624;0.6888873646614805;0.0;0.0;0.0;0.0;0.0;-0.266771254725443
7124.0;0.023030074162838428;-0.4465556320000001;0.0;0.0;0.0003645095973394041;0.0;0.022629287194530716;0.6532466677559267;0.0;0.0;0.0;0.0;0.0;-0.22968793647527344
7125.0;0.022582316517901355;-0.43505136;0.0;0.0;0.00032978527099536355;0.0;0.021653535028697875;0.6449640250618077;0.0;0.0;0.0;0.0;0.0;-0.23189908678830914
7126.0;0.022388328449018433;-0.420793472;0.0;0.0;0.0003297834140513164;0.0;0.021231955672972706;0.671410914935347;0.0;0.0;0.0;0.0;0.0;-0.27218228103159803
7127.0;0.023577099853936415;-0.409655416;0.0;0.0;0.00032979366938118036;0.0;0.023815828991162837;0.6553213869030832;0.0;0.0;0.0;0.0;0.0;-0.2698147072052006
7128.0;0.02427605293359092;-0.39975768000000006;0.0;0.0;0.0003297986212296412;0.0;0.025335554483463717;0.6473014603194104;0.0;0.0;0.0;0.0;0.0;-0.2732122557659413
7129.0;0.027913569785698804;-0.35572664000000004;0.0;0.0;0.00029513933826840947;0.0;0.026042720133287036;0.4549701935723336;0.0;0.0;0.0;0.0;0.0;-0.12557067313826262
7130.0;0.030199414978060665;-0.350536192;0.0;0.0;0.00029514843645806914;0.0;0.031016675757034932;0.47074860300893323;0.0;0.0;0.0;0.0;0.0;-0.1515135363050465
7131.0;0.031692684621825847;-0.3517230800000001;0.0;0.0;0.00031251263408032436;0.0;0.03426691604116866;0.489037032796928;0.0;0.0;0.0;0.0;0.0;-0.17188270946218656
7132.0;0.032714879838161494;-0.3535261760000001;0.0;0.0;0.00029515462351810883;0.0;0.036490406817496455;0.505884020288734;0.0;0.0;0.0;0.0;0.0;-0.18913275520639988
7133.0;0.03360738916210335;-0.35689001600000003;0.0;0.0;0.00027779183647992574;0.0;0.03843171142038963;0.5154317925582488;0.0;0.0;0.0;0.0;0.0;-0.1972406486375309
7134.0;0.03415110078936062;-0.3657008480000001;0.0;0.0;0.000277792615532974;0.0;0.03961485333137693;0.5368541275566573;0.0;0.0;0.0;0.0;0.0;-0.21103530528225184
7135.0;0.03418544544821515;-0.38693287200000004;0.0;0.0;0.00041669049662254224;0.0;0.03969644926637265;0.5629959802802538;0.0;0.0;0.0;0.0;0.0;-0.21616561498348763
7136.0;0.034129025034226414;-0.4128018480000001;0.0;0.0;0.007707831511416204;0.0;0.039880040279918774;0.5804248456633773;0.0;0.0;0.0;0.0;0.0;-0.2152004111639888
7137.0;0.033406535916301584;-0.4268240240000001;0.0;0.0;0.04149595489888123;0.0;0.03986304105468744;0.5904513930508076;0.0;0.0;0.0;0.0;0.0;-0.24497188150617208
7138.0;0.03178881467947517;-0.43414524000000004;0.0;0.0;0.12105171227181709;0.0;0.03997183575674669;0.5900052609559758;0.0;0.0;0.0;0.0;0.0;-0.3168603278627075
7139.0;0.02956015426502376;-0.43822689600000003;0.0;0.0;0.22762274735479388;0.0;0.039937837411502426;0.5907197447587891;0.0;0.0;0.0;0.0;0.0;-0.4200191868021401
7140.0;0.02745086863978524;-0.44295148;0.0;0.0;0.31566640431275905;0.0;0.03924087161446413;0.5974542635178207;0.0;0.0;0.0;0.0;0.0;-0.5093676465901926
7141.0;0.02622682003134451;-0.441991256;0.0;0.0;0.3712590109315534;0.0;0.03896208535882383;0.6048572306649005;0.0;0.0;0.0;0.0;0.0;-0.5730400347867959
7142.0;0.025888194972291518;-0.43733879200000003;0.0;0.0;0.36026847968034187;0.0;0.03772794598815672;0.6090998970558366;0.0;0.0;0.0;0.0;0.0;-0.5697116423657759
7143.0;0.026043077778341847;-0.432284984;0.0;0.0;0.30314714562812994;0.0;0.035569052083987716;0.6071980027519659;0.0;0.0;0.0;0.0;0.0;-0.5135885384670462
7144.0;0.027894019967987113;-0.424425912;0.0;0.0;0.2106241270272956;0.0;0.03551465476217817;0.5895861232151017;0.0;0.0;0.0;0.0;0.0;-0.411266920277615
7145.0;0.030688120039841667;-0.4194405920000001;0.0;0.0;0.10898440397477745;0.0;0.03701738089864895;0.5807366923090417;0.0;0.0;0.0;0.0;0.0;-0.30727611550536943
7146.0;0.032319061745624426;-0.4184005440000001;0.0;0.0;0.034168700573671315;0.0;0.03715677408129833;0.5648436475512193;0.0;0.0;0.0;0.0;0.0;-0.21775502664396168
7147.0;0.03304014797129215;-0.419712544;0.0;0.0;0.004010022760791688;0.0;0.037353964347466205;0.5717113196319145;0.0;0.0;0.0;0.0;0.0;-0.1933523259422008
7148.0;0.03266682227833772;-0.41580811999999995;0.0;0.0;0.0009722585133932124;0.0;0.036419010320989834;0.5734814938152941;0.0;0.0;0.0;0.0;0.0;-0.1950539459543148
7149.0;0.03161698425352059;-0.4062838160000001;0.0;0.0;0.0005382193396240922;0.0;0.03411392355628818;0.5834154504301472;0.0;0.0;0.0;0.0;0.0;-0.21177308371664536
7150.0;0.030003996144807824;-0.39346590400000003;0.0;0.0;0.0004340362185107832;0.0;0.030598496323121938;0.5958495045292836;0.0;0.0;0.0;0.0;0.0;-0.23340541961002048
7151.0;0.027655777224192414;-0.381687104;0.0;0.0;0.00029513801215398584;0.0;0.0254817476894256;0.5849535712663783;0.0;0.0;0.0;0.0;0.0;-0.229032609031969
7152.0;0.025789699132156223;-0.37044329600000003;0.0;0.0;0.0003124839970438292;0.0;0.021422346965309896;0.5809300219001845;0.0;0.0;0.0;0.0;0.0;-0.23221078250057328
7153.0;50.02096891037611;-0.33879073600000004;0.011554789568406816;2.0143413442922743e-15;0.00948010795869454;0.0;0.0225374925542623;0.33382503280611703;1.9634064576274714e-13;0.0;0.0;0.0;0.0;-0.038511529053072584
7154.0;50.0213545770502;-0.331742136;0.012743968927100587;2.0143417200654723e-15;0.007396569370146135;0.0;0.023652637726344596;0.3274926992667476;1.963407164870617e-13;0.0;0.0;0.0;0.0;-0.03944964141641473
7155.0;50.021090336103896;-0.329570392;0.012793918594172088;2.0143414791878425e-15;0.005625560403528772;0.0;0.02331605428168233;0.3220444234396683;1.963406711514662e-13;0.0;0.0;0.0;0.0;-0.03411636291093501
7156.0;50.02122484658812;-0.329221296;0.013561037099440421;2.0143416164861927e-15;0.003733009871588787;0.0;0.023873626894393273;0.3160513232311195;1.9634069699239548e-13;0.0;0.0;0.0;0.0;-0.027905487266351538
7157.0;50.02121080886855;-0.33123246400000006;0.012941667557333328;2.014341602938409e-15;0.001597380096840605;0.0;0.023452047595350897;0.321037008837291;1.9634069444257155e-13;0.0;0.0;0.0;0.0;-0.027703040376113333
7158.0;50.02097930558031;-0.339920736;0.01230257659517635;2.0143413814973022e-15;0.0013716658787113613;0.0;0.022772080973668438;0.3238639432176958;1.9634065276510376e-13;0.0;0.0;0.0;0.0;-0.020296590150283313
7159.0;50.020123219681565;-0.35916859200000006;0.011942214478634867;2.0143405321327093e-15;0.020262431429160437;0.0;0.02189832395335022;0.321828548882016;1.963404929059539e-13;0.0;0.0;0.0;0.0;-0.016668012554655963
7160.0;50.0172133028504;-0.38165056;0.012498568235391638;2.0143375227941555e-15;0.13945830130352313;0.0;0.021282954148992863;0.3178914006077464;1.9633992651615734e-13;0.0;0.0;0.0;0.0;-0.10937223066423177
7161.0;50.010404754321506;-0.401508008;0.014515222317588809;2.0143304814238865e-15;0.41969447473351873;0.0;0.020093012667727735;0.30550428464862134;1.9633860124663828e-13;0.0;0.0;0.0;0.0;-0.358159152178082
7162.0;50.00300041526017;-0.41325500800000003;0.017801284330420872;2.0143228529243376e-15;0.7172240355549497;0.0;0.019256653748661284;0.27857130527076734;1.963371654595947e-13;0.0;0.0;0.0;0.0;-0.6194268517237792
7163.0;0.02039464125747647;-0.41744676000000003;0.0;0.0;0.9500950555354366;0.0;0.018450887428778262;0.2200105237307649;0.0;0.0;0.0;0.0;0.0;-0.7710906653632382
7164.0;0.025183781612770708;-0.42121638400000005;0.0;0.0;0.9644064784185574;0.0;0.01922265353321026;0.20868802128245417;0.0;0.0;0.0;0.0;0.0;-0.7710906653632336
7165.0;0.0248973246899747;-0.42477685600000004;0.0;0.0;0.9509615266534848;0.0;0.01860728364069336;0.22630887948124823;0.0;0.0;0.0;0.0;0.0;-0.7710906653632339
7166.0;0.025315008578444577;-0.423506888;0.0;0.0;0.9325627901853726;0.0;0.019504839713604383;0.24254000088844796;0.0;0.0;0.0;0.0;0.0;-0.7710906653632337
7167.0;0.02570508650432169;-0.415884096;0.0;0.0;0.9162279782208225;0.0;0.020344598668803678;0.25041219208053345;0.0;0.0;0.0;0.0;0.0;-0.7710906653632332
7168.0;0.026375923882345158;-0.40555692800000004;0.0;0.0;0.8984427653917264;0.0;0.019756427352781623;0.2585303884826461;0.0;0.0;0.0;0.0;0.0;-0.7710906653632338
7169.0;50.005828296068074;-0.3938194320000001;0.013650640412179307;2.0143256572803513e-15;0.6347679274872112;0.0;0.018549488464245124;0.33078222386805883;1.9633769327896288e-13;0.0;0.0;0.0;0.0;-0.6037624931081921
7170.0;50.0113220031264;-0.38619221600000003;0.012118523075902016;2.0143315396451974e-15;0.3317864351198447;0.0;0.01797151686781882;0.3067172959508917;1.9633880041717647e-13;0.0;0.0;0.0;0.0;-0.28227188587455687
7171.0;50.01636942104326;-0.38224368799999997;0.012265036414782042;2.014336847019099e-15;0.0962074755759293;0.0;0.0191750577604602;0.2886146346689957;1.9633979932775504e-13;0.0;0.0;0.0;0.0;-0.033918862957930236
7172.0;332.52360376170884;-0.38606224800000005;0.059875287113134695;2.322019424911261e-15;0.019307473656025597;4.8791456457973794e-18;0.01938924724966414;0.2925415032054043;2.4227852165790963e-13;0.0;2.399533591956444e-13;2.6895300551832795e-13;2.8280220180277555e-14;-1.0325766318845973e-11
7173.0;436.8809161223759;-0.38093332;0.05987528711314437;2.460845724083045e-15;0.00977527839309615;5.1200599424750415e-18;0.016105008577891586;0.3008064336721739;2.5596245704632023e-13;0.0;2.959993709834064e-13;2.8118802261052846e-13;3.171424451358696e-14;-7.680033159001981e-12
7174.0;303.965904560752;-0.37093270400000006;0.059875287113130636;2.286483803623602e-15;0.010157260337763083;4.816710877533356e-18;0.014143305048214544;0.30286238560627743;2.3816269747615544e-13;0.0;2.2805893376156624e-13;2.657528260988345e-13;2.7461170040959572e-14;-1.1412736368703032e-11
7175.0;146.92698229995074;-0.35925669600000004;0.05987528711306561;2.1098240898919593e-15;0.010157260336686035;0.0;0.01230059560796457;0.3045379871288351;2.1319105467647783e-13;0.0;1.7940964757814536e-13;2.494244248780156e-13;2.370547433506101e-14;-2.752414589649595e-11
7176.0;50.02083418925146;-0.34751596800000006;0.03843012063389535;2.014342941842034e-15;0.009931542226708915;0.0;0.009750720829860405;0.30689205342826387;1.9634094643759482e-13;0.0;0.0;0.0;0.0;-0.017428253475041514
7177.0;0.012643934615644644;-0.252911792;0.0;0.0;0.007283472452347057;0.0;0.01184839663484355;0.23518072065287568;0.0;0.0;0.0;0.0;0.0;-0.0014171485780352104
7178.0;0.013219006060133898;-0.24951465600000003;0.0;0.0;0.0040566481633806505;0.0;0.012773159883319734;0.23386144102401005;0.0;0.0;0.0;0.0;0.0;-0.001191532618491337
7179.0;0.013163118244839327;-0.246556712;0.0;0.0;0.002253440752072503;0.0;0.012501172043712608;0.23304131411028037;0.0;0.0;0.0;0.0;0.0;-0.0012525338712907567
7180.0;-0.004084476441776017;-0.24367272800000003;0.0;0.0;0.0007364421574812779;0.0;0.010701876204261064;0.2361729878532792;0.0;0.0;0.0;0.0;0.0;-0.0038916125528823974
7181.0;0.01425457117743438;-0.244234944;0.0;0.0;0.000693713267031049;0.0;0.014486683214691052;0.229835923874841;0.0;0.0;0.0;0.0;0.0;-0.0007916909652632462
7182.0;0.013780981728043843;-0.24608976800000001;0.0;0.0;0.018240121310236473;0.0;0.01468727314094091;0.21391711925870807;0.0;0.0;0.0;0.0;0.0;-0.0007688997948553038
7183.0;0.008547979889507156;-0.252085256;0.0;0.0;0.07561049330829869;0.0;0.014109258699186448;0.17598529764780632;0.0;0.0;0.0;0.0;0.0;-0.013603576556061729
7184.0;0.008353422915626003;-0.26599402400000005;0.0;0.0;0.2715728795008034;0.0;0.013473476240560259;0.16917982561801503;0.0;0.0;0.0;0.0;0.0;-0.18821597343102467
7185.0;0.00804094671878221;-0.28352729600000004;0.0;0.0;0.5163356627107953;0.0;0.012674491605236373;0.17373297327203435;0.0;0.0;0.0;0.0;0.0;-0.41920086475954765
7186.0;0.008275897556200484;-0.29821652;0.0;0.0;0.7162098115522555;0.0;0.011617141030030947;0.1802486301092186;0.0;0.0;0.0;0.0;0.0;-0.6098669722866636
7187.0;0.007945321190794552;-0.308232504;0.0;0.0;0.8125354987865325;0.0;0.012654109258212382;0.19397024956308723;0.0;0.0;0.0;0.0;0.0;-0.7109515468484944
7188.0;0.00813375636669714;-0.313150944;0.0;0.0;0.8495000736029577;0.0;0.01275609183505721;0.19509543236307142;0.0;0.0;0.0;0.0;0.0;-0.7441845119836747
7189.0;0.008122296685510856;-0.31351108800000005;0.0;0.0;0.8302838750157413;0.0;0.012718692514217865;0.2147127108433175;0.0;0.0;0.0;0.0;0.0;-0.7441880510210026
7190.0;0.007822158258766327;-0.3121557280000001;0.0;0.0;0.8122686306711953;0.0;0.011739504220739048;0.23311148639827284;0.0;0.0;0.0;0.0;0.0;-0.7449478221727197
7191.0;0.00834821743815428;-0.3093536;0.0;0.0;0.7877611130424785;0.0;0.0134564767117185;0.2517020647328018;0.0;0.0;0.0;0.0;0.0;-0.7435498716043288
7192.0;0.008994550354830643;-0.305365688;0.0;0.0;0.7319846905162288;0.0;0.013425897574690275;0.2911881011985339;0.0;0.0;0.0;0.0;0.0;-0.7312342963839651
7193.0;0.00849465721677744;-0.299423056;0.0;0.0;0.568883909274739;0.0;0.01420785453844805;0.2815913729446618;0.0;0.0;0.0;0.0;0.0;-0.565245103738795
7194.0;0.007680365086392897;-0.29624866400000005;0.0;0.0;0.3805065461157522;0.0;0.013589054164855488;0.2894175814234323;0.0;0.0;0.0;0.0;0.0;-0.38724978325446013
7195.0;0.00778356982361681;-0.288407944;0.0;0.0;0.1712830339599531;0.0;0.01161370482054064;0.2843837678771966;0.0;0.0;0.0;0.0;0.0;-0.1788565012269706
7196.0;0.008298258668603441;-0.287953264;0.0;0.0;0.029603754529257325;0.0;0.013293280603358212;0.2780738618116926;0.0;0.0;0.0;0.0;0.0;-0.03300145902853963
7197.0;0.007809642447456797;-0.28676886399999996;0.0;0.0;0.003754150579323949;0.0;0.011698704467274772;0.2762847085498729;0.0;0.0;0.0;0.0;0.0;-0.004952631015308713
7198.0;0.007749145098689309;-0.284496968;0.0;0.0;0.0037039424283124437;0.0;0.011501505188159948;0.2742915839343057;0.0;0.0;0.0;0.0;0.0;-0.004984010548504243
7199.0;0.007960936169215773;-0.28012423200000003;0.0;0.0;0.002271590240806588;0.0;0.012218899064278307;0.273230090003957;0.0;0.0;0.0;0.0;0.0;-0.007579372282885343
7200.0;0.00817427323691484;-0.273170208;0.0;0.0;0.002755593694909628;0.0;0.012888689297301782;0.2727788722241121;0.0;0.0;0.0;0.0;0.0;-0.015236798878426381
7201.0;50.00893153291762;-0.275247848;0.013768930204271806;1.166768360006946e-15;0.01090386308834112;0.0;0.0023934823737880528;0.24815348621710734;2.0149089283609335e-13;0.0;0.0;0.0;0.0;-3.571104941512954e-11
7202.0;50.0089174702746;-0.269062568;0.010352228213496163;1.1667683535381352e-15;0.00960164952657977;0.0;0.0023866827481093247;0.24669375925158168;2.0149088923768876e-13;0.0;0.0;0.0;0.0;-3.5711057672268096e-11
7203.0;50.00986616824474;-0.26604581600000005;0.007771100880869559;1.166768876333877e-15;0.008056354778091732;0.0;0.003393033269256756;0.2467965566599876;2.0149118005341313e-13;0.0;0.0;0.0;0.0;-3.571039035927758e-11
7204.0;50.01198351153671;-0.26770824800000004;0.007161109297575607;1.1667700387198403e-15;0.007101400887619571;0.0;0.005715119200159371;0.24770117573704045;2.0149182665265963e-13;0.0;0.0;0.0;0.0;-3.5708906744571946e-11
7205.0;50.01228502101435;-0.273903808;0.006512214075144839;1.1667701881798508e-15;0.01448060523917817;0.0;0.006384886276644536;0.24649844417561068;2.0149190979245628e-13;0.0;0.0;0.0;0.0;-3.570871599005231e-11
7206.0;0.0023252991696787262;-0.28970349600000006;0.0;0.0;0.06455930271800833;0.0;0.005671018769277053;0.2235423255129891;0.0;0.0;0.0;0.0;0.0;-0.00406692132287385
7207.0;0.0023303059681064994;-0.30511548800000005;0.0;0.0;0.19006541206478395;0.0;0.001568395923046262;0.12660735741131857;0.0;0.0;0.0;0.0;0.0;-0.013123226780919454
7208.0;0.0023303055489302654;-0.33156068800000005;0.0;0.0;0.46271590190882195;0.0;0.001552681954794448;0.11677052410179242;0.0;0.0;0.0;0.0;0.0;-0.24947596920698048
7209.0;0.0023303055809582468;-0.349752576;0.0;0.0;0.772033679192568;0.0;0.0015522705827842843;0.11438153323264487;0.0;0.0;0.0;0.0;0.0;-0.5382124562467147
7210.0;0.006267068144047355;-0.365102472;0.0;0.0;0.9166381715852967;0.0;0.010348877019787251;0.13634506669211124;0.0;0.0;0.0;0.0;0.0;-0.6982258963950254
7211.0;0.006564463421706191;-0.3766795680000001;0.0;0.0;0.9130700608754478;0.0;0.011314493542631135;0.14981085781509265;0.0;0.0;0.0;0.0;0.0;-0.697512183071588
7212.0;0.006813421722927994;-0.379056656;0.0;0.0;0.9011797499275259;0.0;0.012123693729109392;0.1626812487013682;0.0;0.0;0.0;0.0;0.0;-0.6969244282366213
7213.0;0.0068395538929052375;-0.376910912;0.0;0.0;0.8892513757803588;0.0;0.012208693113929244;0.17235760022196064;0.0;0.0;0.0;0.0;0.0;-0.6969031539793189
7214.0;0.006859412297830371;-0.3755733600000001;0.0;0.0;0.8666011042540009;0.0;0.012273292584292115;0.19364951041195796;0.0;0.0;0.0;0.0;0.0;-0.6969469478267467
7215.0;0.00744498286408183;-0.37129128000000006;0.0;0.0;0.8409832419770071;0.0;0.014180654816436681;0.21162719537126373;0.0;0.0;0.0;0.0;0.0;-0.6954962991355386
7216.0;0.008427869317115528;-0.36406399200000006;0.0;0.0;0.8094917506100265;0.0;0.017390133956380265;0.23020640088176936;0.0;0.0;0.0;0.0;0.0;-0.6930208531758685
7217.0;0.008391470067695039;-0.354597792;0.0;0.0;0.7094276277313422;0.0;0.01727113907426716;0.22346556592742012;0.0;0.0;0.0;0.0;0.0;-0.595563098849283
7218.0;0.008201105335581006;-0.346173128;0.0;0.0;0.49115191452241114;0.0;0.01664896545873949;0.23280188941705798;0.0;0.0;0.0;0.0;0.0;-0.3944261902149528
7219.0;0.008011706553668483;-0.334491232;0.0;0.0;0.2581948545342653;0.0;0.01603019053893377;0.23904457864596965;0.0;0.0;0.0;0.0;0.0;-0.17877492887541507
7220.0;0.008307213778300754;-0.32039267200000004;0.0;0.0;0.09112464899740384;0.0;0.016995750858353115;0.21463614089696734;0.0;0.0;0.0;0.0;0.0;-0.0023604217897310736
7221.0;0.01156212607804603;-0.311154864;0.0;0.0;0.028725488557088865;0.0;0.01604040576245775;0.2666934595179328;0.0;0.0;0.0;0.0;0.0;-0.00030220222324150417
7222.0;0.011105232558886877;-0.3070912480000001;0.0;0.0;0.010997565716961907;0.0;0.01450707409398291;0.282512089160964;0.0;0.0;0.0;0.0;0.0;-0.0009249208811679252
7223.0;0.010311620293739707;-0.29769396800000003;0.0;0.0;0.010684172791397328;0.0;0.012739142317661654;0.27610923941905885;0.0;0.0;0.0;0.0;0.0;-0.0018381126548205257
7224.0;0.010392609316899804;-0.27923252;0.0;0.0;0.010198117493362245;0.0;0.012898936926346782;0.2584082808676203;0.0;0.0;0.0;0.0;0.0;-0.002272463893796462
7225.0;478.69364103224126;-0.273755848;0.05987528711315374;1.7924593486958095e-15;0.009202302560004304;3.760355020919626e-18;0.004385784485810334;0.20720918806292565;2.799045463242156e-13;0.0;2.3214331826976527e-13;2.2465591397189766e-13;2.369830053097828e-14;-5.129387706774446e-12
7226.0;482.11641309963716;-0.271490192;0.05987528711315388;1.7960847675173085e-15;0.007170851269821688;3.766692141463373e-18;0.004705368759596685;0.2056775047945991;2.803199516120249e-13;0.0;2.341316923342114e-13;2.2504551649541117e-13;2.3798412501215176e-14;-5.088878677738561e-12
7227.0;668.771783364596;-0.269379976;0.059875287113158905;2.0177592953132795e-15;0.005660284626898488;4.146305770997695e-18;0.004780165122123312;0.19285863783716095;2.9901440039327195e-13;0.0;4.379397293747328e-13;2.483142308301994e-13;3.088805690107028e-14;-3.564486665026229e-12
7228.0;728.994591508294;-0.267390208;0.05987528711315994;2.1013930496061046e-15;0.005729735006048204;4.285622202137478e-18;0.004470780340195661;0.18754400052410597;3.037252584163293e-13;0.0;6.089492330192504e-13;2.568090072795713e-13;3.417224507059337e-14;-3.251174264236831e-12
7229.0;883.317287833833;-0.27002216;0.0598752871131619;2.350813498134722e-15;0.006806230461895074;4.689047677329085e-18;0.004531977291343559;0.17577367278160905;3.136951189292615e-13;0.0;0.009527631075822092;2.812168089906544e-13;4.695948266406681e-14;-2.6544087111247915e-12
7230.0;883.3160449437794;-0.28191779200000006;0.0598752871131619;2.350811069375782e-15;0.02821460967598316;4.6890438341549496e-18;0.004480979778715494;0.16021011125349977;3.136950431129408e-13;0.0;0.01563637825720471;2.8121657805682003e-13;4.6959329645004505e-14;-2.654412950973438e-12
7231.0;75.49012833868471;-0.301129;0.059875287112888385;1.4494052049903492e-15;0.13173183922781478;0.0;0.0034100324401549072;0.14396808494531949;2.0553889618235773e-13;0.0;1.1634129455138072e-13;1.8649125397189861e-13;0.0;-0.03802432597986419
7232.0;75.4823224996049;-0.32218058400000005;0.05987528711288829;1.4493992990714543e-15;0.3425687585935286;0.0;0.0030462503327589176;0.13920855552072187;2.0553678776306374e-13;0.0;1.1634005940829858e-13;1.8649057509680828e-13;0.0;-0.2226362893992882
7233.0;75.47297989025736;-0.339608632;0.05987528711288818;1.4493922142533014e-15;0.6005110512420009;0.0;0.002838860469407281;0.1334313279867437;2.0553425843677147e-13;0.0;1.163385777357288e-13;1.864897607083371e-13;0.0;-0.4571045579369165
7234.0;75.46582560975251;-0.35102556800000007;0.05987528711288809;1.4493867887920467e-15;0.8024408365323471;0.0;0.0025192762489606307;0.1392188333784807;2.055323214831298e-13;0.0;1.163374431059435e-13;1.8648913705952092e-13;0.0;-0.6530385509183538
7235.0;53.844663820747506;-0.36115036800000005;0.059875287111313145;1.4346654477797771e-15;0.9265330232550036;0.0;0.0019073062574040355;0.14269339331426092;2.0018799469347464e-13;0.0;0.0;0.0;0.0;-0.7710906653311155
7236.0;50.01370287057306;-0.366931408;0.004493980275124336;1.4320693799613298e-15;0.9799931966194184;0.0;0.0015571235080343129;0.15231525333784568;1.9922784789366446e-13;0.0;0.0;0.0;0.0;-0.7710906653416012
7237.0;0.018659681375011606;-0.367590432;0.0;0.0;0.98463413869487;0.0;0.0011729340144487415;0.15284265615677675;0.0;0.0;0.0;0.0;0.0;-0.7710906653802796
7238.0;0.018396741604651188;-0.36638034399999997;0.0;0.0;0.9753601519145326;0.0;0.0010539402219673804;0.16102026885636597;0.0;0.0;0.0;0.0;0.0;-0.7710906653802797
7239.0;50.017615981614576;-0.3614193680000001;0.026479744159395018;1.4320722499281545e-15;0.9027459389108886;0.0;0.0013021359982336026;0.20229546064040493;1.9922891214610294e-13;0.0;0.0;0.0;0.0;-0.7710906653415911
7240.0;75.4674674589086;-0.35419194400000004;0.05987528711288811;1.4493880454243204e-15;0.7778029728947927;0.0;0.001380332173644397;0.20114412966710052;2.05532770117882e-13;0.0;1.1633770590495348e-13;1.864892815076156e-13;0.0;-0.6860338796454593
7241.0;75.47419240092215;-0.34547256800000004;0.05987528711288819;1.4493931612494404e-15;0.5840684450882316;0.0;0.0013259348481769778;0.20186371340902293;2.055345965230119e-13;0.0;1.1633877578296279e-13;1.864898695640908e-13;0.0;-0.5017294905422923
7242.0;75.48097381967378;-0.33711307999999995;0.059875287112888274;1.4493983163496603e-15;0.3898998499822537;0.0;0.0013565333237500656;0.20137028208251243;2.0553643692747854e-13;0.0;1.1633985388688303e-13;1.8649046213456814e-13;0.0;-0.3155031292979935
7243.0;75.48756114666485;-0.32672817600000004;0.05987528711288836;1.449403334046012e-15;0.19534926904346606;0.0;0.0012953363726039187;0.1965387944720311;2.055382282564237e-13;0.0;1.1634090326691722e-13;1.8649103891018678e-13;0.0;-0.12648987496206562
7244.0;686.7842519293769;-0.31709321599999996;0.05987528711315924;2.0418949069760607e-15;0.06347852905708964;4.18672518299401e-18;0.0010301494243707952;0.19311563324126177;3.004694855836773e-13;0.0;4.777858297032275e-13;2.507817251482241e-13;3.179553049382401e-14;-3.465281789583391e-12
7245.0;883.3148417770337;-0.31333796799999997;0.0598752871131619;2.350809102402334e-15;0.01722393312422999;4.689040721692415e-18;0.0011083455463953298;0.2086791947694114;3.1369498171151397e-13;0.0;0.012942663843755897;2.8121639103097334e-13;4.695920572031419e-14;-2.65441638470666e-12
7246.0;883.3152479532077;-0.30707744800000003;0.0598752871131619;2.3508098849826443e-15;0.011928267361219921;4.689041960018654e-18;0.0011559431928444292;0.21486761193701276;3.1369500614071927e-13;0.0;0.0057398790354809305;2.81216465441091e-13;4.69592550249639e-14;-2.6544150185591487e-12
7247.0;879.3698726547638;-0.29648958400000003;0.05987528711316186;2.3436050759826473e-15;0.01152892233548579;4.6776342099340515e-18;0.0009893514036027427;0.2138396359698723;3.134686604170837e-13;0.0;2.3539111248493962e-11;2.8053083387793876e-13;4.6508314726748607e-14;-2.6670913668274694e-12
7248.0;704.1360390687172;-0.28564385600000003;0.05987528711315954;2.06581591698137e-15;0.011511561198582631;4.226612924977405e-18;0.0008839565655051907;0.21498068908622323;3.0183209016214553e-13;0.0;5.23936690667857e-13;2.5321446402690073e-13;3.2726361070827714e-14;-3.374387506000691e-12
7249.0;0.03154200841866435;-0.31945302400000003;0.0;0.0;0.003610702071701927;0.0;0.03954345677745125;0.4453778943163183;0.0;0.0;0.0;0.0;0.0;-0.1690818907726309
7250.0;0.031354611557894915;-0.31657723200000004;0.0;0.0;0.0018228730872281345;0.0;0.03906748015211559;0.43669267785957383;0.0;0.0;0.0;0.0;0.0;-0.16100845368190378
7251.0;0.030413474005583613;-0.31391339200000007;0.0;0.0;0.0009028029282221325;0.0;0.036976582930382966;0.4359292237819396;0.0;0.0;0.0;0.0;0.0;-0.15989780941850068
7252.0;0.029360398878016426;-0.31337824000000003;0.0;0.0;0.0008854364180795835;0.0;0.03468509547009851;0.4305061625719434;0.0;0.0;0.0;0.0;0.0;-0.15270102812251618
7253.0;0.02785308392704733;-0.321746888;0.0;0.0;0.0009027911710494564;0.0;0.031407656575951175;0.42710864742379107;0.0;0.0;0.0;0.0;0.0;-0.13767475226951872
7254.0;0.025019387624812227;-0.340442632;0.0;0.0;0.0021522132251365358;0.0;0.02529135696596326;0.42073612457290305;0.0;0.0;0.0;0.0;0.0;-0.10773992725865142
7255.0;0.024571135997484353;-0.35927359200000003;0.0;0.0;0.02041564511960602;0.0;0.025005770953898308;0.4066359565820701;0.0;0.0;0.0;0.0;0.0;-0.09278712875392885
7256.0;0.020109117649628843;-0.373157824;0.0;0.0;0.14196923825408816;0.0;0.02819481419109056;0.39265630341181434;0.0;0.0;0.0;0.0;0.0;-0.18972895244564636
7257.0;0.017801072433819072;-0.385910328;0.0;0.0;0.40659454643004506;0.0;0.028643592044331666;0.357710506587266;0.0;0.0;0.0;0.0;0.0;-0.4070379353970091
7258.0;0.01806549971702915;-0.39656568;0.0;0.0;0.6511823761017906;0.0;0.02951054948978941;0.35474835857413484;0.0;0.0;0.0;0.0;0.0;-0.6388752207083492
7259.0;0.017640338282798533;-0.404972704;0.0;0.0;0.6719698516531729;0.0;0.028116617926863458;0.344656174316995;0.0;0.0;0.0;0.0;0.0;-0.6397695593714897
7260.0;0.017508642645346437;-0.40967587200000005;0.0;0.0;0.6619353314799141;0.0;0.02768483910669729;0.3609162007487379;0.0;0.0;0.0;0.0;0.0;-0.6408601196504076
7261.0;0.019329527070916938;-0.4057;0.0;0.0;0.6485208463710578;0.0;0.03365494605610045;0.35985901211734334;0.0;0.0;0.0;0.0;0.0;-0.6363344127327624
7262.0;0.020308352713087365;-0.40583236800000005;0.0;0.0;0.6321033477937906;0.0;0.03686438839310145;0.3706509400962341;0.0;0.0;0.0;0.0;0.0;-0.6337859107938875
7263.0;0.020629786778940413;-0.400763816;0.0;0.0;0.6409064309783917;0.0;0.03791833661862612;0.35462338731481974;0.0;0.0;0.0;0.0;0.0;-0.6326839396397603
7264.0;0.020632897839533672;-0.39148868000000003;0.0;0.0;0.6466744041609582;0.0;0.03792853611050903;0.33922786060070925;0.0;0.0;0.0;0.0;0.0;-0.6323417215790327
7265.0;0.020503289955485265;-0.38028996000000004;0.0;0.0;0.41144333116704723;0.0;0.03750355705090646;0.3097947143446007;0.0;0.0;0.0;0.0;0.0;-0.37845124395834734
7266.0;0.028399801497028334;-0.36763940800000006;0.0;0.0;0.17037799600126172;0.0;0.040271021041496956;0.29071905193585146;0.0;0.0;0.0;0.0;0.0;-0.13371392364774826
7267.0;0.03148789670589821;-0.36711756;0.0;0.0;0.036651455381051266;0.0;0.040923789006013005;0.3037451542163194;0.0;0.0;0.0;0.0;0.0;-0.01420235674873225
7268.0;0.03250428689768446;-0.36599936;0.0;0.0;0.009200785934401733;0.0;0.04187574220416271;0.32672013529437066;0.0;0.0;0.0;0.0;0.0;-0.01180010848937634
7269.0;0.03262195265909382;-0.357800104;0.0;0.0;0.006145080108324295;0.0;0.04198793666822025;0.35017477861716073;0.0;0.0;0.0;0.0;0.0;-0.04051074341878342
7270.0;0.032057521693810036;-0.34514627200000003;0.0;0.0;0.005172835426861984;0.0;0.04071639914325197;0.3603424603386345;0.0;0.0;0.0;0.0;0.0;-0.06108851647990598
7271.0;0.032426645343689234;-0.333470328;0.0;0.0;0.0034372152378124585;0.0;0.041464362396452764;0.37284487670812233;0.0;0.0;0.0;0.0;0.0;-0.08427892457327459
7272.0;0.03197522354323508;-0.32336219200000005;0.0;0.0;0.0018055360114855555;0.0;0.04041721385275763;0.38112051388721513;0.0;0.0;0.0;0.0;0.0;-0.09998372157953232
7273.0;0.020667280325739185;-0.30197245600000006;0.0;0.0;0.00029499970652139163;0.0;0.0203377987032821;0.40709671147391224;0.0;0.0;0.0;0.0;0.0;-0.12575967943300864
7274.0;0.019553531476369807;-0.23174972800000004;0.0;0.0;0.0003469722382902549;0.0;0.017923915341857357;0.3653699931264503;0.0;0.0;0.0;0.0;0.0;-0.15189381529077248
7275.0;0.020590528826223517;-0.23135642400000003;0.0;0.0;0.00029499618310127915;0.0;0.02017120682016898;0.36428673786073507;0.0;0.0;0.0;0.0;0.0;-0.15339914438081376
7276.0;0.019468429650924126;-0.289656336;0.0;0.0;0.0002949378765372684;0.0;0.017736924228885852;0.38724231320398955;0.0;0.0;0.0;0.0;0.0;-0.11562048648853744
7277.0;0.019568765967672225;-0.28784044;0.0;0.0;0.00029494364564668736;0.0;0.01795451386570554;0.38082838507557715;0.0;0.0;0.0;0.0;0.0;-0.11124004856905319
7278.0;0.019285095140612933;-0.28945218400000006;0.0;0.0;0.0003642963991672898;0.0;0.017342542904030117;0.38120166988756404;0.0;0.0;0.0;0.0;0.0;-0.109458995260758
7279.0;0.020403796473445958;-0.29443534400000004;0.0;0.0;0.001873180663070369;0.0;0.019817624102937907;0.3898344030533045;0.0;0.0;0.0;0.0;0.0;-0.11709337122922697
7280.0;0.014362757038914646;-0.30236545600000003;0.0;0.0;0.018782862788441563;0.0;0.022054710825039594;0.3963124632651276;0.0;0.0;0.0;0.0;0.0;-0.1347842502126238
7281.0;0.015297065148549543;-0.31450868800000004;0.0;0.0;0.13951145506022264;0.0;0.025114563825054597;0.3901244883088495;0.0;0.0;0.0;0.0;0.0;-0.2402414978449735
7282.0;0.015953909546211148;-0.330125072;0.0;0.0;0.3168305503666414;0.0;0.027266658529044398;0.3859045051779804;0.0;0.0;0.0;0.0;0.0;-0.39987631838996696
7283.0;0.01600266918126504;-0.34032255999999994;0.0;0.0;0.4558080122414823;0.0;0.027426450666870175;0.3882259784445904;0.0;0.0;0.0;0.0;0.0;-0.5311375572874469
7284.0;0.016426938339073653;-0.34612205600000007;0.0;0.0;0.46953233836262276;0.0;0.02881698255339148;0.37934514702983074;0.0;0.0;0.0;0.0;0.0;-0.5315720851137447
7285.0;0.016680017881096944;-0.35173914400000006;0.0;0.0;0.47241994975512097;0.0;0.029646541910699105;0.3806618898800153;0.0;0.0;0.0;0.0;0.0;-0.530988909348555
7286.0;0.018101876547337147;-0.35012042400000004;0.0;0.0;0.4422335837689277;0.0;0.03430771339616063;0.4012896146707972;0.0;0.0;0.0;0.0;0.0;-0.5277101539087384
7287.0;0.01866287265168594;-0.34456719999999996;0.0;0.0;0.38085253065799085;0.0;0.03614702316762348;0.4520346476807905;0.0;0.0;0.0;0.0;0.0;-0.5244666644373915
7288.0;0.018309272046584543;-0.33541244800000003;0.0;0.0;0.23793378359036793;0.0;0.034987680074184686;0.44601931048898685;0.0;0.0;0.0;0.0;0.0;-0.3835279910811877
7289.0;0.01885367235644158;-0.33921815200000005;0.0;0.0;0.07803494322495648;0.0;0.0367725924538063;0.4958418392290779;0.0;0.0;0.0;0.0;0.0;-0.27143088470231574
7290.0;0.028575040222086918;-0.35620074399999996;0.0;0.0;0.013955416781926322;0.0;0.03806452935280826;0.5471802718723088;0.0;0.0;0.0;0.0;0.0;-0.24300346307784357
7291.0;0.02914749193504257;-0.35766980800000003;0.0;0.0;0.0005902338048912931;0.0;0.03879209364883124;0.5905890804350383;0.0;0.0;0.0;0.0;0.0;-0.2723042812225673
7292.0;0.028746244003963313;-0.35453535999999997;0.0;0.0;0.00038189840060701916;0.0;0.03790473724563516;0.5897331425321221;0.0;0.0;0.0;0.0;0.0;-0.2734871107554743
7293.0;0.028876788399990774;-0.34815127200000007;0.0;0.0;0.0003471808335196139;0.0;0.038186923373104205;0.5875529086730061;0.0;0.0;0.0;0.0;0.0;-0.27793843251358946
7294.0;0.028429100192350204;-0.340099064;0.0;0.0;0.0003124599268493123;0.0;0.03721117129776274;0.5843284770363224;0.0;0.0;0.0;0.0;0.0;-0.28175573069861265
7295.0;0.02875568886312923;-0.333977768;0.0;0.0;0.00031246349409211615;0.0;0.03792173641706483;0.5699921100439483;0.0;0.0;0.0;0.0;0.0;-0.27425123234151144
7296.0;0.028903750159010658;-0.32632162400000003;0.0;0.0;0.0003298241742777806;0.0;0.03824472051307678;0.5611572122599394;0.0;0.0;0.0;0.0;0.0;-0.2734128249744973
7297.0;0.0327864182226667;-0.39825623;0.0;0.0;0.00030830860489016896;0.0;0.0399956345273194;0.6533108640084367;0.0;0.0;0.0;0.0;0.0;-0.2953626033714444
7298.0;0.032480619162497684;-0.394745984;0.0;0.0;0.0002901691408493346;0.0;0.03939046432002558;0.6542405992389416;0.0;0.0;0.0;0.0;0.0;-0.29917925980184695
7299.0;0.03258881405719035;-0.392073437;0.0;0.0;0.00029016969718684;0.0;0.039604653756242114;0.6527463646881566;0.0;0.0;0.0;0.0;0.0;-0.30057176824363135
7300.0;0.031821245913568386;-0.388446646;0.0;0.0;0.00030830303960347556;0.0;0.038084928398816845;0.6492889514860556;0.0;0.0;0.0;0.0;0.0;-0.29923950994666465
7301.0;0.0311291299124616;-0.390079576;0.0;0.0;0.00030829841654947415;0.0;0.036714795766588273;0.6546060921054999;0.0;0.0;0.0;0.0;0.0;-0.30155354578061927
7302.0;0.03265589728552923;-0.39660403999999994;0.0;0.0;0.0003083079066880374;0.0;0.03973724725739439;0.6567628421987776;0.0;0.0;0.0;0.0;0.0;-0.3002083763735747
7303.0;0.03187668283761035;-0.41414434499999997;0.0;0.0;0.0003989775587658582;0.0;0.03819372310337384;0.6724968988511038;0.0;0.0;0.0;0.0;0.0;-0.29694922244017585
7304.0;0.031757450921240035;-0.43758722799999994;0.0;0.0;0.00968261331762877;0.0;0.03774834500662618;0.6753560348809596;0.0;0.0;0.0;0.0;0.0;-0.28520444709978304
7305.0;0.01883108427901017;-0.44912821999999997;0.0;0.0;0.04169685079241468;0.0;0.030659692717066738;0.6596547919616984;0.0;0.0;0.0;0.0;0.0;-0.2828841100473628
7306.0;0.018827658625566512;-0.45632479699999995;0.0;0.0;0.08873088616003415;0.0;0.030649493224315656;0.6500050498307378;0.0;0.0;0.0;0.0;0.0;-0.31306162682184213
7307.0;0.018986311439592944;-0.463562665;0.0;0.0;0.16146287081319366;0.0;0.03112207002303004;0.5838538490464323;0.0;0.0;0.0;0.0;0.0;-0.31287711860666784
7308.0;0.01909588253810692;-0.46889853299999995;0.0;0.0;0.21014748047990559;0.0;0.03144845400255089;0.5413239213237473;0.0;0.0;0.0;0.0;0.0;-0.3140223158988811
7309.0;0.019168929232305582;-0.46900923799999994;0.0;0.0;0.22411306323636324;0.0;0.031666043321716235;0.5267705933803811;0.0;0.0;0.0;0.0;0.0;-0.3135414546085777
7310.0;0.019335565043660675;-0.464872555;0.0;0.0;0.19592114395413263;0.0;0.03216241896790698;0.550263424347532;0.0;0.0;0.0;0.0;0.0;-0.3134754239715975
7311.0;0.019000007923147787;-0.46081087100000007;0.0;0.0;0.1511012737897425;0.0;0.031162868047191525;0.5911452264190485;0.0;0.0;0.0;0.0;0.0;-0.31259949090106065
7312.0;0.019126699306875904;-0.45387040199999995;0.0;0.0;0.09043201442677666;0.0;0.031540249489955874;0.6451586575841842;0.0;0.0;0.0;0.0;0.0;-0.31326151241534544
7313.0;0.01895321294900888;-0.451214011;0.0;0.0;0.043246607707936334;0.0;0.031023474855695985;0.6437878602170092;0.0;0.0;0.0;0.0;0.0;-0.2668449256832108
7314.0;0.02826081134428065;-0.45460333699999994;0.0;0.0;0.013291232862596316;0.0;0.030758288305548092;0.6652577915569146;0.0;0.0;0.0;0.0;0.0;-0.25470837170189575
7315.0;0.02761788963095143;-0.455780576;0.0;0.0;0.0010879732940502283;0.0;0.029762137173208896;0.6567843589712767;0.0;0.0;0.0;0.0;0.0;-0.23185763944453322
7316.0;0.024010793709909488;-0.44936779099999996;0.0;0.0;0.00038077165617497017;0.0;0.022629287090333752;0.6746396771577392;0.0;0.0;0.0;0.0;0.0;-0.2482854939377401
7317.0;0.023517493859526728;-0.43775955499999997;0.0;0.0;0.00034449733324771114;0.0;0.02165353491159171;0.6602761444986655;0.0;0.0;0.0;0.0;0.0;-0.2445181539646178
7318.0;0.023304216989603884;-0.423376836;0.0;0.0;0.00034449478321267694;0.0;0.021231955549788156;0.6386308242000328;0.0;0.0;0.0;0.0;0.0;-0.23683395931157641
7319.0;0.024611080432853618;-0.41214763299999996;0.0;0.0;0.00034450876373863526;0.0;0.023815828900644258;0.6493251870018277;0.0;0.0;0.0;0.0;0.0;-0.26134148265830737
7320.0;0.025379439594205574;-0.40218234;0.0;0.0;0.00034451540607547147;0.0;0.025335554408057247;0.6372234494722513;0.0;0.0;0.0;0.0;0.0;-0.26072481122403623
7321.0;0.03160579710714907;-0.35800069500000004;0.0;0.0;0.00030831713081303495;0.0;0.026042720142361014;0.4535855798130392;0.0;0.0;0.0;0.0;0.0;-0.12190809363427042
7322.0;0.03411811824356327;-0.352781946;0.0;0.0;0.0003083259294878031;0.0;0.031016675757778882;0.4695383763491672;0.0;0.0;0.0;0.0;0.0;-0.14805374557889986
7323.0;0.03575991282051057;-0.353995665;0.0;0.0;0.00032646507801801437;0.0;0.03426691604181223;0.4880641637254701;0.0;0.0;0.0;0.0;0.0;-0.16863428510372816
7324.0;0.03688286147181182;-0.35582001300000005;0.0;0.0;0.00030833194253000414;0.0;0.036490406818082355;0.5051417739805136;0.0;0.0;0.0;0.0;0.0;-0.18609297203354747
7325.0;0.037863278250917315;-0.35920968299999995;0.0;0.0;0.00029019389377320877;0.0;0.03843171142093184;0.5148109194844226;0.0;0.0;0.0;0.0;0.0;-0.19429567319772684
7326.0;0.038460874332271335;-0.368057699;0.0;0.0;0.00029019465418028223;0.0;0.03961485333189535;0.5365500210191011;0.0;0.0;0.0;0.0;0.0;-0.20836993610915333
7327.0;0.03850299867657634;-0.389424536;0.0;0.0;0.00043529373131851715;0.0;0.039696449266894196;0.5630967941877725;0.0;0.0;0.0;0.0;0.0;-0.2137765496736528
7328.0;0.03866635217104784;-0.4154728240000001;0.0;0.0;0.008052095803718885;0.0;0.03988004028068169;0.5806814114185253;0.0;0.0;0.0;0.0;0.0;-0.21311305795911387
7329.0;0.03891810396813382;-0.429616212;0.0;0.0;0.04334888046267012;0.0;0.039863041056589;0.5903345851999628;0.0;0.0;0.0;0.0;0.0;-0.24389707596453378
7330.0;0.03959428413309215;-0.43699224499999995;0.0;0.0;0.12645713378707388;0.0;0.039971835761392537;0.5886276816259544;0.0;0.0;0.0;0.0;0.0;-0.3180186342629975
7331.0;0.04040806756452551;-0.44107212300000004;0.0;0.0;0.23778802997084372;0.0;0.039937837420044586;0.5876728579983085;0.0;0.0;0.0;0.0;0.0;-0.4242640293662963
7332.0;0.04073903745704835;-0.44579911499999997;0.0;0.0;0.3297656814303185;0.0;0.03924087162671752;0.5931335397628711;0.0;0.0;0.0;0.0;0.0;-0.5162644185945462
7333.0;0.04104580297769839;-0.444809428;0.0;0.0;0.3878434703456224;0.0;0.038962085373492675;0.5997870363877078;0.0;0.0;0.0;0.0;0.0;-0.581697513844487
7334.0;0.040334439751001525;-0.44011812100000003;0.0;0.0;0.37636210314849794;0.0;0.03772794600312395;0.6042791014167491;0.0;0.0;0.0;0.0;0.0;-0.578167130903112
7335.0;0.03878887536261486;-0.435036817;0.0;0.0;0.3166880959498843;0.0;0.03556905209773105;0.6032824804540271;0.0;0.0;0.0;0.0;0.0;-0.5204282002181675
7336.0;0.03804389317025127;-0.427137306;0.0;0.0;0.22003080212705037;0.0;0.03551465477169609;0.5868542997638094;0.0;0.0;0.0;0.0;0.0;-0.41520255656809063
7337.0;0.038009691435242396;-0.422143271;0.0;0.0;0.11385112373528032;0.0;0.03701738090340281;0.579446247969788;0.0;0.0;0.0;0.0;0.0;-0.3081276145089981
7338.0;0.0374958085824842;-0.421140722;0.0;0.0;0.035694512321037035;0.0;0.03715677408313874;0.564479146201881;0.0;0.0;0.0;0.0;0.0;-0.21615766947350265
7339.0;0.03735690339803338;-0.42247809699999994;0.0;0.0;0.004189075375932184;0.0;0.037353964348171044;0.5719258032307553;0.0;0.0;0.0;0.0;0.0;-0.19096328498305043
7340.0;0.03685165027252839;-0.41853843499999993;0.0;0.0;0.001015665341509537;0.0;0.03641901032160401;0.5737849336781532;0.0;0.0;0.0;0.0;0.0;-0.19265356679394705
7341.0;0.03568396786752283;-0.40892320800000004;0.0;0.0;0.0005622492500767678;0.0;0.034113923556945945;0.5839148858837465;0.0;0.0;0.0;0.0;0.0;-0.2096402201078719
7342.0;0.03390775061795362;-0.395999652;0.0;0.0;0.0004534151876003692;0.0;0.030598496323887697;0.596597038388842;0.0;0.0;0.0;0.0;0.0;-0.23162158161365248
7343.0;0.03132243586429948;-0.38413737699999995;0.0;0.0;0.0003083158514859891;0.0;0.025481747699301928;0.5856061246354514;0.0;0.0;0.0;0.0;0.0;-0.22723096746048366
7344.0;0.029272121754032186;-0.372813573;0.0;0.0;0.00032643743735608446;0.0;0.021422346983286072;0.5815779485552667;0.0;0.0;0.0;0.0;0.0;-0.23048520146159399
7345.0;19.558445292804976;-0.340885668;0.0;0.0;0.009903322027649113;0.0;0.022537492553898184;0.32893918943699085;1.9149396622759531e-13;0.0;0.0;0.0;0.0;-0.02016447610570747
7346.0;19.559936210899405;-0.333786493;0.0;0.0;0.0077267694280606;0.0;0.02365263772598085;0.3226995355553869;1.9149421059581189e-13;0.0;0.0;0.0;0.0;-0.019962615206064294
7347.0;19.559928816041666;-0.33160142099999995;0.0;0.0;0.005876698499989465;0.0;0.02331605428131849;0.31733100036987727;1.9149420878032705e-13;0.0;0.0;0.0;0.0;-0.014592202837868965
7348.0;19.564952029255707;-0.33125732299999994;0.0;0.0;0.003899660108305096;0.0;0.023873626894030126;0.3114256148202109;1.9149716541641177e-13;0.0;0.0;0.0;0.0;-0.00820134278793235
7349.0;19.522443388192446;-0.333280307;0.0;0.0;0.001668690850706463;0.0;0.0234520475949863;0.31633833022780167;1.9148978584125084e-13;0.0;0.0;0.0;0.0;-0.00848016041931808
7350.0;45.33000149232336;-0.34202004299999994;0.0;2.0819232663158728e-15;0.0014329002344045034;0.0;0.02277208097363082;0.3191238897700682;1.9570427437751146e-13;0.0;0.0;0.0;0.0;-1.0808778567277013e-10
7351.0;49.99979611294641;-0.36142327100000005;0.0012057208540319387;2.0862401705888252e-15;0.02116699351902312;0.0;0.021898323953335658;0.3171182853454553;1.9647063674369695e-13;0.0;0.0;0.0;0.0;-9.309035545167387e-11
7352.0;19.55985863822239;-0.38409415499999994;0.0;0.0;0.14568404438603272;0.0;0.021282954148628394;0.3132387609335798;1.9149398588955074e-13;0.0;0.0;0.0;0.0;-0.09572370253143993
7353.0;19.562924335587397;-0.404057779;0.0;0.0;0.4384306127148188;0.0;0.020093012667362947;0.301032942068275;1.9149403563053853e-13;0.0;0.0;0.0;0.0;-0.3549876544586645
7354.0;19.56753040995951;-0.415828404;0.0;0.0;0.7492425854903583;0.0;0.01925665374829633;0.27449415217772705;1.9149430401887123e-13;0.0;0.0;0.0;0.0;-0.6265211058624764
7355.0;-0.012595814589108039;-0.42002213;0.0;0.0;0.9846034222435608;0.0;0.018440885769528997;0.22306478321239542;0.0;0.0;0.0;0.0;0.0;-0.8060492520764834
7356.0;-0.012262693737575875;-0.423793392;0.0;0.0;0.9785501600016291;0.0;0.019214869674906397;0.2321155389600672;0.0;0.0;0.0;0.0;0.0;-0.8060492520764816
7357.0;-0.012529441968568315;-0.42735947799999996;0.0;0.0;0.9647603679942004;0.0;0.01859777852595149;0.250088357159825;0.0;0.0;0.0;0.0;0.0;-0.8060492520764831
7358.0;-0.0121377198915581;-0.426082594;0.0;0.0;0.9461171015250189;0.0;0.019497728584486174;0.2665549638464614;0.0;0.0;0.0;0.0;0.0;-0.8060492520764809
7359.0;-0.011757735100210909;-0.41840959799999994;0.0;0.0;0.9296399324014842;0.0;0.020339139085828874;0.2745176688070081;0.0;0.0;0.0;0.0;0.0;-0.8060492520764789
7360.0;-0.012025076872833008;-0.408018989;0.0;0.0;0.9203924232904325;0.0;0.019749862443438054;0.27396390384041397;0.0;0.0;0.0;0.0;0.0;-0.8060492520764803
7361.0;19.56230705414241;-0.396229441;0.0;0.0;0.6631054448809607;0.0;0.018549488463879823;0.3259409148699144;1.9149360105462366e-13;0.0;0.0;0.0;0.0;-0.6107653630332783
7362.0;19.55971062137126;-0.388613033;0.0;0.0;0.34659815364849056;0.0;0.01797151686745333;0.3022281998091343;1.9149365180192735e-13;0.0;0.0;0.0;0.0;-0.27771207781765467
7363.0;19.559278291768468;-0.38470511899999993;0.0;0.0;0.10050240115216104;0.0;0.019175057760095097;0.2843904880031005;1.9149394847535546e-13;0.0;0.0;0.0;0.0;-0.01898928383763643
7364.0;416.2133036486902;-0.388602149;0.05987528711314087;2.488396824417538e-15;0.02016940420917615;5.2786207441981754e-18;0.019389247249673138;0.28825988313120954;2.4981655123769016e-13;0.0;2.7929251421692963e-13;2.876099621995616e-13;3.154493224648799e-14;-8.516873107541168e-12
7365.0;523.0789102975018;-0.38341916;0.05987528711314774;2.636583445722686e-15;0.010211669567979012;5.541270052357739e-18;0.016105008577897865;0.2964038485662838;2.6187059888378844e-13;0.0;3.513924969787834e-13;3.0049848280252907e-13;3.554150701588961e-14;-6.745093176014606e-12
7366.0;386.8192172224995;-0.373300552;0.0598752871131382;2.4502346616026217e-15;0.010610704075630986;5.210197087358993e-18;0.014143305048222957;0.29842970970997423;2.4617489497602035e-13;0.0;2.642703568290685e-13;2.842146636327244e-13;3.059191672941897e-14;-9.185526206836937e-12
7367.0;226.54838695830327;-0.361505523;0.05987528711310806;2.2621001611803964e-15;0.010610704075015671;4.868060089732112e-18;0.012300595607987975;0.30008078722837617;2.2415941197650058e-13;0.0;2.046079879110889e-13;2.670139214701977e-13;2.6286560993992e-14;-1.600417354178484e-11
7368.0;92.62468531371682;-0.34966225900000003;0.059875287112906066;2.1256290122563086e-15;0.010374909385385185;0.0;0.009750720829945141;0.3024003995542251;2.0328285650059064e-13;0.0;1.7212809025605665e-13;2.540500445012031e-13;0.0;-4.2690979005212957e-11
7369.0;0.009774825215466524;-0.25457287100000003;0.0;0.0;0.00760485952443311;0.0;0.011848332367102234;0.23650875123790224;0.0;0.0;0.0;0.0;0.0;-0.0013946618613777189
7370.0;0.010184866394047294;-0.251158753;0.0;0.0;0.004234112069173718;0.0;0.012773114657175838;0.23474499251618303;0.0;0.0;0.0;0.0;0.0;-0.0005984854133520303
7371.0;0.010071465792144178;-0.24818695599999996;0.0;0.0;0.0023511734548144975;0.0;0.012501122122023154;0.233645402911434;0.0;0.0;0.0;0.0;0.0;-0.0003147688145127612
7372.0;43.44019695858718;-0.245288139;0.0;1.3016129928439443e-15;0.0008706218472775181;0.0;0.013415740726618405;0.23583057958179693;1.9863582818693844e-13;0.0;0.0;0.0;0.0;-4.895960054712009e-11
7373.0;0.011886470027550673;-0.245853547;0.0;0.0;0.0007237123981184535;0.0;0.014486668957618621;0.23081401943705884;0.0;0.0;0.0;0.0;0.0;-0.00018070251979557863
7374.0;0.01298256258905169;-0.247718409;0.0;0.0;0.01905358549459172;0.0;0.014687265274937286;0.21411034504756773;0.0;0.0;0.0;0.0;0.0;-0.00014942491967986265
7375.0;0.00714837985368972;-0.25375630299999996;0.0;0.0;0.07381015038286254;0.0;0.014109219108264268;0.16949915821321737;0.0;0.0;0.0;0.0;0.0;-0.0036619753391016674
7376.0;0.006937859057628403;-0.267747587;0.0;0.0;0.2708361904432699;0.0;0.013473426613320813;0.15925991940441758;0.0;0.0;0.0;0.0;0.0;-0.17582162530385734
7377.0;0.005493542525659364;-0.28537344800000003;0.0;0.0;0.5289639642284283;0.0;0.012674431124031008;0.16009623329282094;0.0;0.0;0.0;0.0;0.0;-0.4164241225850743
7378.0;0.0018203285349705691;-0.30013763499999996;0.0;0.0;0.7411042919289582;0.0;0.010635638344714975;0.16346079645715864;0.0;0.0;0.0;0.0;0.0;-0.6150631305553937
7379.0;0.006655626743352939;-0.310213952;0.0;0.0;0.8447085962880742;0.0;0.012654027149469867;0.18167041093666625;0.0;0.0;0.0;0.0;0.0;-0.7288187451878958
7380.0;0.006690196000182777;-0.315152797;0.0;0.0;0.8713711036234564;0.0;0.012756027669606724;0.19177069189309817;0.0;0.0;0.0;0.0;0.0;-0.7607446962484312
7381.0;0.0066775191516500725;-0.315508069;0.0;0.0;0.8522964020389343;0.0;0.012718627502540443;0.21126833805731285;0.0;0.0;0.0;0.0;0.0;-0.7607749660350276
7382.0;0.006345358555765454;-0.314157889;0.0;0.0;0.8343487759242673;0.0;0.011739413073899654;0.22960325266272782;0.0;0.0;0.0;0.0;0.0;-0.7615331420071809
7383.0;0.006927451757546761;-0.31134317499999997;0.0;0.0;0.8100037679068289;0.0;0.013456426630228842;0.24807448618243802;0.0;0.0;0.0;0.0;0.0;-0.7601912209387538
7384.0;0.006917098515339912;-0.30733886899999996;0.0;0.0;0.762271494041165;0.0;0.013425826804362937;0.2746790791600748;0.0;0.0;0.0;0.0;0.0;-0.7430372443911172
7385.0;0.007181716250848081;-0.301363078;0.0;0.0;0.5868392388762553;0.0;0.014207817574923573;0.2637905903471245;0.0;0.0;0.0;0.0;0.0;-0.5634743246537101
7386.0;0.006971807158666582;-0.29818240700000004;0.0;0.0;0.38298992649423835;0.0;0.013589025485237471;0.27685332478822827;0.0;0.0;0.0;0.0;0.0;-0.37524954306694575
7387.0;0.0018203199428990671;-0.290308297;0.0;0.0;0.16849603510662117;0.0;0.009060674483482776;0.27355094936977353;0.0;0.0;0.0;0.0;0.0;-0.16079940086771163
7388.0;0.006852423512480542;-0.289882457;0.0;0.0;0.022861336236470905;0.0;0.013293226755837701;0.2664608012278726;0.0;0.0;0.0;0.0;0.0;-0.012732686592408666
7389.0;0.006331513584586901;-0.28870925699999994;0.0;0.0;0.00432315596763499;0.0;0.011698612048136797;0.2763221914022924;0.0;0.0;0.0;0.0;0.0;-0.003634287843410047
7390.0;0.006264547899359255;-0.286407009;0.0;0.0;0.004220145921298651;0.0;0.011501406390848418;0.2744144459496905;0.0;0.0;0.0;0.0;0.0;-0.003728556401102799
7391.0;0.006508329345197032;-0.281974591;0.0;0.0;0.0028821466727195957;0.0;0.012218822614755764;0.2718941666084524;0.0;0.0;0.0;0.0;0.0;-0.005020172642897176
7392.0;0.0018203612509725678;-0.274952254;0.0;0.0;0.0021099134887214125;0.0;0.012685446169920362;0.26595414175990106;0.0;0.0;0.0;0.0;0.0;-0.005797286069339189
7393.0;49.98678859083946;-0.27702019899999997;0.018823543489480725;1.2084220994817172e-15;0.011390636909980288;0.0;0.002393482373776798;0.24452152652417683;2.01191422457073e-13;0.0;0.0;0.0;0.0;-3.93020545498994e-11
7394.0;49.98573136387976;-0.27079830899999996;0.015269211365324806;1.2084230702349136e-15;0.010030289504537238;0.0;0.0023866827480980737;0.24308316403586228;2.011919312517862e-13;0.0;0.0;0.0;0.0;-3.9300654368508173e-11
7395.0;49.98668770436733;-0.267764708;0.012741597586821108;1.2084235869000324e-15;0.008416009202535643;0.0;0.003393033269245778;0.24318445690750132;2.0119220204770391e-13;0.0;0.0;0.0;0.0;-3.929990918984346e-11
7396.0;49.98887913793906;-0.269440524;0.012201054413903196;1.2084247583408062e-15;0.007418423948190286;0.0;0.005715119200149025;0.24407583603344496;2.0119281602497382e-13;0.0;0.0;0.0;0.0;-3.929821974494712e-11
7397.0;49.98970294293028;-0.275679554;0.01125019885284768;1.2084251568102266e-15;0.015127053153602878;0.0;0.006384886276634373;0.2428907075797484;2.0119302487094236e-13;0.0;0.0;0.0;0.0;-3.929764510855113e-11
7398.0;14.859838770590406;-0.29159917300000004;0.0;0.0;0.06997622373536738;0.0;0.0073368394719983765;0.22841592281773;1.9122487326663995e-13;0.0;0.0;0.0;0.0;-1.2864846387301527e-10
7399.0;0.0020915928065117014;-0.307143269;0.0;0.0;0.19373317099833842;0.0;0.0020952135791019702;0.13116547817990418;0.0;0.0;0.0;0.0;0.0;-0.01985000826436131
7400.0;0.002091592066897064;-0.333768369;0.0;0.0;0.463320395750791;0.0;0.002062520780302047;0.12077098295771325;0.0;0.0;0.0;0.0;0.0;-0.25238494493293484
7401.0;0.0020915942736000007;-0.352029088;0.0;0.0;0.7685475832847469;0.0;0.0033928614716311747;0.11723472141882059;0.0;0.0;0.0;0.0;0.0;-0.5371454925827184
7402.0;0.006241635516902773;-0.36741896100000004;0.0;0.0;0.9144557436479018;0.0;0.01034883886494824;0.14017577277223175;0.0;0.0;0.0;0.0;0.0;-0.6975602806279503
7403.0;0.006569543105504129;-0.37903480900000003;0.0;0.0;0.9111517657985837;0.0;0.011314466216066516;0.15345090830981875;0.0;0.0;0.0;0.0;0.0;-0.6968813079553834
7404.0;0.006843905516284645;-0.381414753;0.0;0.0;0.8995122623146009;0.0;0.012123673243625186;0.16616111583880344;0.0;0.0;0.0;0.0;0.0;-0.6963813352776176
7405.0;0.006872703996486417;-0.37925480599999994;0.0;0.0;0.8876942107427542;0.0;0.012208673247644315;0.17572893019599023;0.0;0.0;0.0;0.0;0.0;-0.6963760507060579
7406.0;0.006894588271084602;-0.37791230500000006;0.0;0.0;0.8652581350025481;0.0;0.012273273177064076;0.19682158051375023;0.0;0.0;0.0;0.0;0.0;-0.6964397304180766
7407.0;0.007539834222678905;-0.373610765;0.0;0.0;0.8398867817561961;0.0;0.014180645269650563;0.21459901642342952;0.0;0.0;0.0;0.0;0.0;-0.695054822756269
7408.0;0.008622554714649832;-0.36634422099999997;0.0;0.0;0.8085565548580544;0.0;0.017390131268902934;0.23295606372923763;0.0;0.0;0.0;0.0;0.0;-0.6925577568089016
7409.0;0.008582463719699368;-0.35683374599999995;0.0;0.0;0.7069397850295358;0.0;0.0172711362534402;0.22577650127175228;0.0;0.0;0.0;0.0;0.0;-0.59315290271913
7410.0;0.008372797331210612;-0.348381089;0.0;0.0;0.49106152731908337;0.0;0.016648961828594624;0.23536889970264302;0.0;0.0;0.0;0.0;0.0;-0.39469751495508054
7411.0;0.008164168899015327;-0.336661841;0.0;0.0;0.26084202062609074;0.0;0.016030185891025547;0.24209175564327043;0.0;0.0;0.0;0.0;0.0;-0.18230132300737736
7412.0;0.008489688005365023;-0.322506686;0.0;0.0;0.09323491113194789;0.0;0.016995747703142338;0.21576635148173628;0.0;0.0;0.0;0.0;0.0;-0.0034895456528816022
7413.0;0.0125752830538453;-0.3132046319999999;0.0;0.0;0.030009792375459473;0.0;0.01604040560340199;0.2677825590251971;0.0;0.0;0.0;0.0;0.0;-0.000628596174379254
7414.0;0.01165761308998491;-0.309091274;0.0;0.0;0.01148919468121187;0.0;0.014507071920357401;0.28418618038180227;0.0;0.0;0.0;0.0;0.0;-0.0010950003405218046
7415.0;0.010764613816425699;-0.299615384;0.0;0.0;0.011161823816107908;0.0;0.012739137330854022;0.2773204792585699;0.0;0.0;0.0;0.0;0.0;-0.0016100096955411662
7416.0;0.010842537267627253;-0.28103725999999996;0.0;0.0;0.01065401641272065;0.0;0.012898932167933806;0.25904672751146185;0.0;0.0;0.0;0.0;0.0;-0.0015664556516654445
7417.0;532.7217092719787;-0.275487949;0.059875287113154874;1.8845627597874425e-15;0.009613114760305791;4.004820382584903e-18;0.004385784485811703;0.20417648668736463;2.820000754415693e-13;0.0;2.557217045312104e-13;2.3804979524042463e-13;2.5556738202247137e-14;-4.864437077153015e-12
7418.0;536.794918622649;-0.273206571;0.05987528711315501;1.8888941620712733e-15;0.007490974757289475;4.012601210352605e-18;0.004705368759598147;0.2026672210444254;2.824450273631572e-13;0.0;2.583369096353727e-13;2.3852096704497884e-13;2.568281608152318e-14;-4.825308496837327e-12
7419.0;722.705754617741;-0.271094913;0.05987528711315951;2.109227673891708e-15;0.005912972904281478;4.4014170141294985e-18;0.004780165122124417;0.1900359702627816;2.99477178001749e-13;0.0;4.829076888111991e-13;2.6195966461719224e-13;3.311042849923924e-14;-3.5340231174609286e-12
7420.0;781.9151948060562;-0.269095254;0.05987528711316046;2.190536692264262e-15;0.005985523709966286;4.5415346805629945e-18;0.0044707803401966215;0.1847991176659374;3.038120718152803e-13;0.0;6.677582417628944e-13;2.703450657206127e-13;3.646908995313661e-14;-3.256744467254661e-12
7421.0;936.6916117134897;-0.27173758000000003;0.05987528711316235;2.4356315297297136e-15;0.007110076427991204;4.953452133534648e-18;0.004531977291344484;0.17320105974153627;3.1331287042979384e-13;0.0;0.008376736172851179;2.9475420297910807e-13;4.961888095499248e-14;-2.7029387066612025e-12
7422.0;936.692807698981;-0.28373549600000003;0.05987528711316235;2.435633277450317e-15;0.029474175508051398;4.9534550165151785e-18;0.004480979778716405;0.15786528557602492;3.1331292419717727e-13;0.0;0.013406463694270968;2.947543723867832e-13;4.961899577680573e-14;-2.7029357576035e-12
7423.0;50.016047084651795;-0.303102125;0.039391448229657136;1.4832105974651246e-15;0.13761265507259351;0.0;0.00341003244009226;0.14186097659957803;1.9912261380212603e-13;0.0;0.0;0.0;0.0;-0.019055250675868992
7424.0;50.01768996407037;-0.324285617;0.02900991065879504;1.4832111415459746e-15;0.3578618251417878;0.0;0.0030462503326961848;0.13717110736509067;1.9912280376139226e-13;0.0;0.0;0.0;0.0;-0.20265217936306673
7425.0;50.01981844773109;-0.341796041;0.030532211589291085;1.4832118848905648e-15;0.627319261972512;0.0;0.002838860469344508;0.13147843499033623;1.9912306329087616e-13;0.0;0.0;0.0;0.0;-0.45018037475917283
7426.0;50.02101789456476;-0.353260059;0.030810775442886375;1.4832121690484108e-15;0.8382636627740814;0.0;0.002519276248897782;0.13718123479673397;1.99123162500947e-13;0.0;0.0;0.0;0.0;-0.6552914966086956
7427.0;50.02154808602843;-0.363434209;0.030501276946719603;1.4832122078841972e-15;0.967895613478979;0.0;0.0019073062573796418;0.14060494128021372;1.9912317605998367e-13;0.0;0.0;0.0;0.0;-0.777232442588482
7428.0;45.588682716351464;-0.36924072900000005;0.0;1.4803186206702224e-15;1.023742373385455;0.0;0.0015571235080047055;0.15008597633160228;1.9811019168816333e-13;0.0;0.0;0.0;0.0;-0.8060492518129595
7429.0;-0.014237705853813579;-0.369891941;0.0;0.0;1.0257646354242969;0.0;0.0003483702274293295;0.14983762962959588;0.0;0.0;0.0;0.0;0.0;-0.8060492521423038
7430.0;-0.014237743781612142;-0.36866762200000003;0.0;0.0;1.0157018896174264;0.0;0.0002125577731491023;0.1588118683728474;0.0;0.0;0.0;0.0;0.0;-0.8060492521423038
7431.0;50.018894276457985;-0.36368220900000003;0.004628527137571318;1.4832105699057073e-15;0.9430466183369001;0.0;0.0013021359982194262;0.1993346762874114;1.9912260418007337e-13;0.0;0.0;0.0;0.0;-0.7843963853932674
7432.0;50.01792315348408;-0.356415172;0.025366969005696044;1.4832102516755073e-15;0.8125259075707968;0.0;0.0013803321735812249;0.19820019612505493;1.9912249307375106e-13;0.0;0.0;0.0;0.0;-0.6808453030875309
7433.0;50.01635436459369;-0.34766243399999996;0.024327702241923772;1.4832097099556612e-15;0.6101426196176658;0.0;0.0013259348481137786;0.19890924808204827;1.991223039384675e-13;0.0;0.0;0.0;0.0;-0.4868605828256956
7434.0;50.014870682937726;-0.33929378999999993;0.023401332648961264;1.4832092241724652e-15;0.40730588659078604;0.0;0.0013565333236868627;0.19842303858713992;1.9912213433268523e-13;0.0;0.0;0.0;0.0;-0.29104089603014327
7435.0;50.01350067762769;-0.32888988799999996;0.022666480674855615;1.4832088103300011e-15;0.204070114994629;0.0;0.001295336372540688;0.1936622643425052;1.9912198984405123e-13;0.0;0.0;0.0;0.0;-0.09268217752214536
7436.0;719.4441565691454;-0.3192086579999999;0.059875287113159446;2.1046984037945077e-15;0.0663123583103845;4.393559534091066e-18;0.0010301494243705456;0.1902892042973988;2.9921199311448783e-13;0.0;4.752814312641576e-13;2.614883568044998e-13;3.2934614677699354e-14;-3.5515532641710515e-12
7437.0;958.2416210601712;-0.31541688399999995;0.059875287113162555;2.4735072083511852e-15;0.017992849579443422;5.015753240847484e-18;0.0011083455463955136;0.20562497846295763;3.1444190457778453e-13;0.0;0.029238210715774034;2.9840996494939904e-13;5.219671097669383e-14;-2.641433785744961e-12
7438.0;936.6857039573263;-0.309075374;0.05987528711316235;2.435621270989359e-15;0.012460772973614987;4.95343521104907e-18;0.0011559431928444372;0.21172282232426476;3.1331255482371925e-13;0.0;0.005213801701922405;2.947532085914827e-13;4.9618206983312495e-14;-2.7029560172032643e-12
7439.0;931.4691209266115;-0.298380242;0.0598752871131623;2.4263473848788777e-15;0.012043600256645545;4.938126620515128e-18;0.0009893514036026943;0.2107098917523536;3.1302498965887755e-13;0.0;1.9549735318250563e-11;2.9385334990750715e-13;4.901407728327329e-14;-2.7187562146164016e-12
7440.0;757.4314358767316;-0.287453853;0.059875287113160085;2.1559050436227073e-15;0.012025464078196477;4.482071427711279e-18;0.0008839565655051985;0.21183424448303284;3.020590574279611e-13;0.0;5.758881578802177e-13;2.667909986617818e-13;3.4989901591760837e-14;-3.3668242130559142e-12
7441.0;0.0330030421318563;-0.321375462;0.0;0.0;0.0037717247290284524;0.0;0.03954345677538061;0.43537394206733343;0.0;0.0;0.0;0.0;0.0;-0.15731884170846008
7442.0;0.0327394103732369;-0.318493216;0.0;0.0;0.0019041764207787864;0.0;0.03906748014993681;0.42674480699601025;0.0;0.0;0.0;0.0;0.0;-0.14922820521137564
7443.0;0.031675541588313566;-0.315819296;0.0;0.0;0.0009431006645113973;0.0;0.036976582927963283;0.42605259466002654;0.0;0.0;0.0;0.0;0.0;-0.14815782416469472
7444.0;0.030517491981452458;-0.31527762000000004;0.0;0.0;0.0009249576485399218;0.0;0.0346850954674104;0.4206977682210798;0.0;0.0;0.0;0.0;0.0;-0.14103497932049325
7445.0;0.028861392426372028;-0.323702219;0.0;0.0;0.0009430664280464079;0.0;0.031407656572803144;0.41739343809521684;0.0;0.0;0.0;0.0;0.0;-0.12604663827272886
7446.0;0.02578858340419755;-0.342493541;0.0;0.0;0.0022481007574877165;0.0;0.025291356910050924;0.4111730363045933;0.0;0.0;0.0;0.0;0.0;-0.0962238858088323
7447.0;0.01719959645878621;-0.361502021;0.0;0.0;0.020656996550339247;0.0;0.025005770442909973;0.39712703900391594;0.0;0.0;0.0;0.0;0.0;-0.08128902820181551
7448.0;0.01827021380138327;-0.375485737;0.0;0.0;0.13784872130949793;0.0;0.028194813996325105;0.38599675489896024;0.0;0.0;0.0;0.0;0.0;-0.17655579049940442
7449.0;0.018420866596931373;-0.38828331400000005;0.0;0.0;0.40592235440834806;0.0;0.028643591989666546;0.3509309127301673;0.0;0.0;0.0;0.0;0.0;-0.3972147815436132
7450.0;0.01871190900843835;-0.39896146499999996;0.0;0.0;0.6859868101392897;0.0;0.02951054944057848;0.3521748774746771;0.0;0.0;0.0;0.0;0.0;-0.6687120065945997
7451.0;0.018243961157288765;-0.407393927;0.0;0.0;0.7070270585015925;0.0;0.0281166178686239;0.34178515491527056;0.0;0.0;0.0;0.0;0.0;-0.6695361417582535
7452.0;0.01809901119290306;-0.41211941100000005;0.0;0.0;0.6959540470872535;0.0;0.027684839045373683;0.3582869450087862;0.0;0.0;0.0;0.0;0.0;-0.6698076584685964
7453.0;0.02010314757040462;-0.408122;0.0;0.0;0.6830477037015154;0.0;0.03365494602678648;0.35690265184246805;0.0;0.0;0.0;0.0;0.0;-0.6654845272242526
7454.0;0.021180463503697157;-0.408251834;0.0;0.0;0.6670680840553764;0.0;0.036864388378231625;0.3677453278465897;0.0;0.0;0.0;0.0;0.0;-0.6634271858381574
7455.0;0.021534232900175445;-0.403146833;0.0;0.0;0.6765545937495233;0.0;0.037918336615304554;0.351129288603227;0.0;0.0;0.0;0.0;0.0;-0.6624566036699093
7456.0;0.021537657050187713;-0.393828465;0.0;0.0;0.6732612993029732;0.0;0.037928536107224374;0.33441923264425816;0.0;0.0;0.0;0.0;0.0;-0.6517818207331143
7457.0;0.021395008627676126;-0.38260160499999996;0.0;0.0;0.41055714766665985;0.0;0.037503557046016094;0.30294253822352835;0.0;0.0;0.0;0.0;0.0;-0.36840285635054354
7458.0;0.02232394196717276;-0.36993822899999995;0.0;0.0;0.17475607380381572;0.0;0.04027102102872817;0.27969063275370726;0.0;0.0;0.0;0.0;0.0;-0.12478071220445537
7459.0;0.03396610784647594;-0.36945878;0.0;0.0;0.038287914905976765;0.0;0.040923789005217516;0.2924670899740721;0.0;0.0;0.0;0.0;0.0;-0.0022202826020056936
7460.0;0.034235243197905524;-0.36831555499999996;0.0;0.0;0.009611462649477199;0.0;0.041875742202466856;0.3176595466728335;0.0;0.0;0.0;0.0;0.0;-0.0008360535767048074
7461.0;0.03426829317997775;-0.360020252;0.0;0.0;0.006419280516449461;0.0;0.04198793666642825;0.3402510729301627;0.0;0.0;0.0;0.0;0.0;-0.028643353700094215
7462.0;0.033618077744460996;-0.347241736;0.0;0.0;0.005403606978091949;0.0;0.04071639914133295;0.3503615528857881;0.0;0.0;0.0;0.0;0.0;-0.049245208207431265
7463.0;0.03396954106951737;-0.3354618139999999;0.0;0.0;0.003590515453462232;0.0;0.04146436239453081;0.3628814591986993;0.0;0.0;0.0;0.0;0.0;-0.07247966616222283
7464.0;0.03342095983755355;-0.32530257100000004;0.0;0.0;0.0018860720284200796;0.0;0.04041721385069578;0.3712084010944098;0.0;0.0;0.0;0.0;0.0;-0.08821409246424437
7465.0;0.021428864385870692;-0.303798903;0.0;0.0;0.00030810336806825497;0.0;0.02033779846629664;0.399772034839462;0.0;0.0;0.0;0.0;0.0;-0.11662256845428144
7466.0;0.02020695343174043;-0.233201514;0.0;0.0;0.00036236788282928233;0.0;0.017923913887112217;0.3586778181426802;0.0;0.0;0.0;0.0;0.0;-0.14376608673296098
7467.0;0.021344495241538853;-0.23279866199999996;0.0;0.0;0.0003080987419542755;0.0;0.02017120648585744;0.3576254949973691;0.0;0.0;0.0;0.0;0.0;-0.14530967070542086
7468.0;0.020111275597002338;-0.291436093;0.0;0.0;0.00030802240237033955;0.0;0.01773692292423437;0.3801976861785331;0.0;0.0;0.0;0.0;0.0;-0.10681002478553513
7469.0;0.020221552775973654;-0.28960821999999997;0.0;0.0;0.00030802993994485874;0.0;0.017954512427128394;0.37389107715984626;0.0;0.0;0.0;0.0;0.0;-0.10254889060973535
7470.0;0.01991272383106811;-0.291230667;0.0;0.0;0.00038045669538720105;0.0;0.017342542064014047;0.37426800616848227;0.0;0.0;0.0;0.0;0.0;-0.10076382895510033
7471.0;0.021195385208189078;-0.296247497;0.0;0.0;0.001956530889678347;0.0;0.019817623530014844;0.38275215467819323;0.0;0.0;0.0;0.0;0.0;-0.10828321935150476
7472.0;0.01497255213978969;-0.304242653;0.0;0.0;0.018802367583229486;0.0;0.022054710524304397;0.3896182479210087;0.0;0.0;0.0;0.0;0.0;-0.12623357880463282
7473.0;0.016001298641372234;-0.316452994;0.0;0.0;0.1435914297772962;0.0;0.025114563506010906;0.38381838218666836;0.0;0.0;0.0;0.0;0.0;-0.2360722985150479
7474.0;0.016724443902817333;-0.332150886;0.0;0.0;0.3269129028241839;0.0;0.02726665842257251;0.3798783220792927;0.0;0.0;0.0;0.0;0.0;-0.4019079124743548
7475.0;0.016778126305281985;-0.34239602999999996;0.0;0.0;0.4976593827560215;0.0;0.027426450562286875;0.38050791105565224;0.0;0.0;0.0;0.0;0.0;-0.5631986293031108
7476.0;0.01724519970689848;-0.348223078;0.0;0.0;0.4945039675045765;0.0;0.028816982463152733;0.38593671636968546;0.0;0.0;0.0;0.0;0.0;-0.561035499130649
7477.0;0.0175237951853315;-0.353865772;0.0;0.0;0.5001677836216198;0.0;0.029646541827661257;0.3879158719851266;0.0;0.0;0.0;0.0;0.0;-0.5638653345148507
7478.0;0.019088884934817175;-0.35224341200000003;0.0;0.0;0.46153139152531664;0.0;0.03430771334307575;0.41701843684241136;0.0;0.0;0.0;0.0;0.0;-0.5606150310245096
7479.0;0.01970636817390282;-0.34666422499999994;0.0;0.0;0.4235866461105175;0.0;0.03614702312318481;0.4443291706289699;0.0;0.0;0.0;0.0;0.0;-0.5573995126204987
7480.0;0.01931716654600754;-0.337460249;0.0;0.0;0.24747562754767094;0.0;0.03498768002446065;0.44094500086245464;0.0;0.0;0.0;0.0;0.0;-0.3859489595038615
7481.0;0.019916375430566107;-0.34129405100000004;0.0;0.0;0.07954244412988003;0.0;0.03677259241200394;0.48793347761886285;0.0;0.0;0.0;0.0;0.0;-0.26295535962898564
7482.0;0.03054730774348956;-0.35839019699999997;0.0;0.0;0.014578607087973781;0.0;0.03806452933423146;0.5378642140142074;0.0;0.0;0.0;0.0;0.0;-0.23212181838526103
7483.0;0.03075929654012028;-0.35986905399999997;0.0;0.0;0.0006165781704351904;0.0;0.03879209362451433;0.581003577242045;0.0;0.0;0.0;0.0;0.0;-0.2605471093728519
7484.0;0.030311996746755544;-0.35670367999999997;0.0;0.0;0.00039893605333064287;0.0;0.03790473721843188;0.5801618359428106;0.0;0.0;0.0;0.0;0.0;-0.2617657668003103
7485.0;0.030454511915183266;-0.35027473600000003;0.0;0.0;0.0003626633017124654;0.0;0.03818692334680039;0.5779214518724968;0.0;0.0;0.0;0.0;0.0;-0.26620025136931286
7486.0;0.02996140162259566;-0.34215898199999994;0.0;0.0;0.0003263932461118779;0.0;0.037211171268134814;0.5745200562243123;0.0;0.0;0.0;0.0;0.0;-0.26990256128470363
7487.0;0.030320369084936297;-0.335994909;0.0;0.0;0.00032639790713909553;0.0;0.03792173638987947;0.5606962067052703;0.0;0.0;0.0;0.0;0.0;-0.2629533718234475
7488.0;0.030483624231262683;-0.328297262;0.0;0.0;0.0003445329428070543;0.0;0.038244720486948276;0.5519935508802581;0.0;0.0;0.0;0.0;0.0;-0.26228949100966337
7489.0;0.035356725027906884;-0.4006685000000001;0.0;0.0;0.00029943538952699754;0.0;0.03999563452626614;0.6490591266520133;0.0;0.0;0.0;0.0;0.0;-0.2886897530626418
7490.0;0.03502045955292202;-0.39713780000000004;0.0;0.0;0.00028181776343003676;0.0;0.03939046431894472;0.646669743479678;0.0;0.0;0.0;0.0;0.0;-0.28920825295376346
7491.0;0.03513927413917898;-0.39444965000000004;0.0;0.0;0.00028181836679531274;0.0;0.039604653755170874;0.6436704212009483;0.0;0.0;0.0;0.0;0.0;-0.2891112809000954
7492.0;0.03429682438302588;-0.3908037000000001;0.0;0.0;0.00029942936662463986;0.0;0.03808492839767503;0.6424750182726024;0.0;0.0;0.0;0.0;0.0;-0.29005964197654427
7493.0;0.03353678219865653;-0.3924472;0.0;0.0;0.000299424356122256;0.0;0.036714795765375126;0.6464868110356442;0.0;0.0;0.0;0.0;0.0;-0.29105773270880025
7494.0;0.03521339399455033;-0.399007;0.0;0.0;0.0002994346345029487;0.0;0.03973724725632981;0.6479685163594288;0.0;0.0;0.0;0.0;0.0;-0.289002242456936
7495.0;0.03435996484080191;-0.41666025;0.0;0.0;0.00038749394278246883;0.0;0.0381937231022415;0.6681256830342063;0.0;0.0;0.0;0.0;0.0;-0.29005062437097884
7496.0;0.034451613215156246;-0.4402836;0.0;0.0;0.009403960437361284;0.0;0.037748345005892095;0.6859519249405113;0.0;0.0;0.0;0.0;0.0;-0.2928264338272139
7497.0;0.02029359383516587;-0.45194600000000007;0.0;0.0;0.04516420355615158;0.0;0.030659692692456036;0.6813859540253049;0.0;0.0;0.0;0.0;0.0;-0.3052652733675545
7498.0;0.020289821329358124;-0.4591806500000001;0.0;0.0;0.09426950229282;0.0;0.030649493199678402;0.6401902754132854;0.0;0.0;0.0;0.0;0.0;-0.3059300440224367
7499.0;0.020464411274802682;-0.46642324999999996;0.0;0.0;0.15987868348946646;0.0;0.03112206999959356;0.5822925380620554;0.0;0.0;0.0;0.0;0.0;-0.3068714650500841
7500.0;0.020584988590200002;-0.47177084999999996;0.0;0.0;0.1902141136103923;0.0;0.031448453979911896;0.5603616688822548;0.0;0.0;0.0;0.0;0.0;-0.31025481017692785
7501.0;0.02066537247613776;-0.4718671;0.0;0.0;0.19906232416339514;0.0;0.03166604329959501;0.5524151580234601;0.0;0.0;0.0;0.0;0.0;-0.3112778493257592
7502.0;0.02084874539107417;-0.46769275;0.0;0.0;0.17844259276123742;0.0;0.03216241894692684;0.5668367459900449;0.0;0.0;0.0;0.0;0.0;-0.3097504318416794
7503.0;0.020479483586104446;-0.46361295000000013;0.0;0.0;0.1536332204143121;0.0;0.031162868023856122;0.5846903414033721;0.0;0.0;0.0;0.0;0.0;-0.30587490336611356
7504.0;0.020618900930775872;-0.4566439;0.0;0.0;0.09486593503285476;0.0;0.03154024946753665;0.6356542911994904;0.0;0.0;0.0;0.0;0.0;-0.3054179994594268
7505.0;0.020427989704124006;-0.45399495;0.0;0.0;0.045903316663783916;0.0;0.031023474832013568;0.6573078818401618;0.0;0.0;0.0;0.0;0.0;-0.2802411467382867
7506.0;0.030697938554408884;-0.45744365000000003;0.0;0.0;0.01290878761135726;0.0;0.03075828829575097;0.6749479357258232;0.0;0.0;0.0;0.0;0.0;-0.26117714575015066
7507.0;0.02970118839759764;-0.4586382;0.0;0.0;0.0010566558188320069;0.0;0.02976213715099096;0.6837754331873543;0.0;0.0;0.0;0.0;0.0;-0.2559596685466451
7508.0;0.025721950584815988;-0.45217995000000005;0.0;0.0;0.000369800691896787;0.0;0.022629287036019595;0.6762324695562972;0.0;0.0;0.0;0.0;0.0;-0.24705484970909553
7509.0;0.02517909274061092;-0.44046775000000005;0.0;0.0;0.000334576810897844;0.0;0.021653534850481673;0.6639931244749284;0.0;0.0;0.0;0.0;0.0;-0.24551668176425437
7510.0;0.024944974205517553;-0.4259602;0.0;0.0;0.0003345698970426302;0.0;0.021231955485483872;0.6614471835418483;0.0;0.0;0.0;0.0;0.0;-0.2570566875227088
7511.0;0.026379962617168178;-0.41463985000000003;0.0;0.0;0.00033458944698470456;0.0;0.023815828853365254;0.6525377433605152;0.0;0.0;0.0;0.0;0.0;-0.2620516120301438
7512.0;0.027223706204102253;-0.40460700000000005;0.0;0.0;0.0003345967563013662;0.0;0.025335554368590443;0.6479044181997716;0.0;0.0;0.0;0.0;0.0;-0.2689709420663322
7513.0;0.03532804837109236;-0.36027475000000003;0.0;0.0;0.0002994517151792489;0.0;0.02604272016425303;0.45875657572897705;0.0;0.0;0.0;0.0;0.0;-0.12482499633380674
7514.0;0.038087122351466954;-0.35502770000000006;0.0;0.0;0.00029945850600817975;0.0;0.03101667575965227;0.47122815766131493;0.0;0.0;0.0;0.0;0.0;-0.14751783133166876
7515.0;0.03989055609398291;-0.35626825000000006;0.0;0.0;0.0003170752328566718;0.0;0.034266916043427235;0.4882848499283333;0.0;0.0;0.0;0.0;0.0;-0.16660198852658434
7516.0;0.041123321800084774;-0.35811385000000007;0.0;0.0;0.000299463214547494;0.0;0.03649040681955101;0.5047958187304334;0.0;0.0;0.0;0.0;0.0;-0.18347334550383523
7517.0;0.04219955833241382;-0.36152935;0.0;0.0;0.0002818465897160575;0.0;0.038431711422289024;0.5134481623388604;0.0;0.0;0.0;0.0;0.0;-0.19063397284174094
7518.0;0.04285581906378731;-0.37041455000000006;0.0;0.0;0.00028184719734575546;0.0;0.03961485333319104;0.5361438308364688;0.0;0.0;0.0;0.0;0.0;-0.20562764197016725
7519.0;0.04290554201555599;-0.3919162;0.0;0.0;0.0004227726401771007;0.0;0.03969644926818969;0.5652449394140537;0.0;0.0;0.0;0.0;0.0;-0.21344962112444765
7520.0;0.04326440811157813;-0.41814380000000007;0.0;0.0;0.007820580618746614;0.0;0.0398800402821711;0.584312294694789;0.0;0.0;0.0;0.0;0.0;-0.21387128843820521
7521.0;0.04437910735212594;-0.4324084;0.0;0.0;0.04210201592444816;0.0;0.03986304105899694;0.5945855629437011;0.0;0.0;0.0;0.0;0.0;-0.24414302393941625
7522.0;0.047093579862850864;-0.43983925000000007;0.0;0.0;0.12281948194960615;0.0;0.03997183576583972;0.5917561884869601;0.0;0.0;0.0;0.0;0.0;-0.31470641026231766
7523.0;0.05063104490479588;-0.44391735000000004;0.0;0.0;0.2309475353114053;0.0;0.03993783742704206;0.5896054175437886;0.0;0.0;0.0;0.0;0.0;-0.4165681674719551
7524.0;0.0531823316515448;-0.44864675000000004;0.0;0.0;0.32027902275799186;0.0;0.03924087163589133;0.5953774062375115;0.0;0.0;0.0;0.0;0.0;-0.5062424609429278
7525.0;0.05488186927690523;-0.4476276;0.0;0.0;0.3766859276948771;0.0;0.03896208538394471;0.6023814944904523;0.0;0.0;0.0;0.0;0.0;-0.5703920189274043
7526.0;0.05383134565050917;-0.44289745;0.0;0.0;0.3655349057681256;0.0;0.03772794601381964;0.6087005573040175;0.0;0.0;0.0;0.0;0.0;-0.5690563226891726
7527.0;0.050729849785292984;-0.43778865000000006;0.0;0.0;0.30757778038614625;0.0;0.03556905210795224;0.6104207849685582;0.0;0.0;0.0;0.0;0.0;-0.5157709899764958
7528.0;0.0476129694591414;-0.4298487000000001;0.0;0.0;0.21370128157640045;0.0;0.035514654779518796;0.5933994292333525;0.0;0.0;0.0;0.0;0.0;-0.4127616641241214
7529.0;0.04505396768359703;-0.4248459500000001;0.0;0.0;0.11057617972803184;0.0;0.03701738090804695;0.5848019651496712;0.0;0.0;0.0;0.0;0.0;-0.30754799032531155
7530.0;0.04263543557524997;-0.42388090000000006;0.0;0.0;0.03466786300138426;0.0;0.03715677408559754;0.5689955747968095;0.0;0.0;0.0;0.0;0.0;-0.21694029495749476
7531.0;0.04173305172182847;-0.4252436500000001;0.0;0.0;0.004068683985391168;0.0;0.037353964349701375;0.5772991028157008;0.0;0.0;0.0;0.0;0.0;-0.19347999588698558
7532.0;0.0411054561373809;-0.42126875;0.0;0.0;0.0009864547711239918;0.0;0.03641901032309789;0.5803278650548779;0.0;0.0;0.0;0.0;0.0;-0.19646607194623644
7533.0;0.03981272736904602;-0.4115626000000001;0.0;0.0;0.0005460778374486185;0.0;0.03411392355857961;0.5938179234260378;0.0;0.0;0.0;0.0;0.0;-0.21691670464656648
7534.0;0.037859560408271355;-0.39853340000000004;0.0;0.0;0.00044037545713942957;0.0;0.03059849632580425;0.6113422269099755;0.0;0.0;0.0;0.0;0.0;-0.2438489126760856
7535.0;0.03501681537034274;-0.38658765;0.0;0.0;0.00029945073375466465;0.0;0.02548174772314175;0.6044741132828256;0.0;0.0;0.0;0.0;0.0;-0.24366863353770093
7536.0;0.03276534148347341;-0.37518385000000004;0.0;0.0;0.0003170539784422323;0.0;0.021422347026769473;0.6041809466840136;0.0;0.0;0.0;0.0;0.0;-0.25073727382039657
7537.0;49.96505365205786;-0.3429806;0.026674073191464087;2.1535003479073208e-15;0.00961841259324741;0.0;0.022537492554225165;0.3208414947058922;1.9587237267542832e-13;0.0;0.0;0.0;0.0;-0.036771748697985086
7538.0;49.9660421818362;-0.33583085000000007;0.02796558037280708;2.1535012327349348e-15;0.00750447740512262;0.0;0.023652637726307765;0.31475544615322687;1.9587251992847357e-13;0.0;0.0;0.0;0.0;-0.03812839086475387
7539.0;49.966174618147335;-0.33363245;0.02797949127154201;2.1535013520445805e-15;0.005707631311849483;0.0;0.023316054281645415;0.30951907144147756;1.9587253978397846e-13;0.0;0.0;0.0;0.0;-0.032971024929010155
7540.0;49.966836812365095;-0.33329335;0.028800794974641584;2.1535019450367503e-15;0.0037874704918094125;0.0;0.02387362689435651;0.303759062335285;1.9587263846967263e-13;0.0;0.0;0.0;0.0;-0.02700901546497822
7541.0;49.96618565193823;-0.33532815000000005;0.028162151976031873;2.153501363527871e-15;0.0016206841627916702;0.0;0.023452047595314014;0.3085508384599687;1.958725416950376e-13;0.0;0.0;0.0;0.0;-0.02653893996213983
7542.0;49.96560496464007;-0.34411935;0.02748508221019842;2.1535008443647514e-15;0.001391677015630527;0.0;0.02277208097363137;0.31126782419474963;1.9587245529591609e-13;0.0;0.0;0.0;0.0;-0.018878606076757804
7543.0;49.96589221362119;-0.36367795;0.02697913894899603;2.1535010938569443e-15;0.020558038631008045;0.0;0.02189832395331292;0.3093115929454399;1.9587249681641192e-13;0.0;0.0;0.0;0.0;-0.015149873821657297
7544.0;49.9698010959757;-0.38653775;0.02691164865997746;2.15350454193156e-15;0.14149284876194046;0.0;0.021282954148955435;0.3055275731354806;1.9587307064384708e-13;0.0;0.0;0.0;0.0;-0.10875455698556784
7545.0;49.97935267574545;-0.40660755000000004;0.027616119865953963;2.1535129720088556e-15;0.4258173682381381;0.0;0.02009301266769006;0.2936222322866427;1.9587447356543629e-13;0.0;0.0;0.0;0.0;-0.36061041749917344
7546.0;49.99068716122692;-0.41840180000000005;0.029452977085593194;2.1535229899327202e-15;0.7276875671318217;0.0;0.019256653748623478;0.2677367638187476;1.9587614071746345e-13;0.0;0.0;0.0;0.0;-0.62579310661546
7547.0;0.028776926320399358;-0.42259750000000007;0.0;0.0;0.9466523173666629;0.0;0.018450890501147007;0.23158299384714526;0.0;0.0;0.0;0.0;0.0;-0.7740298487953647
7548.0;0.029341655753456344;-0.42637040000000004;0.0;0.0;0.9407246467464573;0.0;0.019222653190998234;0.2405151381702508;0.0;0.0;0.0;0.0;0.0;-0.7740298487953643
7549.0;0.028897803145488597;-0.42994210000000005;0.0;0.0;0.9268327783843197;0.0;0.01860728296426593;0.25859142055415785;0.0;0.0;0.0;0.0;0.0;-0.7740298487953646
7550.0;0.029530765069254464;-0.42865830000000005;0.0;0.0;0.9083387884202367;0.0;0.019504839384709403;0.27490787831761143;0.0;0.0;0.0;0.0;0.0;-0.7740298487953642
7551.0;0.030045885815601636;-0.4209351;0.0;0.0;0.8919614115757724;0.0;0.02034459836866236;0.28272540752599107;0.0;0.0;0.0;0.0;0.0;-0.7740298487953637
7552.0;0.029692752463907363;-0.41048105000000007;0.0;0.0;0.8825507233612897;0.0;0.019756427091275598;0.28226810602835595;0.0;0.0;0.0;0.0;0.0;-0.774029848795364
7553.0;49.98391920077858;-0.39863945000000006;0.02568268204795723;2.1535169693876657e-15;0.6440285126375812;0.0;0.018549488464207082;0.3179170304750751;1.9587513879910209e-13;0.0;0.0;0.0;0.0;-0.6076006998896937
7554.0;49.97515814427934;-0.39103385;0.025392187041273922;2.1535092563702158e-15;0.33662684434777346;0.0;0.017971516867780552;0.29478806564564825;1.9587385521568128e-13;0.0;0.0;0.0;0.0;-0.2838164452758267
7555.0;49.969220992161524;-0.38716655;0.02659012884686366;2.153504041403733e-15;0.09761103974552271;0.0;0.019175057760422203;0.2773894755667925;1.9587298734630199e-13;0.0;0.0;0.0;0.0;-0.03367809132667689
7556.0;635.255131795679;-0.3911420500000001;0.05987528711314966;2.841640654736299e-15;0.019589149046877634;6.186486268854416e-18;0.019389247249680597;0.28116361545228774;2.6749151932808704e-13;0.0;4.3573802015075866e-13;3.231169493105415e-13;4.0801193633208065e-14;-6.2520901976763745e-12
7557.0;729.4820451437961;-0.385905;0.05987528711315256;2.9953870338366208e-15;0.009917889249990663;6.474588211091691e-18;0.016105008577902338;0.2891070959704787;2.753645319974173e-13;0.0;5.861327030403185e-13;3.35745446330724e-13;4.618548528958887e-14;-5.4140279808796775e-12
7558.0;586.828850851298;-0.3756684;0.05987528711314776;2.7681980053647904e-15;0.010305443902871986;6.04743920956279e-18;0.014143305048230897;0.29108308526664095;2.6304859294615136e-13;0.0;3.8473609458904165e-13;3.1691197867717693e-13;3.8483355467927966e-14;-6.7959045377126144e-12
7559.0;420.1550902147435;-0.36375435000000006;0.059875287113137464;2.542683236204832e-15;0.0103054439026222;5.614567457582232e-18;0.012300595608008186;0.29269351721256864;2.456729946864038e-13;0.0;2.7453345695131004e-13;2.9714768416431833e-13;3.2208347550965974e-14;-9.691603913132455e-12
7560.0;278.421668365414;-0.35180855000000005;0.059875287113116835;2.377798385125217e-15;0.010076432810455936;5.2922750076489115e-18;0.009750720830022841;0.29495602624148515;2.281791022673768e-13;0.0;2.2075075696313276e-13;2.820063692475375e-13;2.828538008214137e-14;-1.5248084616475614e-11
7561.0;0.012956949445596787;-0.25623395000000004;0.0;0.0;0.007388558661847072;0.0;0.011848376994213568;0.2394287606541925;0.0;0.0;0.0;0.0;0.0;-0.0024709371463848924
7562.0;0.013338587856594183;-0.25280285;0.0;0.0;0.004114420513722483;0.0;0.012773144894185028;0.2371575160824842;0.0;0.0;0.0;0.0;0.0;-0.0012803984881488274
7563.0;36.62534574341458;-0.24981720000000002;0.0;1.3400355455322504e-15;0.002290097104897651;0.0;0.012501185738819065;0.24306653016221427;1.962120657659712e-13;0.0;0.0;0.0;0.0;-6.340597980568139e-11
7564.0;49.98015542715278;-0.24690355;0.0026119847883617642;1.3475486972282124e-15;0.0008455748595458488;0.0;0.013415740726625809;0.23002499574050714;1.9941564179536422e-13;0.0;0.0;0.0;0.0;-4.661694920244553e-11
7565.0;13.167463774248311;-0.24747215;0.0;0.0;0.0007046457023803742;0.0;0.014486688117998088;0.23982590459686007;1.906425294024678e-13;0.0;0.0;0.0;0.0;-1.69341110140461e-10
7566.0;0.014890677148820286;-0.24934705000000004;0.0;0.0;0.018506406359360746;0.0;0.014687269237389278;0.2169748973622324;0.0;0.0;0.0;0.0;0.0;-0.0008601898834515445
7567.0;0.009561629933436767;-0.25542735;0.0;0.0;0.07732170324758761;0.0;0.014109256507601161;0.17610769423055905;0.0;0.0;0.0;0.0;0.0;-0.012134547916655258
7568.0;0.009324462914562223;-0.26950114999999997;0.0;0.0;0.2759070243028161;0.0;0.013473473400198038;0.17119305491076886;0.0;0.0;0.0;0.0;0.0;-0.19109561757861948
7569.0;0.00902603389259181;-0.2872196000000001;0.0;0.0;0.5231518948455878;0.0;0.012674489352525907;0.17583165135493953;0.0;0.0;0.0;0.0;0.0;-0.42446160662671384
7570.0;0.015840111577724303;-0.30205875;0.0;0.0;0.7271061828019741;0.0;0.011617221009589873;0.18128407046668094;0.0;0.0;0.0;0.0;0.0;-0.6182100891017877
7571.0;0.04480423980331992;-0.3121954;0.0;0.0;0.8249110488556564;0.0;0.012654178066210815;0.20397788634566022;0.0;0.0;0.0;0.0;0.0;-0.7295440280955414
7572.0;0.009056510432720124;-0.31715465;0.0;0.0;0.8454777627706913;0.0;0.01275608803283096;0.19490304782956533;0.0;0.0;0.0;0.0;0.0;-0.7360054244868718
7573.0;0.009042530008693577;-0.31750505000000007;0.0;0.0;0.8263222146183495;0.0;0.01271868865367525;0.2144737525631462;0.0;0.0;0.0;0.0;0.0;-0.7360327794434129
7574.0;0.008676114655974943;-0.3161600500000001;0.0;0.0;0.8081145258960937;0.0;0.01173949848075903;0.23296939252213744;0.0;0.0;0.0;0.0;0.0;-0.7366864728434213
7575.0;0.009318114141724227;-0.31333275;0.0;0.0;0.7841095983116351;0.0;0.013456473851554074;0.2512843415338146;0.0;0.0;0.0;0.0;0.0;-0.7355408778575971
7576.0;0.04397165373084377;-0.30931205;0.0;0.0;0.743101684747839;0.0;0.013425940067833339;0.28453741940431;0.0;0.0;0.0;0.0;0.0;-0.7318515639141735
7577.0;0.02845387634060953;-0.3033031;0.0;0.0;0.5774394623468451;0.0;0.014207901213706107;0.28107036037113875;0.0;0.0;0.0;0.0;0.0;-0.5696798996948303
7578.0;0.009367615539385499;-0.3001161500000001;0.0;0.0;0.3844955967719701;0.0;0.01358907059394903;0.2905015350289105;0.0;0.0;0.0;0.0;0.0;-0.3884932730117417
7579.0;0.008628933827554097;-0.29220865;0.0;0.0;0.17473097239478233;0.0;0.011613698778927447;0.28535010121508153;0.0;0.0;0.0;0.0;0.0;-0.17950921789182506
7580.0;0.009257188238474226;-0.29181165;0.0;0.0;0.032233133806162516;0.0;0.013293277546786279;0.2787263565892681;0.0;0.0;0.0;0.0;0.0;-0.03246432378901302
7581.0;0.008660815342786057;-0.29064965;0.0;0.0;0.004036044062661286;0.0;0.011698698631850846;0.27997766580860406;0.0;0.0;0.0;0.0;0.0;-0.005085861269742107
7582.0;0.008586916554320952;-0.28831705;0.0;0.0;0.0036978323613269274;0.0;0.011501498868789454;0.27851065544856923;0.0;0.0;0.0;0.0;0.0;-0.005416023376804459
7583.0;0.008859550890276503;-0.28382495;0.0;0.0;0.0025467173956043904;0.0;0.012218895358619333;0.27710633488814607;0.0;0.0;0.0;0.0;0.0;-0.008070149544374149
7584.0;0.009107099635431014;-0.27673430000000004;0.0;0.0;0.002562508110988149;0.0;0.012888685691530451;0.27497208772772047;0.0;0.0;0.0;0.0;0.0;-0.013712112780463784
7585.0;125.16091656586504;-0.27879255000000003;0.059875287113075236;1.2870658310706229e-15;0.011062938790532443;0.0;0.002393482373849493;0.2385019923929941;2.1864951431232031e-13;0.0;1.0551244850224392e-13;1.7574847154091997e-13;1.4476608511670137e-14;-1.7585596145822227e-11
7586.0;54.44526693887795;-0.27253405;0.05987528711120354;1.249283237216688e-15;0.00974172732340854;0.0;0.0023866827480946823;0.23709903894165293;2.0109275721631546e-13;0.0;0.0;0.0;0.0;-4.030656113506532e-11
7587.0;49.96511766423076;-0.26948360000000005;0.02073065014052583;1.2474053689346965e-15;0.008173888377006973;0.0;0.0033930332692326684;0.23719783822531346;2.0016887672965354e-13;0.0;0.0;0.0;0.0;-4.316790771349697e-11
7588.0;49.97112249446105;-0.27117280000000005;0.02017845593693895;1.247408870815962e-15;0.007205002730635813;0.0;0.005715119200135919;0.23806727373283743;2.001706035762163e-13;0.0;0.0;0.0;0.0;-4.31621848896084e-11
7589.0;49.972585507791045;-0.2774553;0.019460482115953803;1.2474096280032814e-15;0.014691861781320419;0.0;0.006384886276621266;0.23691132030221426;2.0017097695822752e-13;0.0;0.0;0.0;0.0;-4.316094768733533e-11
7590.0;44.05192556921471;-0.2934948500000001;0.0;1.2443047137229873e-15;0.06796307230606022;0.0;0.007336839472281865;0.22279287006577636;1.986341729333773e-13;0.0;0.0;0.0;0.0;-4.8926767490431256e-11
7591.0;0.0019792249895620845;-0.30917105000000006;0.0;0.0;0.1922039801026868;0.0;0.0019052569847738542;0.13134758588322393;0.0;0.0;0.0;0.0;0.0;-0.01628655644048834
7592.0;0.001979223410233614;-0.33597605;0.0;0.0;0.4590473347480702;0.0;0.0018754071682277214;0.11913112355632843;0.0;0.0;0.0;0.0;0.0;-0.24407859890573627
7593.0;0.0019792231956208975;-0.3543056;0.0;0.0;0.765826232974884;0.0;0.001873832115397936;0.11783564817887615;0.0;0.0;0.0;0.0;0.0;-0.5312308967013003
7594.0;0.006409443715954769;-0.3697354500000001;0.0;0.0;0.9203595583521949;0.0;0.010348812352183549;0.14195068241670605;0.0;0.0;0.0;0.0;0.0;-0.702924592726483
7595.0;0.006770749018717546;-0.38139005000000004;0.0;0.0;0.9170462802580251;0.0;0.011314447225601872;0.15524761534772466;0.0;0.0;0.0;0.0;0.0;-0.7022193855751295
7596.0;0.007073030930977411;-0.38377285;0.0;0.0;0.905286571349448;0.0;0.012123658998915527;0.16798678894315705;0.0;0.0;0.0;0.0;0.0;-0.7016253312707226
7597.0;0.007104758597125742;-0.3815987;0.0;0.0;0.8932734780965798;0.0;0.0122086594323394;0.17763816514236477;0.0;0.0;0.0;0.0;0.0;-0.701522771155185
7598.0;0.007128868608003239;-0.38025125000000004;0.0;0.0;0.8704480280427462;0.0;0.012273259680105683;0.19890662585036054;0.0;0.0;0.0;0.0;0.0;-0.7013778369108948
7599.0;0.00783966504472172;-0.3759302500000001;0.0;0.0;0.8451659004442399;0.0;0.014180638613299918;0.216635361318679;0.0;0.0;0.0;0.0;0.0;-0.700052937478173
7600.0;0.009032038862515865;-0.36862445;0.0;0.0;0.8143198959506549;0.0;0.017390129384043024;0.23476840460016077;0.0;0.0;0.0;0.0;0.0;-0.6978553700316752
7601.0;0.008987892343659003;-0.3590697;0.0;0.0;0.7035653339092761;0.0;0.017271134274858914;0.22661022466732364;0.0;0.0;0.0;0.0;0.0;-0.5883783804875268
7602.0;0.008757035844656058;-0.35058905000000007;0.0;0.0;0.4869897775506245;0.0;0.016648959289589805;0.23509343822348971;0.0;0.0;0.0;0.0;0.0;-0.38814451099981656
7603.0;0.00854398353282311;-0.33883245;0.0;0.0;0.2559907272511468;0.0;0.0160301836725351;0.24056050448077332;0.0;0.0;0.0;0.0;0.0;-0.1737537234460434
7604.0;0.008885709882637852;-0.32462070000000004;0.0;0.0;0.09322746146681142;0.0;0.016995745491645092;0.21795013019176712;0.0;0.0;0.0;0.0;0.0;-0.0035540188335719393
7605.0;0.013755272065886536;-0.3152544;0.0;0.0;0.02914702290622214;0.0;0.01604040581516329;0.27055555698847755;0.0;0.0;0.0;0.0;0.0;-0.0004953969993713725
7606.0;0.012312354897603819;-0.31109130000000007;0.0;0.0;0.011158380443934626;0.0;0.0145070699058575;0.2879805183897336;0.0;0.0;0.0;0.0;0.0;-0.002562745597977224
7607.0;0.011324109341270292;-0.30153680000000005;0.0;0.0;0.01084038181734469;0.0;0.012739132840704142;0.279299750700476;0.0;0.0;0.0;0.0;0.0;-0.0013506094005525371
7608.0;0.011398553875403384;-0.28284200000000004;0.0;0.0;0.010347157961004098;0.0;0.012898927835620461;0.26089967503977424;0.0;0.0;0.0;0.0;0.0;-0.001311933632277053
7609.0;669.2423285487987;-0.27722005000000005;0.05987528711315652;2.0582846884152833e-15;0.00933655431218039;4.532254853221074e-18;0.004385784485813552;0.1991501507728643;2.897939441736233e-13;0.0;3.412041312503659e-13;2.6195544326311517e-13;3.0272974486190514e-14;-4.744904147948505e-12
7610.0;672.2504773064663;-0.27492295;0.05987528711315659;2.0617519743554632e-15;0.007275466320393414;4.538954290387333e-18;0.004705368759599939;0.19767803963399436;2.90053368948188e-13;0.0;3.4433314410058524e-13;2.6233434248298916e-13;3.039187011333976e-14;-4.719178459307895e-12
7611.0;853.8465818787607;-0.27280985;0.05987528711315975;2.2935233469161475e-15;0.0057428621257188915;4.980897080286329e-18;0.004780165122125158;0.18535773998328578;3.0348441287627777e-13;0.0;7.660897591746849e-13;2.870834722082626e-13;3.9768285403880467e-14;-3.565954736429126e-12
7612.0;910.6082625540199;-0.2708003;0.059875287113160466;2.3769407829458435e-15;0.005813325711612335;5.1371936299359945e-18;0.004470780340197169;0.18024980615036515;3.069506031679152e-13;0.0;1.2412430428724357e-12;2.9570924692314473e-13;4.401198027040779e-14;-3.3143431048319004e-12
7613.0;1020.7978974022096;-0.27345300000000006;0.05987528711316161;2.5568647146932887e-15;0.006905526084782081;5.4695262966938155e-18;0.004531977291344381;0.16893726462419303;3.128870445052258e-13;0.0;0.017580801071690973;3.1380133976649194e-13;5.547687946342609e-14;-2.9168347581254514e-12
7614.0;1062.670039580914;-0.28555320000000006;0.059875287113161986;2.632820958961967e-15;0.028626230654469564;5.607914397205436e-18;0.004480979778716644;0.15397902047556553;3.1491740873741263e-13;0.0;0.017580801075977266;3.212280556476612e-13;6.15988964621225e-14;-2.7894431212677466e-12
7615.0;163.57669500939144;-0.30507525;0.05987528711309393;1.60659858823063e-15;0.13365366587082297;0.0;0.0034100324401983234;0.13836869924304804;2.21207389844137e-13;0.0;1.3555479561247682e-13;2.104866456680292e-13;1.831264008420842e-14;-0.030438221088409836
7616.0;163.59317980428324;-0.32639065000000006;0.059875287113093936;1.606610261473359e-15;0.34756647039130323;0.0;0.0030462503328022535;0.13379428335262683;2.2121061664958353e-13;0.0;1.355574979362341e-13;2.1048802831347704e-13;1.8312879385847108e-14;-0.21809649102994058
7617.0;163.6136124307003;-0.34398345;0.05987528711309395;1.60662472511926e-15;0.6092718652095984;0.0;0.002838860469450582;0.12824175093262968;2.212146146585512e-13;0.0;1.355608463258713e-13;2.1048974146651248e-13;1.8313175894650727e-14;-0.4564478411242697
7618.0;163.62795558260225;-0.3554945500000001;0.059875287113093964;1.6066349003991405e-15;0.8141475900950985;0.0;0.0025192762490038618;0.13380416147116758;2.2121742719358561e-13;0.0;1.355632020054149e-13;2.1049094667972851e-13;1.8313384493319326e-14;-0.6550546340879895
7619.0;77.6396636814656;-0.36571805000000007;0.059875287112855814;1.5487864135340459e-15;0.9400501490997191;0.0;0.0019073062574262193;0.13714358450288194;2.0401398723047335e-13;0.0;1.2296322612466832e-13;2.036070771205087e-13;0.0;-0.7740298488161038
7620.0;50.17199397164119;-0.3715500500000001;0.002695113962782798;1.531179508557058e-15;0.9942902492141337;0.0;0.0015571235080048668;0.14639121918617232;1.9832839315371295e-13;0.0;0.0;0.0;0.0;-0.7740298488212243
7621.0;0.013553298144361863;-0.37219345000000004;0.0;0.0;0.9995756995711622;0.0;0.0011725675959917306;0.1454750367584873;0.0;0.0;0.0;0.0;0.0;-0.7740298488259824
7622.0;0.01794976062908511;-0.3709549;0.0;0.0;0.9889622839057097;0.0;0.0010539000007963634;0.15494040192483594;0.0;0.0;0.0;0.0;0.0;-0.774029848825982
7623.0;50.08039241431058;-0.3659450500000001;0.028500197122626678;1.5311041548377171e-15;0.9159160366347512;0.0;0.00130213599820366;0.19442753414406927;1.983036592019208e-13;0.0;0.0;0.0;0.0;-0.7740298488212407
7624.0;163.6159329451905;-0.3586384;0.05987528711309395;1.606626523782557e-15;0.7891502863782832;0.0;0.001380332173687319;0.19332098216729524;2.212151118301958e-13;0.0;1.3556126273070887e-13;2.1048995450969683e-13;1.8313212768055376e-14;-0.6852937123326325
7625.0;163.600881990292;-0.3498523;0.05987528711309394;1.606615865866215e-15;0.5925893790180907;0.0;0.0013259348482198708;0.1940125789639294;2.2121216582193034e-13;0.0;1.3555879536223417e-13;2.104886921287879e-13;1.8312994276969042e-14;-0.4981569989588739
7626.0;163.58606137152185;-0.3414745;0.05987528711309393;1.6066053677560531e-15;0.3955880717808358;0.0;0.001356533323792952;0.1935383387818732;2.212092639038281e-13;0.0;1.3555636504571114e-13;2.1048744867397817e-13;1.831277906423535e-14;-0.30909071203211674
7627.0;163.57173717207488;-0.3310516;0.05987528711309392;1.6065952142760976e-15;0.19819920594602;0.0;0.0012953363726467748;0.1888947633927727;2.2120645717139771e-13;0.0;1.355540145640243e-13;2.1048624603711955e-13;1.831257091861616e-14;-0.1174206998779206
7628.0;881.5092469713;-0.3213241;0.05987528711316011;2.3331563712134693e-15;0.06440461290315116;5.0553346904393245e-18;0.0010301494243716788;0.18560474000270208;3.051993051535156e-13;0.0;9.40288930745082e-13;2.9120044843087035e-13;4.171486392245804e-14;-3.439516426738027e-12
7629.0;1192.9080125778569;-0.3174958;0.059875287113162964;2.8995410706917754e-15;0.017475211886834967;6.085266912098778e-18;0.0011083455463964823;0.20056298415138007;3.205274573244846e-13;0.0;0.017580801077262783;3.4631638452847564e-13;9.364505730646583e-14;-2.457200128418494e-12
7630.0;1090.623392546606;-0.31107330000000005;0.059875287113162215;2.6855781991602292e-15;0.01210228802425484;5.703385118216581e-18;0.0011559431928449021;0.20651071370667526;3.161976007186372e-13;0.0;0.017580801076570042;3.2631272243982795e-13;6.645075246459192e-14;-2.7111565047506807e-12
7631.0;1002.36293050938;-0.3002709;0.05987528711316144;2.5249206130529113e-15;0.011697116981691218;5.4109915330178936e-18;0.0009893514036024998;0.2055227190585465;3.119586893709575e-13;0.0;0.0055882173042536825;3.10640525081772e-13;5.3160958233309805e-14;-2.9764609681883056e-12
7632.0;889.79686531093;-0.28926385000000004;0.05987528711316022;2.3453583973013765e-15;0.011679502564398246;5.078186983541844e-18;0.0008839565655058678;0.20661939291885412;3.057017648087945e-13;0.0;1.009405441934111e-12;2.9246114353067254e-13;4.233892139234807e-14;-3.4032052567774556e-12
7633.0;0.035706886489096486;-0.3232979;0.0;0.0;0.0036631993390677927;0.0;0.03954345677470597;0.44100397905748817;0.0;0.0;0.0;0.0;0.0;-0.1609192925566046
7634.0;0.035373744722429296;-0.32040920000000006;0.0;0.0;0.0018493809496098591;0.0;0.039067480149186984;0.43210002505174544;0.0;0.0;0.0;0.0;0.0;-0.15261380396699176
7635.0;0.03418228127087433;-0.31772520000000004;0.0;0.0;0.0009159652366049645;0.0;0.036976582927108044;0.43173208450195577;0.0;0.0;0.0;0.0;0.0;-0.15190528440380757
7636.0;0.03291021975286195;-0.31717700000000004;0.0;0.0;0.0008983438254908353;0.0;0.03468509546646135;0.4265712299029995;0.0;0.0;0.0;0.0;0.0;-0.14498340819966873
7637.0;0.031092194636221766;-0.32565755;0.0;0.0;0.0009159292176865438;0.0;0.03140765657133511;0.42371018459192544;0.0;0.0;0.0;0.0;0.0;-0.13038181129281834
7638.0;0.02774981171259658;-0.34454445000000006;0.0;0.0;0.0021833762537611335;0.0;0.025291356889968523;0.41834037752287123;0.0;0.0;0.0;0.0;0.0;-0.10127651334703636
7639.0;0.018529376763455337;-0.36373045000000004;0.0;0.0;0.016895555685856427;0.0;0.025005770416410424;0.40562548121725345;0.0;0.0;0.0;0.0;0.0;-0.08379858732216278
7640.0;0.01970757214293019;-0.37781365;0.0;0.0;0.13338087770314125;0.0;0.02819481397815397;0.39360047209543897;0.0;0.0;0.0;0.0;0.0;-0.1773647462391285
7641.0;0.0198733561774324;-0.39065630000000007;0.0;0.0;0.3999772789002834;0.0;0.028643591972450717;0.35729512936701596;0.0;0.0;0.0;0.0;0.0;-0.39526193296803613
7642.0;0.020193621266210066;-0.40135725;0.0;0.0;0.6767287105184563;0.0;0.029510549425080843;0.36021274576377366;0.0;0.0;0.0;0.0;0.0;-0.6650969889041861
7643.0;0.019678683359283914;-0.40981515;0.0;0.0;0.6977941301685773;0.0;0.02811661785028155;0.3498487931947626;0.0;0.0;0.0;0.0;0.0;-0.6659466236500163
7644.0;0.0195191743747514;-0.4145629500000001;0.0;0.0;0.6861575905116901;0.0;0.027684839026059033;0.36704256945101155;0.0;0.0;0.0;0.0;0.0;-0.666324281176872
7645.0;0.02172455157209777;-0.410544;0.0;0.0;0.6741626875847856;0.0;0.033654946017556794;0.36516651462684635;0.0;0.0;0.0;0.0;0.0;-0.6624423836372686
7646.0;0.02291001533795066;-0.4106713;0.0;0.0;0.6577963878549659;0.0;0.03686438837215767;0.37645392664861205;0.0;0.0;0.0;0.0;0.0;-0.6604456407414538
7647.0;0.023299294877434196;-0.40552985;0.0;0.0;0.6684310648487303;0.0;0.037918336613756216;0.35882624662071316;0.0;0.0;0.0;0.0;0.0;-0.659648036875497
7648.0;0.023303063918228978;-0.39616825000000006;0.0;0.0;0.6684198554410048;0.0;0.037928536105678264;0.344565510508914;0.0;0.0;0.0;0.0;0.0;-0.6547478908447099
7649.0;0.02314609579535759;-0.38491325000000004;0.0;0.0;0.40355690374940106;0.0;0.03750355704155153;0.3065819796661887;0.0;0.0;0.0;0.0;0.0;-0.3627314288668288
7650.0;0.024168267042224113;-0.37223705000000007;0.0;0.0;0.16858084770781445;0.0;0.04027102102815183;0.2821555750543985;0.0;0.0;0.0;0.0;0.0;-0.11877263475867872
7651.0;0.03758388357846453;-0.3718;0.0;0.0;0.03718657023023538;0.0;0.04092378900562472;0.2962711281783043;0.0;0.0;0.0;0.0;0.0;-0.0025872325182898885
7652.0;0.03719995676351715;-0.37063175000000004;0.0;0.0;0.009334900344508283;0.0;0.041875742202026986;0.32133372841879426;0.0;0.0;0.0;0.0;0.0;-0.0019196696329842658
7653.0;0.037159739754984863;-0.3622404;0.0;0.0;0.0062345492891290105;0.0;0.04198793666589467;0.3419968498844856;0.0;0.0;0.0;0.0;0.0;-0.027986031045421772
7654.0;0.03642117543892393;-0.3493372;0.0;0.0;0.005248100033834168;0.0;0.04071639914074054;0.35268080976828114;0.0;0.0;0.0;0.0;0.0;-0.0493151217919874
7655.0;0.036764117114563725;-0.33745329999999996;0.0;0.0;0.0034872058463496463;0.0;0.041464362393900334;0.3654506984603013;0.0;0.0;0.0;0.0;0.0;-0.07295550619367717
7656.0;0.03612171993134965;-0.3272429500000001;0.0;0.0;0.0018317991294979337;0.0;0.04041721384998538;0.37422390177862774;0.0;0.0;0.0;0.0;0.0;-0.08923612730107532
7657.0;0.022876319609991525;-0.3056253500000001;0.0;0.0;0.0002992060359302173;0.0;0.020337798112472074;0.39756482467915794;0.0;0.0;0.0;0.0;0.0;-0.1125801448598658
7658.0;0.02153654630233445;-0.2346533;0.0;0.0;0.00035189582876184053;0.0;0.017923913628871836;0.3562813825996235;0.0;0.0;0.0;0.0;0.0;-0.13990746756947486
7659.0;0.022783671107282247;-0.2342409;0.0;0.0;0.00029920097382216707;0.0;0.02017120610814244;0.3549499544873077;0.0;0.0;0.0;0.0;0.0;-0.14118312121761256
7660.0;0.02142979393258217;-0.29321585000000006;0.0;0.0;0.00029911746314202544;0.0;0.01773692269385129;0.37807161063773764;0.0;0.0;0.0;0.0;0.0;-0.10289535292240803
7661.0;0.021550864979945385;-0.29137599999999997;0.0;0.0;0.0002991257081021047;0.0;0.01795451212169967;0.37166404992539753;0.0;0.0;0.0;0.0;0.0;-0.09854525029981324
7662.0;0.021214077527780126;-0.29300915000000005;0.0;0.0;0.0003694596612766199;0.0;0.017342541811508325;0.3721174169247352;0.0;0.0;0.0;0.0;0.0;-0.09682382213496336
7663.0;0.02266323354133602;-0.29805965000000006;0.0;0.0;0.001900116390894121;0.0;0.01981762312681554;0.38045681464618225;0.0;0.0;0.0;0.0;0.0;-0.10411959166348964
7664.0;0.01604763937020759;-0.30611985;0.0;0.0;0.01605503507972697;0.0;0.02205471038052663;0.3887824001970754;0.0;0.0;0.0;0.0;0.0;-0.12077380027909139
7665.0;0.017179997528401925;-0.3183973;0.0;0.0;0.14497842205971131;0.0;0.025114563285707298;0.3825398000143963;0.0;0.0;0.0;0.0;0.0;-0.23423701142331987
7666.0;0.017975902606197837;-0.3341767;0.0;0.0;0.334187704075405;0.0;0.027266658371419717;0.37836321244958177;0.0;0.0;0.0;0.0;0.0;-0.4056424053972865
7667.0;0.018034985891164867;-0.3444695;0.0;0.0;0.5126071212220232;0.0;0.027426450512082014;0.3815977970485503;0.0;0.0;0.0;0.0;0.0;-0.5771633994816401
7668.0;0.018549047312585137;-0.3503241;0.0;0.0;0.5134638205368305;0.0;0.028816982420075535;0.38537155429751113;0.0;0.0;0.0;0.0;0.0;-0.5773297878360422
7669.0;0.01885566153209085;-0.35599240000000004;0.0;0.0;0.49804975501026894;0.0;0.029646541788109715;0.4038270074192644;0.0;0.0;0.0;0.0;0.0;-0.5755324349805059
7670.0;0.020578030376441375;-0.3543664;0.0;0.0;0.4678935623035196;0.0;0.03430771331792752;0.42796638205827353;0.0;0.0;0.0;0.0;0.0;-0.5758027923363496
7671.0;0.021257540877396466;-0.34876124999999997;0.0;0.0;0.44000299706676643;0.0;0.03614702310215014;0.4445998639600435;0.0;0.0;0.0;0.0;0.0;-0.5719901699776702
7672.0;0.020829243639838926;-0.33950805;0.0;0.0;0.2498976884748474;0.0;0.03498768000091239;0.43792117576092704;0.0;0.0;0.0;0.0;0.0;-0.3833000294008879
7673.0;0.021488641522528603;-0.3433699500000001;0.0;0.0;0.07785835918729236;0.0;0.03677259239222177;0.48684358609492084;0.0;0.0;0.0;0.0;0.0;-0.258106123827346
7674.0;0.03322983272200857;-0.36057965;0.0;0.0;0.014159136768298927;0.0;0.038064529328034;0.5355421606681632;0.0;0.0;0.0;0.0;0.0;-0.2271930270936772
7675.0;0.033130189449119246;-0.3620683;0.0;0.0;0.0005988326573092406;0.0;0.038792093611589654;0.5784133600788924;0.0;0.0;0.0;0.0;0.0;-0.25574043805510893
7676.0;0.03263305543990882;-0.35887199999999997;0.0;0.0;0.00038745335858921605;0.0;0.037904737203911465;0.5776538186623612;0.0;0.0;0.0;0.0;0.0;-0.25707844649943745
7677.0;0.03278868940582316;-0.35239820000000005;0.0;0.0;0.00035222187308283617;0.0;0.03818692333274386;0.5754046747290448;0.0;0.0;0.0;0.0;0.0;-0.2615500723310908
7678.0;0.03224628414738182;-0.3442189;0.0;0.0;0.0003169946470948731;0.0;0.037211171252310236;0.5722508604687476;0.0;0.0;0.0;0.0;0.0;-0.2655645295928257
7679.0;0.03264049347087072;-0.33801205;0.0;0.0;0.00031699968282463146;0.0;0.03792173637534578;0.55796053583081;0.0;0.0;0.0;0.0;0.0;-0.2581916562307097
7680.0;0.032820221742066454;-0.33027290000000004;0.0;0.0;0.0003346128716913096;0.0;0.038244720472979124;0.5491192859452306;0.0;0.0;0.0;0.0;0.0;-0.2574301711437061
