optimality_gap_percentage: 0.0
objective_bound: 5330.603386028353
objective_value: 5330.603386028353
