optimality_gap_percentage: 0.0
objective_bound: 4949.151363615666
objective_value: 4949.151363615666
