optimality_gap_percentage: 0.0
objective_bound: 3963.421918324957
objective_value: 3963.421918324957
