optimality_gap_percentage: 0.0
objective_bound: 4629.121814315815
objective_value: 4629.121814315815
