optimality_gap_percentage: 0.0
objective_bound: 9654.260448563015
objective_value: 9654.260448563015
