optimality_gap_percentage: 0.0
objective_bound: 6983.737547139969
objective_value: 6983.737547139969
