optimality_gap_percentage: 0.0
objective_bound: 4212.478504708162
objective_value: 4212.478504708162
